Velocity (m/s), Cd
-1.899999999999999953e-02,5.000000000000000000e-01
-1.799999999999999864e-02,5.000000000000000000e-01
-1.699999999999999775e-02,5.000000000000000000e-01
-1.599999999999999686e-02,5.000000000000000000e-01
-1.499999999999999598e-02,5.000000000000000000e-01
-1.399999999999999509e-02,5.000000000000000000e-01
-1.299999999999999420e-02,5.000000000000000000e-01
-1.199999999999999331e-02,5.000000000000000000e-01
-1.099999999999999242e-02,5.000000000000000000e-01
-9.999999999999991535e-03,5.000000000000000000e-01
-8.999999999999990646e-03,5.000000000000000000e-01
-7.999999999999989758e-03,5.000000000000000000e-01
-6.999999999999988870e-03,5.000000000000000000e-01
-5.999999999999987982e-03,5.000000000000000000e-01
-4.999999999999987094e-03,5.000000000000000000e-01
-3.999999999999986205e-03,5.000000000000000000e-01
-2.999999999999985317e-03,5.000000000000000000e-01
-1.999999999999984429e-03,5.000000000000000000e-01
-9.999999999999835409e-04,5.000000000000000000e-01
1.734723475976807094e-17,5.000000000000000000e-01
1.000000000000018235e-03,5.000000000000000000e-01
2.000000000000019124e-03,5.000000000000000000e-01
3.000000000000020012e-03,5.000000000000000000e-01
4.000000000000020900e-03,5.000000000000000000e-01
5.000000000000021788e-03,5.000000000000000000e-01
6.000000000000022676e-03,5.000000000000000000e-01
7.000000000000023564e-03,5.000000000000000000e-01
8.000000000000024453e-03,5.000000000000000000e-01
9.000000000000025341e-03,5.000000000000000000e-01
1.000000000000002623e-02,5.000000000000000000e-01
1.100000000000002712e-02,5.000000000000000000e-01
1.200000000000002801e-02,5.000000000000000000e-01
1.300000000000002889e-02,5.000000000000000000e-01
1.400000000000002978e-02,5.000000000000000000e-01
1.500000000000003067e-02,5.000000000000000000e-01
1.600000000000003156e-02,5.000000000000000000e-01
1.700000000000003245e-02,5.000000000000000000e-01
1.800000000000003333e-02,5.000000000000000000e-01
1.900000000000003422e-02,5.000000000000000000e-01
2.000000000000003511e-02,5.000000000000000000e-01
2.100000000000003600e-02,5.000000000000000000e-01
2.200000000000003689e-02,5.000000000000000000e-01
2.300000000000003778e-02,5.000000000000000000e-01
2.400000000000003866e-02,5.000000000000000000e-01
2.500000000000003955e-02,5.000000000000000000e-01
2.600000000000004044e-02,5.000000000000000000e-01
2.700000000000004133e-02,5.000000000000000000e-01
2.800000000000004222e-02,5.000000000000000000e-01
2.900000000000004310e-02,5.000000000000000000e-01
3.000000000000004399e-02,5.000000000000000000e-01
3.100000000000004488e-02,5.000000000000000000e-01
3.200000000000004230e-02,5.000000000000000000e-01
3.300000000000004319e-02,5.000000000000000000e-01
3.400000000000004408e-02,5.000000000000000000e-01
3.500000000000004496e-02,5.000000000000000000e-01
3.600000000000004585e-02,5.000000000000000000e-01
3.700000000000004674e-02,5.000000000000000000e-01
3.800000000000004763e-02,5.000000000000000000e-01
3.900000000000004852e-02,5.000000000000000000e-01
4.000000000000004940e-02,5.000000000000000000e-01
4.100000000000005029e-02,5.000000000000000000e-01
4.200000000000005118e-02,5.000000000000000000e-01
4.300000000000005207e-02,5.000000000000000000e-01
4.400000000000005296e-02,5.000000000000000000e-01
4.500000000000005385e-02,5.000000000000000000e-01
4.600000000000005473e-02,5.000000000000000000e-01
4.700000000000005562e-02,5.000000000000000000e-01
4.800000000000005651e-02,5.000000000000000000e-01
4.900000000000005740e-02,5.000000000000000000e-01
5.000000000000005829e-02,5.000000000000000000e-01
5.100000000000005917e-02,5.000000000000000000e-01
5.200000000000006006e-02,5.000000000000000000e-01
5.300000000000006095e-02,5.000000000000000000e-01
5.400000000000006184e-02,5.000000000000000000e-01
5.500000000000006273e-02,5.000000000000000000e-01
5.600000000000006362e-02,5.000000000000000000e-01
5.700000000000006450e-02,5.000000000000000000e-01
5.800000000000006539e-02,5.000000000000000000e-01
5.900000000000006628e-02,5.000000000000000000e-01
6.000000000000006717e-02,5.000000000000000000e-01
6.100000000000006806e-02,5.000000000000000000e-01
6.200000000000006894e-02,5.000000000000000000e-01
6.300000000000006983e-02,5.000000000000000000e-01
6.400000000000007072e-02,5.000000000000000000e-01
6.500000000000007161e-02,5.000000000000000000e-01
6.600000000000007250e-02,5.000000000000000000e-01
6.700000000000007339e-02,5.000000000000000000e-01
6.800000000000007427e-02,5.000000000000000000e-01
6.900000000000007516e-02,5.000000000000000000e-01
7.000000000000007605e-02,5.000000000000000000e-01
7.100000000000007694e-02,5.000000000000000000e-01
7.200000000000007783e-02,5.000000000000000000e-01
7.300000000000007871e-02,5.000000000000000000e-01
7.400000000000007960e-02,5.000000000000000000e-01
7.500000000000008049e-02,5.000000000000000000e-01
7.600000000000008138e-02,5.000000000000000000e-01
7.700000000000008227e-02,5.000000000000000000e-01
7.800000000000008316e-02,5.000000000000000000e-01
7.900000000000008404e-02,5.000000000000000000e-01
8.000000000000008493e-02,5.000000000000000000e-01
8.100000000000008582e-02,5.000000000000000000e-01
8.200000000000008671e-02,5.000000000000000000e-01
8.300000000000008760e-02,5.000000000000000000e-01
8.400000000000008848e-02,5.000000000000000000e-01
8.500000000000008937e-02,5.000000000000000000e-01
8.600000000000009026e-02,5.000000000000000000e-01
8.700000000000009115e-02,5.000000000000000000e-01
8.800000000000009204e-02,5.000000000000000000e-01
8.900000000000009293e-02,5.000000000000000000e-01
9.000000000000009381e-02,5.000000000000000000e-01
9.100000000000009470e-02,5.000000000000000000e-01
9.200000000000009559e-02,5.000000000000000000e-01
9.300000000000009648e-02,5.000000000000000000e-01
9.400000000000009737e-02,5.000000000000000000e-01
9.500000000000009825e-02,5.000000000000000000e-01
9.600000000000009914e-02,5.000000000000000000e-01
9.700000000000010003e-02,5.000000000000000000e-01
9.800000000000010092e-02,5.000000000000000000e-01
9.900000000000010181e-02,5.000000000000000000e-01
1.000000000000001027e-01,5.000000000000000000e-01
1.010000000000001036e-01,5.000000000000000000e-01
1.020000000000001045e-01,5.000000000000000000e-01
1.030000000000001054e-01,5.000000000000000000e-01
1.040000000000001062e-01,5.000000000000000000e-01
1.050000000000001071e-01,5.000000000000000000e-01
1.060000000000001080e-01,5.000000000000000000e-01
1.070000000000001089e-01,5.000000000000000000e-01
1.080000000000001098e-01,5.000000000000000000e-01
1.090000000000001107e-01,5.000000000000000000e-01
1.100000000000001116e-01,5.000000000000000000e-01
1.110000000000001125e-01,5.000000000000000000e-01
1.120000000000001134e-01,5.000000000000000000e-01
1.130000000000001142e-01,5.000000000000000000e-01
1.140000000000001151e-01,5.000000000000000000e-01
1.150000000000001160e-01,5.000000000000000000e-01
1.160000000000001169e-01,5.000000000000000000e-01
1.170000000000001178e-01,5.000000000000000000e-01
1.180000000000001187e-01,5.000000000000000000e-01
1.190000000000001196e-01,5.000000000000000000e-01
1.200000000000001205e-01,5.000000000000000000e-01
1.210000000000001213e-01,5.000000000000000000e-01
1.220000000000001222e-01,5.000000000000000000e-01
1.230000000000001231e-01,5.000000000000000000e-01
1.240000000000001240e-01,5.000000000000000000e-01
1.250000000000001388e-01,5.000000000000000000e-01
1.260000000000001397e-01,5.000000000000000000e-01
1.270000000000001406e-01,5.000000000000000000e-01
1.280000000000001414e-01,5.000000000000000000e-01
1.290000000000001423e-01,5.000000000000000000e-01
1.300000000000001432e-01,5.000000000000000000e-01
1.310000000000001441e-01,5.000000000000000000e-01
1.320000000000001450e-01,5.000000000000000000e-01
1.330000000000001459e-01,5.000000000000000000e-01
1.340000000000001468e-01,5.000000000000000000e-01
1.350000000000001477e-01,5.000000000000000000e-01
1.360000000000001485e-01,5.000000000000000000e-01
1.370000000000001494e-01,5.000000000000000000e-01
1.380000000000001503e-01,5.000000000000000000e-01
1.390000000000001512e-01,4.999999999999999445e-01
1.400000000000001521e-01,4.997499999999999720e-01
1.410000000000001530e-01,4.994999999999999440e-01
1.420000000000001539e-01,4.992499999999999716e-01
1.430000000000001548e-01,4.989999999999999436e-01
1.440000000000001557e-01,4.987499999999999711e-01
1.450000000000001565e-01,4.984999999999999432e-01
1.460000000000001574e-01,4.982499999999999707e-01
1.470000000000001583e-01,4.979999999999999427e-01
1.480000000000001592e-01,4.977499999999999702e-01
1.490000000000001601e-01,4.974999999999999423e-01
1.500000000000001610e-01,4.972499999999999698e-01
1.510000000000001619e-01,4.969999999999999418e-01
1.520000000000001628e-01,4.967499999999999694e-01
1.530000000000001636e-01,4.964999999999999414e-01
1.540000000000001645e-01,4.962499999999999689e-01
1.550000000000001654e-01,4.959999999999999409e-01
1.560000000000001663e-01,4.957499999999999685e-01
1.570000000000001672e-01,4.954999999999999405e-01
1.580000000000001681e-01,4.952499999999999680e-01
1.590000000000001690e-01,4.949999999999999400e-01
1.600000000000001699e-01,4.947499999999999676e-01
1.610000000000001708e-01,4.944999999999999396e-01
1.620000000000001716e-01,4.942499999999999671e-01
1.630000000000001725e-01,4.939999999999999392e-01
1.640000000000001734e-01,4.937499999999999667e-01
1.650000000000001743e-01,4.934999999999999387e-01
1.660000000000001752e-01,4.932499999999999662e-01
1.670000000000001761e-01,4.929999999999999383e-01
1.680000000000001770e-01,4.927499999999999658e-01
1.690000000000001779e-01,4.924999999999999378e-01
1.700000000000001787e-01,4.922499999999999654e-01
1.710000000000001796e-01,4.919999999999999374e-01
1.720000000000001805e-01,4.917499999999999649e-01
1.730000000000001814e-01,4.914999999999999369e-01
1.740000000000001823e-01,4.912499999999999645e-01
1.750000000000001832e-01,4.909999999999999365e-01
1.760000000000001841e-01,4.907499999999999640e-01
1.770000000000001850e-01,4.904999999999999361e-01
1.780000000000001859e-01,4.902499999999999636e-01
1.790000000000001867e-01,4.899999999999999356e-01
1.800000000000001876e-01,4.897499999999999631e-01
1.810000000000001885e-01,4.894999999999999352e-01
1.820000000000001894e-01,4.892499999999999627e-01
1.830000000000001903e-01,4.889999999999999347e-01
1.840000000000001912e-01,4.887499999999999623e-01
1.850000000000001921e-01,4.884999999999999343e-01
1.860000000000001930e-01,4.882499999999999618e-01
1.870000000000001938e-01,4.879999999999999338e-01
1.880000000000001947e-01,4.877499999999999614e-01
1.890000000000001956e-01,4.874999999999999334e-01
1.900000000000001965e-01,4.872499999999999609e-01
1.910000000000001974e-01,4.869999999999999329e-01
1.920000000000001983e-01,4.867499999999999605e-01
1.930000000000001992e-01,4.864999999999999325e-01
1.940000000000002001e-01,4.862499999999999600e-01
1.950000000000002010e-01,4.859999999999999321e-01
1.960000000000002018e-01,4.857499999999999596e-01
1.970000000000002027e-01,4.854999999999999316e-01
1.980000000000002036e-01,4.852499999999999591e-01
1.990000000000002045e-01,4.849999999999999312e-01
2.000000000000002054e-01,4.847499999999999587e-01
2.010000000000002063e-01,4.844999999999999307e-01
2.020000000000002072e-01,4.842499999999999583e-01
2.030000000000002081e-01,4.839999999999999303e-01
2.040000000000002089e-01,4.837499999999999578e-01
2.050000000000002098e-01,4.834999999999999298e-01
2.060000000000002107e-01,4.832499999999999574e-01
2.070000000000002116e-01,4.829999999999999294e-01
2.080000000000002125e-01,4.827499999999999569e-01
2.090000000000002134e-01,4.824999999999999289e-01
2.100000000000002143e-01,5.000000000000000000e-01
2.110000000000002152e-01,5.000000000000000000e-01
2.120000000000002160e-01,5.000000000000000000e-01
2.130000000000002169e-01,5.000000000000000000e-01
2.140000000000002178e-01,5.000000000000000000e-01
2.150000000000002187e-01,5.000000000000000000e-01
2.160000000000002196e-01,5.000000000000000000e-01
2.170000000000002205e-01,5.000000000000000000e-01
2.180000000000002214e-01,5.000000000000000000e-01
2.190000000000002223e-01,5.000000000000000000e-01
2.200000000000002232e-01,5.000000000000000000e-01
2.210000000000002240e-01,5.000000000000000000e-01
2.220000000000002249e-01,5.000000000000000000e-01
2.230000000000002258e-01,5.000000000000000000e-01
2.240000000000002267e-01,5.000000000000000000e-01
2.250000000000002276e-01,5.000000000000000000e-01
2.260000000000002285e-01,5.000000000000000000e-01
2.270000000000002294e-01,5.000000000000000000e-01
2.280000000000002303e-01,5.000000000000000000e-01
2.290000000000002311e-01,5.000000000000000000e-01
2.300000000000002320e-01,5.000000000000000000e-01
2.310000000000002329e-01,5.000000000000000000e-01
2.320000000000002338e-01,5.000000000000000000e-01
2.330000000000002347e-01,5.000000000000000000e-01
2.340000000000002356e-01,5.000000000000000000e-01
2.350000000000002365e-01,5.000000000000000000e-01
2.360000000000002374e-01,5.000000000000000000e-01
2.370000000000002383e-01,5.000000000000000000e-01
2.380000000000002391e-01,5.000000000000000000e-01
2.390000000000002400e-01,5.000000000000000000e-01
2.400000000000002409e-01,5.000000000000000000e-01
2.410000000000002418e-01,5.000000000000000000e-01
2.420000000000002427e-01,5.000000000000000000e-01
2.430000000000002436e-01,5.000000000000000000e-01
2.440000000000002445e-01,5.000000000000000000e-01
2.450000000000002454e-01,5.000000000000000000e-01
2.460000000000002462e-01,5.000000000000000000e-01
2.470000000000002471e-01,5.000000000000000000e-01
2.480000000000002480e-01,5.000000000000000000e-01
2.490000000000002489e-01,5.000000000000000000e-01
2.500000000000002220e-01,5.000000000000000000e-01
2.510000000000002229e-01,5.000000000000000000e-01
2.520000000000002238e-01,5.000000000000000000e-01
2.530000000000002247e-01,5.000000000000000000e-01
2.540000000000002256e-01,5.000000000000000000e-01
2.550000000000002265e-01,5.000000000000000000e-01
2.560000000000002274e-01,5.000000000000000000e-01
2.570000000000002283e-01,5.000000000000000000e-01
2.580000000000002292e-01,5.000000000000000000e-01
2.590000000000002300e-01,5.000000000000000000e-01
2.600000000000002309e-01,5.000000000000000000e-01
2.610000000000002318e-01,5.000000000000000000e-01
2.620000000000002327e-01,5.000000000000000000e-01
2.630000000000002336e-01,5.000000000000000000e-01
2.640000000000002345e-01,5.000000000000000000e-01
2.650000000000002354e-01,5.000000000000000000e-01
2.660000000000002363e-01,5.000000000000000000e-01
2.670000000000002371e-01,5.000000000000000000e-01
2.680000000000002380e-01,5.000000000000000000e-01
2.690000000000002389e-01,5.000000000000000000e-01
2.700000000000002398e-01,5.000000000000000000e-01
2.710000000000002407e-01,5.000000000000000000e-01
2.720000000000002416e-01,5.000000000000000000e-01
2.730000000000002425e-01,5.000000000000000000e-01
2.740000000000002434e-01,5.000000000000000000e-01
2.750000000000002442e-01,5.000000000000000000e-01
2.760000000000002451e-01,5.000000000000000000e-01
2.770000000000002460e-01,5.000000000000000000e-01
2.780000000000002469e-01,5.000000000000000000e-01
2.790000000000002478e-01,5.000000000000000000e-01
2.800000000000002487e-01,5.000000000000000000e-01
2.810000000000002496e-01,5.000000000000000000e-01
2.820000000000002505e-01,5.000000000000000000e-01
2.830000000000002514e-01,5.000000000000000000e-01
2.840000000000002522e-01,5.000000000000000000e-01
2.850000000000002531e-01,5.000000000000000000e-01
2.860000000000002540e-01,5.000000000000000000e-01
2.870000000000002549e-01,5.000000000000000000e-01
2.880000000000002558e-01,5.000000000000000000e-01
2.890000000000002567e-01,5.000000000000000000e-01
2.900000000000002576e-01,5.000000000000000000e-01
2.910000000000002585e-01,5.000000000000000000e-01
2.920000000000002593e-01,5.000000000000000000e-01
2.930000000000002602e-01,5.000000000000000000e-01
2.940000000000002611e-01,5.000000000000000000e-01
2.950000000000002620e-01,5.000000000000000000e-01
2.960000000000002629e-01,5.000000000000000000e-01
2.970000000000002638e-01,5.000000000000000000e-01
2.980000000000002647e-01,5.000000000000000000e-01
2.990000000000002656e-01,5.000000000000000000e-01
3.000000000000002665e-01,5.000000000000000000e-01
3.010000000000002673e-01,5.000000000000000000e-01
3.020000000000002682e-01,5.000000000000000000e-01
3.030000000000002691e-01,5.000000000000000000e-01
3.040000000000002700e-01,5.000000000000000000e-01
3.050000000000002709e-01,5.000000000000000000e-01
3.060000000000002718e-01,5.000000000000000000e-01
3.070000000000002727e-01,5.000000000000000000e-01
3.080000000000002736e-01,5.000000000000000000e-01
3.090000000000002744e-01,5.000000000000000000e-01
3.100000000000002753e-01,5.000000000000000000e-01
3.110000000000002762e-01,5.000000000000000000e-01
3.120000000000002771e-01,5.000000000000000000e-01
3.130000000000002780e-01,5.000000000000000000e-01
3.140000000000002789e-01,5.000000000000000000e-01
3.150000000000002798e-01,5.000000000000000000e-01
3.160000000000002807e-01,5.000000000000000000e-01
3.170000000000002816e-01,5.000000000000000000e-01
3.180000000000002824e-01,5.000000000000000000e-01
3.190000000000002833e-01,5.000000000000000000e-01
3.200000000000002842e-01,5.000000000000000000e-01
3.210000000000002851e-01,5.000000000000000000e-01
3.220000000000002860e-01,5.000000000000000000e-01
3.230000000000002869e-01,5.000000000000000000e-01
3.240000000000002878e-01,5.000000000000000000e-01
3.250000000000002887e-01,5.000000000000000000e-01
3.260000000000002895e-01,5.000000000000000000e-01
3.270000000000002904e-01,5.000000000000000000e-01
3.280000000000002913e-01,5.000000000000000000e-01
3.290000000000002922e-01,5.000000000000000000e-01
3.300000000000002931e-01,5.000000000000000000e-01
3.310000000000002940e-01,5.000000000000000000e-01
3.320000000000002949e-01,5.000000000000000000e-01
3.330000000000002958e-01,5.000000000000000000e-01
3.340000000000002967e-01,5.000000000000000000e-01
3.350000000000002975e-01,5.000000000000000000e-01
3.360000000000002984e-01,5.000000000000000000e-01
3.370000000000002993e-01,5.000000000000000000e-01
3.380000000000003002e-01,5.000000000000000000e-01
3.390000000000003011e-01,5.000000000000000000e-01
3.400000000000003020e-01,5.000000000000000000e-01
3.410000000000003029e-01,5.000000000000000000e-01
3.420000000000003038e-01,5.000000000000000000e-01
3.430000000000003046e-01,5.000000000000000000e-01
3.440000000000003055e-01,5.000000000000000000e-01
3.450000000000003064e-01,5.000000000000000000e-01
3.460000000000003073e-01,5.000000000000000000e-01
3.470000000000003082e-01,5.000000000000000000e-01
3.480000000000003091e-01,5.000000000000000000e-01
3.490000000000003100e-01,5.000000000000000000e-01
3.500000000000003109e-01,5.000000000000000000e-01
3.510000000000003118e-01,5.000000000000000000e-01
3.520000000000003126e-01,5.000000000000000000e-01
3.530000000000003135e-01,5.000000000000000000e-01
3.540000000000003144e-01,5.000000000000000000e-01
3.550000000000003153e-01,5.000000000000000000e-01
3.560000000000003162e-01,5.000000000000000000e-01
3.570000000000003171e-01,5.000000000000000000e-01
3.580000000000003180e-01,5.000000000000000000e-01
3.590000000000003189e-01,5.000000000000000000e-01
3.600000000000003197e-01,5.000000000000000000e-01
3.610000000000003206e-01,5.000000000000000000e-01
3.620000000000003215e-01,5.000000000000000000e-01
3.630000000000003224e-01,5.000000000000000000e-01
3.640000000000003233e-01,5.000000000000000000e-01
3.650000000000003242e-01,5.000000000000000000e-01
3.660000000000003251e-01,5.000000000000000000e-01
3.670000000000003260e-01,5.000000000000000000e-01
3.680000000000003268e-01,5.000000000000000000e-01
3.690000000000003277e-01,5.000000000000000000e-01
3.700000000000003286e-01,5.000000000000000000e-01
3.710000000000003295e-01,5.000000000000000000e-01
3.720000000000003304e-01,5.000000000000000000e-01
3.730000000000003313e-01,5.000000000000000000e-01
3.740000000000003322e-01,5.000000000000000000e-01
3.750000000000003331e-01,5.000000000000000000e-01
3.760000000000003340e-01,5.000000000000000000e-01
3.770000000000003348e-01,5.000000000000000000e-01
3.780000000000003357e-01,5.000000000000000000e-01
3.790000000000003366e-01,5.000000000000000000e-01
3.800000000000003375e-01,5.000000000000000000e-01
3.810000000000003384e-01,5.000000000000000000e-01
3.820000000000003393e-01,5.000000000000000000e-01
3.830000000000003402e-01,5.000000000000000000e-01
3.840000000000003411e-01,5.000000000000000000e-01
3.850000000000003419e-01,5.000000000000000000e-01
3.860000000000003428e-01,5.000000000000000000e-01
3.870000000000003437e-01,5.000000000000000000e-01
3.880000000000003446e-01,5.000000000000000000e-01
3.890000000000003455e-01,5.000000000000000000e-01
3.900000000000003464e-01,5.000000000000000000e-01
3.910000000000003473e-01,5.000000000000000000e-01
3.920000000000003482e-01,5.000000000000000000e-01
3.930000000000003491e-01,5.000000000000000000e-01
3.940000000000003499e-01,5.000000000000000000e-01
3.950000000000003508e-01,5.000000000000000000e-01
3.960000000000003517e-01,5.000000000000000000e-01
3.970000000000003526e-01,5.000000000000000000e-01
3.980000000000003535e-01,5.000000000000000000e-01
3.990000000000003544e-01,5.000000000000000000e-01
4.000000000000003553e-01,5.000000000000000000e-01
4.010000000000003562e-01,5.000000000000000000e-01
4.020000000000003570e-01,5.000000000000000000e-01
4.030000000000003579e-01,5.000000000000000000e-01
4.040000000000003588e-01,5.000000000000000000e-01
4.050000000000003597e-01,5.000000000000000000e-01
4.060000000000003606e-01,5.000000000000000000e-01
4.070000000000003615e-01,5.000000000000000000e-01
4.080000000000003624e-01,5.000000000000000000e-01
4.090000000000003633e-01,5.000000000000000000e-01
4.100000000000003642e-01,5.000000000000000000e-01
4.110000000000003650e-01,5.000000000000000000e-01
4.120000000000003659e-01,5.000000000000000000e-01
4.130000000000003668e-01,5.000000000000000000e-01
4.140000000000003677e-01,5.000000000000000000e-01
4.150000000000003686e-01,5.000000000000000000e-01
4.160000000000003695e-01,5.000000000000000000e-01
4.170000000000003704e-01,5.000000000000000000e-01
4.180000000000003713e-01,5.000000000000000000e-01
4.190000000000003721e-01,5.000000000000000000e-01
4.200000000000003730e-01,5.000000000000000000e-01
4.210000000000003739e-01,5.000000000000000000e-01
4.220000000000003748e-01,5.000000000000000000e-01
4.230000000000003757e-01,5.000000000000000000e-01
4.240000000000003766e-01,5.000000000000000000e-01
4.250000000000003775e-01,5.000000000000000000e-01
4.260000000000003784e-01,5.000000000000000000e-01
4.270000000000003793e-01,5.000000000000000000e-01
4.280000000000003801e-01,5.000000000000000000e-01
4.290000000000003810e-01,5.000000000000000000e-01
4.300000000000003819e-01,5.000000000000000000e-01
4.310000000000003828e-01,5.000000000000000000e-01
4.320000000000003837e-01,5.000000000000000000e-01
4.330000000000003846e-01,5.000000000000000000e-01
4.340000000000003855e-01,5.000000000000000000e-01
4.350000000000003864e-01,5.000000000000000000e-01
4.360000000000003872e-01,5.000000000000000000e-01
4.370000000000003881e-01,5.000000000000000000e-01
4.380000000000003890e-01,5.000000000000000000e-01
4.390000000000003899e-01,5.000000000000000000e-01
4.400000000000003908e-01,5.000000000000000000e-01
4.410000000000003917e-01,5.000000000000000000e-01
4.420000000000003926e-01,5.000000000000000000e-01
4.430000000000003935e-01,5.000000000000000000e-01
4.440000000000003944e-01,5.000000000000000000e-01
4.450000000000003952e-01,5.000000000000000000e-01
4.460000000000003961e-01,5.000000000000000000e-01
4.470000000000003970e-01,5.000000000000000000e-01
4.480000000000003979e-01,5.000000000000000000e-01
4.490000000000003988e-01,5.000000000000000000e-01
4.500000000000003997e-01,5.000000000000000000e-01
4.510000000000004006e-01,5.000000000000000000e-01
4.520000000000004015e-01,5.000000000000000000e-01
4.530000000000004023e-01,5.000000000000000000e-01
4.540000000000004032e-01,5.000000000000000000e-01
4.550000000000004041e-01,5.000000000000000000e-01
4.560000000000004050e-01,5.000000000000000000e-01
4.570000000000004059e-01,5.000000000000000000e-01
4.580000000000004068e-01,5.000000000000000000e-01
4.590000000000004077e-01,5.000000000000000000e-01
4.600000000000004086e-01,5.000000000000000000e-01
4.610000000000004095e-01,5.000000000000000000e-01
4.620000000000004103e-01,5.000000000000000000e-01
4.630000000000004112e-01,5.000000000000000000e-01
4.640000000000004121e-01,5.000000000000000000e-01
4.650000000000004130e-01,5.000000000000000000e-01
4.660000000000004139e-01,5.000000000000000000e-01
4.670000000000004148e-01,5.000000000000000000e-01
4.680000000000004157e-01,5.000000000000000000e-01
4.690000000000004166e-01,5.000000000000000000e-01
4.700000000000004174e-01,5.000000000000000000e-01
4.710000000000004183e-01,5.000000000000000000e-01
4.720000000000004192e-01,5.000000000000000000e-01
4.730000000000004201e-01,5.000000000000000000e-01
4.740000000000004210e-01,5.000000000000000000e-01
4.750000000000004219e-01,5.000000000000000000e-01
4.760000000000004228e-01,5.000000000000000000e-01
4.770000000000004237e-01,5.000000000000000000e-01
4.780000000000004245e-01,5.000000000000000000e-01
4.790000000000004254e-01,5.000000000000000000e-01
4.800000000000004263e-01,5.000000000000000000e-01
4.810000000000004272e-01,5.000000000000000000e-01
4.820000000000004281e-01,5.000000000000000000e-01
4.830000000000004290e-01,5.000000000000000000e-01
4.840000000000004299e-01,5.000000000000000000e-01
4.850000000000004308e-01,5.000000000000000000e-01
4.860000000000004317e-01,5.000000000000000000e-01
4.870000000000004325e-01,5.000000000000000000e-01
4.880000000000004334e-01,5.000000000000000000e-01
4.890000000000004343e-01,5.000000000000000000e-01
4.900000000000004352e-01,5.000000000000000000e-01
4.910000000000004361e-01,5.000000000000000000e-01
4.920000000000004370e-01,5.000000000000000000e-01
4.930000000000004379e-01,5.000000000000000000e-01
4.940000000000004388e-01,5.000000000000000000e-01
4.950000000000004396e-01,5.000000000000000000e-01
4.960000000000004405e-01,5.000000000000000000e-01
4.970000000000004414e-01,5.000000000000000000e-01
4.980000000000004423e-01,5.000000000000000000e-01
4.990000000000004432e-01,5.000000000000000000e-01
5.000000000000004441e-01,5.000000000000000000e-01
5.010000000000004450e-01,5.000000000000000000e-01
5.020000000000004459e-01,5.000000000000000000e-01
5.030000000000004468e-01,5.000000000000000000e-01
5.040000000000004476e-01,5.000000000000000000e-01
5.050000000000004485e-01,5.000000000000000000e-01
5.060000000000004494e-01,5.000000000000000000e-01
5.070000000000004503e-01,5.000000000000000000e-01
5.080000000000004512e-01,5.000000000000000000e-01
5.090000000000004521e-01,5.000000000000000000e-01
5.100000000000004530e-01,5.000000000000000000e-01
5.110000000000004539e-01,5.000000000000000000e-01
5.120000000000004547e-01,5.000000000000000000e-01
5.130000000000004556e-01,5.000000000000000000e-01
5.140000000000004565e-01,5.000000000000000000e-01
5.150000000000004574e-01,5.000000000000000000e-01
5.160000000000004583e-01,5.000000000000000000e-01
5.170000000000004592e-01,5.000000000000000000e-01
5.180000000000004601e-01,5.000000000000000000e-01
5.190000000000004610e-01,5.000000000000000000e-01
5.200000000000004619e-01,5.000000000000000000e-01
5.210000000000004627e-01,5.000000000000000000e-01
5.220000000000004636e-01,5.000000000000000000e-01
5.230000000000004645e-01,5.000000000000000000e-01
5.240000000000004654e-01,5.000000000000000000e-01
5.250000000000004663e-01,5.000000000000000000e-01
5.260000000000004672e-01,5.000000000000000000e-01
5.270000000000004681e-01,5.000000000000000000e-01
5.280000000000004690e-01,5.000000000000000000e-01
5.290000000000004698e-01,5.000000000000000000e-01
5.300000000000004707e-01,5.000000000000000000e-01
5.310000000000004716e-01,5.000000000000000000e-01
5.320000000000004725e-01,5.000000000000000000e-01
5.330000000000004734e-01,5.000000000000000000e-01
5.340000000000004743e-01,5.000000000000000000e-01
5.350000000000004752e-01,5.000000000000000000e-01
5.360000000000004761e-01,5.000000000000000000e-01
5.370000000000004770e-01,5.000000000000000000e-01
5.380000000000004778e-01,5.000000000000000000e-01
5.390000000000004787e-01,5.000000000000000000e-01
5.400000000000004796e-01,5.000000000000000000e-01
5.410000000000004805e-01,5.000000000000000000e-01
5.420000000000004814e-01,5.000000000000000000e-01
5.430000000000004823e-01,5.000000000000000000e-01
5.440000000000004832e-01,5.000000000000000000e-01
5.450000000000004841e-01,5.000000000000000000e-01
5.460000000000004849e-01,5.000000000000000000e-01
5.470000000000004858e-01,5.000000000000000000e-01
5.480000000000004867e-01,5.000000000000000000e-01
5.490000000000004876e-01,5.000000000000000000e-01
5.500000000000004885e-01,5.000000000000000000e-01
5.510000000000004894e-01,5.000000000000000000e-01
5.520000000000004903e-01,5.000000000000000000e-01
5.530000000000004912e-01,5.000000000000000000e-01
5.540000000000004921e-01,5.000000000000000000e-01
5.550000000000004929e-01,5.000000000000000000e-01
5.560000000000004938e-01,5.000000000000000000e-01
5.570000000000004947e-01,5.000000000000000000e-01
5.580000000000004956e-01,5.000000000000000000e-01
5.590000000000004965e-01,5.000000000000000000e-01
5.600000000000004974e-01,5.000000000000000000e-01
5.610000000000004983e-01,5.000000000000000000e-01
5.620000000000004992e-01,5.000000000000000000e-01
5.630000000000005000e-01,5.000000000000000000e-01
5.640000000000005009e-01,5.000000000000000000e-01
5.650000000000005018e-01,5.000000000000000000e-01
5.660000000000005027e-01,5.000000000000000000e-01
5.670000000000005036e-01,5.000000000000000000e-01
5.680000000000005045e-01,5.000000000000000000e-01
5.690000000000005054e-01,5.000000000000000000e-01
5.700000000000005063e-01,5.000000000000000000e-01
5.710000000000005071e-01,5.000000000000000000e-01
5.720000000000005080e-01,5.000000000000000000e-01
5.730000000000005089e-01,5.000000000000000000e-01
5.740000000000005098e-01,5.000000000000000000e-01
5.750000000000005107e-01,5.000000000000000000e-01
5.760000000000005116e-01,5.000000000000000000e-01
5.770000000000005125e-01,5.000000000000000000e-01
5.780000000000005134e-01,5.000000000000000000e-01
5.790000000000005143e-01,5.000000000000000000e-01
5.800000000000005151e-01,5.000000000000000000e-01
5.810000000000005160e-01,5.000000000000000000e-01
5.820000000000005169e-01,5.000000000000000000e-01
5.830000000000005178e-01,5.000000000000000000e-01
5.840000000000005187e-01,5.000000000000000000e-01
5.850000000000005196e-01,5.000000000000000000e-01
5.860000000000005205e-01,5.000000000000000000e-01
5.870000000000005214e-01,5.000000000000000000e-01
5.880000000000005222e-01,5.000000000000000000e-01
5.890000000000005231e-01,5.000000000000000000e-01
5.900000000000005240e-01,5.000000000000000000e-01
5.910000000000005249e-01,5.000000000000000000e-01
5.920000000000005258e-01,5.000000000000000000e-01
5.930000000000005267e-01,5.000000000000000000e-01
5.940000000000005276e-01,5.000000000000000000e-01
5.950000000000005285e-01,5.000000000000000000e-01
5.960000000000005294e-01,5.000000000000000000e-01
5.970000000000005302e-01,5.000000000000000000e-01
5.980000000000005311e-01,5.000000000000000000e-01
5.990000000000005320e-01,5.000000000000000000e-01
6.000000000000005329e-01,5.000000000000000000e-01
6.010000000000005338e-01,5.000000000000000000e-01
6.020000000000005347e-01,5.000000000000000000e-01
6.030000000000005356e-01,5.000000000000000000e-01
6.040000000000005365e-01,5.000000000000000000e-01
6.050000000000005373e-01,5.000000000000000000e-01
6.060000000000005382e-01,5.000000000000000000e-01
6.070000000000005391e-01,5.000000000000000000e-01
6.080000000000005400e-01,5.000000000000000000e-01
6.090000000000005409e-01,5.000000000000000000e-01
6.100000000000005418e-01,5.000000000000000000e-01
6.110000000000005427e-01,5.000000000000000000e-01
6.120000000000005436e-01,5.000000000000000000e-01
6.130000000000005445e-01,5.000000000000000000e-01
6.140000000000005453e-01,5.000000000000000000e-01
6.150000000000005462e-01,5.000000000000000000e-01
6.160000000000005471e-01,5.000000000000000000e-01
6.170000000000005480e-01,5.000000000000000000e-01
6.180000000000005489e-01,5.000000000000000000e-01
6.190000000000005498e-01,5.000000000000000000e-01
6.200000000000005507e-01,5.000000000000000000e-01
6.210000000000005516e-01,5.000000000000000000e-01
6.220000000000005524e-01,5.000000000000000000e-01
6.230000000000005533e-01,5.000000000000000000e-01
6.240000000000005542e-01,5.000000000000000000e-01
6.250000000000005551e-01,5.000000000000000000e-01
6.260000000000005560e-01,5.000000000000000000e-01
6.270000000000005569e-01,5.000000000000000000e-01
6.280000000000005578e-01,5.000000000000000000e-01
6.290000000000005587e-01,5.000000000000000000e-01
6.300000000000005596e-01,5.000000000000000000e-01
6.310000000000005604e-01,5.000000000000000000e-01
6.320000000000005613e-01,5.000000000000000000e-01
6.330000000000005622e-01,5.000000000000000000e-01
6.340000000000005631e-01,5.000000000000000000e-01
6.350000000000005640e-01,5.000000000000000000e-01
6.360000000000005649e-01,5.000000000000000000e-01
6.370000000000005658e-01,5.000000000000000000e-01
6.380000000000005667e-01,5.000000000000000000e-01
6.390000000000005675e-01,5.000000000000000000e-01
6.400000000000005684e-01,5.000000000000000000e-01
6.410000000000005693e-01,5.000000000000000000e-01
6.420000000000005702e-01,5.000000000000000000e-01
6.430000000000005711e-01,5.000000000000000000e-01
6.440000000000005720e-01,5.000000000000000000e-01
6.450000000000005729e-01,5.000000000000000000e-01
6.460000000000005738e-01,5.000000000000000000e-01
6.470000000000005747e-01,5.000000000000000000e-01
6.480000000000005755e-01,5.000000000000000000e-01
6.490000000000005764e-01,5.000000000000000000e-01
6.500000000000005773e-01,5.000000000000000000e-01
6.510000000000005782e-01,5.000000000000000000e-01
6.520000000000005791e-01,5.000000000000000000e-01
6.530000000000005800e-01,5.000000000000000000e-01
6.540000000000005809e-01,5.000000000000000000e-01
6.550000000000005818e-01,5.000000000000000000e-01
6.560000000000005826e-01,5.000000000000000000e-01
6.570000000000005835e-01,5.000000000000000000e-01
6.580000000000005844e-01,5.000000000000000000e-01
6.590000000000005853e-01,5.000000000000000000e-01
6.600000000000005862e-01,5.000000000000000000e-01
6.610000000000005871e-01,5.000000000000000000e-01
6.620000000000005880e-01,5.000000000000000000e-01
6.630000000000005889e-01,5.000000000000000000e-01
6.640000000000005898e-01,5.000000000000000000e-01
6.650000000000005906e-01,5.000000000000000000e-01
6.660000000000005915e-01,5.000000000000000000e-01
6.670000000000005924e-01,5.000000000000000000e-01
6.680000000000005933e-01,5.000000000000000000e-01
6.690000000000005942e-01,5.000000000000000000e-01
6.700000000000005951e-01,5.000000000000000000e-01
6.710000000000005960e-01,5.000000000000000000e-01
6.720000000000005969e-01,5.000000000000000000e-01
6.730000000000005977e-01,5.000000000000000000e-01
6.740000000000005986e-01,5.000000000000000000e-01
6.750000000000005995e-01,5.000000000000000000e-01
6.760000000000006004e-01,5.000000000000000000e-01
6.770000000000006013e-01,5.000000000000000000e-01
6.780000000000006022e-01,5.000000000000000000e-01
6.790000000000006031e-01,5.000000000000000000e-01
6.800000000000006040e-01,5.000000000000000000e-01
6.810000000000006048e-01,5.000000000000000000e-01
6.820000000000006057e-01,5.000000000000000000e-01
6.830000000000006066e-01,5.000000000000000000e-01
6.840000000000006075e-01,5.000000000000000000e-01
6.850000000000006084e-01,5.000000000000000000e-01
6.860000000000006093e-01,5.000000000000000000e-01
6.870000000000006102e-01,5.000000000000000000e-01
6.880000000000006111e-01,5.000000000000000000e-01
6.890000000000006120e-01,5.000000000000000000e-01
6.900000000000006128e-01,5.000000000000000000e-01
6.910000000000006137e-01,5.000000000000000000e-01
6.920000000000006146e-01,5.000000000000000000e-01
6.930000000000006155e-01,5.000000000000000000e-01
6.940000000000006164e-01,5.000000000000000000e-01
6.950000000000006173e-01,5.000000000000000000e-01
6.960000000000006182e-01,5.000000000000000000e-01
6.970000000000006191e-01,5.000000000000000000e-01
6.980000000000006199e-01,5.000000000000000000e-01
6.990000000000006208e-01,5.000000000000000000e-01
7.000000000000006217e-01,5.000000000000000000e-01
7.010000000000006226e-01,5.000000000000000000e-01
7.020000000000006235e-01,5.000000000000000000e-01
7.030000000000006244e-01,5.000000000000000000e-01
7.040000000000006253e-01,5.000000000000000000e-01
7.050000000000006262e-01,5.000000000000000000e-01
7.060000000000006271e-01,5.000000000000000000e-01
7.070000000000006279e-01,5.000000000000000000e-01
7.080000000000006288e-01,5.000000000000000000e-01
7.090000000000006297e-01,5.000000000000000000e-01
7.100000000000006306e-01,5.000000000000000000e-01
7.110000000000006315e-01,5.000000000000000000e-01
7.120000000000006324e-01,5.000000000000000000e-01
7.130000000000006333e-01,5.000000000000000000e-01
7.140000000000006342e-01,5.000000000000000000e-01
7.150000000000006350e-01,5.000000000000000000e-01
7.160000000000006359e-01,5.000000000000000000e-01
7.170000000000006368e-01,5.000000000000000000e-01
7.180000000000006377e-01,5.000000000000000000e-01
7.190000000000006386e-01,5.000000000000000000e-01
7.200000000000006395e-01,5.000000000000000000e-01
7.210000000000006404e-01,5.000000000000000000e-01
7.220000000000006413e-01,5.000000000000000000e-01
7.230000000000006422e-01,5.000000000000000000e-01
7.240000000000006430e-01,5.000000000000000000e-01
7.250000000000006439e-01,5.000000000000000000e-01
7.260000000000006448e-01,5.000000000000000000e-01
7.270000000000006457e-01,5.000000000000000000e-01
7.280000000000006466e-01,5.000000000000000000e-01
7.290000000000006475e-01,5.000000000000000000e-01
7.300000000000006484e-01,5.000000000000000000e-01
7.310000000000006493e-01,5.000000000000000000e-01
7.320000000000006501e-01,5.000000000000000000e-01
7.330000000000006510e-01,5.000000000000000000e-01
7.340000000000006519e-01,5.000000000000000000e-01
7.350000000000006528e-01,5.000000000000000000e-01
7.360000000000006537e-01,5.000000000000000000e-01
7.370000000000006546e-01,5.000000000000000000e-01
7.380000000000006555e-01,5.000000000000000000e-01
7.390000000000006564e-01,5.000000000000000000e-01
7.400000000000006573e-01,5.000000000000000000e-01
7.410000000000006581e-01,5.000000000000000000e-01
7.420000000000006590e-01,5.000000000000000000e-01
7.430000000000006599e-01,5.000000000000000000e-01
7.440000000000006608e-01,5.000000000000000000e-01
7.450000000000006617e-01,5.000000000000000000e-01
7.460000000000006626e-01,5.000000000000000000e-01
7.470000000000006635e-01,5.000000000000000000e-01
7.480000000000006644e-01,5.000000000000000000e-01
7.490000000000006652e-01,5.000000000000000000e-01
7.500000000000006661e-01,5.000000000000000000e-01
7.510000000000006670e-01,5.000000000000000000e-01
7.520000000000006679e-01,5.000000000000000000e-01
7.530000000000006688e-01,5.000000000000000000e-01
7.540000000000006697e-01,5.000000000000000000e-01
7.550000000000006706e-01,5.000000000000000000e-01
7.560000000000006715e-01,5.000000000000000000e-01
7.570000000000006724e-01,5.000000000000000000e-01
7.580000000000006732e-01,5.000000000000000000e-01
7.590000000000006741e-01,5.000000000000000000e-01
7.600000000000006750e-01,5.000000000000000000e-01
7.610000000000006759e-01,5.000000000000000000e-01
7.620000000000006768e-01,5.000000000000000000e-01
7.630000000000006777e-01,5.000000000000000000e-01
7.640000000000006786e-01,5.000000000000000000e-01
7.650000000000006795e-01,5.000000000000000000e-01
7.660000000000006803e-01,5.000000000000000000e-01
7.670000000000006812e-01,5.000000000000000000e-01
7.680000000000006821e-01,5.000000000000000000e-01
7.690000000000006830e-01,5.000000000000000000e-01
7.700000000000006839e-01,5.000000000000000000e-01
7.710000000000006848e-01,5.000000000000000000e-01
7.720000000000006857e-01,5.000000000000000000e-01
7.730000000000006866e-01,5.000000000000000000e-01
7.740000000000006875e-01,5.000000000000000000e-01
7.750000000000006883e-01,5.000000000000000000e-01
7.760000000000006892e-01,5.000000000000000000e-01
7.770000000000006901e-01,5.000000000000000000e-01
7.780000000000006910e-01,5.000000000000000000e-01
7.790000000000006919e-01,5.000000000000000000e-01
7.800000000000006928e-01,5.000000000000000000e-01
7.810000000000006937e-01,5.000000000000000000e-01
7.820000000000006946e-01,5.000000000000000000e-01
7.830000000000006954e-01,5.000000000000000000e-01
7.840000000000006963e-01,5.000000000000000000e-01
7.850000000000006972e-01,5.000000000000000000e-01
7.860000000000006981e-01,5.000000000000000000e-01
7.870000000000006990e-01,5.000000000000000000e-01
7.880000000000006999e-01,5.000000000000000000e-01
7.890000000000007008e-01,5.000000000000000000e-01
7.900000000000007017e-01,5.000000000000000000e-01
7.910000000000007025e-01,5.000000000000000000e-01
7.920000000000007034e-01,5.000000000000000000e-01
7.930000000000007043e-01,5.000000000000000000e-01
7.940000000000007052e-01,5.000000000000000000e-01
7.950000000000007061e-01,5.000000000000000000e-01
7.960000000000007070e-01,5.000000000000000000e-01
7.970000000000007079e-01,5.000000000000000000e-01
7.980000000000007088e-01,5.000000000000000000e-01
7.990000000000007097e-01,5.000000000000000000e-01
8.000000000000007105e-01,5.000000000000000000e-01
8.010000000000007114e-01,5.000000000000000000e-01
8.020000000000007123e-01,5.000000000000000000e-01
8.030000000000007132e-01,5.000000000000000000e-01
8.040000000000007141e-01,5.000000000000000000e-01
8.050000000000007150e-01,5.000000000000000000e-01
8.060000000000007159e-01,5.000000000000000000e-01
8.070000000000007168e-01,5.000000000000000000e-01
8.080000000000007176e-01,5.000000000000000000e-01
8.090000000000007185e-01,5.000000000000000000e-01
8.100000000000007194e-01,5.000000000000000000e-01
8.110000000000007203e-01,5.000000000000000000e-01
8.120000000000007212e-01,5.000000000000000000e-01
8.130000000000007221e-01,5.000000000000000000e-01
8.140000000000007230e-01,5.000000000000000000e-01
8.150000000000007239e-01,5.000000000000000000e-01
8.160000000000007248e-01,5.000000000000000000e-01
8.170000000000007256e-01,5.000000000000000000e-01
8.180000000000007265e-01,5.000000000000000000e-01
8.190000000000007274e-01,5.000000000000000000e-01
8.200000000000007283e-01,5.000000000000000000e-01
8.210000000000007292e-01,5.000000000000000000e-01
8.220000000000007301e-01,5.000000000000000000e-01
8.230000000000007310e-01,5.000000000000000000e-01
8.240000000000007319e-01,5.000000000000000000e-01
8.250000000000007327e-01,5.000000000000000000e-01
8.260000000000007336e-01,5.000000000000000000e-01
8.270000000000007345e-01,5.000000000000000000e-01
8.280000000000007354e-01,5.000000000000000000e-01
8.290000000000007363e-01,5.000000000000000000e-01
8.300000000000007372e-01,5.000000000000000000e-01
8.310000000000007381e-01,5.000000000000000000e-01
8.320000000000007390e-01,5.000000000000000000e-01
8.330000000000007399e-01,5.000000000000000000e-01
8.340000000000007407e-01,5.000000000000000000e-01
8.350000000000007416e-01,5.000000000000000000e-01
8.360000000000007425e-01,5.000000000000000000e-01
8.370000000000007434e-01,5.000000000000000000e-01
8.380000000000007443e-01,5.000000000000000000e-01
8.390000000000007452e-01,5.000000000000000000e-01
8.400000000000007461e-01,5.000000000000000000e-01
8.410000000000007470e-01,5.000000000000000000e-01
8.420000000000007478e-01,5.000000000000000000e-01
8.430000000000007487e-01,5.000000000000000000e-01
8.440000000000007496e-01,5.000000000000000000e-01
8.450000000000007505e-01,5.000000000000000000e-01
8.460000000000007514e-01,5.000000000000000000e-01
8.470000000000007523e-01,5.000000000000000000e-01
8.480000000000007532e-01,5.000000000000000000e-01
8.490000000000007541e-01,5.000000000000000000e-01
8.500000000000007550e-01,5.000000000000000000e-01
8.510000000000007558e-01,5.000000000000000000e-01
8.520000000000007567e-01,5.000000000000000000e-01
8.530000000000007576e-01,5.000000000000000000e-01
8.540000000000007585e-01,5.000000000000000000e-01
8.550000000000007594e-01,5.000000000000000000e-01
8.560000000000007603e-01,5.000000000000000000e-01
8.570000000000007612e-01,5.000000000000000000e-01
8.580000000000007621e-01,5.000000000000000000e-01
8.590000000000007629e-01,5.000000000000000000e-01
8.600000000000007638e-01,5.000000000000000000e-01
8.610000000000007647e-01,5.000000000000000000e-01
8.620000000000007656e-01,5.000000000000000000e-01
8.630000000000007665e-01,5.000000000000000000e-01
8.640000000000007674e-01,5.000000000000000000e-01
8.650000000000007683e-01,5.000000000000000000e-01
8.660000000000007692e-01,5.000000000000000000e-01
8.670000000000007701e-01,5.000000000000000000e-01
8.680000000000007709e-01,5.000000000000000000e-01
8.690000000000007718e-01,5.000000000000000000e-01
8.700000000000007727e-01,5.000000000000000000e-01
8.710000000000007736e-01,5.000000000000000000e-01
8.720000000000007745e-01,5.000000000000000000e-01
8.730000000000007754e-01,5.000000000000000000e-01
8.740000000000007763e-01,5.000000000000000000e-01
8.750000000000007772e-01,5.000000000000000000e-01
8.760000000000007780e-01,5.000000000000000000e-01
8.770000000000007789e-01,5.000000000000000000e-01
8.780000000000007798e-01,5.000000000000000000e-01
8.790000000000007807e-01,5.000000000000000000e-01
8.800000000000007816e-01,5.000000000000000000e-01
8.810000000000007825e-01,5.000000000000000000e-01
8.820000000000007834e-01,5.000000000000000000e-01
8.830000000000007843e-01,5.000000000000000000e-01
8.840000000000007851e-01,5.000000000000000000e-01
8.850000000000007860e-01,5.000000000000000000e-01
8.860000000000007869e-01,5.000000000000000000e-01
8.870000000000007878e-01,5.000000000000000000e-01
8.880000000000007887e-01,5.000000000000000000e-01
8.890000000000007896e-01,5.000000000000000000e-01
8.900000000000007905e-01,5.000000000000000000e-01
8.910000000000007914e-01,5.000000000000000000e-01
8.920000000000007923e-01,5.000000000000000000e-01
8.930000000000007931e-01,5.000000000000000000e-01
8.940000000000007940e-01,5.000000000000000000e-01
8.950000000000007949e-01,5.000000000000000000e-01
8.960000000000007958e-01,5.000000000000000000e-01
8.970000000000007967e-01,5.000000000000000000e-01
8.980000000000007976e-01,5.000000000000000000e-01
8.990000000000007985e-01,5.000000000000000000e-01
9.000000000000007994e-01,5.000000000000000000e-01
9.010000000000008002e-01,5.000000000000000000e-01
9.020000000000008011e-01,5.000000000000000000e-01
9.030000000000008020e-01,5.000000000000000000e-01
9.040000000000008029e-01,5.000000000000000000e-01
9.050000000000008038e-01,5.000000000000000000e-01
9.060000000000008047e-01,5.000000000000000000e-01
9.070000000000008056e-01,5.000000000000000000e-01
9.080000000000008065e-01,5.000000000000000000e-01
9.090000000000008074e-01,5.000000000000000000e-01
9.100000000000008082e-01,5.000000000000000000e-01
9.110000000000008091e-01,5.000000000000000000e-01
9.120000000000008100e-01,5.000000000000000000e-01
9.130000000000008109e-01,5.000000000000000000e-01
9.140000000000008118e-01,5.000000000000000000e-01
9.150000000000008127e-01,5.000000000000000000e-01
9.160000000000008136e-01,5.000000000000000000e-01
9.170000000000008145e-01,5.000000000000000000e-01
9.180000000000008153e-01,5.000000000000000000e-01
9.190000000000008162e-01,5.000000000000000000e-01
9.200000000000008171e-01,5.000000000000000000e-01
9.210000000000008180e-01,5.000000000000000000e-01
9.220000000000008189e-01,5.000000000000000000e-01
9.230000000000008198e-01,5.000000000000000000e-01
9.240000000000008207e-01,5.000000000000000000e-01
9.250000000000008216e-01,5.000000000000000000e-01
9.260000000000008225e-01,5.000000000000000000e-01
9.270000000000008233e-01,5.000000000000000000e-01
9.280000000000008242e-01,5.000000000000000000e-01
9.290000000000008251e-01,5.000000000000000000e-01
9.300000000000008260e-01,5.000000000000000000e-01
9.310000000000008269e-01,5.000000000000000000e-01
9.320000000000008278e-01,5.000000000000000000e-01
9.330000000000008287e-01,5.000000000000000000e-01
9.340000000000008296e-01,5.000000000000000000e-01
9.350000000000008304e-01,5.000000000000000000e-01
9.360000000000008313e-01,5.000000000000000000e-01
9.370000000000008322e-01,5.000000000000000000e-01
9.380000000000008331e-01,5.000000000000000000e-01
9.390000000000008340e-01,5.000000000000000000e-01
9.400000000000008349e-01,5.000000000000000000e-01
9.410000000000008358e-01,5.000000000000000000e-01
9.420000000000008367e-01,5.000000000000000000e-01
9.430000000000008376e-01,5.000000000000000000e-01
9.440000000000008384e-01,5.000000000000000000e-01
9.450000000000008393e-01,5.000000000000000000e-01
9.460000000000008402e-01,5.000000000000000000e-01
9.470000000000008411e-01,5.000000000000000000e-01
9.480000000000008420e-01,5.000000000000000000e-01
9.490000000000008429e-01,5.000000000000000000e-01
9.500000000000008438e-01,5.000000000000000000e-01
9.510000000000008447e-01,5.000000000000000000e-01
9.520000000000008455e-01,5.000000000000000000e-01
9.530000000000008464e-01,5.000000000000000000e-01
9.540000000000008473e-01,5.000000000000000000e-01
9.550000000000008482e-01,5.000000000000000000e-01
9.560000000000008491e-01,5.000000000000000000e-01
9.570000000000008500e-01,5.000000000000000000e-01
9.580000000000008509e-01,5.000000000000000000e-01
9.590000000000008518e-01,5.000000000000000000e-01
9.600000000000008527e-01,5.000000000000000000e-01
9.610000000000008535e-01,5.000000000000000000e-01
9.620000000000008544e-01,5.000000000000000000e-01
9.630000000000008553e-01,5.000000000000000000e-01
9.640000000000008562e-01,5.000000000000000000e-01
9.650000000000008571e-01,5.000000000000000000e-01
9.660000000000008580e-01,5.000000000000000000e-01
9.670000000000008589e-01,5.000000000000000000e-01
9.680000000000008598e-01,5.000000000000000000e-01
9.690000000000008606e-01,5.000000000000000000e-01
9.700000000000008615e-01,5.000000000000000000e-01
9.710000000000008624e-01,5.000000000000000000e-01
9.720000000000008633e-01,5.000000000000000000e-01
9.730000000000008642e-01,5.000000000000000000e-01
9.740000000000008651e-01,5.000000000000000000e-01
9.750000000000008660e-01,5.000000000000000000e-01
9.760000000000008669e-01,5.000000000000000000e-01
9.770000000000008678e-01,5.000000000000000000e-01
9.780000000000008686e-01,5.000000000000000000e-01
9.790000000000008695e-01,5.000000000000000000e-01
9.800000000000008704e-01,5.000000000000000000e-01
9.810000000000008713e-01,5.000000000000000000e-01
9.820000000000007612e-01,5.000000000000000000e-01
9.830000000000008731e-01,5.000000000000000000e-01
9.840000000000009850e-01,5.000000000000000000e-01
9.850000000000008749e-01,5.000000000000000000e-01
9.860000000000007647e-01,5.000000000000000000e-01
9.870000000000008766e-01,5.000000000000000000e-01
9.880000000000009885e-01,5.000000000000000000e-01
9.890000000000008784e-01,5.000000000000000000e-01
9.900000000000007683e-01,5.000000000000000000e-01
9.910000000000008802e-01,5.000000000000000000e-01
9.920000000000009921e-01,5.000000000000000000e-01
9.930000000000008820e-01,5.000000000000000000e-01
9.940000000000007718e-01,5.000000000000000000e-01
9.950000000000008837e-01,5.000000000000000000e-01
9.960000000000009956e-01,5.000000000000000000e-01
9.970000000000008855e-01,5.000000000000000000e-01
9.980000000000007754e-01,5.000000000000000000e-01
9.990000000000008873e-01,5.000000000000000000e-01
1.000000000000001110e+00,5.000000000000000000e-01
1.001000000000001000e+00,5.000000000000000000e-01
1.002000000000000890e+00,5.000000000000000000e-01
1.003000000000001002e+00,5.000000000000000000e-01
1.004000000000001114e+00,5.000000000000000000e-01
1.005000000000001004e+00,5.000000000000000000e-01
1.006000000000000894e+00,5.000000000000000000e-01
1.007000000000001005e+00,5.000000000000000000e-01
1.008000000000001117e+00,5.000000000000000000e-01
1.009000000000001007e+00,5.000000000000000000e-01
1.010000000000000897e+00,5.000000000000000000e-01
1.011000000000001009e+00,5.000000000000000000e-01
1.012000000000001121e+00,5.000000000000000000e-01
1.013000000000001011e+00,5.000000000000000000e-01
1.014000000000000901e+00,5.000000000000000000e-01
1.015000000000001013e+00,5.000000000000000000e-01
1.016000000000001124e+00,5.000000000000000000e-01
1.017000000000001014e+00,5.000000000000000000e-01
1.018000000000000904e+00,5.000000000000000000e-01
1.019000000000001016e+00,5.000000000000000000e-01
1.020000000000001128e+00,5.000000000000000000e-01
1.021000000000001018e+00,5.000000000000000000e-01
1.022000000000000908e+00,5.000000000000000000e-01
1.023000000000001020e+00,5.000000000000000000e-01
1.024000000000001132e+00,5.000000000000000000e-01
1.025000000000001021e+00,5.000000000000000000e-01
1.026000000000000911e+00,5.000000000000000000e-01
1.027000000000001023e+00,5.000000000000000000e-01
1.028000000000001135e+00,5.000000000000000000e-01
1.029000000000001025e+00,5.000000000000000000e-01
1.030000000000000915e+00,5.000000000000000000e-01
1.031000000000001027e+00,5.000000000000000000e-01
1.032000000000001139e+00,5.000000000000000000e-01
1.033000000000001029e+00,5.000000000000000000e-01
1.034000000000000918e+00,5.000000000000000000e-01
1.035000000000001030e+00,5.000000000000000000e-01
1.036000000000001142e+00,5.000000000000000000e-01
1.037000000000001032e+00,5.000000000000000000e-01
1.038000000000000922e+00,5.000000000000000000e-01
1.039000000000001034e+00,5.000000000000000000e-01
1.040000000000001146e+00,5.000000000000000000e-01
1.041000000000001036e+00,5.000000000000000000e-01
1.042000000000000925e+00,5.000000000000000000e-01
1.043000000000001037e+00,5.000000000000000000e-01
1.044000000000001149e+00,5.000000000000000000e-01
1.045000000000001039e+00,5.000000000000000000e-01
1.046000000000000929e+00,5.000000000000000000e-01
1.047000000000001041e+00,5.000000000000000000e-01
1.048000000000001153e+00,5.000000000000000000e-01
1.049000000000001043e+00,5.000000000000000000e-01
1.050000000000000933e+00,5.000000000000000000e-01
1.051000000000001044e+00,5.000000000000000000e-01
1.052000000000001156e+00,5.000000000000000000e-01
1.053000000000001046e+00,5.000000000000000000e-01
1.054000000000000936e+00,5.000000000000000000e-01
1.055000000000001048e+00,5.000000000000000000e-01
1.056000000000001160e+00,5.000000000000000000e-01
1.057000000000001050e+00,5.000000000000000000e-01
1.058000000000000940e+00,5.000000000000000000e-01
1.059000000000001052e+00,5.000000000000000000e-01
1.060000000000001164e+00,5.000000000000000000e-01
1.061000000000001053e+00,5.000000000000000000e-01
1.062000000000000943e+00,5.000000000000000000e-01
1.063000000000001055e+00,5.000000000000000000e-01
1.064000000000001167e+00,5.000000000000000000e-01
1.065000000000001057e+00,5.000000000000000000e-01
1.066000000000000947e+00,5.000000000000000000e-01
1.067000000000001059e+00,5.000000000000000000e-01
1.068000000000001171e+00,5.000000000000000000e-01
1.069000000000001060e+00,5.000000000000000000e-01
1.070000000000000950e+00,5.000000000000000000e-01
1.071000000000001062e+00,5.000000000000000000e-01
1.072000000000001174e+00,5.000000000000000000e-01
1.073000000000001064e+00,5.000000000000000000e-01
1.074000000000000954e+00,5.000000000000000000e-01
1.075000000000001066e+00,5.000000000000000000e-01
1.076000000000001178e+00,5.000000000000000000e-01
1.077000000000001068e+00,5.000000000000000000e-01
1.078000000000000957e+00,5.000000000000000000e-01
1.079000000000001069e+00,5.000000000000000000e-01
1.080000000000001181e+00,5.000000000000000000e-01
1.081000000000001071e+00,5.000000000000000000e-01
1.082000000000000961e+00,5.000000000000000000e-01
1.083000000000001073e+00,5.000000000000000000e-01
1.084000000000001185e+00,5.000000000000000000e-01
1.085000000000001075e+00,5.000000000000000000e-01
1.086000000000000965e+00,5.000000000000000000e-01
1.087000000000001076e+00,5.000000000000000000e-01
1.088000000000001188e+00,5.000000000000000000e-01
1.089000000000001078e+00,5.000000000000000000e-01
1.090000000000000968e+00,5.000000000000000000e-01
1.091000000000001080e+00,5.000000000000000000e-01
1.092000000000001192e+00,5.000000000000000000e-01
1.093000000000001082e+00,5.000000000000000000e-01
1.094000000000000972e+00,5.000000000000000000e-01
1.095000000000001084e+00,5.000000000000000000e-01
1.096000000000001195e+00,5.000000000000000000e-01
1.097000000000001085e+00,5.000000000000000000e-01
1.098000000000000975e+00,5.000000000000000000e-01
1.099000000000001087e+00,5.000000000000000000e-01
1.100000000000001199e+00,5.000000000000000000e-01
1.101000000000001089e+00,5.000000000000000000e-01
1.102000000000000979e+00,5.000000000000000000e-01
1.103000000000001091e+00,5.000000000000000000e-01
1.104000000000001203e+00,5.000000000000000000e-01
1.105000000000001092e+00,5.000000000000000000e-01
1.106000000000000982e+00,5.000000000000000000e-01
1.107000000000001094e+00,5.000000000000000000e-01
1.108000000000001206e+00,5.000000000000000000e-01
1.109000000000001096e+00,5.000000000000000000e-01
1.110000000000000986e+00,5.000000000000000000e-01
1.111000000000001098e+00,5.000000000000000000e-01
1.112000000000001210e+00,5.000000000000000000e-01
1.113000000000001100e+00,5.000000000000000000e-01
1.114000000000000989e+00,5.000000000000000000e-01
1.115000000000001101e+00,5.000000000000000000e-01
1.116000000000001213e+00,5.000000000000000000e-01
1.117000000000001103e+00,5.000000000000000000e-01
1.118000000000000993e+00,5.000000000000000000e-01
1.119000000000001105e+00,5.000000000000000000e-01
1.120000000000001217e+00,5.000000000000000000e-01
1.121000000000001107e+00,5.000000000000000000e-01
1.122000000000000997e+00,5.000000000000000000e-01
1.123000000000001108e+00,5.000000000000000000e-01
1.124000000000001220e+00,5.000000000000000000e-01
1.125000000000001110e+00,5.000000000000000000e-01
1.126000000000001000e+00,5.000000000000000000e-01
1.127000000000001112e+00,5.000000000000000000e-01
1.128000000000001224e+00,5.000000000000000000e-01
1.129000000000001114e+00,5.000000000000000000e-01
1.130000000000001004e+00,5.000000000000000000e-01
1.131000000000001116e+00,5.000000000000000000e-01
1.132000000000001227e+00,5.000000000000000000e-01
1.133000000000001117e+00,5.000000000000000000e-01
1.134000000000001007e+00,5.000000000000000000e-01
1.135000000000001119e+00,5.000000000000000000e-01
1.136000000000001231e+00,5.000000000000000000e-01
1.137000000000001121e+00,5.000000000000000000e-01
1.138000000000001011e+00,5.000000000000000000e-01
1.139000000000001123e+00,5.000000000000000000e-01
1.140000000000001235e+00,5.000000000000000000e-01
1.141000000000001124e+00,5.000000000000000000e-01
1.142000000000001014e+00,5.000000000000000000e-01
1.143000000000001126e+00,5.000000000000000000e-01
1.144000000000001238e+00,5.000000000000000000e-01
1.145000000000001128e+00,5.000000000000000000e-01
1.146000000000001018e+00,5.000000000000000000e-01
1.147000000000001130e+00,5.000000000000000000e-01
1.148000000000001242e+00,5.000000000000000000e-01
1.149000000000001132e+00,5.000000000000000000e-01
1.150000000000001021e+00,5.000000000000000000e-01
1.151000000000001133e+00,5.000000000000000000e-01
1.152000000000001245e+00,5.000000000000000000e-01
1.153000000000001135e+00,5.000000000000000000e-01
1.154000000000001025e+00,5.000000000000000000e-01
1.155000000000001137e+00,5.000000000000000000e-01
1.156000000000001249e+00,5.000000000000000000e-01
1.157000000000001139e+00,5.000000000000000000e-01
1.158000000000001029e+00,5.000000000000000000e-01
1.159000000000001140e+00,5.000000000000000000e-01
1.160000000000001252e+00,5.000000000000000000e-01
1.161000000000001142e+00,5.000000000000000000e-01
1.162000000000001032e+00,5.000000000000000000e-01
1.163000000000001144e+00,5.000000000000000000e-01
1.164000000000001256e+00,5.000000000000000000e-01
1.165000000000001146e+00,5.000000000000000000e-01
1.166000000000001036e+00,5.000000000000000000e-01
1.167000000000001148e+00,5.000000000000000000e-01
1.168000000000001259e+00,5.000000000000000000e-01
1.169000000000001149e+00,5.000000000000000000e-01
1.170000000000001039e+00,5.000000000000000000e-01
1.171000000000001151e+00,5.000000000000000000e-01
1.172000000000001263e+00,5.000000000000000000e-01
1.173000000000001153e+00,5.000000000000000000e-01
1.174000000000001043e+00,5.000000000000000000e-01
1.175000000000001155e+00,5.000000000000000000e-01
1.176000000000001267e+00,5.000000000000000000e-01
1.177000000000001156e+00,5.000000000000000000e-01
1.178000000000001046e+00,5.000000000000000000e-01
1.179000000000001158e+00,5.000000000000000000e-01
1.180000000000001270e+00,5.000000000000000000e-01
1.181000000000001160e+00,5.000000000000000000e-01
1.182000000000001050e+00,5.000000000000000000e-01
1.183000000000001162e+00,5.000000000000000000e-01
1.184000000000001274e+00,5.000000000000000000e-01
1.185000000000001164e+00,5.000000000000000000e-01
1.186000000000001053e+00,5.000000000000000000e-01
1.187000000000001165e+00,5.000000000000000000e-01
1.188000000000001277e+00,5.000000000000000000e-01
1.189000000000001167e+00,5.000000000000000000e-01
1.190000000000001057e+00,5.000000000000000000e-01
1.191000000000001169e+00,5.000000000000000000e-01
1.192000000000001281e+00,5.000000000000000000e-01
1.193000000000001171e+00,5.000000000000000000e-01
1.194000000000001060e+00,5.000000000000000000e-01
1.195000000000001172e+00,5.000000000000000000e-01
1.196000000000001284e+00,5.000000000000000000e-01
1.197000000000001174e+00,5.000000000000000000e-01
1.198000000000001064e+00,5.000000000000000000e-01
1.199000000000001176e+00,5.000000000000000000e-01
1.200000000000001288e+00,5.000000000000000000e-01
1.201000000000001178e+00,5.000000000000000000e-01
1.202000000000001068e+00,5.000000000000000000e-01
1.203000000000001180e+00,5.000000000000000000e-01
1.204000000000001291e+00,5.000000000000000000e-01
1.205000000000001181e+00,5.000000000000000000e-01
1.206000000000001071e+00,5.000000000000000000e-01
1.207000000000001183e+00,5.000000000000000000e-01
1.208000000000001295e+00,5.000000000000000000e-01
1.209000000000001185e+00,5.000000000000000000e-01
1.210000000000001075e+00,5.000000000000000000e-01
1.211000000000001187e+00,5.000000000000000000e-01
1.212000000000001299e+00,5.000000000000000000e-01
1.213000000000001188e+00,5.000000000000000000e-01
1.214000000000001078e+00,5.000000000000000000e-01
1.215000000000001190e+00,5.000000000000000000e-01
1.216000000000001302e+00,5.000000000000000000e-01
1.217000000000001192e+00,5.000000000000000000e-01
1.218000000000001082e+00,5.000000000000000000e-01
1.219000000000001194e+00,5.000000000000000000e-01
1.220000000000001306e+00,5.000000000000000000e-01
1.221000000000001195e+00,5.000000000000000000e-01
1.222000000000001085e+00,5.000000000000000000e-01
1.223000000000001197e+00,5.000000000000000000e-01
1.224000000000001309e+00,5.000000000000000000e-01
1.225000000000001199e+00,5.000000000000000000e-01
1.226000000000001089e+00,5.000000000000000000e-01
1.227000000000001201e+00,5.000000000000000000e-01
1.228000000000001313e+00,5.000000000000000000e-01
1.229000000000001203e+00,5.000000000000000000e-01
1.230000000000001092e+00,5.000000000000000000e-01
1.231000000000001204e+00,5.000000000000000000e-01
1.232000000000001316e+00,5.000000000000000000e-01
1.233000000000001206e+00,5.000000000000000000e-01
1.234000000000001096e+00,5.000000000000000000e-01
1.235000000000001208e+00,5.000000000000000000e-01
1.236000000000001320e+00,5.000000000000000000e-01
1.237000000000001210e+00,5.000000000000000000e-01
1.238000000000001100e+00,5.000000000000000000e-01
1.239000000000001211e+00,5.000000000000000000e-01
1.240000000000001323e+00,5.000000000000000000e-01
1.241000000000001213e+00,5.000000000000000000e-01
1.242000000000001103e+00,5.000000000000000000e-01
1.243000000000001215e+00,5.000000000000000000e-01
1.244000000000001327e+00,5.000000000000000000e-01
1.245000000000001217e+00,5.000000000000000000e-01
1.246000000000001107e+00,5.000000000000000000e-01
1.247000000000001219e+00,5.000000000000000000e-01
1.248000000000001330e+00,5.000000000000000000e-01
1.249000000000001220e+00,5.000000000000000000e-01
1.250000000000001110e+00,5.000000000000000000e-01
1.251000000000001222e+00,5.000000000000000000e-01
1.252000000000001334e+00,5.000000000000000000e-01
1.253000000000001224e+00,5.000000000000000000e-01
1.254000000000001114e+00,5.000000000000000000e-01
1.255000000000001226e+00,5.000000000000000000e-01
1.256000000000001338e+00,5.000000000000000000e-01
1.257000000000001227e+00,5.000000000000000000e-01
1.258000000000001117e+00,5.000000000000000000e-01
1.259000000000001229e+00,5.000000000000000000e-01
1.260000000000001341e+00,5.000000000000000000e-01
1.261000000000001231e+00,5.000000000000000000e-01
1.262000000000001121e+00,5.000000000000000000e-01
1.263000000000001233e+00,5.000000000000000000e-01
1.264000000000001345e+00,5.000000000000000000e-01
1.265000000000001235e+00,5.000000000000000000e-01
1.266000000000001124e+00,5.000000000000000000e-01
1.267000000000001236e+00,5.000000000000000000e-01
1.268000000000001348e+00,5.000000000000000000e-01
1.269000000000001238e+00,5.000000000000000000e-01
1.270000000000001128e+00,5.000000000000000000e-01
1.271000000000001240e+00,5.000000000000000000e-01
1.272000000000001352e+00,5.000000000000000000e-01
1.273000000000001242e+00,5.000000000000000000e-01
1.274000000000001132e+00,5.000000000000000000e-01
1.275000000000001243e+00,5.000000000000000000e-01
1.276000000000001355e+00,5.000000000000000000e-01
1.277000000000001245e+00,5.000000000000000000e-01
1.278000000000001135e+00,5.000000000000000000e-01
1.279000000000001247e+00,5.000000000000000000e-01
1.280000000000001359e+00,5.000000000000000000e-01
1.281000000000001249e+00,5.000000000000000000e-01
1.282000000000001139e+00,5.000000000000000000e-01
1.283000000000001251e+00,5.000000000000000000e-01
1.284000000000001362e+00,5.000000000000000000e-01
1.285000000000001252e+00,5.000000000000000000e-01
1.286000000000001142e+00,5.000000000000000000e-01
1.287000000000001254e+00,5.000000000000000000e-01
1.288000000000001366e+00,5.000000000000000000e-01
1.289000000000001256e+00,5.000000000000000000e-01
1.290000000000001146e+00,5.000000000000000000e-01
1.291000000000001258e+00,5.000000000000000000e-01
1.292000000000001370e+00,5.000000000000000000e-01
1.293000000000001259e+00,5.000000000000000000e-01
1.294000000000001149e+00,5.000000000000000000e-01
1.295000000000001261e+00,5.000000000000000000e-01
1.296000000000001373e+00,5.000000000000000000e-01
1.297000000000001263e+00,5.000000000000000000e-01
1.298000000000001153e+00,5.000000000000000000e-01
1.299000000000001265e+00,5.000000000000000000e-01
1.300000000000001377e+00,5.000000000000000000e-01
1.301000000000001267e+00,5.000000000000000000e-01
1.302000000000001156e+00,5.000000000000000000e-01
1.303000000000001268e+00,5.000000000000000000e-01
1.304000000000001380e+00,5.000000000000000000e-01
1.305000000000001270e+00,5.000000000000000000e-01
1.306000000000001160e+00,5.000000000000000000e-01
1.307000000000001272e+00,5.000000000000000000e-01
1.308000000000001384e+00,5.000000000000000000e-01
1.309000000000001274e+00,5.000000000000000000e-01
1.310000000000001164e+00,5.000000000000000000e-01
1.311000000000001275e+00,5.000000000000000000e-01
1.312000000000001387e+00,5.000000000000000000e-01
1.313000000000001277e+00,5.000000000000000000e-01
1.314000000000001167e+00,5.000000000000000000e-01
1.315000000000001279e+00,5.000000000000000000e-01
1.316000000000001391e+00,5.000000000000000000e-01
1.317000000000001281e+00,5.000000000000000000e-01
1.318000000000001171e+00,5.000000000000000000e-01
1.319000000000001283e+00,5.000000000000000000e-01
1.320000000000001394e+00,5.000000000000000000e-01
1.321000000000001284e+00,5.000000000000000000e-01
1.322000000000001174e+00,5.000000000000000000e-01
1.323000000000001286e+00,5.000000000000000000e-01
1.324000000000001398e+00,5.000000000000000000e-01
1.325000000000001288e+00,5.000000000000000000e-01
1.326000000000001178e+00,5.000000000000000000e-01
1.327000000000001290e+00,5.000000000000000000e-01
1.328000000000001402e+00,5.000000000000000000e-01
1.329000000000001291e+00,5.000000000000000000e-01
1.330000000000001181e+00,5.000000000000000000e-01
1.331000000000001293e+00,5.000000000000000000e-01
1.332000000000001405e+00,5.000000000000000000e-01
1.333000000000001295e+00,5.000000000000000000e-01
1.334000000000001185e+00,5.000000000000000000e-01
1.335000000000001297e+00,5.000000000000000000e-01
1.336000000000001409e+00,5.000000000000000000e-01
1.337000000000001299e+00,5.000000000000000000e-01
1.338000000000001188e+00,5.000000000000000000e-01
1.339000000000001300e+00,5.000000000000000000e-01
1.340000000000001412e+00,5.000000000000000000e-01
1.341000000000001302e+00,5.000000000000000000e-01
1.342000000000001192e+00,5.000000000000000000e-01
1.343000000000001304e+00,5.000000000000000000e-01
1.344000000000001416e+00,5.000000000000000000e-01
1.345000000000001306e+00,5.000000000000000000e-01
1.346000000000001195e+00,5.000000000000000000e-01
1.347000000000001307e+00,5.000000000000000000e-01
1.348000000000001419e+00,5.000000000000000000e-01
1.349000000000001309e+00,5.000000000000000000e-01
1.350000000000001199e+00,5.000000000000000000e-01
1.351000000000001311e+00,5.000000000000000000e-01
1.352000000000001423e+00,5.000000000000000000e-01
1.353000000000001313e+00,5.000000000000000000e-01
1.354000000000001203e+00,5.000000000000000000e-01
1.355000000000001315e+00,5.000000000000000000e-01
1.356000000000001426e+00,5.000000000000000000e-01
1.357000000000001316e+00,5.000000000000000000e-01
1.358000000000001206e+00,5.000000000000000000e-01
1.359000000000001318e+00,5.000000000000000000e-01
1.360000000000001430e+00,5.000000000000000000e-01
1.361000000000001320e+00,5.000000000000000000e-01
1.362000000000001210e+00,5.000000000000000000e-01
1.363000000000001322e+00,5.000000000000000000e-01
1.364000000000001434e+00,5.000000000000000000e-01
1.365000000000001323e+00,5.000000000000000000e-01
1.366000000000001213e+00,5.000000000000000000e-01
1.367000000000001325e+00,5.000000000000000000e-01
1.368000000000001437e+00,5.000000000000000000e-01
1.369000000000001327e+00,5.000000000000000000e-01
1.370000000000001217e+00,5.000000000000000000e-01
1.371000000000001329e+00,5.000000000000000000e-01
1.372000000000001441e+00,5.000000000000000000e-01
1.373000000000001330e+00,5.000000000000000000e-01
1.374000000000001220e+00,5.000000000000000000e-01
1.375000000000001332e+00,5.000000000000000000e-01
1.376000000000001444e+00,5.000000000000000000e-01
1.377000000000001334e+00,5.000000000000000000e-01
1.378000000000001224e+00,5.000000000000000000e-01
1.379000000000001336e+00,5.000000000000000000e-01
1.380000000000001448e+00,5.000000000000000000e-01
1.381000000000001338e+00,5.000000000000000000e-01
1.382000000000001227e+00,5.000000000000000000e-01
1.383000000000001339e+00,5.000000000000000000e-01
1.384000000000001451e+00,5.000000000000000000e-01
1.385000000000001341e+00,5.000000000000000000e-01
1.386000000000001231e+00,5.000000000000000000e-01
1.387000000000001343e+00,5.000000000000000000e-01
1.388000000000001455e+00,5.000000000000000000e-01
1.389000000000001345e+00,5.000000000000000000e-01
1.390000000000001235e+00,5.000000000000000000e-01
1.391000000000001346e+00,5.000000000000000000e-01
1.392000000000001458e+00,5.000000000000000000e-01
1.393000000000001348e+00,5.000000000000000000e-01
1.394000000000001238e+00,5.000000000000000000e-01
1.395000000000001350e+00,5.000000000000000000e-01
1.396000000000001462e+00,5.000000000000000000e-01
1.397000000000001352e+00,5.000000000000000000e-01
1.398000000000001242e+00,5.000000000000000000e-01
1.399000000000001354e+00,5.000000000000000000e-01
1.400000000000001465e+00,5.000000000000000000e-01
1.401000000000001355e+00,5.000000000000000000e-01
1.402000000000001245e+00,5.000000000000000000e-01
1.403000000000001357e+00,5.000000000000000000e-01
1.404000000000001469e+00,5.000000000000000000e-01
1.405000000000001359e+00,5.000000000000000000e-01
1.406000000000001249e+00,5.000000000000000000e-01
1.407000000000001361e+00,5.000000000000000000e-01
1.408000000000001473e+00,5.000000000000000000e-01
1.409000000000001362e+00,5.000000000000000000e-01
1.410000000000001252e+00,5.000000000000000000e-01
1.411000000000001364e+00,5.000000000000000000e-01
1.412000000000001476e+00,5.000000000000000000e-01
1.413000000000001366e+00,5.000000000000000000e-01
1.414000000000001256e+00,5.000000000000000000e-01
1.415000000000001368e+00,5.000000000000000000e-01
1.416000000000001480e+00,5.000000000000000000e-01
1.417000000000001370e+00,5.000000000000000000e-01
1.418000000000001259e+00,5.000000000000000000e-01
1.419000000000001371e+00,5.000000000000000000e-01
1.420000000000001483e+00,5.000000000000000000e-01
1.421000000000001373e+00,5.000000000000000000e-01
1.422000000000001263e+00,5.000000000000000000e-01
1.423000000000001375e+00,5.000000000000000000e-01
1.424000000000001487e+00,5.000000000000000000e-01
1.425000000000001377e+00,5.000000000000000000e-01
1.426000000000001267e+00,5.000000000000000000e-01
1.427000000000001378e+00,5.000000000000000000e-01
1.428000000000001490e+00,5.000000000000000000e-01
1.429000000000001380e+00,5.000000000000000000e-01
1.430000000000001270e+00,5.000000000000000000e-01
1.431000000000001382e+00,5.000000000000000000e-01
1.432000000000001494e+00,5.000000000000000000e-01
1.433000000000001384e+00,5.000000000000000000e-01
1.434000000000001274e+00,5.000000000000000000e-01
1.435000000000001386e+00,5.000000000000000000e-01
1.436000000000001497e+00,5.000000000000000000e-01
1.437000000000001387e+00,5.000000000000000000e-01
1.438000000000001277e+00,5.000000000000000000e-01
1.439000000000001389e+00,5.000000000000000000e-01
1.440000000000001501e+00,5.000000000000000000e-01
1.441000000000001391e+00,5.000000000000000000e-01
1.442000000000001281e+00,5.000000000000000000e-01
1.443000000000001393e+00,5.000000000000000000e-01
1.444000000000001505e+00,5.000000000000000000e-01
1.445000000000001394e+00,5.000000000000000000e-01
1.446000000000001284e+00,5.000000000000000000e-01
1.447000000000001396e+00,5.000000000000000000e-01
1.448000000000001508e+00,5.000000000000000000e-01
1.449000000000001398e+00,5.000000000000000000e-01
1.450000000000001288e+00,5.000000000000000000e-01
1.451000000000001400e+00,5.000000000000000000e-01
1.452000000000001512e+00,5.000000000000000000e-01
1.453000000000001402e+00,5.000000000000000000e-01
1.454000000000001291e+00,5.000000000000000000e-01
1.455000000000001403e+00,5.000000000000000000e-01
1.456000000000001515e+00,5.000000000000000000e-01
1.457000000000001405e+00,5.000000000000000000e-01
1.458000000000001295e+00,5.000000000000000000e-01
1.459000000000001407e+00,5.000000000000000000e-01
1.460000000000001519e+00,5.000000000000000000e-01
1.461000000000001409e+00,5.000000000000000000e-01
1.462000000000001299e+00,5.000000000000000000e-01
1.463000000000001410e+00,5.000000000000000000e-01
1.464000000000001522e+00,5.000000000000000000e-01
1.465000000000001412e+00,5.000000000000000000e-01
1.466000000000001302e+00,5.000000000000000000e-01
1.467000000000001414e+00,5.000000000000000000e-01
1.468000000000001526e+00,5.000000000000000000e-01
1.469000000000001416e+00,5.000000000000000000e-01
1.470000000000001306e+00,5.000000000000000000e-01
1.471000000000001418e+00,5.000000000000000000e-01
1.472000000000001529e+00,5.000000000000000000e-01
1.473000000000001419e+00,5.000000000000000000e-01
1.474000000000001309e+00,5.000000000000000000e-01
1.475000000000001421e+00,5.000000000000000000e-01
1.476000000000001533e+00,5.000000000000000000e-01
1.477000000000001423e+00,5.000000000000000000e-01
1.478000000000001313e+00,5.000000000000000000e-01
1.479000000000001425e+00,5.000000000000000000e-01
1.480000000000001537e+00,5.000000000000000000e-01
1.481000000000001426e+00,5.000000000000000000e-01
1.482000000000001316e+00,5.000000000000000000e-01
1.483000000000001428e+00,5.000000000000000000e-01
1.484000000000001540e+00,5.000000000000000000e-01
1.485000000000001430e+00,5.000000000000000000e-01
1.486000000000001320e+00,5.000000000000000000e-01
1.487000000000001432e+00,5.000000000000000000e-01
1.488000000000001544e+00,5.000000000000000000e-01
1.489000000000001434e+00,5.000000000000000000e-01
1.490000000000001323e+00,5.000000000000000000e-01
1.491000000000001435e+00,5.000000000000000000e-01
1.492000000000001547e+00,5.000000000000000000e-01
1.493000000000001437e+00,5.000000000000000000e-01
1.494000000000001327e+00,5.000000000000000000e-01
1.495000000000001439e+00,5.000000000000000000e-01
1.496000000000001551e+00,5.000000000000000000e-01
1.497000000000001441e+00,5.000000000000000000e-01
1.498000000000001330e+00,5.000000000000000000e-01
1.499000000000001442e+00,5.000000000000000000e-01
1.500000000000001554e+00,5.000000000000000000e-01
1.501000000000001444e+00,5.000000000000000000e-01
1.502000000000001334e+00,5.000000000000000000e-01
1.503000000000001446e+00,5.000000000000000000e-01
1.504000000000001558e+00,5.000000000000000000e-01
1.505000000000001448e+00,5.000000000000000000e-01
1.506000000000001338e+00,5.000000000000000000e-01
1.507000000000001450e+00,5.000000000000000000e-01
1.508000000000001561e+00,5.000000000000000000e-01
1.509000000000001451e+00,5.000000000000000000e-01
1.510000000000001341e+00,5.000000000000000000e-01
1.511000000000001453e+00,5.000000000000000000e-01
1.512000000000001565e+00,5.000000000000000000e-01
1.513000000000001455e+00,5.000000000000000000e-01
1.514000000000001345e+00,5.000000000000000000e-01
1.515000000000001457e+00,5.000000000000000000e-01
1.516000000000001569e+00,5.000000000000000000e-01
1.517000000000001458e+00,5.000000000000000000e-01
1.518000000000001348e+00,5.000000000000000000e-01
1.519000000000001460e+00,5.000000000000000000e-01
1.520000000000001572e+00,5.000000000000000000e-01
1.521000000000001462e+00,5.000000000000000000e-01
1.522000000000001352e+00,5.000000000000000000e-01
1.523000000000001464e+00,5.000000000000000000e-01
1.524000000000001576e+00,5.000000000000000000e-01
1.525000000000001465e+00,5.000000000000000000e-01
1.526000000000001355e+00,5.000000000000000000e-01
1.527000000000001467e+00,5.000000000000000000e-01
1.528000000000001579e+00,5.000000000000000000e-01
1.529000000000001469e+00,5.000000000000000000e-01
1.530000000000001359e+00,5.000000000000000000e-01
1.531000000000001471e+00,5.000000000000000000e-01
1.532000000000001583e+00,5.000000000000000000e-01
1.533000000000001473e+00,5.000000000000000000e-01
1.534000000000001362e+00,5.000000000000000000e-01
1.535000000000001474e+00,5.000000000000000000e-01
1.536000000000001586e+00,5.000000000000000000e-01
1.537000000000001476e+00,5.000000000000000000e-01
1.538000000000001366e+00,5.000000000000000000e-01
1.539000000000001478e+00,5.000000000000000000e-01
1.540000000000001590e+00,5.000000000000000000e-01
1.541000000000001480e+00,5.000000000000000000e-01
1.542000000000001370e+00,5.000000000000000000e-01
1.543000000000001481e+00,5.000000000000000000e-01
1.544000000000001593e+00,5.000000000000000000e-01
1.545000000000001483e+00,5.000000000000000000e-01
1.546000000000001373e+00,5.000000000000000000e-01
1.547000000000001485e+00,5.000000000000000000e-01
1.548000000000001597e+00,5.000000000000000000e-01
1.549000000000001487e+00,5.000000000000000000e-01
1.550000000000001377e+00,5.000000000000000000e-01
1.551000000000001489e+00,5.000000000000000000e-01
1.552000000000001600e+00,5.000000000000000000e-01
1.553000000000001490e+00,5.000000000000000000e-01
1.554000000000001380e+00,5.000000000000000000e-01
1.555000000000001492e+00,5.000000000000000000e-01
1.556000000000001604e+00,5.000000000000000000e-01
1.557000000000001494e+00,5.000000000000000000e-01
1.558000000000001384e+00,5.000000000000000000e-01
1.559000000000001496e+00,5.000000000000000000e-01
1.560000000000001608e+00,5.000000000000000000e-01
1.561000000000001497e+00,5.000000000000000000e-01
1.562000000000001387e+00,5.000000000000000000e-01
1.563000000000001499e+00,5.000000000000000000e-01
1.564000000000001611e+00,5.000000000000000000e-01
1.565000000000001501e+00,5.000000000000000000e-01
1.566000000000001391e+00,5.000000000000000000e-01
1.567000000000001503e+00,5.000000000000000000e-01
1.568000000000001615e+00,5.000000000000000000e-01
1.569000000000001505e+00,5.000000000000000000e-01
1.570000000000001394e+00,5.000000000000000000e-01
1.571000000000001506e+00,5.000000000000000000e-01
1.572000000000001618e+00,5.000000000000000000e-01
1.573000000000001508e+00,5.000000000000000000e-01
1.574000000000001398e+00,5.000000000000000000e-01
1.575000000000001510e+00,5.000000000000000000e-01
1.576000000000001622e+00,5.000000000000000000e-01
1.577000000000001512e+00,5.000000000000000000e-01
1.578000000000001402e+00,5.000000000000000000e-01
1.579000000000001513e+00,5.000000000000000000e-01
1.580000000000001625e+00,5.000000000000000000e-01
1.581000000000001515e+00,5.000000000000000000e-01
1.582000000000001405e+00,5.000000000000000000e-01
1.583000000000001517e+00,5.000000000000000000e-01
1.584000000000001629e+00,5.000000000000000000e-01
1.585000000000001519e+00,5.000000000000000000e-01
1.586000000000001409e+00,5.000000000000000000e-01
1.587000000000001521e+00,5.000000000000000000e-01
1.588000000000001632e+00,5.000000000000000000e-01
1.589000000000001522e+00,5.000000000000000000e-01
1.590000000000001412e+00,5.000000000000000000e-01
1.591000000000001524e+00,5.000000000000000000e-01
1.592000000000001636e+00,5.000000000000000000e-01
1.593000000000001526e+00,5.000000000000000000e-01
1.594000000000001416e+00,5.000000000000000000e-01
1.595000000000001528e+00,5.000000000000000000e-01
1.596000000000001640e+00,5.000000000000000000e-01
1.597000000000001529e+00,5.000000000000000000e-01
1.598000000000001419e+00,5.000000000000000000e-01
1.599000000000001531e+00,5.000000000000000000e-01
1.600000000000001643e+00,5.000000000000000000e-01
1.601000000000001533e+00,5.000000000000000000e-01
1.602000000000001423e+00,5.000000000000000000e-01
1.603000000000001535e+00,5.000000000000000000e-01
1.604000000000001647e+00,5.000000000000000000e-01
1.605000000000001537e+00,5.000000000000000000e-01
1.606000000000001426e+00,5.000000000000000000e-01
1.607000000000001538e+00,5.000000000000000000e-01
1.608000000000001650e+00,5.000000000000000000e-01
1.609000000000001540e+00,5.000000000000000000e-01
1.610000000000001430e+00,5.000000000000000000e-01
1.611000000000001542e+00,5.000000000000000000e-01
1.612000000000001654e+00,5.000000000000000000e-01
1.613000000000001544e+00,5.000000000000000000e-01
1.614000000000001434e+00,5.000000000000000000e-01
1.615000000000001545e+00,5.000000000000000000e-01
1.616000000000001657e+00,5.000000000000000000e-01
1.617000000000001547e+00,5.000000000000000000e-01
1.618000000000001437e+00,5.000000000000000000e-01
1.619000000000001549e+00,5.000000000000000000e-01
1.620000000000001661e+00,5.000000000000000000e-01
1.621000000000001551e+00,5.000000000000000000e-01
1.622000000000001441e+00,5.000000000000000000e-01
1.623000000000001553e+00,5.000000000000000000e-01
1.624000000000001664e+00,5.000000000000000000e-01
1.625000000000001554e+00,5.000000000000000000e-01
1.626000000000001444e+00,5.000000000000000000e-01
1.627000000000001556e+00,5.000000000000000000e-01
1.628000000000001668e+00,5.000000000000000000e-01
1.629000000000001558e+00,5.000000000000000000e-01
1.630000000000001448e+00,5.000000000000000000e-01
1.631000000000001560e+00,5.000000000000000000e-01
1.632000000000001672e+00,5.000000000000000000e-01
1.633000000000001561e+00,5.000000000000000000e-01
1.634000000000001451e+00,5.000000000000000000e-01
1.635000000000001563e+00,5.000000000000000000e-01
1.636000000000001675e+00,5.000000000000000000e-01
1.637000000000001565e+00,5.000000000000000000e-01
1.638000000000001455e+00,5.000000000000000000e-01
1.639000000000001567e+00,5.000000000000000000e-01
1.640000000000001679e+00,5.000000000000000000e-01
1.641000000000001569e+00,5.000000000000000000e-01
1.642000000000001458e+00,5.000000000000000000e-01
1.643000000000001570e+00,5.000000000000000000e-01
1.644000000000001682e+00,5.000000000000000000e-01
1.645000000000001572e+00,5.000000000000000000e-01
1.646000000000001462e+00,5.000000000000000000e-01
1.647000000000001574e+00,5.000000000000000000e-01
1.648000000000001686e+00,5.000000000000000000e-01
1.649000000000001576e+00,5.000000000000000000e-01
1.650000000000001465e+00,5.000000000000000000e-01
1.651000000000001577e+00,5.000000000000000000e-01
1.652000000000001689e+00,5.000000000000000000e-01
1.653000000000001579e+00,5.000000000000000000e-01
1.654000000000001469e+00,5.000000000000000000e-01
1.655000000000001581e+00,5.000000000000000000e-01
1.656000000000001693e+00,5.000000000000000000e-01
1.657000000000001583e+00,5.000000000000000000e-01
1.658000000000001473e+00,5.000000000000000000e-01
1.659000000000001585e+00,5.000000000000000000e-01
1.660000000000001696e+00,5.000000000000000000e-01
1.661000000000001586e+00,5.000000000000000000e-01
1.662000000000001476e+00,5.000000000000000000e-01
1.663000000000001588e+00,5.000000000000000000e-01
1.664000000000001700e+00,5.000000000000000000e-01
1.665000000000001590e+00,5.000000000000000000e-01
1.666000000000001480e+00,5.000000000000000000e-01
1.667000000000001592e+00,5.000000000000000000e-01
1.668000000000001704e+00,5.000000000000000000e-01
1.669000000000001593e+00,5.000000000000000000e-01
1.670000000000001483e+00,5.000000000000000000e-01
1.671000000000001595e+00,5.000000000000000000e-01
1.672000000000001707e+00,5.000000000000000000e-01
1.673000000000001597e+00,5.000000000000000000e-01
1.674000000000001487e+00,5.000000000000000000e-01
1.675000000000001599e+00,5.000000000000000000e-01
1.676000000000001711e+00,5.000000000000000000e-01
1.677000000000001600e+00,5.000000000000000000e-01
1.678000000000001490e+00,5.000000000000000000e-01
1.679000000000001602e+00,5.000000000000000000e-01
1.680000000000001714e+00,5.000000000000000000e-01
1.681000000000001604e+00,5.000000000000000000e-01
1.682000000000001494e+00,5.000000000000000000e-01
1.683000000000001606e+00,5.000000000000000000e-01
1.684000000000001718e+00,5.000000000000000000e-01
1.685000000000001608e+00,5.000000000000000000e-01
1.686000000000001497e+00,5.000000000000000000e-01
1.687000000000001609e+00,5.000000000000000000e-01
1.688000000000001721e+00,5.000000000000000000e-01
1.689000000000001611e+00,5.000000000000000000e-01
1.690000000000001501e+00,5.000000000000000000e-01
1.691000000000001613e+00,5.000000000000000000e-01
1.692000000000001725e+00,5.000000000000000000e-01
1.693000000000001615e+00,5.000000000000000000e-01
1.694000000000001505e+00,5.000000000000000000e-01
1.695000000000001616e+00,5.000000000000000000e-01
1.696000000000001728e+00,5.000000000000000000e-01
1.697000000000001618e+00,5.000000000000000000e-01
1.698000000000001508e+00,5.000000000000000000e-01
1.699000000000001620e+00,5.000000000000000000e-01
1.700000000000001732e+00,5.000000000000000000e-01
1.701000000000001622e+00,5.000000000000000000e-01
1.702000000000001512e+00,5.000000000000000000e-01
1.703000000000001624e+00,5.000000000000000000e-01
1.704000000000001736e+00,5.000000000000000000e-01
1.705000000000001625e+00,5.000000000000000000e-01
1.706000000000001515e+00,5.000000000000000000e-01
1.707000000000001627e+00,5.000000000000000000e-01
1.708000000000001739e+00,5.000000000000000000e-01
1.709000000000001629e+00,5.000000000000000000e-01
1.710000000000001519e+00,5.000000000000000000e-01
1.711000000000001631e+00,5.000000000000000000e-01
1.712000000000001743e+00,5.000000000000000000e-01
1.713000000000001632e+00,5.000000000000000000e-01
1.714000000000001522e+00,5.000000000000000000e-01
1.715000000000001634e+00,5.000000000000000000e-01
1.716000000000001746e+00,5.000000000000000000e-01
1.717000000000001636e+00,5.000000000000000000e-01
1.718000000000001526e+00,5.000000000000000000e-01
1.719000000000001638e+00,5.000000000000000000e-01
1.720000000000001750e+00,5.000000000000000000e-01
1.721000000000001640e+00,5.000000000000000000e-01
1.722000000000001529e+00,5.000000000000000000e-01
1.723000000000001641e+00,5.000000000000000000e-01
1.724000000000001753e+00,5.000000000000000000e-01
1.725000000000001643e+00,5.000000000000000000e-01
1.726000000000001533e+00,5.000000000000000000e-01
1.727000000000001645e+00,5.000000000000000000e-01
1.728000000000001757e+00,5.000000000000000000e-01
1.729000000000001647e+00,5.000000000000000000e-01
1.730000000000001537e+00,5.000000000000000000e-01
1.731000000000001648e+00,5.000000000000000000e-01
1.732000000000001760e+00,5.000000000000000000e-01
1.733000000000001650e+00,5.000000000000000000e-01
1.734000000000001540e+00,5.000000000000000000e-01
1.735000000000001652e+00,5.000000000000000000e-01
1.736000000000001764e+00,5.000000000000000000e-01
1.737000000000001654e+00,5.000000000000000000e-01
1.738000000000001544e+00,5.000000000000000000e-01
1.739000000000001656e+00,5.000000000000000000e-01
1.740000000000001767e+00,5.000000000000000000e-01
1.741000000000001657e+00,5.000000000000000000e-01
1.742000000000001547e+00,5.000000000000000000e-01
1.743000000000001659e+00,5.000000000000000000e-01
1.744000000000001771e+00,5.000000000000000000e-01
1.745000000000001661e+00,5.000000000000000000e-01
1.746000000000001551e+00,5.000000000000000000e-01
1.747000000000001663e+00,5.000000000000000000e-01
1.748000000000001775e+00,5.000000000000000000e-01
1.749000000000001664e+00,5.000000000000000000e-01
1.750000000000001554e+00,5.000000000000000000e-01
1.751000000000001666e+00,5.000000000000000000e-01
1.752000000000001778e+00,5.000000000000000000e-01
1.753000000000001668e+00,5.000000000000000000e-01
1.754000000000001558e+00,5.000000000000000000e-01
1.755000000000001670e+00,5.000000000000000000e-01
1.756000000000001782e+00,5.000000000000000000e-01
1.757000000000001672e+00,5.000000000000000000e-01
1.758000000000001561e+00,5.000000000000000000e-01
1.759000000000001673e+00,5.000000000000000000e-01
1.760000000000001785e+00,5.000000000000000000e-01
1.761000000000001675e+00,5.000000000000000000e-01
1.762000000000001565e+00,5.000000000000000000e-01
1.763000000000001677e+00,5.000000000000000000e-01
1.764000000000001789e+00,5.000000000000000000e-01
1.765000000000001679e+00,5.000000000000000000e-01
1.766000000000001569e+00,5.000000000000000000e-01
1.767000000000001680e+00,5.000000000000000000e-01
1.768000000000001792e+00,5.000000000000000000e-01
1.769000000000001682e+00,5.000000000000000000e-01
1.770000000000001572e+00,5.000000000000000000e-01
1.771000000000001684e+00,5.000000000000000000e-01
1.772000000000001796e+00,5.000000000000000000e-01
1.773000000000001686e+00,5.000000000000000000e-01
1.774000000000001576e+00,5.000000000000000000e-01
1.775000000000001688e+00,5.000000000000000000e-01
1.776000000000001799e+00,5.000000000000000000e-01
1.777000000000001689e+00,5.000000000000000000e-01
1.778000000000001579e+00,5.000000000000000000e-01
1.779000000000001691e+00,5.000000000000000000e-01
1.780000000000001803e+00,5.000000000000000000e-01
1.781000000000001693e+00,5.000000000000000000e-01
1.782000000000001583e+00,5.000000000000000000e-01
1.783000000000001695e+00,5.000000000000000000e-01
1.784000000000001807e+00,5.000000000000000000e-01
1.785000000000001696e+00,5.000000000000000000e-01
1.786000000000001586e+00,5.000000000000000000e-01
1.787000000000001698e+00,5.000000000000000000e-01
1.788000000000001810e+00,5.000000000000000000e-01
1.789000000000001700e+00,5.000000000000000000e-01
1.790000000000001590e+00,5.000000000000000000e-01
1.791000000000001702e+00,5.000000000000000000e-01
1.792000000000001814e+00,5.000000000000000000e-01
1.793000000000001704e+00,5.000000000000000000e-01
1.794000000000001593e+00,5.000000000000000000e-01
1.795000000000001705e+00,5.000000000000000000e-01
1.796000000000001817e+00,5.000000000000000000e-01
1.797000000000001707e+00,5.000000000000000000e-01
1.798000000000001597e+00,5.000000000000000000e-01
1.799000000000001709e+00,5.000000000000000000e-01
1.800000000000001821e+00,5.000000000000000000e-01
1.801000000000001711e+00,5.000000000000000000e-01
1.802000000000001600e+00,5.000000000000000000e-01
1.803000000000001712e+00,5.000000000000000000e-01
1.804000000000001824e+00,5.000000000000000000e-01
1.805000000000001714e+00,5.000000000000000000e-01
1.806000000000001604e+00,5.000000000000000000e-01
1.807000000000001716e+00,5.000000000000000000e-01
1.808000000000001828e+00,5.000000000000000000e-01
1.809000000000001718e+00,5.000000000000000000e-01
1.810000000000001608e+00,5.000000000000000000e-01
1.811000000000001720e+00,5.000000000000000000e-01
1.812000000000001831e+00,5.000000000000000000e-01
1.813000000000001721e+00,5.000000000000000000e-01
1.814000000000001611e+00,5.000000000000000000e-01
1.815000000000001723e+00,5.000000000000000000e-01
1.816000000000001835e+00,5.000000000000000000e-01
1.817000000000001725e+00,5.000000000000000000e-01
1.818000000000001615e+00,5.000000000000000000e-01
1.819000000000001727e+00,5.000000000000000000e-01
1.820000000000001839e+00,5.000000000000000000e-01
1.821000000000001728e+00,5.000000000000000000e-01
1.822000000000001618e+00,5.000000000000000000e-01
1.823000000000001730e+00,5.000000000000000000e-01
1.824000000000001842e+00,5.000000000000000000e-01
1.825000000000001732e+00,5.000000000000000000e-01
1.826000000000001622e+00,5.000000000000000000e-01
1.827000000000001734e+00,5.000000000000000000e-01
1.828000000000001846e+00,5.000000000000000000e-01
1.829000000000001736e+00,5.000000000000000000e-01
1.830000000000001625e+00,5.000000000000000000e-01
1.831000000000001737e+00,5.000000000000000000e-01
1.832000000000001849e+00,5.000000000000000000e-01
1.833000000000001739e+00,5.000000000000000000e-01
1.834000000000001629e+00,5.000000000000000000e-01
1.835000000000001741e+00,5.000000000000000000e-01
1.836000000000001853e+00,5.000000000000000000e-01
1.837000000000001743e+00,5.000000000000000000e-01
1.838000000000001632e+00,5.000000000000000000e-01
1.839000000000001744e+00,5.000000000000000000e-01
1.840000000000001856e+00,5.000000000000000000e-01
1.841000000000001746e+00,5.000000000000000000e-01
1.842000000000001636e+00,5.000000000000000000e-01
1.843000000000001748e+00,5.000000000000000000e-01
1.844000000000001860e+00,5.000000000000000000e-01
1.845000000000001750e+00,5.000000000000000000e-01
1.846000000000001640e+00,5.000000000000000000e-01
1.847000000000001751e+00,5.000000000000000000e-01
1.848000000000001863e+00,5.000000000000000000e-01
1.849000000000001753e+00,5.000000000000000000e-01
1.850000000000001643e+00,5.000000000000000000e-01
1.851000000000001755e+00,5.000000000000000000e-01
1.852000000000001867e+00,5.000000000000000000e-01
1.853000000000001757e+00,5.000000000000000000e-01
1.854000000000001647e+00,5.000000000000000000e-01
1.855000000000001759e+00,5.000000000000000000e-01
1.856000000000001871e+00,5.000000000000000000e-01
1.857000000000001760e+00,5.000000000000000000e-01
1.858000000000001650e+00,5.000000000000000000e-01
1.859000000000001762e+00,5.000000000000000000e-01
1.860000000000001874e+00,5.000000000000000000e-01
1.861000000000001764e+00,5.000000000000000000e-01
1.862000000000001654e+00,5.000000000000000000e-01
1.863000000000001766e+00,5.000000000000000000e-01
1.864000000000001878e+00,5.000000000000000000e-01
1.865000000000001767e+00,5.000000000000000000e-01
1.866000000000001657e+00,5.000000000000000000e-01
1.867000000000001769e+00,5.000000000000000000e-01
1.868000000000001881e+00,5.000000000000000000e-01
1.869000000000001771e+00,5.000000000000000000e-01
1.870000000000001661e+00,5.000000000000000000e-01
1.871000000000001773e+00,5.000000000000000000e-01
1.872000000000001885e+00,5.000000000000000000e-01
1.873000000000001775e+00,5.000000000000000000e-01
1.874000000000001664e+00,5.000000000000000000e-01
1.875000000000001776e+00,5.000000000000000000e-01
1.876000000000001888e+00,5.000000000000000000e-01
1.877000000000001778e+00,5.000000000000000000e-01
1.878000000000001668e+00,5.000000000000000000e-01
1.879000000000001780e+00,5.000000000000000000e-01
1.880000000000001892e+00,5.000000000000000000e-01
1.881000000000001782e+00,5.000000000000000000e-01
1.882000000000001672e+00,5.000000000000000000e-01
1.883000000000001783e+00,5.000000000000000000e-01
1.884000000000001895e+00,5.000000000000000000e-01
1.885000000000001785e+00,5.000000000000000000e-01
1.886000000000001675e+00,5.000000000000000000e-01
1.887000000000001787e+00,5.000000000000000000e-01
1.888000000000001899e+00,5.000000000000000000e-01
1.889000000000001789e+00,5.000000000000000000e-01
1.890000000000001679e+00,5.000000000000000000e-01
1.891000000000001791e+00,5.000000000000000000e-01
1.892000000000001902e+00,5.000000000000000000e-01
1.893000000000001792e+00,5.000000000000000000e-01
1.894000000000001682e+00,5.000000000000000000e-01
1.895000000000001794e+00,5.000000000000000000e-01
1.896000000000001906e+00,5.000000000000000000e-01
1.897000000000001796e+00,5.000000000000000000e-01
1.898000000000001686e+00,5.000000000000000000e-01
1.899000000000001798e+00,5.000000000000000000e-01
1.900000000000001910e+00,5.000000000000000000e-01
1.901000000000001799e+00,5.000000000000000000e-01
1.902000000000001689e+00,5.000000000000000000e-01
1.903000000000001801e+00,5.000000000000000000e-01
1.904000000000001913e+00,5.000000000000000000e-01
1.905000000000001803e+00,5.000000000000000000e-01
1.906000000000001693e+00,5.000000000000000000e-01
1.907000000000001805e+00,5.000000000000000000e-01
1.908000000000001917e+00,5.000000000000000000e-01
1.909000000000001807e+00,5.000000000000000000e-01
1.910000000000001696e+00,5.000000000000000000e-01
1.911000000000001808e+00,5.000000000000000000e-01
1.912000000000001920e+00,5.000000000000000000e-01
1.913000000000001810e+00,5.000000000000000000e-01
1.914000000000001700e+00,5.000000000000000000e-01
1.915000000000001812e+00,5.000000000000000000e-01
1.916000000000001924e+00,5.000000000000000000e-01
1.917000000000001814e+00,5.000000000000000000e-01
1.918000000000001704e+00,5.000000000000000000e-01
1.919000000000001815e+00,5.000000000000000000e-01
1.920000000000001927e+00,5.000000000000000000e-01
1.921000000000001817e+00,5.000000000000000000e-01
1.922000000000001707e+00,5.000000000000000000e-01
1.923000000000001819e+00,5.000000000000000000e-01
1.924000000000001931e+00,5.000000000000000000e-01
1.925000000000001821e+00,5.000000000000000000e-01
1.926000000000001711e+00,5.000000000000000000e-01
1.927000000000001823e+00,5.000000000000000000e-01
1.928000000000001934e+00,5.000000000000000000e-01
1.929000000000001824e+00,5.000000000000000000e-01
1.930000000000001714e+00,5.000000000000000000e-01
1.931000000000001826e+00,5.000000000000000000e-01
1.932000000000001938e+00,5.000000000000000000e-01
1.933000000000001828e+00,5.000000000000000000e-01
1.934000000000001718e+00,5.000000000000000000e-01
1.935000000000001830e+00,5.000000000000000000e-01
1.936000000000001942e+00,5.000000000000000000e-01
1.937000000000001831e+00,5.000000000000000000e-01
1.938000000000001721e+00,5.000000000000000000e-01
1.939000000000001833e+00,5.000000000000000000e-01
1.940000000000001945e+00,5.000000000000000000e-01
1.941000000000001835e+00,5.000000000000000000e-01
1.942000000000001725e+00,5.000000000000000000e-01
1.943000000000001837e+00,5.000000000000000000e-01
1.944000000000001949e+00,5.000000000000000000e-01
1.945000000000001839e+00,5.000000000000000000e-01
1.946000000000001728e+00,5.000000000000000000e-01
1.947000000000001840e+00,5.000000000000000000e-01
1.948000000000001952e+00,5.000000000000000000e-01
1.949000000000001842e+00,5.000000000000000000e-01
1.950000000000001732e+00,5.000000000000000000e-01
1.951000000000001844e+00,5.000000000000000000e-01
1.952000000000001956e+00,5.000000000000000000e-01
1.953000000000001846e+00,5.000000000000000000e-01
1.954000000000001736e+00,5.000000000000000000e-01
1.955000000000001847e+00,5.000000000000000000e-01
1.956000000000001959e+00,5.000000000000000000e-01
1.957000000000001849e+00,5.000000000000000000e-01
1.958000000000001739e+00,5.000000000000000000e-01
1.959000000000001851e+00,5.000000000000000000e-01
1.960000000000001963e+00,5.000000000000000000e-01
1.961000000000001853e+00,5.000000000000000000e-01
1.962000000000001743e+00,5.000000000000000000e-01
1.963000000000001855e+00,5.000000000000000000e-01
1.964000000000001966e+00,5.000000000000000000e-01
1.965000000000001856e+00,5.000000000000000000e-01
1.966000000000001746e+00,5.000000000000000000e-01
1.967000000000001858e+00,5.000000000000000000e-01
1.968000000000001970e+00,5.000000000000000000e-01
1.969000000000001860e+00,5.000000000000000000e-01
1.970000000000001750e+00,5.000000000000000000e-01
1.971000000000001862e+00,5.000000000000000000e-01
1.972000000000001974e+00,5.000000000000000000e-01
1.973000000000001863e+00,5.000000000000000000e-01
1.974000000000001753e+00,5.000000000000000000e-01
1.975000000000001865e+00,5.000000000000000000e-01
1.976000000000001977e+00,5.000000000000000000e-01
1.977000000000001867e+00,5.000000000000000000e-01
1.978000000000001757e+00,5.000000000000000000e-01
1.979000000000001869e+00,5.000000000000000000e-01
1.980000000000001981e+00,5.000000000000000000e-01
1.981000000000001871e+00,5.000000000000000000e-01
1.982000000000001760e+00,5.000000000000000000e-01
1.983000000000001650e+00,5.000000000000000000e-01
1.984000000000001984e+00,5.000000000000000000e-01
1.985000000000001874e+00,5.000000000000000000e-01
1.986000000000001764e+00,5.000000000000000000e-01
1.987000000000002098e+00,5.000000000000000000e-01
1.988000000000001988e+00,5.000000000000000000e-01
1.989000000000001878e+00,5.000000000000000000e-01
1.990000000000001767e+00,5.000000000000000000e-01
1.991000000000001657e+00,5.000000000000000000e-01
1.992000000000001991e+00,5.000000000000000000e-01
1.993000000000001881e+00,5.000000000000000000e-01
1.994000000000001771e+00,5.000000000000000000e-01
1.995000000000002105e+00,5.000000000000000000e-01
1.996000000000001995e+00,5.000000000000000000e-01
1.997000000000001885e+00,5.000000000000000000e-01
1.998000000000001775e+00,5.000000000000000000e-01
1.999000000000001664e+00,5.000000000000000000e-01
2.000000000000001776e+00,5.000000000000000000e-01
2.001000000000001666e+00,5.000000000000000000e-01
2.002000000000001556e+00,5.000000000000000000e-01
2.003000000000001890e+00,5.000000000000000000e-01
2.004000000000001780e+00,5.000000000000000000e-01
2.005000000000001670e+00,5.000000000000000000e-01
2.006000000000001560e+00,5.000000000000000000e-01
2.007000000000001450e+00,5.000000000000000000e-01
2.008000000000001783e+00,5.000000000000000000e-01
2.009000000000001673e+00,5.000000000000000000e-01
2.010000000000001563e+00,5.000000000000000000e-01
2.011000000000001897e+00,5.000000000000000000e-01
2.012000000000001787e+00,5.000000000000000000e-01
2.013000000000001677e+00,5.000000000000000000e-01
2.014000000000001567e+00,5.000000000000000000e-01
2.015000000000001457e+00,5.000000000000000000e-01
2.016000000000001791e+00,5.000000000000000000e-01
2.017000000000001680e+00,5.000000000000000000e-01
2.018000000000001570e+00,5.000000000000000000e-01
2.019000000000001904e+00,5.000000000000000000e-01
2.020000000000001794e+00,5.000000000000000000e-01
2.021000000000001684e+00,5.000000000000000000e-01
2.022000000000001574e+00,5.000000000000000000e-01
2.023000000000001464e+00,5.000000000000000000e-01
2.024000000000001798e+00,5.000000000000000000e-01
2.025000000000001688e+00,5.000000000000000000e-01
2.026000000000001577e+00,5.000000000000000000e-01
2.027000000000001911e+00,5.000000000000000000e-01
2.028000000000001801e+00,5.000000000000000000e-01
2.029000000000001691e+00,5.000000000000000000e-01
2.030000000000001581e+00,5.000000000000000000e-01
2.031000000000001471e+00,5.000000000000000000e-01
2.032000000000001805e+00,5.000000000000000000e-01
2.033000000000001695e+00,5.000000000000000000e-01
2.034000000000001585e+00,5.000000000000000000e-01
2.035000000000001918e+00,5.000000000000000000e-01
2.036000000000001808e+00,5.000000000000000000e-01
2.037000000000001698e+00,5.000000000000000000e-01
2.038000000000001588e+00,5.000000000000000000e-01
2.039000000000001478e+00,5.000000000000000000e-01
2.040000000000001812e+00,5.000000000000000000e-01
2.041000000000001702e+00,5.000000000000000000e-01
2.042000000000001592e+00,5.000000000000000000e-01
2.043000000000001926e+00,5.000000000000000000e-01
2.044000000000001815e+00,5.000000000000000000e-01
2.045000000000001705e+00,5.000000000000000000e-01
2.046000000000001595e+00,5.000000000000000000e-01
2.047000000000001485e+00,5.000000000000000000e-01
2.048000000000001819e+00,5.000000000000000000e-01
2.049000000000001709e+00,5.000000000000000000e-01
2.050000000000001599e+00,5.000000000000000000e-01
2.051000000000001933e+00,5.000000000000000000e-01
2.052000000000001823e+00,5.000000000000000000e-01
2.053000000000001712e+00,5.000000000000000000e-01
2.054000000000001602e+00,5.000000000000000000e-01
2.055000000000001492e+00,5.000000000000000000e-01
2.056000000000001826e+00,5.000000000000000000e-01
2.057000000000001716e+00,5.000000000000000000e-01
2.058000000000001606e+00,5.000000000000000000e-01
2.059000000000001940e+00,5.000000000000000000e-01
2.060000000000001830e+00,5.000000000000000000e-01
2.061000000000001720e+00,5.000000000000000000e-01
2.062000000000001609e+00,5.000000000000000000e-01
2.063000000000001499e+00,5.000000000000000000e-01
2.064000000000001833e+00,5.000000000000000000e-01
2.065000000000001723e+00,5.000000000000000000e-01
2.066000000000001613e+00,5.000000000000000000e-01
2.067000000000001947e+00,5.000000000000000000e-01
2.068000000000001837e+00,5.000000000000000000e-01
2.069000000000001727e+00,5.000000000000000000e-01
2.070000000000001616e+00,5.000000000000000000e-01
2.071000000000001506e+00,5.000000000000000000e-01
2.072000000000001840e+00,5.000000000000000000e-01
2.073000000000001730e+00,5.000000000000000000e-01
2.074000000000001620e+00,5.000000000000000000e-01
2.075000000000001954e+00,5.000000000000000000e-01
2.076000000000001844e+00,5.000000000000000000e-01
2.077000000000001734e+00,5.000000000000000000e-01
2.078000000000001624e+00,5.000000000000000000e-01
2.079000000000001513e+00,5.000000000000000000e-01
2.080000000000001847e+00,5.000000000000000000e-01
2.081000000000001737e+00,5.000000000000000000e-01
2.082000000000001627e+00,5.000000000000000000e-01
2.083000000000001961e+00,5.000000000000000000e-01
2.084000000000001851e+00,5.000000000000000000e-01
2.085000000000001741e+00,5.000000000000000000e-01
2.086000000000001631e+00,5.000000000000000000e-01
2.087000000000001521e+00,5.000000000000000000e-01
2.088000000000001855e+00,5.000000000000000000e-01
2.089000000000001744e+00,5.000000000000000000e-01
2.090000000000001634e+00,5.000000000000000000e-01
2.091000000000001968e+00,5.000000000000000000e-01
2.092000000000001858e+00,5.000000000000000000e-01
2.093000000000001748e+00,5.000000000000000000e-01
2.094000000000001638e+00,5.000000000000000000e-01
2.095000000000001528e+00,5.000000000000000000e-01
2.096000000000001862e+00,5.000000000000000000e-01
2.097000000000001751e+00,5.000000000000000000e-01
2.098000000000001641e+00,5.000000000000000000e-01
2.099000000000001975e+00,5.000000000000000000e-01
2.100000000000001865e+00,5.000000000000000000e-01
2.101000000000001755e+00,5.000000000000000000e-01
2.102000000000001645e+00,5.000000000000000000e-01
2.103000000000001535e+00,5.000000000000000000e-01
2.104000000000001869e+00,5.000000000000000000e-01
2.105000000000001759e+00,5.000000000000000000e-01
2.106000000000001648e+00,5.000000000000000000e-01
2.107000000000001982e+00,5.000000000000000000e-01
2.108000000000001872e+00,5.000000000000000000e-01
2.109000000000001762e+00,5.000000000000000000e-01
2.110000000000001652e+00,5.000000000000000000e-01
2.111000000000001542e+00,5.000000000000000000e-01
2.112000000000001876e+00,5.000000000000000000e-01
2.113000000000001766e+00,5.000000000000000000e-01
2.114000000000001656e+00,5.000000000000000000e-01
2.115000000000001990e+00,5.000000000000000000e-01
2.116000000000001879e+00,5.000000000000000000e-01
2.117000000000001769e+00,5.000000000000000000e-01
2.118000000000001659e+00,5.000000000000000000e-01
2.119000000000001549e+00,5.000000000000000000e-01
2.120000000000001883e+00,5.000000000000000000e-01
2.121000000000001773e+00,5.000000000000000000e-01
2.122000000000001663e+00,5.000000000000000000e-01
2.123000000000001997e+00,5.000000000000000000e-01
2.124000000000001886e+00,5.000000000000000000e-01
2.125000000000001776e+00,5.000000000000000000e-01
2.126000000000001666e+00,5.000000000000000000e-01
2.127000000000001556e+00,5.000000000000000000e-01
2.128000000000001890e+00,5.000000000000000000e-01
2.129000000000001780e+00,5.000000000000000000e-01
2.130000000000001670e+00,5.000000000000000000e-01
2.131000000000002004e+00,5.000000000000000000e-01
2.132000000000001894e+00,5.000000000000000000e-01
2.133000000000001783e+00,5.000000000000000000e-01
2.134000000000001673e+00,5.000000000000000000e-01
2.135000000000001563e+00,5.000000000000000000e-01
2.136000000000001897e+00,5.000000000000000000e-01
2.137000000000001787e+00,5.000000000000000000e-01
2.138000000000001677e+00,5.000000000000000000e-01
2.139000000000002011e+00,5.000000000000000000e-01
2.140000000000001901e+00,5.000000000000000000e-01
2.141000000000001791e+00,5.000000000000000000e-01
2.142000000000001680e+00,5.000000000000000000e-01
2.143000000000001570e+00,5.000000000000000000e-01
2.144000000000001904e+00,5.000000000000000000e-01
2.145000000000001794e+00,5.000000000000000000e-01
2.146000000000001684e+00,5.000000000000000000e-01
2.147000000000002018e+00,5.000000000000000000e-01
2.148000000000001908e+00,5.000000000000000000e-01
2.149000000000001798e+00,5.000000000000000000e-01
2.150000000000001688e+00,5.000000000000000000e-01
2.151000000000001577e+00,5.000000000000000000e-01
2.152000000000001911e+00,5.000000000000000000e-01
2.153000000000001801e+00,5.000000000000000000e-01
2.154000000000001691e+00,5.000000000000000000e-01
2.155000000000002025e+00,5.000000000000000000e-01
2.156000000000001915e+00,5.000000000000000000e-01
2.157000000000001805e+00,5.000000000000000000e-01
2.158000000000001695e+00,5.000000000000000000e-01
2.159000000000001585e+00,5.000000000000000000e-01
2.160000000000001918e+00,5.000000000000000000e-01
2.161000000000001808e+00,5.000000000000000000e-01
2.162000000000001698e+00,5.000000000000000000e-01
2.163000000000002032e+00,5.000000000000000000e-01
2.164000000000001922e+00,5.000000000000000000e-01
2.165000000000001812e+00,5.000000000000000000e-01
2.166000000000001702e+00,5.000000000000000000e-01
2.167000000000001592e+00,5.000000000000000000e-01
2.168000000000001926e+00,5.000000000000000000e-01
2.169000000000001815e+00,5.000000000000000000e-01
2.170000000000001705e+00,5.000000000000000000e-01
2.171000000000002039e+00,5.000000000000000000e-01
2.172000000000001929e+00,5.000000000000000000e-01
2.173000000000001819e+00,5.000000000000000000e-01
2.174000000000001709e+00,5.000000000000000000e-01
2.175000000000001599e+00,5.000000000000000000e-01
2.176000000000001933e+00,5.000000000000000000e-01
2.177000000000001823e+00,5.000000000000000000e-01
2.178000000000001712e+00,5.000000000000000000e-01
2.179000000000002046e+00,5.000000000000000000e-01
2.180000000000001936e+00,5.000000000000000000e-01
2.181000000000001826e+00,5.000000000000000000e-01
2.182000000000001716e+00,5.000000000000000000e-01
2.183000000000001606e+00,5.000000000000000000e-01
2.184000000000001940e+00,5.000000000000000000e-01
2.185000000000001830e+00,5.000000000000000000e-01
2.186000000000001720e+00,5.000000000000000000e-01
2.187000000000002053e+00,5.000000000000000000e-01
2.188000000000001943e+00,5.000000000000000000e-01
2.189000000000001833e+00,5.000000000000000000e-01
2.190000000000001723e+00,5.000000000000000000e-01
2.191000000000001613e+00,5.000000000000000000e-01
2.192000000000001947e+00,5.000000000000000000e-01
2.193000000000001837e+00,5.000000000000000000e-01
2.194000000000001727e+00,5.000000000000000000e-01
2.195000000000002061e+00,5.000000000000000000e-01
2.196000000000001950e+00,5.000000000000000000e-01
2.197000000000001840e+00,5.000000000000000000e-01
2.198000000000001730e+00,5.000000000000000000e-01
2.199000000000001620e+00,5.000000000000000000e-01
2.200000000000001954e+00,5.000000000000000000e-01
2.201000000000001844e+00,5.000000000000000000e-01
2.202000000000001734e+00,5.000000000000000000e-01
2.203000000000002068e+00,5.000000000000000000e-01
2.204000000000001958e+00,5.000000000000000000e-01
2.205000000000001847e+00,5.000000000000000000e-01
2.206000000000001737e+00,5.000000000000000000e-01
2.207000000000001627e+00,5.000000000000000000e-01
2.208000000000001961e+00,5.000000000000000000e-01
2.209000000000001851e+00,5.000000000000000000e-01
2.210000000000001741e+00,5.000000000000000000e-01
2.211000000000002075e+00,5.000000000000000000e-01
2.212000000000001965e+00,5.000000000000000000e-01
2.213000000000001855e+00,5.000000000000000000e-01
2.214000000000001744e+00,5.000000000000000000e-01
2.215000000000001634e+00,5.000000000000000000e-01
2.216000000000001968e+00,5.000000000000000000e-01
2.217000000000001858e+00,5.000000000000000000e-01
2.218000000000001748e+00,5.000000000000000000e-01
2.219000000000002082e+00,5.000000000000000000e-01
2.220000000000001972e+00,5.000000000000000000e-01
2.221000000000001862e+00,5.000000000000000000e-01
2.222000000000001751e+00,5.000000000000000000e-01
2.223000000000001641e+00,5.000000000000000000e-01
2.224000000000001975e+00,5.000000000000000000e-01
2.225000000000001865e+00,5.000000000000000000e-01
2.226000000000001755e+00,5.000000000000000000e-01
2.227000000000002089e+00,5.000000000000000000e-01
2.228000000000001979e+00,5.000000000000000000e-01
2.229000000000001869e+00,5.000000000000000000e-01
2.230000000000001759e+00,5.000000000000000000e-01
2.231000000000001648e+00,5.000000000000000000e-01
2.232000000000001982e+00,5.000000000000000000e-01
2.233000000000001872e+00,5.000000000000000000e-01
2.234000000000001762e+00,5.000000000000000000e-01
2.235000000000002096e+00,5.000000000000000000e-01
2.236000000000001986e+00,5.000000000000000000e-01
2.237000000000001876e+00,5.000000000000000000e-01
2.238000000000001766e+00,5.000000000000000000e-01
2.239000000000001656e+00,5.000000000000000000e-01
2.240000000000001990e+00,5.000000000000000000e-01
2.241000000000001879e+00,5.000000000000000000e-01
2.242000000000001769e+00,5.000000000000000000e-01
2.243000000000002103e+00,5.000000000000000000e-01
2.244000000000001993e+00,5.000000000000000000e-01
2.245000000000001883e+00,5.000000000000000000e-01
2.246000000000001773e+00,5.000000000000000000e-01
2.247000000000001663e+00,5.000000000000000000e-01
2.248000000000001997e+00,5.000000000000000000e-01
2.249000000000001886e+00,5.000000000000000000e-01
2.250000000000001776e+00,5.000000000000000000e-01
2.251000000000002110e+00,5.000000000000000000e-01
2.252000000000002000e+00,5.000000000000000000e-01
2.253000000000001890e+00,5.000000000000000000e-01
2.254000000000001780e+00,5.000000000000000000e-01
2.255000000000001670e+00,5.000000000000000000e-01
2.256000000000002004e+00,5.000000000000000000e-01
2.257000000000001894e+00,5.000000000000000000e-01
2.258000000000001783e+00,5.000000000000000000e-01
2.259000000000002117e+00,5.000000000000000000e-01
2.260000000000002007e+00,5.000000000000000000e-01
2.261000000000001897e+00,5.000000000000000000e-01
2.262000000000001787e+00,5.000000000000000000e-01
2.263000000000001677e+00,5.000000000000000000e-01
2.264000000000002011e+00,5.000000000000000000e-01
2.265000000000001901e+00,5.000000000000000000e-01
2.266000000000001791e+00,5.000000000000000000e-01
2.267000000000002125e+00,5.000000000000000000e-01
2.268000000000002014e+00,5.000000000000000000e-01
2.269000000000001904e+00,5.000000000000000000e-01
2.270000000000001794e+00,5.000000000000000000e-01
2.271000000000001684e+00,5.000000000000000000e-01
2.272000000000002018e+00,5.000000000000000000e-01
2.273000000000001908e+00,5.000000000000000000e-01
2.274000000000001798e+00,5.000000000000000000e-01
2.275000000000002132e+00,5.000000000000000000e-01
2.276000000000002021e+00,5.000000000000000000e-01
2.277000000000001911e+00,5.000000000000000000e-01
2.278000000000001801e+00,5.000000000000000000e-01
2.279000000000001691e+00,5.000000000000000000e-01
2.280000000000002025e+00,5.000000000000000000e-01
2.281000000000001915e+00,5.000000000000000000e-01
2.282000000000001805e+00,5.000000000000000000e-01
2.283000000000002139e+00,5.000000000000000000e-01
2.284000000000002029e+00,5.000000000000000000e-01
2.285000000000001918e+00,5.000000000000000000e-01
2.286000000000001808e+00,5.000000000000000000e-01
2.287000000000001698e+00,5.000000000000000000e-01
2.288000000000002032e+00,5.000000000000000000e-01
2.289000000000001922e+00,5.000000000000000000e-01
2.290000000000001812e+00,5.000000000000000000e-01
2.291000000000002146e+00,5.000000000000000000e-01
2.292000000000002036e+00,5.000000000000000000e-01
2.293000000000001926e+00,5.000000000000000000e-01
2.294000000000001815e+00,5.000000000000000000e-01
2.295000000000001705e+00,5.000000000000000000e-01
2.296000000000002039e+00,5.000000000000000000e-01
2.297000000000001929e+00,5.000000000000000000e-01
2.298000000000001819e+00,5.000000000000000000e-01
2.299000000000002153e+00,5.000000000000000000e-01
2.300000000000002043e+00,5.000000000000000000e-01
2.301000000000001933e+00,5.000000000000000000e-01
2.302000000000001823e+00,5.000000000000000000e-01
2.303000000000001712e+00,5.000000000000000000e-01
2.304000000000002046e+00,5.000000000000000000e-01
2.305000000000001936e+00,5.000000000000000000e-01
2.306000000000001826e+00,5.000000000000000000e-01
2.307000000000002160e+00,5.000000000000000000e-01
2.308000000000002050e+00,5.000000000000000000e-01
2.309000000000001940e+00,5.000000000000000000e-01
2.310000000000001830e+00,5.000000000000000000e-01
2.311000000000001720e+00,5.000000000000000000e-01
2.312000000000002053e+00,5.000000000000000000e-01
2.313000000000001943e+00,5.000000000000000000e-01
2.314000000000001833e+00,5.000000000000000000e-01
2.315000000000002167e+00,5.000000000000000000e-01
2.316000000000002057e+00,5.000000000000000000e-01
2.317000000000001947e+00,5.000000000000000000e-01
2.318000000000001837e+00,5.000000000000000000e-01
2.319000000000001727e+00,5.000000000000000000e-01
2.320000000000002061e+00,5.000000000000000000e-01
2.321000000000001950e+00,5.000000000000000000e-01
2.322000000000001840e+00,5.000000000000000000e-01
2.323000000000002174e+00,5.000000000000000000e-01
2.324000000000002064e+00,5.000000000000000000e-01
2.325000000000001954e+00,5.000000000000000000e-01
2.326000000000001844e+00,5.000000000000000000e-01
2.327000000000001734e+00,5.000000000000000000e-01
2.328000000000002068e+00,5.000000000000000000e-01
2.329000000000001958e+00,5.000000000000000000e-01
2.330000000000001847e+00,5.000000000000000000e-01
2.331000000000002181e+00,5.000000000000000000e-01
2.332000000000002071e+00,5.000000000000000000e-01
2.333000000000001961e+00,5.000000000000000000e-01
2.334000000000001851e+00,5.000000000000000000e-01
2.335000000000001741e+00,5.000000000000000000e-01
2.336000000000002075e+00,5.000000000000000000e-01
2.337000000000001965e+00,5.000000000000000000e-01
2.338000000000001855e+00,5.000000000000000000e-01
2.339000000000002188e+00,5.000000000000000000e-01
2.340000000000002078e+00,5.000000000000000000e-01
2.341000000000001968e+00,5.000000000000000000e-01
2.342000000000001858e+00,5.000000000000000000e-01
2.343000000000001748e+00,5.000000000000000000e-01
2.344000000000002082e+00,5.000000000000000000e-01
2.345000000000001972e+00,5.000000000000000000e-01
2.346000000000001862e+00,5.000000000000000000e-01
2.347000000000002196e+00,5.000000000000000000e-01
2.348000000000002085e+00,5.000000000000000000e-01
2.349000000000001975e+00,5.000000000000000000e-01
2.350000000000001865e+00,5.000000000000000000e-01
2.351000000000001755e+00,5.000000000000000000e-01
2.352000000000002089e+00,5.000000000000000000e-01
2.353000000000001979e+00,5.000000000000000000e-01
2.354000000000001869e+00,5.000000000000000000e-01
2.355000000000002203e+00,5.000000000000000000e-01
2.356000000000002093e+00,5.000000000000000000e-01
2.357000000000001982e+00,5.000000000000000000e-01
2.358000000000001872e+00,5.000000000000000000e-01
2.359000000000001762e+00,5.000000000000000000e-01
2.360000000000002096e+00,5.000000000000000000e-01
2.361000000000001986e+00,5.000000000000000000e-01
2.362000000000001876e+00,5.000000000000000000e-01
2.363000000000002210e+00,5.000000000000000000e-01
2.364000000000002100e+00,5.000000000000000000e-01
2.365000000000001990e+00,5.000000000000000000e-01
2.366000000000001879e+00,5.000000000000000000e-01
2.367000000000001769e+00,5.000000000000000000e-01
2.368000000000002103e+00,5.000000000000000000e-01
2.369000000000001993e+00,5.000000000000000000e-01
2.370000000000001883e+00,5.000000000000000000e-01
2.371000000000002217e+00,5.000000000000000000e-01
2.372000000000002107e+00,5.000000000000000000e-01
2.373000000000001997e+00,5.000000000000000000e-01
2.374000000000001886e+00,5.000000000000000000e-01
2.375000000000001776e+00,5.000000000000000000e-01
2.376000000000002110e+00,5.000000000000000000e-01
2.377000000000002000e+00,5.000000000000000000e-01
2.378000000000001890e+00,5.000000000000000000e-01
2.379000000000002224e+00,5.000000000000000000e-01
2.380000000000002114e+00,5.000000000000000000e-01
2.381000000000002004e+00,5.000000000000000000e-01
2.382000000000001894e+00,5.000000000000000000e-01
2.383000000000001783e+00,5.000000000000000000e-01
2.384000000000002117e+00,5.000000000000000000e-01
2.385000000000002007e+00,5.000000000000000000e-01
2.386000000000001897e+00,5.000000000000000000e-01
2.387000000000002231e+00,5.000000000000000000e-01
2.388000000000002121e+00,5.000000000000000000e-01
2.389000000000002011e+00,5.000000000000000000e-01
2.390000000000001901e+00,5.000000000000000000e-01
2.391000000000001791e+00,5.000000000000000000e-01
2.392000000000002125e+00,5.000000000000000000e-01
2.393000000000002014e+00,5.000000000000000000e-01
2.394000000000001904e+00,5.000000000000000000e-01
2.395000000000002238e+00,5.000000000000000000e-01
2.396000000000002128e+00,5.000000000000000000e-01
2.397000000000002018e+00,5.000000000000000000e-01
2.398000000000001908e+00,5.000000000000000000e-01
2.399000000000001798e+00,5.000000000000000000e-01
2.400000000000002132e+00,5.000000000000000000e-01
2.401000000000002021e+00,5.000000000000000000e-01
2.402000000000001911e+00,5.000000000000000000e-01
2.403000000000002245e+00,5.000000000000000000e-01
2.404000000000002135e+00,5.000000000000000000e-01
2.405000000000002025e+00,5.000000000000000000e-01
2.406000000000001915e+00,5.000000000000000000e-01
2.407000000000001805e+00,5.000000000000000000e-01
2.408000000000002139e+00,5.000000000000000000e-01
2.409000000000002029e+00,5.000000000000000000e-01
2.410000000000001918e+00,5.000000000000000000e-01
2.411000000000002252e+00,5.000000000000000000e-01
2.412000000000002142e+00,5.000000000000000000e-01
2.413000000000002032e+00,5.000000000000000000e-01
2.414000000000001922e+00,5.000000000000000000e-01
2.415000000000001812e+00,5.000000000000000000e-01
2.416000000000002146e+00,5.000000000000000000e-01
2.417000000000002036e+00,5.000000000000000000e-01
2.418000000000001926e+00,5.000000000000000000e-01
2.419000000000002260e+00,5.000000000000000000e-01
2.420000000000002149e+00,5.000000000000000000e-01
2.421000000000002039e+00,5.000000000000000000e-01
2.422000000000001929e+00,5.000000000000000000e-01
2.423000000000001819e+00,5.000000000000000000e-01
2.424000000000002153e+00,5.000000000000000000e-01
2.425000000000002043e+00,5.000000000000000000e-01
2.426000000000001933e+00,5.000000000000000000e-01
2.427000000000002267e+00,5.000000000000000000e-01
2.428000000000002156e+00,5.000000000000000000e-01
2.429000000000002046e+00,5.000000000000000000e-01
2.430000000000001936e+00,5.000000000000000000e-01
2.431000000000001826e+00,5.000000000000000000e-01
2.432000000000002160e+00,5.000000000000000000e-01
2.433000000000002050e+00,5.000000000000000000e-01
2.434000000000001940e+00,5.000000000000000000e-01
2.435000000000002274e+00,5.000000000000000000e-01
2.436000000000002164e+00,5.000000000000000000e-01
2.437000000000002053e+00,5.000000000000000000e-01
2.438000000000001943e+00,5.000000000000000000e-01
2.439000000000001833e+00,5.000000000000000000e-01
2.440000000000002167e+00,5.000000000000000000e-01
2.441000000000002057e+00,5.000000000000000000e-01
2.442000000000001947e+00,5.000000000000000000e-01
2.443000000000002281e+00,5.000000000000000000e-01
2.444000000000002171e+00,5.000000000000000000e-01
2.445000000000002061e+00,5.000000000000000000e-01
2.446000000000001950e+00,5.000000000000000000e-01
2.447000000000001840e+00,5.000000000000000000e-01
2.448000000000002174e+00,5.000000000000000000e-01
2.449000000000002064e+00,5.000000000000000000e-01
2.450000000000001954e+00,5.000000000000000000e-01
2.451000000000002288e+00,5.000000000000000000e-01
2.452000000000002178e+00,5.000000000000000000e-01
2.453000000000002068e+00,5.000000000000000000e-01
2.454000000000001958e+00,5.000000000000000000e-01
2.455000000000001847e+00,5.000000000000000000e-01
2.456000000000002181e+00,5.000000000000000000e-01
2.457000000000002071e+00,5.000000000000000000e-01
2.458000000000001961e+00,5.000000000000000000e-01
2.459000000000002295e+00,5.000000000000000000e-01
2.460000000000002185e+00,5.000000000000000000e-01
2.461000000000002075e+00,5.000000000000000000e-01
2.462000000000001965e+00,5.000000000000000000e-01
2.463000000000001855e+00,5.000000000000000000e-01
2.464000000000002188e+00,5.000000000000000000e-01
2.465000000000002078e+00,5.000000000000000000e-01
2.466000000000001968e+00,5.000000000000000000e-01
2.467000000000002302e+00,5.000000000000000000e-01
2.468000000000002192e+00,5.000000000000000000e-01
2.469000000000002082e+00,5.000000000000000000e-01
2.470000000000001972e+00,5.000000000000000000e-01
2.471000000000001862e+00,5.000000000000000000e-01
2.472000000000002196e+00,5.000000000000000000e-01
2.473000000000002085e+00,5.000000000000000000e-01
2.474000000000001975e+00,5.000000000000000000e-01
2.475000000000002309e+00,5.000000000000000000e-01
2.476000000000002199e+00,5.000000000000000000e-01
2.477000000000002089e+00,5.000000000000000000e-01
2.478000000000001979e+00,5.000000000000000000e-01
2.479000000000001869e+00,5.000000000000000000e-01
2.480000000000002203e+00,5.000000000000000000e-01
2.481000000000002093e+00,5.000000000000000000e-01
2.482000000000001982e+00,5.000000000000000000e-01
2.483000000000002316e+00,5.000000000000000000e-01
2.484000000000002206e+00,5.000000000000000000e-01
2.485000000000002096e+00,5.000000000000000000e-01
2.486000000000001986e+00,5.000000000000000000e-01
2.487000000000001876e+00,5.000000000000000000e-01
2.488000000000002210e+00,5.000000000000000000e-01
2.489000000000002100e+00,5.000000000000000000e-01
2.490000000000001990e+00,5.000000000000000000e-01
2.491000000000002323e+00,5.000000000000000000e-01
2.492000000000002213e+00,5.000000000000000000e-01
2.493000000000002103e+00,5.000000000000000000e-01
2.494000000000001993e+00,5.000000000000000000e-01
2.495000000000001883e+00,5.000000000000000000e-01
2.496000000000002217e+00,5.000000000000000000e-01
2.497000000000002107e+00,5.000000000000000000e-01
2.498000000000001997e+00,5.000000000000000000e-01
2.499000000000002331e+00,5.000000000000000000e-01
2.500000000000002220e+00,5.000000000000000000e-01
2.501000000000002110e+00,5.000000000000000000e-01
2.502000000000002000e+00,5.000000000000000000e-01
2.503000000000001890e+00,5.000000000000000000e-01
2.504000000000002224e+00,5.000000000000000000e-01
2.505000000000002114e+00,5.000000000000000000e-01
2.506000000000002004e+00,5.000000000000000000e-01
2.507000000000002338e+00,5.000000000000000000e-01
2.508000000000002228e+00,5.000000000000000000e-01
2.509000000000002117e+00,5.000000000000000000e-01
2.510000000000002007e+00,5.000000000000000000e-01
2.511000000000001897e+00,5.000000000000000000e-01
2.512000000000002231e+00,5.000000000000000000e-01
2.513000000000002121e+00,5.000000000000000000e-01
2.514000000000002011e+00,5.000000000000000000e-01
2.515000000000002345e+00,5.000000000000000000e-01
2.516000000000002235e+00,5.000000000000000000e-01
2.517000000000002125e+00,5.000000000000000000e-01
2.518000000000002014e+00,5.000000000000000000e-01
2.519000000000001904e+00,5.000000000000000000e-01
2.520000000000002238e+00,5.000000000000000000e-01
2.521000000000002128e+00,5.000000000000000000e-01
2.522000000000002018e+00,5.000000000000000000e-01
2.523000000000002352e+00,5.000000000000000000e-01
2.524000000000002242e+00,5.000000000000000000e-01
2.525000000000002132e+00,5.000000000000000000e-01
2.526000000000002021e+00,5.000000000000000000e-01
2.527000000000001911e+00,5.000000000000000000e-01
2.528000000000002245e+00,5.000000000000000000e-01
2.529000000000002135e+00,5.000000000000000000e-01
2.530000000000002025e+00,5.000000000000000000e-01
2.531000000000002359e+00,5.000000000000000000e-01
2.532000000000002249e+00,5.000000000000000000e-01
2.533000000000002139e+00,5.000000000000000000e-01
2.534000000000002029e+00,5.000000000000000000e-01
2.535000000000001918e+00,5.000000000000000000e-01
2.536000000000002252e+00,5.000000000000000000e-01
2.537000000000002142e+00,5.000000000000000000e-01
2.538000000000002032e+00,5.000000000000000000e-01
2.539000000000002366e+00,5.000000000000000000e-01
2.540000000000002256e+00,5.000000000000000000e-01
2.541000000000002146e+00,5.000000000000000000e-01
2.542000000000002036e+00,5.000000000000000000e-01
2.543000000000001926e+00,5.000000000000000000e-01
2.544000000000002260e+00,5.000000000000000000e-01
2.545000000000002149e+00,5.000000000000000000e-01
2.546000000000002039e+00,5.000000000000000000e-01
2.547000000000002373e+00,5.000000000000000000e-01
2.548000000000002263e+00,5.000000000000000000e-01
2.549000000000002153e+00,5.000000000000000000e-01
2.550000000000002043e+00,5.000000000000000000e-01
2.551000000000001933e+00,5.000000000000000000e-01
2.552000000000002267e+00,5.000000000000000000e-01
2.553000000000002156e+00,5.000000000000000000e-01
2.554000000000002046e+00,5.000000000000000000e-01
2.555000000000002380e+00,5.000000000000000000e-01
2.556000000000002270e+00,5.000000000000000000e-01
2.557000000000002160e+00,5.000000000000000000e-01
2.558000000000002050e+00,5.000000000000000000e-01
2.559000000000001940e+00,5.000000000000000000e-01
2.560000000000002274e+00,5.000000000000000000e-01
2.561000000000002164e+00,5.000000000000000000e-01
2.562000000000002053e+00,5.000000000000000000e-01
2.563000000000002387e+00,5.000000000000000000e-01
2.564000000000002277e+00,5.000000000000000000e-01
2.565000000000002167e+00,5.000000000000000000e-01
2.566000000000002057e+00,5.000000000000000000e-01
2.567000000000001947e+00,5.000000000000000000e-01
2.568000000000002281e+00,5.000000000000000000e-01
2.569000000000002171e+00,5.000000000000000000e-01
2.570000000000002061e+00,5.000000000000000000e-01
2.571000000000002395e+00,5.000000000000000000e-01
2.572000000000002284e+00,5.000000000000000000e-01
2.573000000000002174e+00,5.000000000000000000e-01
2.574000000000002064e+00,5.000000000000000000e-01
2.575000000000001954e+00,5.000000000000000000e-01
2.576000000000002288e+00,5.000000000000000000e-01
2.577000000000002178e+00,5.000000000000000000e-01
2.578000000000002068e+00,5.000000000000000000e-01
2.579000000000002402e+00,5.000000000000000000e-01
2.580000000000002292e+00,5.000000000000000000e-01
2.581000000000002181e+00,5.000000000000000000e-01
2.582000000000002071e+00,5.000000000000000000e-01
2.583000000000001961e+00,5.000000000000000000e-01
2.584000000000002295e+00,5.000000000000000000e-01
2.585000000000002185e+00,5.000000000000000000e-01
2.586000000000002075e+00,5.000000000000000000e-01
2.587000000000002409e+00,5.000000000000000000e-01
2.588000000000002299e+00,5.000000000000000000e-01
2.589000000000002188e+00,5.000000000000000000e-01
2.590000000000002078e+00,5.000000000000000000e-01
2.591000000000001968e+00,5.000000000000000000e-01
2.592000000000002302e+00,5.000000000000000000e-01
2.593000000000002192e+00,5.000000000000000000e-01
2.594000000000002082e+00,5.000000000000000000e-01
2.595000000000002416e+00,5.000000000000000000e-01
2.596000000000002306e+00,5.000000000000000000e-01
2.597000000000002196e+00,5.000000000000000000e-01
2.598000000000002085e+00,5.000000000000000000e-01
2.599000000000001975e+00,5.000000000000000000e-01
2.600000000000002309e+00,5.000000000000000000e-01
2.601000000000002199e+00,5.000000000000000000e-01
2.602000000000002089e+00,5.000000000000000000e-01
2.603000000000002423e+00,5.000000000000000000e-01
2.604000000000002313e+00,5.000000000000000000e-01
2.605000000000002203e+00,5.000000000000000000e-01
2.606000000000002093e+00,5.000000000000000000e-01
2.607000000000001982e+00,5.000000000000000000e-01
2.608000000000002316e+00,5.000000000000000000e-01
2.609000000000002206e+00,5.000000000000000000e-01
2.610000000000002096e+00,5.000000000000000000e-01
2.611000000000002430e+00,5.000000000000000000e-01
2.612000000000002320e+00,5.000000000000000000e-01
2.613000000000002210e+00,5.000000000000000000e-01
2.614000000000002100e+00,5.000000000000000000e-01
2.615000000000001990e+00,5.000000000000000000e-01
2.616000000000002323e+00,5.000000000000000000e-01
2.617000000000002213e+00,5.000000000000000000e-01
2.618000000000002103e+00,5.000000000000000000e-01
2.619000000000002437e+00,5.000000000000000000e-01
2.620000000000002327e+00,5.000000000000000000e-01
2.621000000000002217e+00,5.000000000000000000e-01
2.622000000000002107e+00,5.000000000000000000e-01
2.623000000000001997e+00,5.000000000000000000e-01
2.624000000000002331e+00,5.000000000000000000e-01
2.625000000000002220e+00,5.000000000000000000e-01
2.626000000000002110e+00,5.000000000000000000e-01
2.627000000000002444e+00,5.000000000000000000e-01
2.628000000000002334e+00,5.000000000000000000e-01
2.629000000000002224e+00,5.000000000000000000e-01
2.630000000000002114e+00,5.000000000000000000e-01
2.631000000000002004e+00,5.000000000000000000e-01
2.632000000000002338e+00,5.000000000000000000e-01
2.633000000000002228e+00,5.000000000000000000e-01
2.634000000000002117e+00,5.000000000000000000e-01
2.635000000000002451e+00,5.000000000000000000e-01
2.636000000000002341e+00,5.000000000000000000e-01
2.637000000000002231e+00,5.000000000000000000e-01
2.638000000000002121e+00,5.000000000000000000e-01
2.639000000000002011e+00,5.000000000000000000e-01
2.640000000000002345e+00,5.000000000000000000e-01
2.641000000000002235e+00,5.000000000000000000e-01
2.642000000000002125e+00,5.000000000000000000e-01
2.643000000000002458e+00,5.000000000000000000e-01
2.644000000000002348e+00,5.000000000000000000e-01
2.645000000000002238e+00,5.000000000000000000e-01
2.646000000000002128e+00,5.000000000000000000e-01
2.647000000000002018e+00,5.000000000000000000e-01
2.648000000000002352e+00,5.000000000000000000e-01
2.649000000000002242e+00,5.000000000000000000e-01
2.650000000000002132e+00,5.000000000000000000e-01
2.651000000000002466e+00,5.000000000000000000e-01
2.652000000000002355e+00,5.000000000000000000e-01
2.653000000000002245e+00,5.000000000000000000e-01
2.654000000000002135e+00,5.000000000000000000e-01
2.655000000000002025e+00,5.000000000000000000e-01
2.656000000000002359e+00,5.000000000000000000e-01
2.657000000000002249e+00,5.000000000000000000e-01
2.658000000000002139e+00,5.000000000000000000e-01
2.659000000000002473e+00,5.000000000000000000e-01
2.660000000000002363e+00,5.000000000000000000e-01
2.661000000000002252e+00,5.000000000000000000e-01
2.662000000000002142e+00,5.000000000000000000e-01
2.663000000000002032e+00,5.000000000000000000e-01
2.664000000000002366e+00,5.000000000000000000e-01
2.665000000000002256e+00,5.000000000000000000e-01
2.666000000000002146e+00,5.000000000000000000e-01
2.667000000000002480e+00,5.000000000000000000e-01
2.668000000000002370e+00,5.000000000000000000e-01
2.669000000000002260e+00,5.000000000000000000e-01
2.670000000000002149e+00,5.000000000000000000e-01
2.671000000000002039e+00,5.000000000000000000e-01
2.672000000000002373e+00,5.000000000000000000e-01
2.673000000000002263e+00,5.000000000000000000e-01
2.674000000000002153e+00,5.000000000000000000e-01
2.675000000000002487e+00,5.000000000000000000e-01
2.676000000000002377e+00,5.000000000000000000e-01
2.677000000000002267e+00,5.000000000000000000e-01
2.678000000000002156e+00,5.000000000000000000e-01
2.679000000000002046e+00,5.000000000000000000e-01
2.680000000000002380e+00,5.000000000000000000e-01
2.681000000000002270e+00,5.000000000000000000e-01
2.682000000000002160e+00,5.000000000000000000e-01
2.683000000000002494e+00,5.000000000000000000e-01
2.684000000000002384e+00,5.000000000000000000e-01
2.685000000000002274e+00,5.000000000000000000e-01
2.686000000000002164e+00,5.000000000000000000e-01
2.687000000000002053e+00,5.000000000000000000e-01
2.688000000000002387e+00,5.000000000000000000e-01
2.689000000000002277e+00,5.000000000000000000e-01
2.690000000000002167e+00,5.000000000000000000e-01
2.691000000000002501e+00,5.000000000000000000e-01
2.692000000000002391e+00,5.000000000000000000e-01
2.693000000000002281e+00,5.000000000000000000e-01
2.694000000000002171e+00,5.000000000000000000e-01
2.695000000000002061e+00,5.000000000000000000e-01
2.696000000000002395e+00,5.000000000000000000e-01
2.697000000000002284e+00,5.000000000000000000e-01
2.698000000000002174e+00,5.000000000000000000e-01
2.699000000000002508e+00,5.000000000000000000e-01
2.700000000000002398e+00,5.000000000000000000e-01
2.701000000000002288e+00,5.000000000000000000e-01
2.702000000000002178e+00,5.000000000000000000e-01
2.703000000000002068e+00,5.000000000000000000e-01
2.704000000000002402e+00,5.000000000000000000e-01
2.705000000000002292e+00,5.000000000000000000e-01
2.706000000000002181e+00,5.000000000000000000e-01
2.707000000000002515e+00,5.000000000000000000e-01
2.708000000000002405e+00,5.000000000000000000e-01
2.709000000000002295e+00,5.000000000000000000e-01
2.710000000000002185e+00,5.000000000000000000e-01
2.711000000000002075e+00,5.000000000000000000e-01
2.712000000000002409e+00,5.000000000000000000e-01
2.713000000000002299e+00,5.000000000000000000e-01
2.714000000000002188e+00,5.000000000000000000e-01
2.715000000000002522e+00,5.000000000000000000e-01
2.716000000000002412e+00,5.000000000000000000e-01
2.717000000000002302e+00,5.000000000000000000e-01
2.718000000000002192e+00,5.000000000000000000e-01
2.719000000000002082e+00,5.000000000000000000e-01
2.720000000000002416e+00,5.000000000000000000e-01
2.721000000000002306e+00,5.000000000000000000e-01
2.722000000000002196e+00,5.000000000000000000e-01
2.723000000000002530e+00,5.000000000000000000e-01
2.724000000000002419e+00,5.000000000000000000e-01
2.725000000000002309e+00,5.000000000000000000e-01
2.726000000000002199e+00,5.000000000000000000e-01
2.727000000000002089e+00,5.000000000000000000e-01
2.728000000000002423e+00,5.000000000000000000e-01
2.729000000000002313e+00,5.000000000000000000e-01
2.730000000000002203e+00,5.000000000000000000e-01
2.731000000000002537e+00,5.000000000000000000e-01
2.732000000000002427e+00,5.000000000000000000e-01
2.733000000000002316e+00,5.000000000000000000e-01
2.734000000000002206e+00,5.000000000000000000e-01
2.735000000000002096e+00,5.000000000000000000e-01
2.736000000000002430e+00,5.000000000000000000e-01
2.737000000000002320e+00,5.000000000000000000e-01
2.738000000000002210e+00,5.000000000000000000e-01
2.739000000000002544e+00,5.000000000000000000e-01
2.740000000000002434e+00,5.000000000000000000e-01
2.741000000000002323e+00,5.000000000000000000e-01
2.742000000000002213e+00,5.000000000000000000e-01
2.743000000000002103e+00,5.000000000000000000e-01
2.744000000000002437e+00,5.000000000000000000e-01
2.745000000000002327e+00,5.000000000000000000e-01
2.746000000000002217e+00,5.000000000000000000e-01
2.747000000000002551e+00,5.000000000000000000e-01
2.748000000000002441e+00,5.000000000000000000e-01
2.749000000000002331e+00,5.000000000000000000e-01
2.750000000000002220e+00,5.000000000000000000e-01
2.751000000000002110e+00,5.000000000000000000e-01
2.752000000000002444e+00,5.000000000000000000e-01
2.753000000000002334e+00,5.000000000000000000e-01
2.754000000000002224e+00,5.000000000000000000e-01
2.755000000000002558e+00,5.000000000000000000e-01
2.756000000000002448e+00,5.000000000000000000e-01
2.757000000000002338e+00,5.000000000000000000e-01
2.758000000000002228e+00,5.000000000000000000e-01
2.759000000000002117e+00,5.000000000000000000e-01
2.760000000000002451e+00,5.000000000000000000e-01
2.761000000000002341e+00,5.000000000000000000e-01
2.762000000000002231e+00,5.000000000000000000e-01
2.763000000000002565e+00,5.000000000000000000e-01
2.764000000000002455e+00,5.000000000000000000e-01
2.765000000000002345e+00,5.000000000000000000e-01
2.766000000000002235e+00,5.000000000000000000e-01
2.767000000000002125e+00,5.000000000000000000e-01
2.768000000000002458e+00,5.000000000000000000e-01
2.769000000000002348e+00,5.000000000000000000e-01
2.770000000000002238e+00,5.000000000000000000e-01
2.771000000000002572e+00,5.000000000000000000e-01
2.772000000000002462e+00,5.000000000000000000e-01
2.773000000000002352e+00,5.000000000000000000e-01
2.774000000000002242e+00,5.000000000000000000e-01
2.775000000000002132e+00,5.000000000000000000e-01
2.776000000000002466e+00,5.000000000000000000e-01
2.777000000000002355e+00,5.000000000000000000e-01
2.778000000000002245e+00,5.000000000000000000e-01
2.779000000000002579e+00,5.000000000000000000e-01
2.780000000000002469e+00,5.000000000000000000e-01
2.781000000000002359e+00,5.000000000000000000e-01
2.782000000000002249e+00,5.000000000000000000e-01
2.783000000000002139e+00,5.000000000000000000e-01
2.784000000000002473e+00,5.000000000000000000e-01
2.785000000000002363e+00,5.000000000000000000e-01
2.786000000000002252e+00,5.000000000000000000e-01
2.787000000000002586e+00,5.000000000000000000e-01
2.788000000000002476e+00,5.000000000000000000e-01
2.789000000000002366e+00,5.000000000000000000e-01
2.790000000000002256e+00,5.000000000000000000e-01
2.791000000000002146e+00,5.000000000000000000e-01
2.792000000000002480e+00,5.000000000000000000e-01
2.793000000000002370e+00,5.000000000000000000e-01
2.794000000000002260e+00,5.000000000000000000e-01
2.795000000000002593e+00,5.000000000000000000e-01
2.796000000000002483e+00,5.000000000000000000e-01
2.797000000000002373e+00,5.000000000000000000e-01
2.798000000000002263e+00,5.000000000000000000e-01
2.799000000000002153e+00,5.000000000000000000e-01
2.800000000000002487e+00,5.000000000000000000e-01
2.801000000000002377e+00,5.000000000000000000e-01
2.802000000000002267e+00,5.000000000000000000e-01
2.803000000000002601e+00,5.000000000000000000e-01
2.804000000000002490e+00,5.000000000000000000e-01
2.805000000000002380e+00,5.000000000000000000e-01
2.806000000000002270e+00,5.000000000000000000e-01
2.807000000000002160e+00,5.000000000000000000e-01
2.808000000000002494e+00,5.000000000000000000e-01
2.809000000000002384e+00,5.000000000000000000e-01
2.810000000000002274e+00,5.000000000000000000e-01
2.811000000000002608e+00,5.000000000000000000e-01
2.812000000000002498e+00,5.000000000000000000e-01
2.813000000000002387e+00,5.000000000000000000e-01
2.814000000000002277e+00,5.000000000000000000e-01
2.815000000000002167e+00,5.000000000000000000e-01
2.816000000000002501e+00,5.000000000000000000e-01
2.817000000000002391e+00,5.000000000000000000e-01
2.818000000000002281e+00,5.000000000000000000e-01
2.819000000000002615e+00,5.000000000000000000e-01
2.820000000000002505e+00,5.000000000000000000e-01
2.821000000000002395e+00,5.000000000000000000e-01
2.822000000000002284e+00,5.000000000000000000e-01
2.823000000000002174e+00,5.000000000000000000e-01
2.824000000000002508e+00,5.000000000000000000e-01
2.825000000000002398e+00,5.000000000000000000e-01
2.826000000000002288e+00,5.000000000000000000e-01
2.827000000000002622e+00,5.000000000000000000e-01
2.828000000000002512e+00,5.000000000000000000e-01
2.829000000000002402e+00,5.000000000000000000e-01
2.830000000000002292e+00,5.000000000000000000e-01
2.831000000000002181e+00,5.000000000000000000e-01
2.832000000000002515e+00,5.000000000000000000e-01
2.833000000000002405e+00,5.000000000000000000e-01
2.834000000000002295e+00,5.000000000000000000e-01
2.835000000000002629e+00,5.000000000000000000e-01
2.836000000000002519e+00,5.000000000000000000e-01
2.837000000000002409e+00,5.000000000000000000e-01
2.838000000000002299e+00,5.000000000000000000e-01
2.839000000000002188e+00,5.000000000000000000e-01
2.840000000000002522e+00,5.000000000000000000e-01
2.841000000000002412e+00,5.000000000000000000e-01
2.842000000000002302e+00,5.000000000000000000e-01
2.843000000000002636e+00,5.000000000000000000e-01
2.844000000000002526e+00,5.000000000000000000e-01
2.845000000000002416e+00,5.000000000000000000e-01
2.846000000000002306e+00,5.000000000000000000e-01
2.847000000000002196e+00,5.000000000000000000e-01
2.848000000000002530e+00,5.000000000000000000e-01
2.849000000000002419e+00,5.000000000000000000e-01
2.850000000000002309e+00,5.000000000000000000e-01
2.851000000000002643e+00,5.000000000000000000e-01
2.852000000000002533e+00,5.000000000000000000e-01
2.853000000000002423e+00,5.000000000000000000e-01
2.854000000000002313e+00,5.000000000000000000e-01
2.855000000000002203e+00,5.000000000000000000e-01
2.856000000000002537e+00,5.000000000000000000e-01
2.857000000000002427e+00,5.000000000000000000e-01
2.858000000000002316e+00,5.000000000000000000e-01
2.859000000000002650e+00,5.000000000000000000e-01
2.860000000000002540e+00,5.000000000000000000e-01
2.861000000000002430e+00,5.000000000000000000e-01
2.862000000000002320e+00,5.000000000000000000e-01
2.863000000000002210e+00,5.000000000000000000e-01
2.864000000000002544e+00,5.000000000000000000e-01
2.865000000000002434e+00,5.000000000000000000e-01
2.866000000000002323e+00,5.000000000000000000e-01
2.867000000000002657e+00,5.000000000000000000e-01
2.868000000000002547e+00,5.000000000000000000e-01
2.869000000000002437e+00,5.000000000000000000e-01
2.870000000000002327e+00,5.000000000000000000e-01
2.871000000000002217e+00,5.000000000000000000e-01
2.872000000000002551e+00,5.000000000000000000e-01
2.873000000000002441e+00,5.000000000000000000e-01
2.874000000000002331e+00,5.000000000000000000e-01
2.875000000000002665e+00,5.000000000000000000e-01
2.876000000000002554e+00,5.000000000000000000e-01
2.877000000000002444e+00,5.000000000000000000e-01
2.878000000000002334e+00,5.000000000000000000e-01
2.879000000000002224e+00,5.000000000000000000e-01
2.880000000000002558e+00,5.000000000000000000e-01
2.881000000000002448e+00,5.000000000000000000e-01
2.882000000000002338e+00,5.000000000000000000e-01
2.883000000000002672e+00,5.000000000000000000e-01
2.884000000000002562e+00,5.000000000000000000e-01
2.885000000000002451e+00,5.000000000000000000e-01
2.886000000000002341e+00,5.000000000000000000e-01
2.887000000000002231e+00,5.000000000000000000e-01
2.888000000000002565e+00,5.000000000000000000e-01
2.889000000000002455e+00,5.000000000000000000e-01
2.890000000000002345e+00,5.000000000000000000e-01
2.891000000000002679e+00,5.000000000000000000e-01
2.892000000000002569e+00,5.000000000000000000e-01
2.893000000000002458e+00,5.000000000000000000e-01
2.894000000000002348e+00,5.000000000000000000e-01
2.895000000000002238e+00,5.000000000000000000e-01
2.896000000000002572e+00,5.000000000000000000e-01
2.897000000000002462e+00,5.000000000000000000e-01
2.898000000000002352e+00,5.000000000000000000e-01
2.899000000000002686e+00,5.000000000000000000e-01
2.900000000000002576e+00,5.000000000000000000e-01
2.901000000000002466e+00,5.000000000000000000e-01
2.902000000000002355e+00,5.000000000000000000e-01
2.903000000000002245e+00,5.000000000000000000e-01
2.904000000000002579e+00,5.000000000000000000e-01
2.905000000000002469e+00,5.000000000000000000e-01
2.906000000000002359e+00,5.000000000000000000e-01
2.907000000000002693e+00,5.000000000000000000e-01
2.908000000000002583e+00,5.000000000000000000e-01
2.909000000000002473e+00,5.000000000000000000e-01
2.910000000000002363e+00,5.000000000000000000e-01
2.911000000000002252e+00,5.000000000000000000e-01
2.912000000000002586e+00,5.000000000000000000e-01
2.913000000000002476e+00,5.000000000000000000e-01
2.914000000000002366e+00,5.000000000000000000e-01
2.915000000000002700e+00,5.000000000000000000e-01
2.916000000000002590e+00,5.000000000000000000e-01
2.917000000000002480e+00,5.000000000000000000e-01
2.918000000000002370e+00,5.000000000000000000e-01
2.919000000000002260e+00,5.000000000000000000e-01
2.920000000000002593e+00,5.000000000000000000e-01
2.921000000000002483e+00,5.000000000000000000e-01
2.922000000000002373e+00,5.000000000000000000e-01
2.923000000000002707e+00,5.000000000000000000e-01
2.924000000000002597e+00,5.000000000000000000e-01
2.925000000000002487e+00,5.000000000000000000e-01
2.926000000000002377e+00,5.000000000000000000e-01
2.927000000000002267e+00,5.000000000000000000e-01
2.928000000000002601e+00,5.000000000000000000e-01
2.929000000000002490e+00,5.000000000000000000e-01
2.930000000000002380e+00,5.000000000000000000e-01
2.931000000000002714e+00,5.000000000000000000e-01
2.932000000000002604e+00,5.000000000000000000e-01
2.933000000000002494e+00,5.000000000000000000e-01
2.934000000000002384e+00,5.000000000000000000e-01
2.935000000000002274e+00,5.000000000000000000e-01
2.936000000000002608e+00,5.000000000000000000e-01
2.937000000000002498e+00,5.000000000000000000e-01
2.938000000000002387e+00,5.000000000000000000e-01
2.939000000000002721e+00,5.000000000000000000e-01
2.940000000000002611e+00,5.000000000000000000e-01
2.941000000000002501e+00,5.000000000000000000e-01
2.942000000000002391e+00,5.000000000000000000e-01
2.943000000000002281e+00,5.000000000000000000e-01
2.944000000000002615e+00,5.000000000000000000e-01
2.945000000000002505e+00,5.000000000000000000e-01
2.946000000000002395e+00,5.000000000000000000e-01
2.947000000000002728e+00,5.000000000000000000e-01
2.948000000000002618e+00,5.000000000000000000e-01
2.949000000000002508e+00,5.000000000000000000e-01
2.950000000000002398e+00,5.000000000000000000e-01
2.951000000000002288e+00,5.000000000000000000e-01
2.952000000000002622e+00,5.000000000000000000e-01
2.953000000000002512e+00,5.000000000000000000e-01
2.954000000000002402e+00,5.000000000000000000e-01
2.955000000000002736e+00,5.000000000000000000e-01
2.956000000000002625e+00,5.000000000000000000e-01
2.957000000000002515e+00,5.000000000000000000e-01
2.958000000000002405e+00,5.000000000000000000e-01
2.959000000000002295e+00,5.000000000000000000e-01
2.960000000000002629e+00,5.000000000000000000e-01
2.961000000000002519e+00,5.000000000000000000e-01
2.962000000000002409e+00,5.000000000000000000e-01
2.963000000000002743e+00,5.000000000000000000e-01
2.964000000000002633e+00,5.000000000000000000e-01
2.965000000000002522e+00,5.000000000000000000e-01
2.966000000000002412e+00,5.000000000000000000e-01
2.967000000000002302e+00,5.000000000000000000e-01
2.968000000000002636e+00,5.000000000000000000e-01
2.969000000000002526e+00,5.000000000000000000e-01
2.970000000000002416e+00,5.000000000000000000e-01
2.971000000000002750e+00,5.000000000000000000e-01
2.972000000000002640e+00,5.000000000000000000e-01
2.973000000000002530e+00,5.000000000000000000e-01
2.974000000000002419e+00,5.000000000000000000e-01
2.975000000000002309e+00,5.000000000000000000e-01
2.976000000000002643e+00,5.000000000000000000e-01
2.977000000000002533e+00,5.000000000000000000e-01
2.978000000000002423e+00,5.000000000000000000e-01
2.979000000000002757e+00,5.000000000000000000e-01
2.980000000000002647e+00,5.000000000000000000e-01
2.981000000000002537e+00,5.000000000000000000e-01
2.982000000000002427e+00,5.000000000000000000e-01
2.983000000000002316e+00,5.000000000000000000e-01
2.984000000000002650e+00,5.000000000000000000e-01
2.985000000000002540e+00,5.000000000000000000e-01
2.986000000000002430e+00,5.000000000000000000e-01
2.987000000000002764e+00,5.000000000000000000e-01
2.988000000000002654e+00,5.000000000000000000e-01
2.989000000000002544e+00,5.000000000000000000e-01
2.990000000000002434e+00,5.000000000000000000e-01
2.991000000000002323e+00,5.000000000000000000e-01
2.992000000000002657e+00,5.000000000000000000e-01
2.993000000000002547e+00,5.000000000000000000e-01
2.994000000000002437e+00,5.000000000000000000e-01
2.995000000000002771e+00,5.000000000000000000e-01
2.996000000000002661e+00,5.000000000000000000e-01
2.997000000000002551e+00,5.000000000000000000e-01
2.998000000000002441e+00,5.000000000000000000e-01
2.999000000000002331e+00,5.000000000000000000e-01
3.000000000000002665e+00,5.000000000000000000e-01
3.001000000000002554e+00,5.000000000000000000e-01
3.002000000000002444e+00,5.000000000000000000e-01
3.003000000000002778e+00,5.000000000000000000e-01
3.004000000000002668e+00,5.000000000000000000e-01
3.005000000000002558e+00,5.000000000000000000e-01
3.006000000000002448e+00,5.000000000000000000e-01
3.007000000000002338e+00,5.000000000000000000e-01
3.008000000000002672e+00,5.000000000000000000e-01
3.009000000000002562e+00,5.000000000000000000e-01
3.010000000000002451e+00,5.000000000000000000e-01
3.011000000000002785e+00,5.000000000000000000e-01
3.012000000000002675e+00,5.000000000000000000e-01
3.013000000000002565e+00,5.000000000000000000e-01
3.014000000000002455e+00,5.000000000000000000e-01
3.015000000000002345e+00,5.000000000000000000e-01
3.016000000000002679e+00,5.000000000000000000e-01
3.017000000000002569e+00,5.000000000000000000e-01
3.018000000000002458e+00,5.000000000000000000e-01
3.019000000000002792e+00,5.000000000000000000e-01
3.020000000000002682e+00,5.000000000000000000e-01
3.021000000000002572e+00,5.000000000000000000e-01
3.022000000000002462e+00,5.000000000000000000e-01
3.023000000000002352e+00,5.000000000000000000e-01
3.024000000000002686e+00,5.000000000000000000e-01
3.025000000000002576e+00,5.000000000000000000e-01
3.026000000000002466e+00,5.000000000000000000e-01
3.027000000000002800e+00,5.000000000000000000e-01
3.028000000000002689e+00,5.000000000000000000e-01
3.029000000000002579e+00,5.000000000000000000e-01
3.030000000000002469e+00,5.000000000000000000e-01
3.031000000000002359e+00,5.000000000000000000e-01
3.032000000000002693e+00,5.000000000000000000e-01
3.033000000000002583e+00,5.000000000000000000e-01
3.034000000000002473e+00,5.000000000000000000e-01
3.035000000000002807e+00,5.000000000000000000e-01
3.036000000000002697e+00,5.000000000000000000e-01
3.037000000000002586e+00,5.000000000000000000e-01
3.038000000000002476e+00,5.000000000000000000e-01
3.039000000000002366e+00,5.000000000000000000e-01
3.040000000000002700e+00,5.000000000000000000e-01
3.041000000000002590e+00,5.000000000000000000e-01
3.042000000000002480e+00,5.000000000000000000e-01
3.043000000000002814e+00,5.000000000000000000e-01
3.044000000000002704e+00,5.000000000000000000e-01
3.045000000000002593e+00,5.000000000000000000e-01
3.046000000000002483e+00,5.000000000000000000e-01
3.047000000000002373e+00,5.000000000000000000e-01
3.048000000000002707e+00,5.000000000000000000e-01
3.049000000000002597e+00,5.000000000000000000e-01
3.050000000000002487e+00,5.000000000000000000e-01
3.051000000000002821e+00,5.000000000000000000e-01
3.052000000000002711e+00,5.000000000000000000e-01
3.053000000000002601e+00,5.000000000000000000e-01
3.054000000000002490e+00,5.000000000000000000e-01
3.055000000000002380e+00,5.000000000000000000e-01
3.056000000000002714e+00,5.000000000000000000e-01
3.057000000000002604e+00,5.000000000000000000e-01
3.058000000000002494e+00,5.000000000000000000e-01
3.059000000000002828e+00,5.000000000000000000e-01
3.060000000000002718e+00,5.000000000000000000e-01
3.061000000000002608e+00,5.000000000000000000e-01
3.062000000000002498e+00,5.000000000000000000e-01
3.063000000000002387e+00,5.000000000000000000e-01
3.064000000000002721e+00,5.000000000000000000e-01
3.065000000000002611e+00,5.000000000000000000e-01
3.066000000000002501e+00,5.000000000000000000e-01
3.067000000000002835e+00,5.000000000000000000e-01
3.068000000000002725e+00,5.000000000000000000e-01
3.069000000000002615e+00,5.000000000000000000e-01
3.070000000000002505e+00,5.000000000000000000e-01
3.071000000000002395e+00,5.000000000000000000e-01
3.072000000000002728e+00,5.000000000000000000e-01
3.073000000000002618e+00,5.000000000000000000e-01
3.074000000000002508e+00,5.000000000000000000e-01
3.075000000000002842e+00,5.000000000000000000e-01
3.076000000000002732e+00,5.000000000000000000e-01
3.077000000000002622e+00,5.000000000000000000e-01
3.078000000000002512e+00,5.000000000000000000e-01
3.079000000000002402e+00,5.000000000000000000e-01
3.080000000000002736e+00,5.000000000000000000e-01
3.081000000000002625e+00,5.000000000000000000e-01
3.082000000000002515e+00,5.000000000000000000e-01
3.083000000000002849e+00,5.000000000000000000e-01
3.084000000000002739e+00,5.000000000000000000e-01
3.085000000000002629e+00,5.000000000000000000e-01
3.086000000000002519e+00,5.000000000000000000e-01
3.087000000000002409e+00,5.000000000000000000e-01
3.088000000000002743e+00,5.000000000000000000e-01
3.089000000000002633e+00,5.000000000000000000e-01
3.090000000000002522e+00,5.000000000000000000e-01
3.091000000000002856e+00,5.000000000000000000e-01
3.092000000000002746e+00,5.000000000000000000e-01
3.093000000000002636e+00,5.000000000000000000e-01
3.094000000000002526e+00,5.000000000000000000e-01
3.095000000000002416e+00,5.000000000000000000e-01
3.096000000000002750e+00,5.000000000000000000e-01
3.097000000000002640e+00,5.000000000000000000e-01
3.098000000000002530e+00,5.000000000000000000e-01
3.099000000000002863e+00,5.000000000000000000e-01
3.100000000000002753e+00,5.000000000000000000e-01
3.101000000000002643e+00,5.000000000000000000e-01
3.102000000000002533e+00,5.000000000000000000e-01
3.103000000000002423e+00,5.000000000000000000e-01
3.104000000000002757e+00,5.000000000000000000e-01
3.105000000000002647e+00,5.000000000000000000e-01
3.106000000000002537e+00,5.000000000000000000e-01
3.107000000000002871e+00,5.000000000000000000e-01
3.108000000000002760e+00,5.000000000000000000e-01
3.109000000000002650e+00,5.000000000000000000e-01
3.110000000000002540e+00,5.000000000000000000e-01
3.111000000000002430e+00,5.000000000000000000e-01
3.112000000000002764e+00,5.000000000000000000e-01
3.113000000000002654e+00,5.000000000000000000e-01
3.114000000000002544e+00,5.000000000000000000e-01
3.115000000000002878e+00,5.000000000000000000e-01
3.116000000000002768e+00,5.000000000000000000e-01
3.117000000000002657e+00,5.000000000000000000e-01
3.118000000000002547e+00,5.000000000000000000e-01
3.119000000000002437e+00,5.000000000000000000e-01
3.120000000000002771e+00,5.000000000000000000e-01
3.121000000000002661e+00,5.000000000000000000e-01
3.122000000000002551e+00,5.000000000000000000e-01
3.123000000000002885e+00,5.000000000000000000e-01
3.124000000000002775e+00,5.000000000000000000e-01
3.125000000000002665e+00,5.000000000000000000e-01
3.126000000000002554e+00,5.000000000000000000e-01
3.127000000000002444e+00,5.000000000000000000e-01
3.128000000000002778e+00,5.000000000000000000e-01
3.129000000000002668e+00,5.000000000000000000e-01
3.130000000000002558e+00,5.000000000000000000e-01
3.131000000000002892e+00,5.000000000000000000e-01
3.132000000000002782e+00,5.000000000000000000e-01
3.133000000000002672e+00,5.000000000000000000e-01
3.134000000000002562e+00,5.000000000000000000e-01
3.135000000000002451e+00,5.000000000000000000e-01
3.136000000000002785e+00,5.000000000000000000e-01
3.137000000000002675e+00,5.000000000000000000e-01
3.138000000000002565e+00,5.000000000000000000e-01
3.139000000000002899e+00,5.000000000000000000e-01
3.140000000000002789e+00,5.000000000000000000e-01
3.141000000000002679e+00,5.000000000000000000e-01
3.142000000000002569e+00,5.000000000000000000e-01
3.143000000000002458e+00,5.000000000000000000e-01
3.144000000000002792e+00,5.000000000000000000e-01
3.145000000000002682e+00,5.000000000000000000e-01
3.146000000000002572e+00,5.000000000000000000e-01
3.147000000000002906e+00,5.000000000000000000e-01
3.148000000000002796e+00,5.000000000000000000e-01
3.149000000000002686e+00,5.000000000000000000e-01
3.150000000000002576e+00,5.000000000000000000e-01
3.151000000000002466e+00,5.000000000000000000e-01
3.152000000000002800e+00,5.000000000000000000e-01
3.153000000000002689e+00,5.000000000000000000e-01
3.154000000000002579e+00,5.000000000000000000e-01
3.155000000000002913e+00,5.000000000000000000e-01
3.156000000000002803e+00,5.000000000000000000e-01
3.157000000000002693e+00,5.000000000000000000e-01
3.158000000000002583e+00,5.000000000000000000e-01
3.159000000000002473e+00,5.000000000000000000e-01
3.160000000000002807e+00,5.000000000000000000e-01
3.161000000000002697e+00,5.000000000000000000e-01
3.162000000000002586e+00,5.000000000000000000e-01
3.163000000000002920e+00,5.000000000000000000e-01
3.164000000000002810e+00,5.000000000000000000e-01
3.165000000000002700e+00,5.000000000000000000e-01
3.166000000000002590e+00,5.000000000000000000e-01
3.167000000000002480e+00,5.000000000000000000e-01
3.168000000000002814e+00,5.000000000000000000e-01
3.169000000000002704e+00,5.000000000000000000e-01
3.170000000000002593e+00,5.000000000000000000e-01
3.171000000000002927e+00,5.000000000000000000e-01
3.172000000000002817e+00,5.000000000000000000e-01
3.173000000000002707e+00,5.000000000000000000e-01
3.174000000000002597e+00,5.000000000000000000e-01
3.175000000000002487e+00,5.000000000000000000e-01
3.176000000000002821e+00,5.000000000000000000e-01
3.177000000000002711e+00,5.000000000000000000e-01
3.178000000000002601e+00,5.000000000000000000e-01
3.179000000000002935e+00,5.000000000000000000e-01
3.180000000000002824e+00,5.000000000000000000e-01
3.181000000000002714e+00,5.000000000000000000e-01
3.182000000000002604e+00,5.000000000000000000e-01
3.183000000000002494e+00,5.000000000000000000e-01
3.184000000000002828e+00,5.000000000000000000e-01
3.185000000000002718e+00,5.000000000000000000e-01
3.186000000000002608e+00,5.000000000000000000e-01
3.187000000000002942e+00,5.000000000000000000e-01
3.188000000000002832e+00,5.000000000000000000e-01
3.189000000000002721e+00,5.000000000000000000e-01
3.190000000000002611e+00,5.000000000000000000e-01
3.191000000000002501e+00,5.000000000000000000e-01
3.192000000000002835e+00,5.000000000000000000e-01
3.193000000000002725e+00,5.000000000000000000e-01
3.194000000000002615e+00,5.000000000000000000e-01
3.195000000000002949e+00,5.000000000000000000e-01
3.196000000000002839e+00,5.000000000000000000e-01
3.197000000000002728e+00,5.000000000000000000e-01
3.198000000000002618e+00,5.000000000000000000e-01
3.199000000000002508e+00,5.000000000000000000e-01
3.200000000000002842e+00,5.000000000000000000e-01
3.201000000000002732e+00,5.000000000000000000e-01
3.202000000000002622e+00,5.000000000000000000e-01
3.203000000000002956e+00,5.000000000000000000e-01
3.204000000000002846e+00,5.000000000000000000e-01
3.205000000000002736e+00,5.000000000000000000e-01
3.206000000000002625e+00,5.000000000000000000e-01
3.207000000000002515e+00,5.000000000000000000e-01
3.208000000000002849e+00,5.000000000000000000e-01
3.209000000000002739e+00,5.000000000000000000e-01
3.210000000000002629e+00,5.000000000000000000e-01
3.211000000000002963e+00,5.000000000000000000e-01
3.212000000000002853e+00,5.000000000000000000e-01
3.213000000000002743e+00,5.000000000000000000e-01
3.214000000000002633e+00,5.000000000000000000e-01
3.215000000000002522e+00,5.000000000000000000e-01
3.216000000000002856e+00,5.000000000000000000e-01
3.217000000000002746e+00,5.000000000000000000e-01
3.218000000000002636e+00,5.000000000000000000e-01
3.219000000000002970e+00,5.000000000000000000e-01
3.220000000000002860e+00,5.000000000000000000e-01
3.221000000000002750e+00,5.000000000000000000e-01
3.222000000000002640e+00,5.000000000000000000e-01
3.223000000000002530e+00,5.000000000000000000e-01
3.224000000000002863e+00,5.000000000000000000e-01
3.225000000000002753e+00,5.000000000000000000e-01
3.226000000000002643e+00,5.000000000000000000e-01
3.227000000000002977e+00,5.000000000000000000e-01
3.228000000000002867e+00,5.000000000000000000e-01
3.229000000000002757e+00,5.000000000000000000e-01
3.230000000000002647e+00,5.000000000000000000e-01
3.231000000000002537e+00,5.000000000000000000e-01
3.232000000000002871e+00,5.000000000000000000e-01
3.233000000000002760e+00,5.000000000000000000e-01
3.234000000000002650e+00,5.000000000000000000e-01
3.235000000000002984e+00,5.000000000000000000e-01
3.236000000000002874e+00,5.000000000000000000e-01
3.237000000000002764e+00,5.000000000000000000e-01
3.238000000000002654e+00,5.000000000000000000e-01
3.239000000000002544e+00,5.000000000000000000e-01
3.240000000000002878e+00,5.000000000000000000e-01
3.241000000000002768e+00,5.000000000000000000e-01
3.242000000000002657e+00,5.000000000000000000e-01
3.243000000000002991e+00,5.000000000000000000e-01
3.244000000000002881e+00,5.000000000000000000e-01
3.245000000000002771e+00,5.000000000000000000e-01
3.246000000000002661e+00,5.000000000000000000e-01
3.247000000000002551e+00,5.000000000000000000e-01
3.248000000000002885e+00,5.000000000000000000e-01
3.249000000000002775e+00,5.000000000000000000e-01
3.250000000000002665e+00,5.000000000000000000e-01
3.251000000000002998e+00,5.000000000000000000e-01
3.252000000000002888e+00,5.000000000000000000e-01
3.253000000000002778e+00,5.000000000000000000e-01
3.254000000000002668e+00,5.000000000000000000e-01
3.255000000000002558e+00,5.000000000000000000e-01
3.256000000000002892e+00,5.000000000000000000e-01
3.257000000000002782e+00,5.000000000000000000e-01
3.258000000000002672e+00,5.000000000000000000e-01
3.259000000000003006e+00,5.000000000000000000e-01
3.260000000000002895e+00,5.000000000000000000e-01
3.261000000000002785e+00,5.000000000000000000e-01
3.262000000000002675e+00,5.000000000000000000e-01
3.263000000000002565e+00,5.000000000000000000e-01
3.264000000000002899e+00,5.000000000000000000e-01
3.265000000000002789e+00,5.000000000000000000e-01
3.266000000000002679e+00,5.000000000000000000e-01
3.267000000000003013e+00,5.000000000000000000e-01
3.268000000000002903e+00,5.000000000000000000e-01
3.269000000000002792e+00,5.000000000000000000e-01
3.270000000000002682e+00,5.000000000000000000e-01
3.271000000000002572e+00,5.000000000000000000e-01
3.272000000000002906e+00,5.000000000000000000e-01
3.273000000000002796e+00,5.000000000000000000e-01
3.274000000000002686e+00,5.000000000000000000e-01
3.275000000000003020e+00,5.000000000000000000e-01
3.276000000000002910e+00,5.000000000000000000e-01
3.277000000000002800e+00,5.000000000000000000e-01
3.278000000000002689e+00,5.000000000000000000e-01
3.279000000000002579e+00,5.000000000000000000e-01
3.280000000000002913e+00,5.000000000000000000e-01
3.281000000000002803e+00,5.000000000000000000e-01
3.282000000000002693e+00,5.000000000000000000e-01
3.283000000000003027e+00,5.000000000000000000e-01
3.284000000000002917e+00,5.000000000000000000e-01
3.285000000000002807e+00,5.000000000000000000e-01
3.286000000000002697e+00,5.000000000000000000e-01
3.287000000000002586e+00,5.000000000000000000e-01
3.288000000000002920e+00,5.000000000000000000e-01
3.289000000000002810e+00,5.000000000000000000e-01
3.290000000000002700e+00,5.000000000000000000e-01
3.291000000000003034e+00,5.000000000000000000e-01
3.292000000000002924e+00,5.000000000000000000e-01
3.293000000000002814e+00,5.000000000000000000e-01
3.294000000000002704e+00,5.000000000000000000e-01
3.295000000000002593e+00,5.000000000000000000e-01
3.296000000000002927e+00,5.000000000000000000e-01
3.297000000000002817e+00,5.000000000000000000e-01
3.298000000000002707e+00,5.000000000000000000e-01
3.299000000000003041e+00,5.000000000000000000e-01
3.300000000000002931e+00,5.000000000000000000e-01
3.301000000000002821e+00,5.000000000000000000e-01
3.302000000000002711e+00,5.000000000000000000e-01
3.303000000000002601e+00,5.000000000000000000e-01
3.304000000000002935e+00,5.000000000000000000e-01
3.305000000000002824e+00,5.000000000000000000e-01
3.306000000000002714e+00,5.000000000000000000e-01
3.307000000000003048e+00,5.000000000000000000e-01
3.308000000000002938e+00,5.000000000000000000e-01
3.309000000000002828e+00,5.000000000000000000e-01
3.310000000000002718e+00,5.000000000000000000e-01
3.311000000000002608e+00,5.000000000000000000e-01
3.312000000000002942e+00,5.000000000000000000e-01
3.313000000000002832e+00,5.000000000000000000e-01
3.314000000000002721e+00,5.000000000000000000e-01
3.315000000000003055e+00,5.000000000000000000e-01
3.316000000000002945e+00,5.000000000000000000e-01
3.317000000000002835e+00,5.000000000000000000e-01
3.318000000000002725e+00,5.000000000000000000e-01
3.319000000000002615e+00,5.000000000000000000e-01
3.320000000000002949e+00,5.000000000000000000e-01
3.321000000000002839e+00,5.000000000000000000e-01
3.322000000000002728e+00,5.000000000000000000e-01
3.323000000000003062e+00,5.000000000000000000e-01
3.324000000000002952e+00,5.000000000000000000e-01
3.325000000000002842e+00,5.000000000000000000e-01
3.326000000000002732e+00,5.000000000000000000e-01
3.327000000000002622e+00,5.000000000000000000e-01
3.328000000000002956e+00,5.000000000000000000e-01
3.329000000000002846e+00,5.000000000000000000e-01
3.330000000000002736e+00,5.000000000000000000e-01
3.331000000000003070e+00,5.000000000000000000e-01
3.332000000000002959e+00,5.000000000000000000e-01
3.333000000000002849e+00,5.000000000000000000e-01
3.334000000000002739e+00,5.000000000000000000e-01
3.335000000000002629e+00,5.000000000000000000e-01
3.336000000000002963e+00,5.000000000000000000e-01
3.337000000000002853e+00,5.000000000000000000e-01
3.338000000000002743e+00,5.000000000000000000e-01
3.339000000000003077e+00,5.000000000000000000e-01
3.340000000000002967e+00,5.000000000000000000e-01
3.341000000000002856e+00,5.000000000000000000e-01
3.342000000000002746e+00,5.000000000000000000e-01
3.343000000000002636e+00,5.000000000000000000e-01
3.344000000000002970e+00,5.000000000000000000e-01
3.345000000000002860e+00,5.000000000000000000e-01
3.346000000000002750e+00,5.000000000000000000e-01
3.347000000000003084e+00,5.000000000000000000e-01
3.348000000000002974e+00,5.000000000000000000e-01
3.349000000000002863e+00,5.000000000000000000e-01
3.350000000000002753e+00,5.000000000000000000e-01
3.351000000000002643e+00,5.000000000000000000e-01
3.352000000000002977e+00,5.000000000000000000e-01
3.353000000000002867e+00,5.000000000000000000e-01
3.354000000000002757e+00,5.000000000000000000e-01
3.355000000000003091e+00,5.000000000000000000e-01
3.356000000000002981e+00,5.000000000000000000e-01
3.357000000000002871e+00,5.000000000000000000e-01
3.358000000000002760e+00,5.000000000000000000e-01
3.359000000000002650e+00,5.000000000000000000e-01
3.360000000000002984e+00,5.000000000000000000e-01
3.361000000000002874e+00,5.000000000000000000e-01
3.362000000000002764e+00,5.000000000000000000e-01
3.363000000000003098e+00,5.000000000000000000e-01
3.364000000000002988e+00,5.000000000000000000e-01
3.365000000000002878e+00,5.000000000000000000e-01
3.366000000000002768e+00,5.000000000000000000e-01
3.367000000000002657e+00,5.000000000000000000e-01
3.368000000000002991e+00,5.000000000000000000e-01
3.369000000000002881e+00,5.000000000000000000e-01
3.370000000000002771e+00,5.000000000000000000e-01
3.371000000000003105e+00,5.000000000000000000e-01
3.372000000000002995e+00,5.000000000000000000e-01
3.373000000000002885e+00,5.000000000000000000e-01
3.374000000000002775e+00,5.000000000000000000e-01
3.375000000000002665e+00,5.000000000000000000e-01
3.376000000000002998e+00,5.000000000000000000e-01
3.377000000000002888e+00,5.000000000000000000e-01
3.378000000000002778e+00,5.000000000000000000e-01
3.379000000000003112e+00,5.000000000000000000e-01
3.380000000000003002e+00,5.000000000000000000e-01
3.381000000000002892e+00,5.000000000000000000e-01
3.382000000000002782e+00,5.000000000000000000e-01
3.383000000000002672e+00,5.000000000000000000e-01
3.384000000000003006e+00,5.000000000000000000e-01
3.385000000000002895e+00,5.000000000000000000e-01
3.386000000000002785e+00,5.000000000000000000e-01
3.387000000000003119e+00,5.000000000000000000e-01
3.388000000000003009e+00,5.000000000000000000e-01
3.389000000000002899e+00,5.000000000000000000e-01
3.390000000000002789e+00,5.000000000000000000e-01
3.391000000000002679e+00,5.000000000000000000e-01
3.392000000000003013e+00,5.000000000000000000e-01
3.393000000000002903e+00,5.000000000000000000e-01
3.394000000000002792e+00,5.000000000000000000e-01
3.395000000000003126e+00,5.000000000000000000e-01
3.396000000000003016e+00,5.000000000000000000e-01
3.397000000000002906e+00,5.000000000000000000e-01
3.398000000000002796e+00,5.000000000000000000e-01
3.399000000000002686e+00,5.000000000000000000e-01
3.400000000000003020e+00,5.000000000000000000e-01
3.401000000000002910e+00,5.000000000000000000e-01
3.402000000000002800e+00,5.000000000000000000e-01
3.403000000000003133e+00,5.000000000000000000e-01
3.404000000000003023e+00,5.000000000000000000e-01
3.405000000000002913e+00,5.000000000000000000e-01
3.406000000000002803e+00,5.000000000000000000e-01
3.407000000000002693e+00,5.000000000000000000e-01
3.408000000000003027e+00,5.000000000000000000e-01
3.409000000000002917e+00,5.000000000000000000e-01
3.410000000000002807e+00,5.000000000000000000e-01
3.411000000000003141e+00,5.000000000000000000e-01
3.412000000000003030e+00,5.000000000000000000e-01
3.413000000000002920e+00,5.000000000000000000e-01
3.414000000000002810e+00,5.000000000000000000e-01
3.415000000000002700e+00,5.000000000000000000e-01
3.416000000000003034e+00,5.000000000000000000e-01
3.417000000000002924e+00,5.000000000000000000e-01
3.418000000000002814e+00,5.000000000000000000e-01
3.419000000000003148e+00,5.000000000000000000e-01
3.420000000000003038e+00,5.000000000000000000e-01
3.421000000000002927e+00,5.000000000000000000e-01
3.422000000000002817e+00,5.000000000000000000e-01
3.423000000000002707e+00,5.000000000000000000e-01
3.424000000000003041e+00,5.000000000000000000e-01
3.425000000000002931e+00,5.000000000000000000e-01
3.426000000000002821e+00,5.000000000000000000e-01
3.427000000000003155e+00,5.000000000000000000e-01
3.428000000000003045e+00,5.000000000000000000e-01
3.429000000000002935e+00,5.000000000000000000e-01
3.430000000000002824e+00,5.000000000000000000e-01
3.431000000000002714e+00,5.000000000000000000e-01
3.432000000000003048e+00,5.000000000000000000e-01
3.433000000000002938e+00,5.000000000000000000e-01
3.434000000000002828e+00,5.000000000000000000e-01
3.435000000000003162e+00,5.000000000000000000e-01
3.436000000000003052e+00,5.000000000000000000e-01
3.437000000000002942e+00,5.000000000000000000e-01
3.438000000000002832e+00,5.000000000000000000e-01
3.439000000000002721e+00,5.000000000000000000e-01
3.440000000000003055e+00,5.000000000000000000e-01
3.441000000000002945e+00,5.000000000000000000e-01
3.442000000000002835e+00,5.000000000000000000e-01
3.443000000000003169e+00,5.000000000000000000e-01
3.444000000000003059e+00,5.000000000000000000e-01
3.445000000000002949e+00,5.000000000000000000e-01
3.446000000000002839e+00,5.000000000000000000e-01
3.447000000000002728e+00,5.000000000000000000e-01
3.448000000000003062e+00,5.000000000000000000e-01
3.449000000000002952e+00,5.000000000000000000e-01
3.450000000000002842e+00,5.000000000000000000e-01
3.451000000000003176e+00,5.000000000000000000e-01
3.452000000000003066e+00,5.000000000000000000e-01
3.453000000000002956e+00,5.000000000000000000e-01
3.454000000000002846e+00,5.000000000000000000e-01
3.455000000000002736e+00,5.000000000000000000e-01
3.456000000000003070e+00,5.000000000000000000e-01
3.457000000000002959e+00,5.000000000000000000e-01
3.458000000000002849e+00,5.000000000000000000e-01
3.459000000000003183e+00,5.000000000000000000e-01
3.460000000000003073e+00,5.000000000000000000e-01
3.461000000000002963e+00,5.000000000000000000e-01
3.462000000000002853e+00,5.000000000000000000e-01
3.463000000000002743e+00,5.000000000000000000e-01
3.464000000000003077e+00,5.000000000000000000e-01
3.465000000000002967e+00,5.000000000000000000e-01
3.466000000000002856e+00,5.000000000000000000e-01
3.467000000000003190e+00,5.000000000000000000e-01
3.468000000000003080e+00,5.000000000000000000e-01
3.469000000000002970e+00,5.000000000000000000e-01
3.470000000000002860e+00,5.000000000000000000e-01
3.471000000000002750e+00,5.000000000000000000e-01
3.472000000000003084e+00,5.000000000000000000e-01
3.473000000000002974e+00,5.000000000000000000e-01
3.474000000000002863e+00,5.000000000000000000e-01
3.475000000000003197e+00,5.000000000000000000e-01
3.476000000000003087e+00,5.000000000000000000e-01
3.477000000000002977e+00,5.000000000000000000e-01
3.478000000000002867e+00,5.000000000000000000e-01
3.479000000000002757e+00,5.000000000000000000e-01
3.480000000000003091e+00,5.000000000000000000e-01
3.481000000000002981e+00,5.000000000000000000e-01
3.482000000000002871e+00,5.000000000000000000e-01
3.483000000000003205e+00,5.000000000000000000e-01
3.484000000000003094e+00,5.000000000000000000e-01
3.485000000000002984e+00,5.000000000000000000e-01
3.486000000000002874e+00,5.000000000000000000e-01
3.487000000000002764e+00,5.000000000000000000e-01
3.488000000000003098e+00,5.000000000000000000e-01
3.489000000000002988e+00,5.000000000000000000e-01
3.490000000000002878e+00,5.000000000000000000e-01
3.491000000000003212e+00,5.000000000000000000e-01
3.492000000000003102e+00,5.000000000000000000e-01
3.493000000000002991e+00,5.000000000000000000e-01
3.494000000000002881e+00,5.000000000000000000e-01
3.495000000000002771e+00,5.000000000000000000e-01
3.496000000000003105e+00,5.000000000000000000e-01
3.497000000000002995e+00,5.000000000000000000e-01
3.498000000000002885e+00,5.000000000000000000e-01
3.499000000000003219e+00,5.000000000000000000e-01
3.500000000000003109e+00,5.000000000000000000e-01
3.501000000000002998e+00,5.000000000000000000e-01
3.502000000000002888e+00,5.000000000000000000e-01
3.503000000000002778e+00,5.000000000000000000e-01
3.504000000000003112e+00,5.000000000000000000e-01
3.505000000000003002e+00,5.000000000000000000e-01
3.506000000000002892e+00,5.000000000000000000e-01
3.507000000000003226e+00,5.000000000000000000e-01
3.508000000000003116e+00,5.000000000000000000e-01
3.509000000000003006e+00,5.000000000000000000e-01
3.510000000000002895e+00,5.000000000000000000e-01
3.511000000000002785e+00,5.000000000000000000e-01
3.512000000000003119e+00,5.000000000000000000e-01
3.513000000000003009e+00,5.000000000000000000e-01
3.514000000000002899e+00,5.000000000000000000e-01
3.515000000000003233e+00,5.000000000000000000e-01
3.516000000000003123e+00,5.000000000000000000e-01
3.517000000000003013e+00,5.000000000000000000e-01
3.518000000000002903e+00,5.000000000000000000e-01
3.519000000000002792e+00,5.000000000000000000e-01
3.520000000000003126e+00,5.000000000000000000e-01
3.521000000000003016e+00,5.000000000000000000e-01
3.522000000000002906e+00,5.000000000000000000e-01
3.523000000000003240e+00,5.000000000000000000e-01
3.524000000000003130e+00,5.000000000000000000e-01
3.525000000000003020e+00,5.000000000000000000e-01
3.526000000000002910e+00,5.000000000000000000e-01
3.527000000000002800e+00,5.000000000000000000e-01
3.528000000000003133e+00,5.000000000000000000e-01
3.529000000000003023e+00,5.000000000000000000e-01
3.530000000000002913e+00,5.000000000000000000e-01
3.531000000000003247e+00,5.000000000000000000e-01
3.532000000000003137e+00,5.000000000000000000e-01
3.533000000000003027e+00,5.000000000000000000e-01
3.534000000000002917e+00,5.000000000000000000e-01
3.535000000000002807e+00,5.000000000000000000e-01
3.536000000000003141e+00,5.000000000000000000e-01
3.537000000000003030e+00,5.000000000000000000e-01
3.538000000000002920e+00,5.000000000000000000e-01
3.539000000000003254e+00,5.000000000000000000e-01
3.540000000000003144e+00,5.000000000000000000e-01
3.541000000000003034e+00,5.000000000000000000e-01
3.542000000000002924e+00,5.000000000000000000e-01
3.543000000000002814e+00,5.000000000000000000e-01
3.544000000000003148e+00,5.000000000000000000e-01
3.545000000000003038e+00,5.000000000000000000e-01
3.546000000000002927e+00,5.000000000000000000e-01
3.547000000000003261e+00,5.000000000000000000e-01
3.548000000000003151e+00,5.000000000000000000e-01
3.549000000000003041e+00,5.000000000000000000e-01
3.550000000000002931e+00,5.000000000000000000e-01
3.551000000000002821e+00,5.000000000000000000e-01
3.552000000000003155e+00,5.000000000000000000e-01
3.553000000000003045e+00,5.000000000000000000e-01
3.554000000000002935e+00,5.000000000000000000e-01
3.555000000000003268e+00,5.000000000000000000e-01
3.556000000000003158e+00,5.000000000000000000e-01
3.557000000000003048e+00,5.000000000000000000e-01
3.558000000000002938e+00,5.000000000000000000e-01
3.559000000000002828e+00,5.000000000000000000e-01
3.560000000000003162e+00,5.000000000000000000e-01
3.561000000000003052e+00,5.000000000000000000e-01
3.562000000000002942e+00,5.000000000000000000e-01
3.563000000000003276e+00,5.000000000000000000e-01
3.564000000000003165e+00,5.000000000000000000e-01
3.565000000000003055e+00,5.000000000000000000e-01
3.566000000000002945e+00,5.000000000000000000e-01
3.567000000000002835e+00,5.000000000000000000e-01
3.568000000000003169e+00,5.000000000000000000e-01
3.569000000000003059e+00,5.000000000000000000e-01
3.570000000000002949e+00,5.000000000000000000e-01
3.571000000000003283e+00,5.000000000000000000e-01
3.572000000000003173e+00,5.000000000000000000e-01
3.573000000000003062e+00,5.000000000000000000e-01
3.574000000000002952e+00,5.000000000000000000e-01
3.575000000000002842e+00,5.000000000000000000e-01
3.576000000000003176e+00,5.000000000000000000e-01
3.577000000000003066e+00,5.000000000000000000e-01
3.578000000000002956e+00,5.000000000000000000e-01
3.579000000000003290e+00,5.000000000000000000e-01
3.580000000000003180e+00,5.000000000000000000e-01
3.581000000000003070e+00,5.000000000000000000e-01
3.582000000000002959e+00,5.000000000000000000e-01
3.583000000000002849e+00,5.000000000000000000e-01
3.584000000000003183e+00,5.000000000000000000e-01
3.585000000000003073e+00,5.000000000000000000e-01
3.586000000000002963e+00,5.000000000000000000e-01
3.587000000000003297e+00,5.000000000000000000e-01
3.588000000000003187e+00,5.000000000000000000e-01
3.589000000000003077e+00,5.000000000000000000e-01
3.590000000000002967e+00,5.000000000000000000e-01
3.591000000000002856e+00,5.000000000000000000e-01
3.592000000000003190e+00,5.000000000000000000e-01
3.593000000000003080e+00,5.000000000000000000e-01
3.594000000000002970e+00,5.000000000000000000e-01
3.595000000000003304e+00,5.000000000000000000e-01
3.596000000000003194e+00,5.000000000000000000e-01
3.597000000000003084e+00,5.000000000000000000e-01
3.598000000000002974e+00,5.000000000000000000e-01
3.599000000000002863e+00,5.000000000000000000e-01
3.600000000000003197e+00,5.000000000000000000e-01
3.601000000000003087e+00,5.000000000000000000e-01
3.602000000000002977e+00,5.000000000000000000e-01
3.603000000000003311e+00,5.000000000000000000e-01
3.604000000000003201e+00,5.000000000000000000e-01
3.605000000000003091e+00,5.000000000000000000e-01
3.606000000000002981e+00,5.000000000000000000e-01
3.607000000000002871e+00,5.000000000000000000e-01
3.608000000000003205e+00,5.000000000000000000e-01
3.609000000000003094e+00,5.000000000000000000e-01
3.610000000000002984e+00,5.000000000000000000e-01
3.611000000000003318e+00,5.000000000000000000e-01
3.612000000000003208e+00,5.000000000000000000e-01
3.613000000000003098e+00,5.000000000000000000e-01
3.614000000000002988e+00,5.000000000000000000e-01
3.615000000000002878e+00,5.000000000000000000e-01
3.616000000000003212e+00,5.000000000000000000e-01
3.617000000000003102e+00,5.000000000000000000e-01
3.618000000000002991e+00,5.000000000000000000e-01
3.619000000000003325e+00,5.000000000000000000e-01
3.620000000000003215e+00,5.000000000000000000e-01
3.621000000000003105e+00,5.000000000000000000e-01
3.622000000000002995e+00,5.000000000000000000e-01
3.623000000000002885e+00,5.000000000000000000e-01
3.624000000000003219e+00,5.000000000000000000e-01
3.625000000000003109e+00,5.000000000000000000e-01
3.626000000000002998e+00,5.000000000000000000e-01
3.627000000000003332e+00,5.000000000000000000e-01
3.628000000000003222e+00,5.000000000000000000e-01
3.629000000000003112e+00,5.000000000000000000e-01
3.630000000000003002e+00,5.000000000000000000e-01
3.631000000000002892e+00,5.000000000000000000e-01
3.632000000000003226e+00,5.000000000000000000e-01
3.633000000000003116e+00,5.000000000000000000e-01
3.634000000000003006e+00,5.000000000000000000e-01
3.635000000000003340e+00,5.000000000000000000e-01
3.636000000000003229e+00,5.000000000000000000e-01
3.637000000000003119e+00,5.000000000000000000e-01
3.638000000000003009e+00,5.000000000000000000e-01
3.639000000000002899e+00,5.000000000000000000e-01
3.640000000000003233e+00,5.000000000000000000e-01
3.641000000000003123e+00,5.000000000000000000e-01
3.642000000000003013e+00,5.000000000000000000e-01
3.643000000000003347e+00,5.000000000000000000e-01
3.644000000000003237e+00,5.000000000000000000e-01
3.645000000000003126e+00,5.000000000000000000e-01
3.646000000000003016e+00,5.000000000000000000e-01
3.647000000000002906e+00,5.000000000000000000e-01
3.648000000000003240e+00,5.000000000000000000e-01
3.649000000000003130e+00,5.000000000000000000e-01
3.650000000000003020e+00,5.000000000000000000e-01
3.651000000000003354e+00,5.000000000000000000e-01
3.652000000000003244e+00,5.000000000000000000e-01
3.653000000000003133e+00,5.000000000000000000e-01
3.654000000000003023e+00,5.000000000000000000e-01
3.655000000000002913e+00,5.000000000000000000e-01
3.656000000000003247e+00,5.000000000000000000e-01
3.657000000000003137e+00,5.000000000000000000e-01
3.658000000000003027e+00,5.000000000000000000e-01
3.659000000000003361e+00,5.000000000000000000e-01
3.660000000000003251e+00,5.000000000000000000e-01
3.661000000000003141e+00,5.000000000000000000e-01
3.662000000000003030e+00,5.000000000000000000e-01
3.663000000000002920e+00,5.000000000000000000e-01
3.664000000000003254e+00,5.000000000000000000e-01
3.665000000000003144e+00,5.000000000000000000e-01
3.666000000000003034e+00,5.000000000000000000e-01
3.667000000000003368e+00,5.000000000000000000e-01
3.668000000000003258e+00,5.000000000000000000e-01
3.669000000000003148e+00,5.000000000000000000e-01
3.670000000000003038e+00,5.000000000000000000e-01
3.671000000000002927e+00,5.000000000000000000e-01
3.672000000000003261e+00,5.000000000000000000e-01
3.673000000000003151e+00,5.000000000000000000e-01
3.674000000000003041e+00,5.000000000000000000e-01
3.675000000000003375e+00,5.000000000000000000e-01
3.676000000000003265e+00,5.000000000000000000e-01
3.677000000000003155e+00,5.000000000000000000e-01
3.678000000000003045e+00,5.000000000000000000e-01
3.679000000000002935e+00,5.000000000000000000e-01
3.680000000000003268e+00,5.000000000000000000e-01
3.681000000000003158e+00,5.000000000000000000e-01
3.682000000000003048e+00,5.000000000000000000e-01
3.683000000000003382e+00,5.000000000000000000e-01
3.684000000000003272e+00,5.000000000000000000e-01
3.685000000000003162e+00,5.000000000000000000e-01
3.686000000000003052e+00,5.000000000000000000e-01
3.687000000000002942e+00,5.000000000000000000e-01
3.688000000000003276e+00,5.000000000000000000e-01
3.689000000000003165e+00,5.000000000000000000e-01
3.690000000000003055e+00,5.000000000000000000e-01
3.691000000000003389e+00,5.000000000000000000e-01
3.692000000000003279e+00,5.000000000000000000e-01
3.693000000000003169e+00,5.000000000000000000e-01
3.694000000000003059e+00,5.000000000000000000e-01
3.695000000000002949e+00,5.000000000000000000e-01
3.696000000000003283e+00,5.000000000000000000e-01
3.697000000000003173e+00,5.000000000000000000e-01
3.698000000000003062e+00,5.000000000000000000e-01
3.699000000000003396e+00,5.000000000000000000e-01
3.700000000000003286e+00,5.000000000000000000e-01
3.701000000000003176e+00,5.000000000000000000e-01
3.702000000000003066e+00,5.000000000000000000e-01
3.703000000000002956e+00,5.000000000000000000e-01
3.704000000000003290e+00,5.000000000000000000e-01
3.705000000000003180e+00,5.000000000000000000e-01
3.706000000000003070e+00,5.000000000000000000e-01
3.707000000000003403e+00,5.000000000000000000e-01
3.708000000000003293e+00,5.000000000000000000e-01
3.709000000000003183e+00,5.000000000000000000e-01
3.710000000000003073e+00,5.000000000000000000e-01
3.711000000000002963e+00,5.000000000000000000e-01
3.712000000000003297e+00,5.000000000000000000e-01
3.713000000000003187e+00,5.000000000000000000e-01
3.714000000000003077e+00,5.000000000000000000e-01
3.715000000000003411e+00,5.000000000000000000e-01
3.716000000000003300e+00,5.000000000000000000e-01
3.717000000000003190e+00,5.000000000000000000e-01
3.718000000000003080e+00,5.000000000000000000e-01
3.719000000000002970e+00,5.000000000000000000e-01
3.720000000000003304e+00,5.000000000000000000e-01
3.721000000000003194e+00,5.000000000000000000e-01
3.722000000000003084e+00,5.000000000000000000e-01
3.723000000000003418e+00,5.000000000000000000e-01
3.724000000000003308e+00,5.000000000000000000e-01
3.725000000000003197e+00,5.000000000000000000e-01
3.726000000000003087e+00,5.000000000000000000e-01
3.727000000000002977e+00,5.000000000000000000e-01
3.728000000000003311e+00,5.000000000000000000e-01
3.729000000000003201e+00,5.000000000000000000e-01
3.730000000000003091e+00,5.000000000000000000e-01
3.731000000000003425e+00,5.000000000000000000e-01
3.732000000000003315e+00,5.000000000000000000e-01
3.733000000000003205e+00,5.000000000000000000e-01
3.734000000000003094e+00,5.000000000000000000e-01
3.735000000000002984e+00,5.000000000000000000e-01
3.736000000000003318e+00,5.000000000000000000e-01
3.737000000000003208e+00,5.000000000000000000e-01
3.738000000000003098e+00,5.000000000000000000e-01
3.739000000000003432e+00,5.000000000000000000e-01
3.740000000000003322e+00,5.000000000000000000e-01
3.741000000000003212e+00,5.000000000000000000e-01
3.742000000000003102e+00,5.000000000000000000e-01
3.743000000000002991e+00,5.000000000000000000e-01
3.744000000000003325e+00,5.000000000000000000e-01
3.745000000000003215e+00,5.000000000000000000e-01
3.746000000000003105e+00,5.000000000000000000e-01
3.747000000000003439e+00,5.000000000000000000e-01
3.748000000000003329e+00,5.000000000000000000e-01
3.749000000000003219e+00,5.000000000000000000e-01
3.750000000000003109e+00,5.000000000000000000e-01
3.751000000000002998e+00,5.000000000000000000e-01
3.752000000000003332e+00,5.000000000000000000e-01
3.753000000000003222e+00,5.000000000000000000e-01
3.754000000000003112e+00,5.000000000000000000e-01
3.755000000000003446e+00,5.000000000000000000e-01
3.756000000000003336e+00,5.000000000000000000e-01
3.757000000000003226e+00,5.000000000000000000e-01
3.758000000000003116e+00,5.000000000000000000e-01
3.759000000000003006e+00,5.000000000000000000e-01
3.760000000000003340e+00,5.000000000000000000e-01
3.761000000000003229e+00,5.000000000000000000e-01
3.762000000000003119e+00,5.000000000000000000e-01
3.763000000000003453e+00,5.000000000000000000e-01
3.764000000000003343e+00,5.000000000000000000e-01
3.765000000000003233e+00,5.000000000000000000e-01
3.766000000000003123e+00,5.000000000000000000e-01
3.767000000000003013e+00,5.000000000000000000e-01
3.768000000000003347e+00,5.000000000000000000e-01
3.769000000000003237e+00,5.000000000000000000e-01
3.770000000000003126e+00,5.000000000000000000e-01
3.771000000000003460e+00,5.000000000000000000e-01
3.772000000000003350e+00,5.000000000000000000e-01
3.773000000000003240e+00,5.000000000000000000e-01
3.774000000000003130e+00,5.000000000000000000e-01
3.775000000000003020e+00,5.000000000000000000e-01
3.776000000000003354e+00,5.000000000000000000e-01
3.777000000000003244e+00,5.000000000000000000e-01
3.778000000000003133e+00,5.000000000000000000e-01
3.779000000000003467e+00,5.000000000000000000e-01
3.780000000000003357e+00,5.000000000000000000e-01
3.781000000000003247e+00,5.000000000000000000e-01
3.782000000000003137e+00,5.000000000000000000e-01
3.783000000000003027e+00,5.000000000000000000e-01
3.784000000000003361e+00,5.000000000000000000e-01
3.785000000000003251e+00,5.000000000000000000e-01
3.786000000000003141e+00,5.000000000000000000e-01
3.787000000000003475e+00,5.000000000000000000e-01
3.788000000000003364e+00,5.000000000000000000e-01
3.789000000000003254e+00,5.000000000000000000e-01
3.790000000000003144e+00,5.000000000000000000e-01
3.791000000000003034e+00,5.000000000000000000e-01
3.792000000000003368e+00,5.000000000000000000e-01
3.793000000000003258e+00,5.000000000000000000e-01
3.794000000000003148e+00,5.000000000000000000e-01
3.795000000000003482e+00,5.000000000000000000e-01
3.796000000000003372e+00,5.000000000000000000e-01
3.797000000000003261e+00,5.000000000000000000e-01
3.798000000000003151e+00,5.000000000000000000e-01
3.799000000000003041e+00,5.000000000000000000e-01
3.800000000000003375e+00,5.000000000000000000e-01
3.801000000000003265e+00,5.000000000000000000e-01
3.802000000000003155e+00,5.000000000000000000e-01
3.803000000000003489e+00,5.000000000000000000e-01
3.804000000000003379e+00,5.000000000000000000e-01
3.805000000000003268e+00,5.000000000000000000e-01
3.806000000000003158e+00,5.000000000000000000e-01
3.807000000000003048e+00,5.000000000000000000e-01
3.808000000000003382e+00,5.000000000000000000e-01
3.809000000000003272e+00,5.000000000000000000e-01
3.810000000000003162e+00,5.000000000000000000e-01
3.811000000000003496e+00,5.000000000000000000e-01
3.812000000000003386e+00,5.000000000000000000e-01
3.813000000000003276e+00,5.000000000000000000e-01
3.814000000000003165e+00,5.000000000000000000e-01
3.815000000000003055e+00,5.000000000000000000e-01
3.816000000000003389e+00,5.000000000000000000e-01
3.817000000000003279e+00,5.000000000000000000e-01
3.818000000000003169e+00,5.000000000000000000e-01
3.819000000000003503e+00,5.000000000000000000e-01
3.820000000000003393e+00,5.000000000000000000e-01
3.821000000000003283e+00,5.000000000000000000e-01
3.822000000000003173e+00,5.000000000000000000e-01
3.823000000000003062e+00,5.000000000000000000e-01
3.824000000000003396e+00,5.000000000000000000e-01
3.825000000000003286e+00,5.000000000000000000e-01
3.826000000000003176e+00,5.000000000000000000e-01
3.827000000000003510e+00,5.000000000000000000e-01
3.828000000000003400e+00,5.000000000000000000e-01
3.829000000000003290e+00,5.000000000000000000e-01
3.830000000000003180e+00,5.000000000000000000e-01
3.831000000000003070e+00,5.000000000000000000e-01
3.832000000000003403e+00,5.000000000000000000e-01
3.833000000000003293e+00,5.000000000000000000e-01
3.834000000000003183e+00,5.000000000000000000e-01
3.835000000000003517e+00,5.000000000000000000e-01
3.836000000000003407e+00,5.000000000000000000e-01
3.837000000000003297e+00,5.000000000000000000e-01
3.838000000000003187e+00,5.000000000000000000e-01
3.839000000000003077e+00,5.000000000000000000e-01
3.840000000000003411e+00,5.000000000000000000e-01
3.841000000000003300e+00,5.000000000000000000e-01
3.842000000000003190e+00,5.000000000000000000e-01
3.843000000000003524e+00,5.000000000000000000e-01
3.844000000000003414e+00,5.000000000000000000e-01
3.845000000000003304e+00,5.000000000000000000e-01
3.846000000000003194e+00,5.000000000000000000e-01
3.847000000000003084e+00,5.000000000000000000e-01
3.848000000000003418e+00,5.000000000000000000e-01
3.849000000000003308e+00,5.000000000000000000e-01
3.850000000000003197e+00,5.000000000000000000e-01
3.851000000000003531e+00,5.000000000000000000e-01
3.852000000000003421e+00,5.000000000000000000e-01
3.853000000000003311e+00,5.000000000000000000e-01
3.854000000000003201e+00,5.000000000000000000e-01
3.855000000000003091e+00,5.000000000000000000e-01
3.856000000000003425e+00,5.000000000000000000e-01
3.857000000000003315e+00,5.000000000000000000e-01
3.858000000000003205e+00,5.000000000000000000e-01
3.859000000000003539e+00,5.000000000000000000e-01
3.860000000000003428e+00,5.000000000000000000e-01
3.861000000000003318e+00,5.000000000000000000e-01
3.862000000000003208e+00,5.000000000000000000e-01
3.863000000000003098e+00,5.000000000000000000e-01
3.864000000000003432e+00,5.000000000000000000e-01
3.865000000000003322e+00,5.000000000000000000e-01
3.866000000000003212e+00,5.000000000000000000e-01
3.867000000000003546e+00,5.000000000000000000e-01
3.868000000000003435e+00,5.000000000000000000e-01
3.869000000000003325e+00,5.000000000000000000e-01
3.870000000000003215e+00,5.000000000000000000e-01
3.871000000000003105e+00,5.000000000000000000e-01
3.872000000000003439e+00,5.000000000000000000e-01
3.873000000000003329e+00,5.000000000000000000e-01
3.874000000000003219e+00,5.000000000000000000e-01
3.875000000000003553e+00,5.000000000000000000e-01
3.876000000000003443e+00,5.000000000000000000e-01
3.877000000000003332e+00,5.000000000000000000e-01
3.878000000000003222e+00,5.000000000000000000e-01
3.879000000000003112e+00,5.000000000000000000e-01
3.880000000000003446e+00,5.000000000000000000e-01
3.881000000000003336e+00,5.000000000000000000e-01
3.882000000000003226e+00,5.000000000000000000e-01
3.883000000000003560e+00,5.000000000000000000e-01
3.884000000000003450e+00,5.000000000000000000e-01
3.885000000000003340e+00,5.000000000000000000e-01
3.886000000000003229e+00,5.000000000000000000e-01
3.887000000000003119e+00,5.000000000000000000e-01
3.888000000000003453e+00,5.000000000000000000e-01
3.889000000000003343e+00,5.000000000000000000e-01
3.890000000000003233e+00,5.000000000000000000e-01
3.891000000000003567e+00,5.000000000000000000e-01
3.892000000000003457e+00,5.000000000000000000e-01
3.893000000000003347e+00,5.000000000000000000e-01
3.894000000000003237e+00,5.000000000000000000e-01
3.895000000000003126e+00,5.000000000000000000e-01
3.896000000000003460e+00,5.000000000000000000e-01
3.897000000000003350e+00,5.000000000000000000e-01
3.898000000000003240e+00,5.000000000000000000e-01
3.899000000000003574e+00,5.000000000000000000e-01
3.900000000000003464e+00,5.000000000000000000e-01
3.901000000000003354e+00,5.000000000000000000e-01
3.902000000000003244e+00,5.000000000000000000e-01
3.903000000000003133e+00,5.000000000000000000e-01
3.904000000000003467e+00,5.000000000000000000e-01
3.905000000000003357e+00,5.000000000000000000e-01
3.906000000000003247e+00,5.000000000000000000e-01
3.907000000000003581e+00,5.000000000000000000e-01
3.908000000000003471e+00,5.000000000000000000e-01
3.909000000000003361e+00,5.000000000000000000e-01
3.910000000000003251e+00,5.000000000000000000e-01
3.911000000000003141e+00,5.000000000000000000e-01
3.912000000000003475e+00,5.000000000000000000e-01
3.913000000000003364e+00,5.000000000000000000e-01
3.914000000000003254e+00,5.000000000000000000e-01
3.915000000000003588e+00,5.000000000000000000e-01
3.916000000000003478e+00,5.000000000000000000e-01
3.917000000000003368e+00,5.000000000000000000e-01
3.918000000000003258e+00,5.000000000000000000e-01
3.919000000000003148e+00,5.000000000000000000e-01
3.920000000000003482e+00,5.000000000000000000e-01
3.921000000000003372e+00,5.000000000000000000e-01
3.922000000000003261e+00,5.000000000000000000e-01
3.923000000000003595e+00,5.000000000000000000e-01
3.924000000000003485e+00,5.000000000000000000e-01
3.925000000000003375e+00,5.000000000000000000e-01
3.926000000000003265e+00,5.000000000000000000e-01
3.927000000000003155e+00,5.000000000000000000e-01
3.928000000000003489e+00,5.000000000000000000e-01
3.929000000000003379e+00,5.000000000000000000e-01
3.930000000000003268e+00,5.000000000000000000e-01
3.931000000000003602e+00,5.000000000000000000e-01
3.932000000000003492e+00,5.000000000000000000e-01
3.933000000000003382e+00,5.000000000000000000e-01
3.934000000000003272e+00,5.000000000000000000e-01
3.935000000000003162e+00,5.000000000000000000e-01
3.936000000000003496e+00,5.000000000000000000e-01
3.937000000000003386e+00,5.000000000000000000e-01
3.938000000000003276e+00,5.000000000000000000e-01
3.939000000000003610e+00,5.000000000000000000e-01
3.940000000000003499e+00,5.000000000000000000e-01
3.941000000000003389e+00,5.000000000000000000e-01
3.942000000000003279e+00,5.000000000000000000e-01
3.943000000000003169e+00,5.000000000000000000e-01
3.944000000000003503e+00,5.000000000000000000e-01
3.945000000000003393e+00,5.000000000000000000e-01
3.946000000000003283e+00,5.000000000000000000e-01
3.947000000000003617e+00,5.000000000000000000e-01
3.948000000000003507e+00,5.000000000000000000e-01
3.949000000000003396e+00,5.000000000000000000e-01
3.950000000000003286e+00,5.000000000000000000e-01
3.951000000000003176e+00,5.000000000000000000e-01
3.952000000000003510e+00,5.000000000000000000e-01
3.953000000000003400e+00,5.000000000000000000e-01
3.954000000000003290e+00,5.000000000000000000e-01
3.955000000000003624e+00,5.000000000000000000e-01
3.956000000000003514e+00,5.000000000000000000e-01
3.957000000000003403e+00,5.000000000000000000e-01
3.958000000000003293e+00,5.000000000000000000e-01
3.959000000000003183e+00,5.000000000000000000e-01
3.960000000000003517e+00,5.000000000000000000e-01
3.961000000000003407e+00,5.000000000000000000e-01
3.962000000000003297e+00,5.000000000000000000e-01
3.963000000000003631e+00,5.000000000000000000e-01
3.964000000000003521e+00,5.000000000000000000e-01
3.965000000000003411e+00,5.000000000000000000e-01
3.966000000000003300e+00,5.000000000000000000e-01
3.967000000000003190e+00,5.000000000000000000e-01
3.968000000000003524e+00,5.000000000000000000e-01
3.969000000000003414e+00,5.000000000000000000e-01
3.970000000000003304e+00,5.000000000000000000e-01
3.971000000000003638e+00,5.000000000000000000e-01
3.972000000000003528e+00,5.000000000000000000e-01
3.973000000000003418e+00,5.000000000000000000e-01
3.974000000000003308e+00,5.000000000000000000e-01
3.975000000000003197e+00,5.000000000000000000e-01
3.976000000000003531e+00,5.000000000000000000e-01
3.977000000000003421e+00,5.000000000000000000e-01
3.978000000000003311e+00,5.000000000000000000e-01
3.979000000000003645e+00,5.000000000000000000e-01
3.980000000000003535e+00,5.000000000000000000e-01
3.981000000000003425e+00,5.000000000000000000e-01
3.982000000000003759e+00,5.000000000000000000e-01
3.983000000000003205e+00,5.000000000000000000e-01
3.984000000000003539e+00,5.000000000000000000e-01
3.985000000000002984e+00,5.000000000000000000e-01
3.986000000000003318e+00,5.000000000000000000e-01
3.987000000000003652e+00,5.000000000000000000e-01
3.988000000000003098e+00,5.000000000000000000e-01
3.989000000000003432e+00,5.000000000000000000e-01
3.990000000000003766e+00,5.000000000000000000e-01
3.991000000000003212e+00,5.000000000000000000e-01
3.992000000000003546e+00,5.000000000000000000e-01
3.993000000000003880e+00,5.000000000000000000e-01
3.994000000000003325e+00,5.000000000000000000e-01
3.995000000000003659e+00,5.000000000000000000e-01
3.996000000000003105e+00,5.000000000000000000e-01
3.997000000000003439e+00,5.000000000000000000e-01
3.998000000000003773e+00,5.000000000000000000e-01
3.999000000000003219e+00,5.000000000000000000e-01
4.000000000000003553e+00,5.000000000000000000e-01
4.001000000000002998e+00,5.000000000000000000e-01
4.002000000000003332e+00,5.000000000000000000e-01
4.003000000000003666e+00,5.000000000000000000e-01
4.004000000000003112e+00,5.000000000000000000e-01
4.005000000000003446e+00,5.000000000000000000e-01
4.006000000000003780e+00,5.000000000000000000e-01
4.007000000000003226e+00,5.000000000000000000e-01
4.008000000000003560e+00,5.000000000000000000e-01
4.009000000000003894e+00,5.000000000000000000e-01
4.010000000000003340e+00,5.000000000000000000e-01
4.011000000000003674e+00,5.000000000000000000e-01
4.012000000000003119e+00,5.000000000000000000e-01
4.013000000000003453e+00,5.000000000000000000e-01
4.014000000000003787e+00,5.000000000000000000e-01
4.015000000000003233e+00,5.000000000000000000e-01
4.016000000000003567e+00,5.000000000000000000e-01
4.017000000000003013e+00,5.000000000000000000e-01
4.018000000000003347e+00,5.000000000000000000e-01
4.019000000000003681e+00,5.000000000000000000e-01
4.020000000000003126e+00,5.000000000000000000e-01
4.021000000000003460e+00,5.000000000000000000e-01
4.022000000000003794e+00,5.000000000000000000e-01
4.023000000000003240e+00,5.000000000000000000e-01
4.024000000000003574e+00,5.000000000000000000e-01
4.025000000000003908e+00,5.000000000000000000e-01
4.026000000000003354e+00,5.000000000000000000e-01
4.027000000000003688e+00,5.000000000000000000e-01
4.028000000000003133e+00,5.000000000000000000e-01
4.029000000000003467e+00,5.000000000000000000e-01
4.030000000000003801e+00,5.000000000000000000e-01
4.031000000000003247e+00,5.000000000000000000e-01
4.032000000000003581e+00,5.000000000000000000e-01
4.033000000000003027e+00,5.000000000000000000e-01
4.034000000000003361e+00,5.000000000000000000e-01
4.035000000000003695e+00,5.000000000000000000e-01
4.036000000000003141e+00,5.000000000000000000e-01
4.037000000000003475e+00,5.000000000000000000e-01
4.038000000000003809e+00,5.000000000000000000e-01
4.039000000000003254e+00,5.000000000000000000e-01
4.040000000000003588e+00,5.000000000000000000e-01
4.041000000000003922e+00,5.000000000000000000e-01
4.042000000000003368e+00,5.000000000000000000e-01
4.043000000000003702e+00,5.000000000000000000e-01
4.044000000000003148e+00,5.000000000000000000e-01
4.045000000000003482e+00,5.000000000000000000e-01
4.046000000000003816e+00,5.000000000000000000e-01
4.047000000000003261e+00,5.000000000000000000e-01
4.048000000000003595e+00,5.000000000000000000e-01
4.049000000000003041e+00,5.000000000000000000e-01
4.050000000000003375e+00,5.000000000000000000e-01
4.051000000000003709e+00,5.000000000000000000e-01
4.052000000000003155e+00,5.000000000000000000e-01
4.053000000000003489e+00,5.000000000000000000e-01
4.054000000000003823e+00,5.000000000000000000e-01
4.055000000000003268e+00,5.000000000000000000e-01
4.056000000000003602e+00,5.000000000000000000e-01
4.057000000000003936e+00,5.000000000000000000e-01
4.058000000000003382e+00,5.000000000000000000e-01
4.059000000000003716e+00,5.000000000000000000e-01
4.060000000000003162e+00,5.000000000000000000e-01
4.061000000000003496e+00,5.000000000000000000e-01
4.062000000000003830e+00,5.000000000000000000e-01
4.063000000000003276e+00,5.000000000000000000e-01
4.064000000000003610e+00,5.000000000000000000e-01
4.065000000000003055e+00,5.000000000000000000e-01
4.066000000000003389e+00,5.000000000000000000e-01
4.067000000000003723e+00,5.000000000000000000e-01
4.068000000000003169e+00,5.000000000000000000e-01
4.069000000000003503e+00,5.000000000000000000e-01
4.070000000000003837e+00,5.000000000000000000e-01
4.071000000000003283e+00,5.000000000000000000e-01
4.072000000000003617e+00,5.000000000000000000e-01
4.073000000000003951e+00,5.000000000000000000e-01
4.074000000000003396e+00,5.000000000000000000e-01
4.075000000000003730e+00,5.000000000000000000e-01
4.076000000000003176e+00,5.000000000000000000e-01
4.077000000000003510e+00,5.000000000000000000e-01
4.078000000000003844e+00,5.000000000000000000e-01
4.079000000000003290e+00,5.000000000000000000e-01
4.080000000000003624e+00,5.000000000000000000e-01
4.081000000000003070e+00,5.000000000000000000e-01
4.082000000000003403e+00,5.000000000000000000e-01
4.083000000000003737e+00,5.000000000000000000e-01
4.084000000000003183e+00,5.000000000000000000e-01
4.085000000000003517e+00,5.000000000000000000e-01
4.086000000000003851e+00,5.000000000000000000e-01
4.087000000000003297e+00,5.000000000000000000e-01
4.088000000000003631e+00,5.000000000000000000e-01
4.089000000000003965e+00,5.000000000000000000e-01
4.090000000000003411e+00,5.000000000000000000e-01
4.091000000000003745e+00,5.000000000000000000e-01
4.092000000000003190e+00,5.000000000000000000e-01
4.093000000000003524e+00,5.000000000000000000e-01
4.094000000000003858e+00,5.000000000000000000e-01
4.095000000000003304e+00,5.000000000000000000e-01
4.096000000000003638e+00,5.000000000000000000e-01
4.097000000000003084e+00,5.000000000000000000e-01
4.098000000000003418e+00,5.000000000000000000e-01
4.099000000000003752e+00,5.000000000000000000e-01
4.100000000000003197e+00,5.000000000000000000e-01
4.101000000000003531e+00,5.000000000000000000e-01
4.102000000000003865e+00,5.000000000000000000e-01
4.103000000000003311e+00,5.000000000000000000e-01
4.104000000000003645e+00,5.000000000000000000e-01
4.105000000000003979e+00,5.000000000000000000e-01
4.106000000000003425e+00,5.000000000000000000e-01
4.107000000000003759e+00,5.000000000000000000e-01
4.108000000000003205e+00,5.000000000000000000e-01
4.109000000000003539e+00,5.000000000000000000e-01
4.110000000000003872e+00,5.000000000000000000e-01
4.111000000000003318e+00,5.000000000000000000e-01
4.112000000000003652e+00,5.000000000000000000e-01
4.113000000000003098e+00,5.000000000000000000e-01
4.114000000000003432e+00,5.000000000000000000e-01
4.115000000000003766e+00,5.000000000000000000e-01
4.116000000000003212e+00,5.000000000000000000e-01
4.117000000000003546e+00,5.000000000000000000e-01
4.118000000000003880e+00,5.000000000000000000e-01
4.119000000000003325e+00,5.000000000000000000e-01
4.120000000000003659e+00,5.000000000000000000e-01
4.121000000000003993e+00,5.000000000000000000e-01
4.122000000000003439e+00,5.000000000000000000e-01
4.123000000000003773e+00,5.000000000000000000e-01
4.124000000000003219e+00,5.000000000000000000e-01
4.125000000000003553e+00,5.000000000000000000e-01
4.126000000000003887e+00,5.000000000000000000e-01
4.127000000000003332e+00,5.000000000000000000e-01
4.128000000000003666e+00,5.000000000000000000e-01
4.129000000000003112e+00,5.000000000000000000e-01
4.130000000000003446e+00,5.000000000000000000e-01
4.131000000000003780e+00,5.000000000000000000e-01
4.132000000000003226e+00,5.000000000000000000e-01
4.133000000000003560e+00,5.000000000000000000e-01
4.134000000000003894e+00,5.000000000000000000e-01
4.135000000000003340e+00,5.000000000000000000e-01
4.136000000000003674e+00,5.000000000000000000e-01
4.137000000000004007e+00,5.000000000000000000e-01
4.138000000000003453e+00,5.000000000000000000e-01
4.139000000000003787e+00,5.000000000000000000e-01
4.140000000000003233e+00,5.000000000000000000e-01
4.141000000000003567e+00,5.000000000000000000e-01
4.142000000000003901e+00,5.000000000000000000e-01
4.143000000000003347e+00,5.000000000000000000e-01
4.144000000000003681e+00,5.000000000000000000e-01
4.145000000000003126e+00,5.000000000000000000e-01
4.146000000000003460e+00,5.000000000000000000e-01
4.147000000000003794e+00,5.000000000000000000e-01
4.148000000000003240e+00,5.000000000000000000e-01
4.149000000000003574e+00,5.000000000000000000e-01
4.150000000000003908e+00,5.000000000000000000e-01
4.151000000000003354e+00,5.000000000000000000e-01
4.152000000000003688e+00,5.000000000000000000e-01
4.153000000000004022e+00,5.000000000000000000e-01
4.154000000000003467e+00,5.000000000000000000e-01
4.155000000000003801e+00,5.000000000000000000e-01
4.156000000000003247e+00,5.000000000000000000e-01
4.157000000000003581e+00,5.000000000000000000e-01
4.158000000000003915e+00,5.000000000000000000e-01
4.159000000000003361e+00,5.000000000000000000e-01
4.160000000000003695e+00,5.000000000000000000e-01
4.161000000000003141e+00,5.000000000000000000e-01
4.162000000000003475e+00,5.000000000000000000e-01
4.163000000000003809e+00,5.000000000000000000e-01
4.164000000000003254e+00,5.000000000000000000e-01
4.165000000000003588e+00,5.000000000000000000e-01
4.166000000000003922e+00,5.000000000000000000e-01
4.167000000000003368e+00,5.000000000000000000e-01
4.168000000000003702e+00,5.000000000000000000e-01
4.169000000000004036e+00,5.000000000000000000e-01
4.170000000000003482e+00,5.000000000000000000e-01
4.171000000000003816e+00,5.000000000000000000e-01
4.172000000000003261e+00,5.000000000000000000e-01
4.173000000000003595e+00,5.000000000000000000e-01
4.174000000000003929e+00,5.000000000000000000e-01
4.175000000000003375e+00,5.000000000000000000e-01
4.176000000000003709e+00,5.000000000000000000e-01
4.177000000000003155e+00,5.000000000000000000e-01
4.178000000000003489e+00,5.000000000000000000e-01
4.179000000000003823e+00,5.000000000000000000e-01
4.180000000000003268e+00,5.000000000000000000e-01
4.181000000000003602e+00,5.000000000000000000e-01
4.182000000000003936e+00,5.000000000000000000e-01
4.183000000000003382e+00,5.000000000000000000e-01
4.184000000000003716e+00,5.000000000000000000e-01
4.185000000000004050e+00,5.000000000000000000e-01
4.186000000000003496e+00,5.000000000000000000e-01
4.187000000000003830e+00,5.000000000000000000e-01
4.188000000000003276e+00,5.000000000000000000e-01
4.189000000000003610e+00,5.000000000000000000e-01
4.190000000000003944e+00,5.000000000000000000e-01
4.191000000000003389e+00,5.000000000000000000e-01
4.192000000000003723e+00,5.000000000000000000e-01
4.193000000000003169e+00,5.000000000000000000e-01
4.194000000000003503e+00,5.000000000000000000e-01
4.195000000000003837e+00,5.000000000000000000e-01
4.196000000000003283e+00,5.000000000000000000e-01
4.197000000000003617e+00,5.000000000000000000e-01
4.198000000000003951e+00,5.000000000000000000e-01
4.199000000000003396e+00,5.000000000000000000e-01
4.200000000000003730e+00,5.000000000000000000e-01
4.201000000000004064e+00,5.000000000000000000e-01
4.202000000000003510e+00,5.000000000000000000e-01
4.203000000000003844e+00,5.000000000000000000e-01
4.204000000000003290e+00,5.000000000000000000e-01
4.205000000000003624e+00,5.000000000000000000e-01
4.206000000000003958e+00,5.000000000000000000e-01
4.207000000000003403e+00,5.000000000000000000e-01
4.208000000000003737e+00,5.000000000000000000e-01
4.209000000000003183e+00,5.000000000000000000e-01
4.210000000000003517e+00,5.000000000000000000e-01
4.211000000000003851e+00,5.000000000000000000e-01
4.212000000000003297e+00,5.000000000000000000e-01
4.213000000000003631e+00,5.000000000000000000e-01
4.214000000000003965e+00,5.000000000000000000e-01
4.215000000000003411e+00,5.000000000000000000e-01
4.216000000000003745e+00,5.000000000000000000e-01
4.217000000000004079e+00,5.000000000000000000e-01
4.218000000000003524e+00,5.000000000000000000e-01
4.219000000000003858e+00,5.000000000000000000e-01
4.220000000000003304e+00,5.000000000000000000e-01
4.221000000000003638e+00,5.000000000000000000e-01
4.222000000000003972e+00,5.000000000000000000e-01
4.223000000000003418e+00,5.000000000000000000e-01
4.224000000000003752e+00,5.000000000000000000e-01
4.225000000000003197e+00,5.000000000000000000e-01
4.226000000000003531e+00,5.000000000000000000e-01
4.227000000000003865e+00,5.000000000000000000e-01
4.228000000000003311e+00,5.000000000000000000e-01
4.229000000000003645e+00,5.000000000000000000e-01
4.230000000000003979e+00,5.000000000000000000e-01
4.231000000000003425e+00,5.000000000000000000e-01
4.232000000000003759e+00,5.000000000000000000e-01
4.233000000000004093e+00,5.000000000000000000e-01
4.234000000000003539e+00,5.000000000000000000e-01
4.235000000000003872e+00,5.000000000000000000e-01
4.236000000000003318e+00,5.000000000000000000e-01
4.237000000000003652e+00,5.000000000000000000e-01
4.238000000000003986e+00,5.000000000000000000e-01
4.239000000000003432e+00,5.000000000000000000e-01
4.240000000000003766e+00,5.000000000000000000e-01
4.241000000000003212e+00,5.000000000000000000e-01
4.242000000000003546e+00,5.000000000000000000e-01
4.243000000000003880e+00,5.000000000000000000e-01
4.244000000000003325e+00,5.000000000000000000e-01
4.245000000000003659e+00,5.000000000000000000e-01
4.246000000000003993e+00,5.000000000000000000e-01
4.247000000000003439e+00,5.000000000000000000e-01
4.248000000000003773e+00,5.000000000000000000e-01
4.249000000000004107e+00,5.000000000000000000e-01
4.250000000000003553e+00,5.000000000000000000e-01
4.251000000000003887e+00,5.000000000000000000e-01
4.252000000000003332e+00,5.000000000000000000e-01
4.253000000000003666e+00,5.000000000000000000e-01
4.254000000000004000e+00,5.000000000000000000e-01
4.255000000000003446e+00,5.000000000000000000e-01
4.256000000000003780e+00,5.000000000000000000e-01
4.257000000000003226e+00,5.000000000000000000e-01
4.258000000000003560e+00,5.000000000000000000e-01
4.259000000000003894e+00,5.000000000000000000e-01
4.260000000000003340e+00,5.000000000000000000e-01
4.261000000000003674e+00,5.000000000000000000e-01
4.262000000000004007e+00,5.000000000000000000e-01
4.263000000000003453e+00,5.000000000000000000e-01
4.264000000000003787e+00,5.000000000000000000e-01
4.265000000000004121e+00,5.000000000000000000e-01
4.266000000000003567e+00,5.000000000000000000e-01
4.267000000000003901e+00,5.000000000000000000e-01
4.268000000000003347e+00,5.000000000000000000e-01
4.269000000000003681e+00,5.000000000000000000e-01
4.270000000000004015e+00,5.000000000000000000e-01
4.271000000000003460e+00,5.000000000000000000e-01
4.272000000000003794e+00,5.000000000000000000e-01
4.273000000000003240e+00,5.000000000000000000e-01
4.274000000000003574e+00,5.000000000000000000e-01
4.275000000000003908e+00,5.000000000000000000e-01
4.276000000000003354e+00,5.000000000000000000e-01
4.277000000000003688e+00,5.000000000000000000e-01
4.278000000000004022e+00,5.000000000000000000e-01
4.279000000000003467e+00,5.000000000000000000e-01
4.280000000000003801e+00,5.000000000000000000e-01
4.281000000000004135e+00,5.000000000000000000e-01
4.282000000000003581e+00,5.000000000000000000e-01
4.283000000000003915e+00,5.000000000000000000e-01
4.284000000000003361e+00,5.000000000000000000e-01
4.285000000000003695e+00,5.000000000000000000e-01
4.286000000000004029e+00,5.000000000000000000e-01
4.287000000000003475e+00,5.000000000000000000e-01
4.288000000000003809e+00,5.000000000000000000e-01
4.289000000000003254e+00,5.000000000000000000e-01
4.290000000000003588e+00,5.000000000000000000e-01
4.291000000000003922e+00,5.000000000000000000e-01
4.292000000000003368e+00,5.000000000000000000e-01
4.293000000000003702e+00,5.000000000000000000e-01
4.294000000000004036e+00,5.000000000000000000e-01
4.295000000000003482e+00,5.000000000000000000e-01
4.296000000000003816e+00,5.000000000000000000e-01
4.297000000000004150e+00,5.000000000000000000e-01
4.298000000000003595e+00,5.000000000000000000e-01
4.299000000000003929e+00,5.000000000000000000e-01
4.300000000000003375e+00,5.000000000000000000e-01
4.301000000000003709e+00,5.000000000000000000e-01
4.302000000000004043e+00,5.000000000000000000e-01
4.303000000000003489e+00,5.000000000000000000e-01
4.304000000000003823e+00,5.000000000000000000e-01
4.305000000000003268e+00,5.000000000000000000e-01
4.306000000000003602e+00,5.000000000000000000e-01
4.307000000000003936e+00,5.000000000000000000e-01
4.308000000000003382e+00,5.000000000000000000e-01
4.309000000000003716e+00,5.000000000000000000e-01
4.310000000000004050e+00,5.000000000000000000e-01
4.311000000000003496e+00,5.000000000000000000e-01
4.312000000000003830e+00,5.000000000000000000e-01
4.313000000000004164e+00,5.000000000000000000e-01
4.314000000000003610e+00,5.000000000000000000e-01
4.315000000000003944e+00,5.000000000000000000e-01
4.316000000000003389e+00,5.000000000000000000e-01
4.317000000000003723e+00,5.000000000000000000e-01
4.318000000000004057e+00,5.000000000000000000e-01
4.319000000000003503e+00,5.000000000000000000e-01
4.320000000000003837e+00,5.000000000000000000e-01
4.321000000000003283e+00,5.000000000000000000e-01
4.322000000000003617e+00,5.000000000000000000e-01
4.323000000000003951e+00,5.000000000000000000e-01
4.324000000000003396e+00,5.000000000000000000e-01
4.325000000000003730e+00,5.000000000000000000e-01
4.326000000000004064e+00,5.000000000000000000e-01
4.327000000000003510e+00,5.000000000000000000e-01
4.328000000000003844e+00,5.000000000000000000e-01
4.329000000000004178e+00,5.000000000000000000e-01
4.330000000000003624e+00,5.000000000000000000e-01
4.331000000000003958e+00,5.000000000000000000e-01
4.332000000000003403e+00,5.000000000000000000e-01
4.333000000000003737e+00,5.000000000000000000e-01
4.334000000000004071e+00,5.000000000000000000e-01
4.335000000000003517e+00,5.000000000000000000e-01
4.336000000000003851e+00,5.000000000000000000e-01
4.337000000000003297e+00,5.000000000000000000e-01
4.338000000000003631e+00,5.000000000000000000e-01
4.339000000000003965e+00,5.000000000000000000e-01
4.340000000000003411e+00,5.000000000000000000e-01
4.341000000000003745e+00,5.000000000000000000e-01
4.342000000000004079e+00,5.000000000000000000e-01
4.343000000000003524e+00,5.000000000000000000e-01
4.344000000000003858e+00,5.000000000000000000e-01
4.345000000000004192e+00,5.000000000000000000e-01
4.346000000000003638e+00,5.000000000000000000e-01
4.347000000000003972e+00,5.000000000000000000e-01
4.348000000000003418e+00,5.000000000000000000e-01
4.349000000000003752e+00,5.000000000000000000e-01
4.350000000000004086e+00,5.000000000000000000e-01
4.351000000000003531e+00,5.000000000000000000e-01
4.352000000000003865e+00,5.000000000000000000e-01
4.353000000000003311e+00,5.000000000000000000e-01
4.354000000000003645e+00,5.000000000000000000e-01
4.355000000000003979e+00,5.000000000000000000e-01
4.356000000000003425e+00,5.000000000000000000e-01
4.357000000000003759e+00,5.000000000000000000e-01
4.358000000000004093e+00,5.000000000000000000e-01
4.359000000000003539e+00,5.000000000000000000e-01
4.360000000000003872e+00,5.000000000000000000e-01
4.361000000000004206e+00,5.000000000000000000e-01
4.362000000000003652e+00,5.000000000000000000e-01
4.363000000000003986e+00,5.000000000000000000e-01
4.364000000000003432e+00,5.000000000000000000e-01
4.365000000000003766e+00,5.000000000000000000e-01
4.366000000000004100e+00,5.000000000000000000e-01
4.367000000000003546e+00,5.000000000000000000e-01
4.368000000000003880e+00,5.000000000000000000e-01
4.369000000000003325e+00,5.000000000000000000e-01
4.370000000000003659e+00,5.000000000000000000e-01
4.371000000000003993e+00,5.000000000000000000e-01
4.372000000000003439e+00,5.000000000000000000e-01
4.373000000000003773e+00,5.000000000000000000e-01
4.374000000000004107e+00,5.000000000000000000e-01
4.375000000000003553e+00,5.000000000000000000e-01
4.376000000000003887e+00,5.000000000000000000e-01
4.377000000000004221e+00,5.000000000000000000e-01
4.378000000000003666e+00,5.000000000000000000e-01
4.379000000000004000e+00,5.000000000000000000e-01
4.380000000000003446e+00,5.000000000000000000e-01
4.381000000000003780e+00,5.000000000000000000e-01
4.382000000000004114e+00,5.000000000000000000e-01
4.383000000000003560e+00,5.000000000000000000e-01
4.384000000000003894e+00,5.000000000000000000e-01
4.385000000000003340e+00,5.000000000000000000e-01
4.386000000000003674e+00,5.000000000000000000e-01
4.387000000000004007e+00,5.000000000000000000e-01
4.388000000000003453e+00,5.000000000000000000e-01
4.389000000000003787e+00,5.000000000000000000e-01
4.390000000000004121e+00,5.000000000000000000e-01
4.391000000000003567e+00,5.000000000000000000e-01
4.392000000000003901e+00,5.000000000000000000e-01
4.393000000000004235e+00,5.000000000000000000e-01
4.394000000000003681e+00,5.000000000000000000e-01
4.395000000000004015e+00,5.000000000000000000e-01
4.396000000000003460e+00,5.000000000000000000e-01
4.397000000000003794e+00,5.000000000000000000e-01
4.398000000000004128e+00,5.000000000000000000e-01
4.399000000000003574e+00,5.000000000000000000e-01
4.400000000000003908e+00,5.000000000000000000e-01
4.401000000000003354e+00,5.000000000000000000e-01
4.402000000000003688e+00,5.000000000000000000e-01
4.403000000000004022e+00,5.000000000000000000e-01
4.404000000000003467e+00,5.000000000000000000e-01
4.405000000000003801e+00,5.000000000000000000e-01
4.406000000000004135e+00,5.000000000000000000e-01
4.407000000000003581e+00,5.000000000000000000e-01
4.408000000000003915e+00,5.000000000000000000e-01
4.409000000000004249e+00,5.000000000000000000e-01
4.410000000000003695e+00,5.000000000000000000e-01
4.411000000000004029e+00,5.000000000000000000e-01
4.412000000000003475e+00,5.000000000000000000e-01
4.413000000000003809e+00,5.000000000000000000e-01
4.414000000000004142e+00,5.000000000000000000e-01
4.415000000000003588e+00,5.000000000000000000e-01
4.416000000000003922e+00,5.000000000000000000e-01
4.417000000000003368e+00,5.000000000000000000e-01
4.418000000000003702e+00,5.000000000000000000e-01
4.419000000000004036e+00,5.000000000000000000e-01
4.420000000000003482e+00,5.000000000000000000e-01
4.421000000000003816e+00,5.000000000000000000e-01
4.422000000000004150e+00,5.000000000000000000e-01
4.423000000000003595e+00,5.000000000000000000e-01
4.424000000000003929e+00,5.000000000000000000e-01
4.425000000000004263e+00,5.000000000000000000e-01
4.426000000000003709e+00,5.000000000000000000e-01
4.427000000000004043e+00,5.000000000000000000e-01
4.428000000000003489e+00,5.000000000000000000e-01
4.429000000000003823e+00,5.000000000000000000e-01
4.430000000000004157e+00,5.000000000000000000e-01
4.431000000000003602e+00,5.000000000000000000e-01
4.432000000000003936e+00,5.000000000000000000e-01
4.433000000000003382e+00,5.000000000000000000e-01
4.434000000000003716e+00,5.000000000000000000e-01
4.435000000000004050e+00,5.000000000000000000e-01
4.436000000000003496e+00,5.000000000000000000e-01
4.437000000000003830e+00,5.000000000000000000e-01
4.438000000000004164e+00,5.000000000000000000e-01
4.439000000000003610e+00,5.000000000000000000e-01
4.440000000000003944e+00,5.000000000000000000e-01
4.441000000000004277e+00,5.000000000000000000e-01
4.442000000000003723e+00,5.000000000000000000e-01
4.443000000000004057e+00,5.000000000000000000e-01
4.444000000000003503e+00,5.000000000000000000e-01
4.445000000000003837e+00,5.000000000000000000e-01
4.446000000000004171e+00,5.000000000000000000e-01
4.447000000000003617e+00,5.000000000000000000e-01
4.448000000000003951e+00,5.000000000000000000e-01
4.449000000000003396e+00,5.000000000000000000e-01
4.450000000000003730e+00,5.000000000000000000e-01
4.451000000000004064e+00,5.000000000000000000e-01
4.452000000000003510e+00,5.000000000000000000e-01
4.453000000000003844e+00,5.000000000000000000e-01
4.454000000000004178e+00,5.000000000000000000e-01
4.455000000000003624e+00,5.000000000000000000e-01
4.456000000000003958e+00,5.000000000000000000e-01
4.457000000000004292e+00,5.000000000000000000e-01
4.458000000000003737e+00,5.000000000000000000e-01
4.459000000000004071e+00,5.000000000000000000e-01
4.460000000000003517e+00,5.000000000000000000e-01
4.461000000000003851e+00,5.000000000000000000e-01
4.462000000000004185e+00,5.000000000000000000e-01
4.463000000000003631e+00,5.000000000000000000e-01
4.464000000000003965e+00,5.000000000000000000e-01
4.465000000000003411e+00,5.000000000000000000e-01
4.466000000000003745e+00,5.000000000000000000e-01
4.467000000000004079e+00,5.000000000000000000e-01
4.468000000000003524e+00,5.000000000000000000e-01
4.469000000000003858e+00,5.000000000000000000e-01
4.470000000000004192e+00,5.000000000000000000e-01
4.471000000000003638e+00,5.000000000000000000e-01
4.472000000000003972e+00,5.000000000000000000e-01
4.473000000000004306e+00,5.000000000000000000e-01
4.474000000000003752e+00,5.000000000000000000e-01
4.475000000000004086e+00,5.000000000000000000e-01
4.476000000000003531e+00,5.000000000000000000e-01
4.477000000000003865e+00,5.000000000000000000e-01
4.478000000000004199e+00,5.000000000000000000e-01
4.479000000000003645e+00,5.000000000000000000e-01
4.480000000000003979e+00,5.000000000000000000e-01
4.481000000000003425e+00,5.000000000000000000e-01
4.482000000000003759e+00,5.000000000000000000e-01
4.483000000000004093e+00,5.000000000000000000e-01
4.484000000000003539e+00,5.000000000000000000e-01
4.485000000000003872e+00,5.000000000000000000e-01
4.486000000000004206e+00,5.000000000000000000e-01
4.487000000000003652e+00,5.000000000000000000e-01
4.488000000000003986e+00,5.000000000000000000e-01
4.489000000000004320e+00,5.000000000000000000e-01
4.490000000000003766e+00,5.000000000000000000e-01
4.491000000000004100e+00,5.000000000000000000e-01
4.492000000000003546e+00,5.000000000000000000e-01
4.493000000000003880e+00,5.000000000000000000e-01
4.494000000000004214e+00,5.000000000000000000e-01
4.495000000000003659e+00,5.000000000000000000e-01
4.496000000000003993e+00,5.000000000000000000e-01
4.497000000000003439e+00,5.000000000000000000e-01
4.498000000000003773e+00,5.000000000000000000e-01
4.499000000000004107e+00,5.000000000000000000e-01
4.500000000000003553e+00,5.000000000000000000e-01
4.501000000000003887e+00,5.000000000000000000e-01
4.502000000000004221e+00,5.000000000000000000e-01
4.503000000000003666e+00,5.000000000000000000e-01
4.504000000000004000e+00,5.000000000000000000e-01
4.505000000000004334e+00,5.000000000000000000e-01
4.506000000000003780e+00,5.000000000000000000e-01
4.507000000000004114e+00,5.000000000000000000e-01
4.508000000000003560e+00,5.000000000000000000e-01
4.509000000000003894e+00,5.000000000000000000e-01
4.510000000000004228e+00,5.000000000000000000e-01
4.511000000000003674e+00,5.000000000000000000e-01
4.512000000000004007e+00,5.000000000000000000e-01
4.513000000000003453e+00,5.000000000000000000e-01
4.514000000000003787e+00,5.000000000000000000e-01
4.515000000000004121e+00,5.000000000000000000e-01
4.516000000000003567e+00,5.000000000000000000e-01
4.517000000000003901e+00,5.000000000000000000e-01
4.518000000000004235e+00,5.000000000000000000e-01
4.519000000000003681e+00,5.000000000000000000e-01
4.520000000000004015e+00,5.000000000000000000e-01
4.521000000000004349e+00,5.000000000000000000e-01
4.522000000000003794e+00,5.000000000000000000e-01
4.523000000000004128e+00,5.000000000000000000e-01
4.524000000000003574e+00,5.000000000000000000e-01
4.525000000000003908e+00,5.000000000000000000e-01
4.526000000000004242e+00,5.000000000000000000e-01
4.527000000000003688e+00,5.000000000000000000e-01
4.528000000000004022e+00,5.000000000000000000e-01
4.529000000000003467e+00,5.000000000000000000e-01
4.530000000000003801e+00,5.000000000000000000e-01
4.531000000000004135e+00,5.000000000000000000e-01
4.532000000000003581e+00,5.000000000000000000e-01
4.533000000000003915e+00,5.000000000000000000e-01
4.534000000000004249e+00,5.000000000000000000e-01
4.535000000000003695e+00,5.000000000000000000e-01
4.536000000000004029e+00,5.000000000000000000e-01
4.537000000000004363e+00,5.000000000000000000e-01
4.538000000000003809e+00,5.000000000000000000e-01
4.539000000000004142e+00,5.000000000000000000e-01
4.540000000000003588e+00,5.000000000000000000e-01
4.541000000000003922e+00,5.000000000000000000e-01
4.542000000000004256e+00,5.000000000000000000e-01
4.543000000000003702e+00,5.000000000000000000e-01
4.544000000000004036e+00,5.000000000000000000e-01
4.545000000000003482e+00,5.000000000000000000e-01
4.546000000000003816e+00,5.000000000000000000e-01
4.547000000000004150e+00,5.000000000000000000e-01
4.548000000000003595e+00,5.000000000000000000e-01
4.549000000000003929e+00,5.000000000000000000e-01
4.550000000000004263e+00,5.000000000000000000e-01
4.551000000000003709e+00,5.000000000000000000e-01
4.552000000000004043e+00,5.000000000000000000e-01
4.553000000000004377e+00,5.000000000000000000e-01
4.554000000000003823e+00,5.000000000000000000e-01
4.555000000000004157e+00,5.000000000000000000e-01
4.556000000000003602e+00,5.000000000000000000e-01
4.557000000000003936e+00,5.000000000000000000e-01
4.558000000000004270e+00,5.000000000000000000e-01
4.559000000000003716e+00,5.000000000000000000e-01
4.560000000000004050e+00,5.000000000000000000e-01
4.561000000000003496e+00,5.000000000000000000e-01
4.562000000000003830e+00,5.000000000000000000e-01
4.563000000000004164e+00,5.000000000000000000e-01
4.564000000000003610e+00,5.000000000000000000e-01
4.565000000000003944e+00,5.000000000000000000e-01
4.566000000000004277e+00,5.000000000000000000e-01
4.567000000000003723e+00,5.000000000000000000e-01
4.568000000000004057e+00,5.000000000000000000e-01
4.569000000000004391e+00,5.000000000000000000e-01
4.570000000000003837e+00,5.000000000000000000e-01
4.571000000000004171e+00,5.000000000000000000e-01
4.572000000000003617e+00,5.000000000000000000e-01
4.573000000000003951e+00,5.000000000000000000e-01
4.574000000000004285e+00,5.000000000000000000e-01
4.575000000000003730e+00,5.000000000000000000e-01
4.576000000000004064e+00,5.000000000000000000e-01
4.577000000000003510e+00,5.000000000000000000e-01
4.578000000000003844e+00,5.000000000000000000e-01
4.579000000000004178e+00,5.000000000000000000e-01
4.580000000000003624e+00,5.000000000000000000e-01
4.581000000000003958e+00,5.000000000000000000e-01
4.582000000000004292e+00,5.000000000000000000e-01
4.583000000000003737e+00,5.000000000000000000e-01
4.584000000000004071e+00,5.000000000000000000e-01
4.585000000000004405e+00,5.000000000000000000e-01
4.586000000000003851e+00,5.000000000000000000e-01
4.587000000000004185e+00,5.000000000000000000e-01
4.588000000000003631e+00,5.000000000000000000e-01
4.589000000000003965e+00,5.000000000000000000e-01
4.590000000000004299e+00,5.000000000000000000e-01
4.591000000000003745e+00,5.000000000000000000e-01
4.592000000000004079e+00,5.000000000000000000e-01
4.593000000000003524e+00,5.000000000000000000e-01
4.594000000000003858e+00,5.000000000000000000e-01
4.595000000000004192e+00,5.000000000000000000e-01
4.596000000000003638e+00,5.000000000000000000e-01
4.597000000000003972e+00,5.000000000000000000e-01
4.598000000000004306e+00,5.000000000000000000e-01
4.599000000000003752e+00,5.000000000000000000e-01
4.600000000000004086e+00,5.000000000000000000e-01
4.601000000000004420e+00,5.000000000000000000e-01
4.602000000000003865e+00,5.000000000000000000e-01
4.603000000000004199e+00,5.000000000000000000e-01
4.604000000000003645e+00,5.000000000000000000e-01
4.605000000000003979e+00,5.000000000000000000e-01
4.606000000000004313e+00,5.000000000000000000e-01
4.607000000000003759e+00,5.000000000000000000e-01
4.608000000000004093e+00,5.000000000000000000e-01
4.609000000000003539e+00,5.000000000000000000e-01
4.610000000000003872e+00,5.000000000000000000e-01
4.611000000000004206e+00,5.000000000000000000e-01
4.612000000000003652e+00,5.000000000000000000e-01
4.613000000000003986e+00,5.000000000000000000e-01
4.614000000000004320e+00,5.000000000000000000e-01
4.615000000000003766e+00,5.000000000000000000e-01
4.616000000000004100e+00,5.000000000000000000e-01
4.617000000000004434e+00,5.000000000000000000e-01
4.618000000000003880e+00,5.000000000000000000e-01
4.619000000000004214e+00,5.000000000000000000e-01
4.620000000000003659e+00,5.000000000000000000e-01
4.621000000000003993e+00,5.000000000000000000e-01
4.622000000000004327e+00,5.000000000000000000e-01
4.623000000000003773e+00,5.000000000000000000e-01
4.624000000000004107e+00,5.000000000000000000e-01
4.625000000000003553e+00,5.000000000000000000e-01
4.626000000000003887e+00,5.000000000000000000e-01
4.627000000000004221e+00,5.000000000000000000e-01
4.628000000000003666e+00,5.000000000000000000e-01
4.629000000000004000e+00,5.000000000000000000e-01
4.630000000000004334e+00,5.000000000000000000e-01
4.631000000000003780e+00,5.000000000000000000e-01
4.632000000000004114e+00,5.000000000000000000e-01
4.633000000000004448e+00,5.000000000000000000e-01
4.634000000000003894e+00,5.000000000000000000e-01
4.635000000000004228e+00,5.000000000000000000e-01
4.636000000000003674e+00,5.000000000000000000e-01
4.637000000000004007e+00,5.000000000000000000e-01
4.638000000000004341e+00,5.000000000000000000e-01
4.639000000000003787e+00,5.000000000000000000e-01
4.640000000000004121e+00,5.000000000000000000e-01
4.641000000000003567e+00,5.000000000000000000e-01
4.642000000000003901e+00,5.000000000000000000e-01
4.643000000000004235e+00,5.000000000000000000e-01
4.644000000000003681e+00,5.000000000000000000e-01
4.645000000000004015e+00,5.000000000000000000e-01
4.646000000000004349e+00,5.000000000000000000e-01
4.647000000000003794e+00,5.000000000000000000e-01
4.648000000000004128e+00,5.000000000000000000e-01
4.649000000000004462e+00,5.000000000000000000e-01
4.650000000000003908e+00,5.000000000000000000e-01
4.651000000000004242e+00,5.000000000000000000e-01
4.652000000000003688e+00,5.000000000000000000e-01
4.653000000000004022e+00,5.000000000000000000e-01
4.654000000000004356e+00,5.000000000000000000e-01
4.655000000000003801e+00,5.000000000000000000e-01
4.656000000000004135e+00,5.000000000000000000e-01
4.657000000000003581e+00,5.000000000000000000e-01
4.658000000000003915e+00,5.000000000000000000e-01
4.659000000000004249e+00,5.000000000000000000e-01
4.660000000000003695e+00,5.000000000000000000e-01
4.661000000000004029e+00,5.000000000000000000e-01
4.662000000000004363e+00,5.000000000000000000e-01
4.663000000000003809e+00,5.000000000000000000e-01
4.664000000000004142e+00,5.000000000000000000e-01
4.665000000000004476e+00,5.000000000000000000e-01
4.666000000000003922e+00,5.000000000000000000e-01
4.667000000000004256e+00,5.000000000000000000e-01
4.668000000000003702e+00,5.000000000000000000e-01
4.669000000000004036e+00,5.000000000000000000e-01
4.670000000000004370e+00,5.000000000000000000e-01
4.671000000000003816e+00,5.000000000000000000e-01
4.672000000000004150e+00,5.000000000000000000e-01
4.673000000000003595e+00,5.000000000000000000e-01
4.674000000000003929e+00,5.000000000000000000e-01
4.675000000000004263e+00,5.000000000000000000e-01
4.676000000000003709e+00,5.000000000000000000e-01
4.677000000000004043e+00,5.000000000000000000e-01
4.678000000000004377e+00,5.000000000000000000e-01
4.679000000000003823e+00,5.000000000000000000e-01
4.680000000000004157e+00,5.000000000000000000e-01
4.681000000000004491e+00,5.000000000000000000e-01
4.682000000000003936e+00,5.000000000000000000e-01
4.683000000000004270e+00,5.000000000000000000e-01
4.684000000000003716e+00,5.000000000000000000e-01
4.685000000000004050e+00,5.000000000000000000e-01
4.686000000000004384e+00,5.000000000000000000e-01
4.687000000000003830e+00,5.000000000000000000e-01
4.688000000000004164e+00,5.000000000000000000e-01
4.689000000000003610e+00,5.000000000000000000e-01
4.690000000000003944e+00,5.000000000000000000e-01
4.691000000000004277e+00,5.000000000000000000e-01
4.692000000000003723e+00,5.000000000000000000e-01
4.693000000000004057e+00,5.000000000000000000e-01
4.694000000000004391e+00,5.000000000000000000e-01
4.695000000000003837e+00,5.000000000000000000e-01
4.696000000000004171e+00,5.000000000000000000e-01
4.697000000000004505e+00,5.000000000000000000e-01
4.698000000000003951e+00,5.000000000000000000e-01
4.699000000000004285e+00,5.000000000000000000e-01
4.700000000000003730e+00,5.000000000000000000e-01
4.701000000000004064e+00,5.000000000000000000e-01
4.702000000000004398e+00,5.000000000000000000e-01
4.703000000000003844e+00,5.000000000000000000e-01
4.704000000000004178e+00,5.000000000000000000e-01
4.705000000000003624e+00,5.000000000000000000e-01
4.706000000000003958e+00,5.000000000000000000e-01
4.707000000000004292e+00,5.000000000000000000e-01
4.708000000000003737e+00,5.000000000000000000e-01
4.709000000000004071e+00,5.000000000000000000e-01
4.710000000000004405e+00,5.000000000000000000e-01
4.711000000000003851e+00,5.000000000000000000e-01
4.712000000000004185e+00,5.000000000000000000e-01
4.713000000000004519e+00,5.000000000000000000e-01
4.714000000000003965e+00,5.000000000000000000e-01
4.715000000000004299e+00,5.000000000000000000e-01
4.716000000000003745e+00,5.000000000000000000e-01
4.717000000000004079e+00,5.000000000000000000e-01
4.718000000000004412e+00,5.000000000000000000e-01
4.719000000000003858e+00,5.000000000000000000e-01
4.720000000000004192e+00,5.000000000000000000e-01
4.721000000000003638e+00,5.000000000000000000e-01
4.722000000000003972e+00,5.000000000000000000e-01
4.723000000000004306e+00,5.000000000000000000e-01
4.724000000000003752e+00,5.000000000000000000e-01
4.725000000000004086e+00,5.000000000000000000e-01
4.726000000000004420e+00,5.000000000000000000e-01
4.727000000000003865e+00,5.000000000000000000e-01
4.728000000000004199e+00,5.000000000000000000e-01
4.729000000000004533e+00,5.000000000000000000e-01
4.730000000000003979e+00,5.000000000000000000e-01
4.731000000000004313e+00,5.000000000000000000e-01
4.732000000000003759e+00,5.000000000000000000e-01
4.733000000000004093e+00,5.000000000000000000e-01
4.734000000000004427e+00,5.000000000000000000e-01
4.735000000000003872e+00,5.000000000000000000e-01
4.736000000000004206e+00,5.000000000000000000e-01
4.737000000000003652e+00,5.000000000000000000e-01
4.738000000000003986e+00,5.000000000000000000e-01
4.739000000000004320e+00,5.000000000000000000e-01
4.740000000000003766e+00,5.000000000000000000e-01
4.741000000000004100e+00,5.000000000000000000e-01
4.742000000000004434e+00,5.000000000000000000e-01
4.743000000000003880e+00,5.000000000000000000e-01
4.744000000000004214e+00,5.000000000000000000e-01
4.745000000000004547e+00,5.000000000000000000e-01
4.746000000000003993e+00,5.000000000000000000e-01
4.747000000000004327e+00,5.000000000000000000e-01
4.748000000000003773e+00,5.000000000000000000e-01
4.749000000000004107e+00,5.000000000000000000e-01
4.750000000000004441e+00,5.000000000000000000e-01
4.751000000000003887e+00,5.000000000000000000e-01
4.752000000000004221e+00,5.000000000000000000e-01
4.753000000000003666e+00,5.000000000000000000e-01
4.754000000000004000e+00,5.000000000000000000e-01
4.755000000000004334e+00,5.000000000000000000e-01
4.756000000000003780e+00,5.000000000000000000e-01
4.757000000000004114e+00,5.000000000000000000e-01
4.758000000000004448e+00,5.000000000000000000e-01
4.759000000000003894e+00,5.000000000000000000e-01
4.760000000000004228e+00,5.000000000000000000e-01
4.761000000000004562e+00,5.000000000000000000e-01
4.762000000000004007e+00,5.000000000000000000e-01
4.763000000000004341e+00,5.000000000000000000e-01
4.764000000000003787e+00,5.000000000000000000e-01
4.765000000000004121e+00,5.000000000000000000e-01
4.766000000000004455e+00,5.000000000000000000e-01
4.767000000000003901e+00,5.000000000000000000e-01
4.768000000000004235e+00,5.000000000000000000e-01
4.769000000000003681e+00,5.000000000000000000e-01
4.770000000000004015e+00,5.000000000000000000e-01
4.771000000000004349e+00,5.000000000000000000e-01
4.772000000000003794e+00,5.000000000000000000e-01
4.773000000000004128e+00,5.000000000000000000e-01
4.774000000000004462e+00,5.000000000000000000e-01
4.775000000000003908e+00,5.000000000000000000e-01
4.776000000000004242e+00,5.000000000000000000e-01
4.777000000000004576e+00,5.000000000000000000e-01
4.778000000000004022e+00,5.000000000000000000e-01
4.779000000000004356e+00,5.000000000000000000e-01
4.780000000000003801e+00,5.000000000000000000e-01
4.781000000000004135e+00,5.000000000000000000e-01
4.782000000000004469e+00,5.000000000000000000e-01
4.783000000000003915e+00,5.000000000000000000e-01
4.784000000000004249e+00,5.000000000000000000e-01
4.785000000000003695e+00,5.000000000000000000e-01
4.786000000000004029e+00,5.000000000000000000e-01
4.787000000000004363e+00,5.000000000000000000e-01
4.788000000000003809e+00,5.000000000000000000e-01
4.789000000000004142e+00,5.000000000000000000e-01
4.790000000000004476e+00,5.000000000000000000e-01
4.791000000000003922e+00,5.000000000000000000e-01
4.792000000000004256e+00,5.000000000000000000e-01
4.793000000000004590e+00,5.000000000000000000e-01
4.794000000000004036e+00,5.000000000000000000e-01
4.795000000000004370e+00,5.000000000000000000e-01
4.796000000000003816e+00,5.000000000000000000e-01
4.797000000000004150e+00,5.000000000000000000e-01
4.798000000000004484e+00,5.000000000000000000e-01
4.799000000000003929e+00,5.000000000000000000e-01
4.800000000000004263e+00,5.000000000000000000e-01
4.801000000000003709e+00,5.000000000000000000e-01
4.802000000000004043e+00,5.000000000000000000e-01
4.803000000000004377e+00,5.000000000000000000e-01
4.804000000000003823e+00,5.000000000000000000e-01
4.805000000000004157e+00,5.000000000000000000e-01
4.806000000000004491e+00,5.000000000000000000e-01
4.807000000000003936e+00,5.000000000000000000e-01
4.808000000000004270e+00,5.000000000000000000e-01
4.809000000000004604e+00,5.000000000000000000e-01
4.810000000000004050e+00,5.000000000000000000e-01
4.811000000000004384e+00,5.000000000000000000e-01
4.812000000000003830e+00,5.000000000000000000e-01
4.813000000000004164e+00,5.000000000000000000e-01
4.814000000000004498e+00,5.000000000000000000e-01
4.815000000000003944e+00,5.000000000000000000e-01
4.816000000000004277e+00,5.000000000000000000e-01
4.817000000000003723e+00,5.000000000000000000e-01
4.818000000000004057e+00,5.000000000000000000e-01
4.819000000000004391e+00,5.000000000000000000e-01
4.820000000000003837e+00,5.000000000000000000e-01
4.821000000000004171e+00,5.000000000000000000e-01
4.822000000000004505e+00,5.000000000000000000e-01
4.823000000000003951e+00,5.000000000000000000e-01
4.824000000000004285e+00,5.000000000000000000e-01
4.825000000000004619e+00,5.000000000000000000e-01
4.826000000000004064e+00,5.000000000000000000e-01
4.827000000000004398e+00,5.000000000000000000e-01
4.828000000000003844e+00,5.000000000000000000e-01
4.829000000000004178e+00,5.000000000000000000e-01
4.830000000000004512e+00,5.000000000000000000e-01
4.831000000000003958e+00,5.000000000000000000e-01
4.832000000000004292e+00,5.000000000000000000e-01
4.833000000000003737e+00,5.000000000000000000e-01
4.834000000000004071e+00,5.000000000000000000e-01
4.835000000000004405e+00,5.000000000000000000e-01
4.836000000000003851e+00,5.000000000000000000e-01
4.837000000000004185e+00,5.000000000000000000e-01
4.838000000000004519e+00,5.000000000000000000e-01
4.839000000000003965e+00,5.000000000000000000e-01
4.840000000000004299e+00,5.000000000000000000e-01
4.841000000000004633e+00,5.000000000000000000e-01
4.842000000000004079e+00,5.000000000000000000e-01
4.843000000000004412e+00,5.000000000000000000e-01
4.844000000000003858e+00,5.000000000000000000e-01
4.845000000000004192e+00,5.000000000000000000e-01
4.846000000000004526e+00,5.000000000000000000e-01
4.847000000000003972e+00,5.000000000000000000e-01
4.848000000000004306e+00,5.000000000000000000e-01
4.849000000000003752e+00,5.000000000000000000e-01
4.850000000000004086e+00,5.000000000000000000e-01
4.851000000000004420e+00,5.000000000000000000e-01
4.852000000000003865e+00,5.000000000000000000e-01
4.853000000000004199e+00,5.000000000000000000e-01
4.854000000000004533e+00,5.000000000000000000e-01
4.855000000000003979e+00,5.000000000000000000e-01
4.856000000000004313e+00,5.000000000000000000e-01
4.857000000000004647e+00,5.000000000000000000e-01
4.858000000000004093e+00,5.000000000000000000e-01
4.859000000000004427e+00,5.000000000000000000e-01
4.860000000000003872e+00,5.000000000000000000e-01
4.861000000000004206e+00,5.000000000000000000e-01
4.862000000000004540e+00,5.000000000000000000e-01
4.863000000000003986e+00,5.000000000000000000e-01
4.864000000000004320e+00,5.000000000000000000e-01
4.865000000000003766e+00,5.000000000000000000e-01
4.866000000000004100e+00,5.000000000000000000e-01
4.867000000000004434e+00,5.000000000000000000e-01
4.868000000000003880e+00,5.000000000000000000e-01
4.869000000000004214e+00,5.000000000000000000e-01
4.870000000000004547e+00,5.000000000000000000e-01
4.871000000000003993e+00,5.000000000000000000e-01
4.872000000000004327e+00,5.000000000000000000e-01
4.873000000000004661e+00,5.000000000000000000e-01
4.874000000000004107e+00,5.000000000000000000e-01
4.875000000000004441e+00,5.000000000000000000e-01
4.876000000000003887e+00,5.000000000000000000e-01
4.877000000000004221e+00,5.000000000000000000e-01
4.878000000000004555e+00,5.000000000000000000e-01
4.879000000000004000e+00,5.000000000000000000e-01
4.880000000000004334e+00,5.000000000000000000e-01
4.881000000000003780e+00,5.000000000000000000e-01
4.882000000000004114e+00,5.000000000000000000e-01
4.883000000000004448e+00,5.000000000000000000e-01
4.884000000000003894e+00,5.000000000000000000e-01
4.885000000000004228e+00,5.000000000000000000e-01
4.886000000000004562e+00,5.000000000000000000e-01
4.887000000000004007e+00,5.000000000000000000e-01
4.888000000000004341e+00,5.000000000000000000e-01
4.889000000000004675e+00,5.000000000000000000e-01
4.890000000000004121e+00,5.000000000000000000e-01
4.891000000000004455e+00,5.000000000000000000e-01
4.892000000000003901e+00,5.000000000000000000e-01
4.893000000000004235e+00,5.000000000000000000e-01
4.894000000000004569e+00,5.000000000000000000e-01
4.895000000000004015e+00,5.000000000000000000e-01
4.896000000000004349e+00,5.000000000000000000e-01
4.897000000000003794e+00,5.000000000000000000e-01
4.898000000000004128e+00,5.000000000000000000e-01
4.899000000000004462e+00,5.000000000000000000e-01
4.900000000000003908e+00,5.000000000000000000e-01
4.901000000000004242e+00,5.000000000000000000e-01
4.902000000000004576e+00,5.000000000000000000e-01
4.903000000000004022e+00,5.000000000000000000e-01
4.904000000000004356e+00,5.000000000000000000e-01
4.905000000000004690e+00,5.000000000000000000e-01
4.906000000000004135e+00,5.000000000000000000e-01
4.907000000000004469e+00,5.000000000000000000e-01
4.908000000000003915e+00,5.000000000000000000e-01
4.909000000000004249e+00,5.000000000000000000e-01
4.910000000000004583e+00,5.000000000000000000e-01
4.911000000000004029e+00,5.000000000000000000e-01
4.912000000000004363e+00,5.000000000000000000e-01
4.913000000000003809e+00,5.000000000000000000e-01
4.914000000000004142e+00,5.000000000000000000e-01
4.915000000000004476e+00,5.000000000000000000e-01
4.916000000000003922e+00,5.000000000000000000e-01
4.917000000000004256e+00,5.000000000000000000e-01
4.918000000000004590e+00,5.000000000000000000e-01
4.919000000000004036e+00,5.000000000000000000e-01
4.920000000000004370e+00,5.000000000000000000e-01
4.921000000000004704e+00,5.000000000000000000e-01
4.922000000000004150e+00,5.000000000000000000e-01
4.923000000000004484e+00,5.000000000000000000e-01
4.924000000000003929e+00,5.000000000000000000e-01
4.925000000000004263e+00,5.000000000000000000e-01
4.926000000000004597e+00,5.000000000000000000e-01
4.927000000000004043e+00,5.000000000000000000e-01
4.928000000000004377e+00,5.000000000000000000e-01
4.929000000000003823e+00,5.000000000000000000e-01
4.930000000000004157e+00,5.000000000000000000e-01
4.931000000000004491e+00,5.000000000000000000e-01
4.932000000000003936e+00,5.000000000000000000e-01
4.933000000000004270e+00,5.000000000000000000e-01
4.934000000000004604e+00,5.000000000000000000e-01
4.935000000000004050e+00,5.000000000000000000e-01
4.936000000000004384e+00,5.000000000000000000e-01
4.937000000000004718e+00,5.000000000000000000e-01
4.938000000000004164e+00,5.000000000000000000e-01
4.939000000000004498e+00,5.000000000000000000e-01
4.940000000000003944e+00,5.000000000000000000e-01
4.941000000000004277e+00,5.000000000000000000e-01
4.942000000000004611e+00,5.000000000000000000e-01
4.943000000000004057e+00,5.000000000000000000e-01
4.944000000000004391e+00,5.000000000000000000e-01
4.945000000000003837e+00,5.000000000000000000e-01
4.946000000000004171e+00,5.000000000000000000e-01
4.947000000000004505e+00,5.000000000000000000e-01
4.948000000000003951e+00,5.000000000000000000e-01
4.949000000000004285e+00,5.000000000000000000e-01
4.950000000000004619e+00,5.000000000000000000e-01
4.951000000000004064e+00,5.000000000000000000e-01
4.952000000000004398e+00,5.000000000000000000e-01
4.953000000000004732e+00,5.000000000000000000e-01
4.954000000000004178e+00,5.000000000000000000e-01
4.955000000000004512e+00,5.000000000000000000e-01
4.956000000000003958e+00,5.000000000000000000e-01
4.957000000000004292e+00,5.000000000000000000e-01
4.958000000000004626e+00,5.000000000000000000e-01
4.959000000000004071e+00,5.000000000000000000e-01
4.960000000000004405e+00,5.000000000000000000e-01
4.961000000000003851e+00,5.000000000000000000e-01
4.962000000000004185e+00,5.000000000000000000e-01
4.963000000000004519e+00,5.000000000000000000e-01
4.964000000000003965e+00,5.000000000000000000e-01
4.965000000000004299e+00,5.000000000000000000e-01
4.966000000000004633e+00,5.000000000000000000e-01
4.967000000000004079e+00,5.000000000000000000e-01
4.968000000000004412e+00,5.000000000000000000e-01
4.969000000000004746e+00,5.000000000000000000e-01
4.970000000000004192e+00,5.000000000000000000e-01
4.971000000000004526e+00,5.000000000000000000e-01
4.972000000000003972e+00,5.000000000000000000e-01
4.973000000000004306e+00,5.000000000000000000e-01
4.974000000000004640e+00,5.000000000000000000e-01
4.975000000000004086e+00,5.000000000000000000e-01
4.976000000000004420e+00,5.000000000000000000e-01
4.977000000000003865e+00,5.000000000000000000e-01
4.978000000000004199e+00,5.000000000000000000e-01
4.979000000000004533e+00,5.000000000000000000e-01
4.980000000000003979e+00,5.000000000000000000e-01
4.981000000000004313e+00,5.000000000000000000e-01
4.982000000000004647e+00,5.000000000000000000e-01
4.983000000000004093e+00,5.000000000000000000e-01
4.984000000000004427e+00,5.000000000000000000e-01
4.985000000000004761e+00,5.000000000000000000e-01
4.986000000000004206e+00,5.000000000000000000e-01
4.987000000000004540e+00,5.000000000000000000e-01
4.988000000000003986e+00,5.000000000000000000e-01
4.989000000000004320e+00,5.000000000000000000e-01
4.990000000000004654e+00,5.000000000000000000e-01
4.991000000000004100e+00,5.000000000000000000e-01
4.992000000000004434e+00,5.000000000000000000e-01
4.993000000000003880e+00,5.000000000000000000e-01
4.994000000000004214e+00,5.000000000000000000e-01
4.995000000000004547e+00,5.000000000000000000e-01
4.996000000000003993e+00,5.000000000000000000e-01
4.997000000000004327e+00,5.000000000000000000e-01
4.998000000000004661e+00,5.000000000000000000e-01
4.999000000000004107e+00,5.000000000000000000e-01
5.000000000000004441e+00,5.000000000000000000e-01
5.001000000000004775e+00,5.000000000000000000e-01
5.002000000000004221e+00,5.000000000000000000e-01
5.003000000000004555e+00,5.000000000000000000e-01
5.004000000000004000e+00,5.000000000000000000e-01
5.005000000000004334e+00,5.000000000000000000e-01
5.006000000000004668e+00,5.000000000000000000e-01
5.007000000000004114e+00,5.000000000000000000e-01
5.008000000000004448e+00,5.000000000000000000e-01
5.009000000000003894e+00,5.000000000000000000e-01
5.010000000000004228e+00,5.000000000000000000e-01
5.011000000000004562e+00,5.000000000000000000e-01
5.012000000000004007e+00,5.000000000000000000e-01
5.013000000000004341e+00,5.000000000000000000e-01
5.014000000000004675e+00,5.000000000000000000e-01
5.015000000000004121e+00,5.000000000000000000e-01
5.016000000000004455e+00,5.000000000000000000e-01
5.017000000000004789e+00,5.000000000000000000e-01
5.018000000000004235e+00,5.000000000000000000e-01
5.019000000000004569e+00,5.000000000000000000e-01
5.020000000000004015e+00,5.000000000000000000e-01
5.021000000000004349e+00,5.000000000000000000e-01
5.022000000000004682e+00,5.000000000000000000e-01
5.023000000000004128e+00,5.000000000000000000e-01
5.024000000000004462e+00,5.000000000000000000e-01
5.025000000000003908e+00,5.000000000000000000e-01
5.026000000000004242e+00,5.000000000000000000e-01
5.027000000000004576e+00,5.000000000000000000e-01
5.028000000000004022e+00,5.000000000000000000e-01
5.029000000000004356e+00,5.000000000000000000e-01
5.030000000000004690e+00,5.000000000000000000e-01
5.031000000000004135e+00,5.000000000000000000e-01
5.032000000000004469e+00,5.000000000000000000e-01
5.033000000000004803e+00,5.000000000000000000e-01
5.034000000000004249e+00,5.000000000000000000e-01
5.035000000000004583e+00,5.000000000000000000e-01
5.036000000000004029e+00,5.000000000000000000e-01
5.037000000000004363e+00,5.000000000000000000e-01
5.038000000000004697e+00,5.000000000000000000e-01
5.039000000000004142e+00,5.000000000000000000e-01
5.040000000000004476e+00,5.000000000000000000e-01
5.041000000000003922e+00,5.000000000000000000e-01
5.042000000000004256e+00,5.000000000000000000e-01
5.043000000000004590e+00,5.000000000000000000e-01
5.044000000000004036e+00,5.000000000000000000e-01
5.045000000000004370e+00,5.000000000000000000e-01
5.046000000000004704e+00,5.000000000000000000e-01
5.047000000000004150e+00,5.000000000000000000e-01
5.048000000000004484e+00,5.000000000000000000e-01
5.049000000000004817e+00,5.000000000000000000e-01
5.050000000000004263e+00,5.000000000000000000e-01
5.051000000000004597e+00,5.000000000000000000e-01
5.052000000000004043e+00,5.000000000000000000e-01
5.053000000000004377e+00,5.000000000000000000e-01
5.054000000000004711e+00,5.000000000000000000e-01
5.055000000000004157e+00,5.000000000000000000e-01
5.056000000000004491e+00,5.000000000000000000e-01
5.057000000000003936e+00,5.000000000000000000e-01
5.058000000000004270e+00,5.000000000000000000e-01
5.059000000000004604e+00,5.000000000000000000e-01
5.060000000000004050e+00,5.000000000000000000e-01
5.061000000000004384e+00,5.000000000000000000e-01
5.062000000000004718e+00,5.000000000000000000e-01
5.063000000000004164e+00,5.000000000000000000e-01
5.064000000000004498e+00,5.000000000000000000e-01
5.065000000000004832e+00,5.000000000000000000e-01
5.066000000000004277e+00,5.000000000000000000e-01
5.067000000000004611e+00,5.000000000000000000e-01
5.068000000000004057e+00,5.000000000000000000e-01
5.069000000000004391e+00,5.000000000000000000e-01
5.070000000000004725e+00,5.000000000000000000e-01
5.071000000000004171e+00,5.000000000000000000e-01
5.072000000000004505e+00,5.000000000000000000e-01
5.073000000000003951e+00,5.000000000000000000e-01
5.074000000000004285e+00,5.000000000000000000e-01
5.075000000000004619e+00,5.000000000000000000e-01
5.076000000000004064e+00,5.000000000000000000e-01
5.077000000000004398e+00,5.000000000000000000e-01
5.078000000000004732e+00,5.000000000000000000e-01
5.079000000000004178e+00,5.000000000000000000e-01
5.080000000000004512e+00,5.000000000000000000e-01
5.081000000000004846e+00,5.000000000000000000e-01
5.082000000000004292e+00,5.000000000000000000e-01
5.083000000000004626e+00,5.000000000000000000e-01
5.084000000000004071e+00,5.000000000000000000e-01
5.085000000000004405e+00,5.000000000000000000e-01
5.086000000000004739e+00,5.000000000000000000e-01
5.087000000000004185e+00,5.000000000000000000e-01
5.088000000000004519e+00,5.000000000000000000e-01
5.089000000000003965e+00,5.000000000000000000e-01
5.090000000000004299e+00,5.000000000000000000e-01
5.091000000000004633e+00,5.000000000000000000e-01
5.092000000000004079e+00,5.000000000000000000e-01
5.093000000000004412e+00,5.000000000000000000e-01
5.094000000000004746e+00,5.000000000000000000e-01
5.095000000000004192e+00,5.000000000000000000e-01
5.096000000000004526e+00,5.000000000000000000e-01
5.097000000000004860e+00,5.000000000000000000e-01
5.098000000000004306e+00,5.000000000000000000e-01
5.099000000000004640e+00,5.000000000000000000e-01
5.100000000000004086e+00,5.000000000000000000e-01
5.101000000000004420e+00,5.000000000000000000e-01
5.102000000000004754e+00,5.000000000000000000e-01
5.103000000000004199e+00,5.000000000000000000e-01
5.104000000000004533e+00,5.000000000000000000e-01
5.105000000000003979e+00,5.000000000000000000e-01
5.106000000000004313e+00,5.000000000000000000e-01
5.107000000000004647e+00,5.000000000000000000e-01
5.108000000000004093e+00,5.000000000000000000e-01
5.109000000000004427e+00,5.000000000000000000e-01
5.110000000000004761e+00,5.000000000000000000e-01
5.111000000000004206e+00,5.000000000000000000e-01
5.112000000000004540e+00,5.000000000000000000e-01
5.113000000000004874e+00,5.000000000000000000e-01
5.114000000000004320e+00,5.000000000000000000e-01
5.115000000000004654e+00,5.000000000000000000e-01
5.116000000000004100e+00,5.000000000000000000e-01
5.117000000000004434e+00,5.000000000000000000e-01
5.118000000000004768e+00,5.000000000000000000e-01
5.119000000000004214e+00,5.000000000000000000e-01
5.120000000000004547e+00,5.000000000000000000e-01
5.121000000000003993e+00,5.000000000000000000e-01
5.122000000000004327e+00,5.000000000000000000e-01
5.123000000000004661e+00,5.000000000000000000e-01
5.124000000000004107e+00,5.000000000000000000e-01
5.125000000000004441e+00,5.000000000000000000e-01
5.126000000000004775e+00,5.000000000000000000e-01
5.127000000000004221e+00,5.000000000000000000e-01
5.128000000000004555e+00,5.000000000000000000e-01
5.129000000000004889e+00,5.000000000000000000e-01
5.130000000000004334e+00,5.000000000000000000e-01
5.131000000000004668e+00,5.000000000000000000e-01
5.132000000000004114e+00,5.000000000000000000e-01
5.133000000000004448e+00,5.000000000000000000e-01
5.134000000000004782e+00,5.000000000000000000e-01
5.135000000000004228e+00,5.000000000000000000e-01
5.136000000000004562e+00,5.000000000000000000e-01
5.137000000000004007e+00,5.000000000000000000e-01
5.138000000000004341e+00,5.000000000000000000e-01
5.139000000000004675e+00,5.000000000000000000e-01
5.140000000000004121e+00,5.000000000000000000e-01
5.141000000000004455e+00,5.000000000000000000e-01
5.142000000000004789e+00,5.000000000000000000e-01
5.143000000000004235e+00,5.000000000000000000e-01
5.144000000000004569e+00,5.000000000000000000e-01
5.145000000000004903e+00,5.000000000000000000e-01
5.146000000000004349e+00,5.000000000000000000e-01
5.147000000000004682e+00,5.000000000000000000e-01
5.148000000000004128e+00,5.000000000000000000e-01
5.149000000000004462e+00,5.000000000000000000e-01
5.150000000000004796e+00,5.000000000000000000e-01
5.151000000000004242e+00,5.000000000000000000e-01
5.152000000000004576e+00,5.000000000000000000e-01
5.153000000000004022e+00,5.000000000000000000e-01
5.154000000000004356e+00,5.000000000000000000e-01
5.155000000000004690e+00,5.000000000000000000e-01
5.156000000000004135e+00,5.000000000000000000e-01
5.157000000000004469e+00,5.000000000000000000e-01
5.158000000000004803e+00,5.000000000000000000e-01
5.159000000000004249e+00,5.000000000000000000e-01
5.160000000000004583e+00,5.000000000000000000e-01
5.161000000000004917e+00,5.000000000000000000e-01
5.162000000000004363e+00,5.000000000000000000e-01
5.163000000000004697e+00,5.000000000000000000e-01
5.164000000000004142e+00,5.000000000000000000e-01
5.165000000000004476e+00,5.000000000000000000e-01
5.166000000000004810e+00,5.000000000000000000e-01
5.167000000000004256e+00,5.000000000000000000e-01
5.168000000000004590e+00,5.000000000000000000e-01
5.169000000000004036e+00,5.000000000000000000e-01
5.170000000000004370e+00,5.000000000000000000e-01
5.171000000000004704e+00,5.000000000000000000e-01
5.172000000000004150e+00,5.000000000000000000e-01
5.173000000000004484e+00,5.000000000000000000e-01
5.174000000000004817e+00,5.000000000000000000e-01
5.175000000000004263e+00,5.000000000000000000e-01
5.176000000000004597e+00,5.000000000000000000e-01
5.177000000000004931e+00,5.000000000000000000e-01
5.178000000000004377e+00,5.000000000000000000e-01
5.179000000000004711e+00,5.000000000000000000e-01
5.180000000000004157e+00,5.000000000000000000e-01
5.181000000000004491e+00,5.000000000000000000e-01
5.182000000000004825e+00,5.000000000000000000e-01
5.183000000000004270e+00,5.000000000000000000e-01
5.184000000000004604e+00,5.000000000000000000e-01
5.185000000000004050e+00,5.000000000000000000e-01
5.186000000000004384e+00,5.000000000000000000e-01
5.187000000000004718e+00,5.000000000000000000e-01
5.188000000000004164e+00,5.000000000000000000e-01
5.189000000000004498e+00,5.000000000000000000e-01
5.190000000000004832e+00,5.000000000000000000e-01
5.191000000000004277e+00,5.000000000000000000e-01
5.192000000000004611e+00,5.000000000000000000e-01
5.193000000000004945e+00,5.000000000000000000e-01
5.194000000000004391e+00,5.000000000000000000e-01
5.195000000000004725e+00,5.000000000000000000e-01
5.196000000000004171e+00,5.000000000000000000e-01
5.197000000000004505e+00,5.000000000000000000e-01
5.198000000000004839e+00,5.000000000000000000e-01
5.199000000000004285e+00,5.000000000000000000e-01
5.200000000000004619e+00,5.000000000000000000e-01
5.201000000000004064e+00,5.000000000000000000e-01
5.202000000000004398e+00,5.000000000000000000e-01
5.203000000000004732e+00,5.000000000000000000e-01
5.204000000000004178e+00,5.000000000000000000e-01
5.205000000000004512e+00,5.000000000000000000e-01
5.206000000000004846e+00,5.000000000000000000e-01
5.207000000000004292e+00,5.000000000000000000e-01
5.208000000000004626e+00,5.000000000000000000e-01
5.209000000000004960e+00,5.000000000000000000e-01
5.210000000000004405e+00,5.000000000000000000e-01
5.211000000000004739e+00,5.000000000000000000e-01
5.212000000000004185e+00,5.000000000000000000e-01
5.213000000000004519e+00,5.000000000000000000e-01
5.214000000000004853e+00,5.000000000000000000e-01
5.215000000000004299e+00,5.000000000000000000e-01
5.216000000000004633e+00,5.000000000000000000e-01
5.217000000000004079e+00,5.000000000000000000e-01
5.218000000000004412e+00,5.000000000000000000e-01
5.219000000000004746e+00,5.000000000000000000e-01
5.220000000000004192e+00,5.000000000000000000e-01
5.221000000000004526e+00,5.000000000000000000e-01
5.222000000000004860e+00,5.000000000000000000e-01
5.223000000000004306e+00,5.000000000000000000e-01
5.224000000000004640e+00,5.000000000000000000e-01
5.225000000000004974e+00,5.000000000000000000e-01
5.226000000000004420e+00,5.000000000000000000e-01
5.227000000000004754e+00,5.000000000000000000e-01
5.228000000000004199e+00,5.000000000000000000e-01
5.229000000000004533e+00,5.000000000000000000e-01
5.230000000000004867e+00,5.000000000000000000e-01
5.231000000000004313e+00,5.000000000000000000e-01
5.232000000000004647e+00,5.000000000000000000e-01
5.233000000000004093e+00,5.000000000000000000e-01
5.234000000000004427e+00,5.000000000000000000e-01
5.235000000000004761e+00,5.000000000000000000e-01
5.236000000000004206e+00,5.000000000000000000e-01
5.237000000000004540e+00,5.000000000000000000e-01
5.238000000000004874e+00,5.000000000000000000e-01
5.239000000000004320e+00,5.000000000000000000e-01
5.240000000000004654e+00,5.000000000000000000e-01
5.241000000000004988e+00,5.000000000000000000e-01
5.242000000000004434e+00,5.000000000000000000e-01
5.243000000000004768e+00,5.000000000000000000e-01
5.244000000000004214e+00,5.000000000000000000e-01
5.245000000000004547e+00,5.000000000000000000e-01
5.246000000000004881e+00,5.000000000000000000e-01
5.247000000000004327e+00,5.000000000000000000e-01
5.248000000000004661e+00,5.000000000000000000e-01
5.249000000000004107e+00,5.000000000000000000e-01
5.250000000000004441e+00,5.000000000000000000e-01
5.251000000000004775e+00,5.000000000000000000e-01
5.252000000000004221e+00,5.000000000000000000e-01
5.253000000000004555e+00,5.000000000000000000e-01
5.254000000000004889e+00,5.000000000000000000e-01
5.255000000000004334e+00,5.000000000000000000e-01
5.256000000000004668e+00,5.000000000000000000e-01
5.257000000000005002e+00,5.000000000000000000e-01
5.258000000000004448e+00,5.000000000000000000e-01
5.259000000000004782e+00,5.000000000000000000e-01
5.260000000000004228e+00,5.000000000000000000e-01
5.261000000000004562e+00,5.000000000000000000e-01
5.262000000000004896e+00,5.000000000000000000e-01
5.263000000000004341e+00,5.000000000000000000e-01
5.264000000000004675e+00,5.000000000000000000e-01
5.265000000000004121e+00,5.000000000000000000e-01
5.266000000000004455e+00,5.000000000000000000e-01
5.267000000000004789e+00,5.000000000000000000e-01
5.268000000000004235e+00,5.000000000000000000e-01
5.269000000000004569e+00,5.000000000000000000e-01
5.270000000000004903e+00,5.000000000000000000e-01
5.271000000000004349e+00,5.000000000000000000e-01
5.272000000000004682e+00,5.000000000000000000e-01
5.273000000000005016e+00,5.000000000000000000e-01
5.274000000000004462e+00,5.000000000000000000e-01
5.275000000000004796e+00,5.000000000000000000e-01
5.276000000000004242e+00,5.000000000000000000e-01
5.277000000000004576e+00,5.000000000000000000e-01
5.278000000000004910e+00,5.000000000000000000e-01
5.279000000000004356e+00,5.000000000000000000e-01
5.280000000000004690e+00,5.000000000000000000e-01
5.281000000000004135e+00,5.000000000000000000e-01
5.282000000000004469e+00,5.000000000000000000e-01
5.283000000000004803e+00,5.000000000000000000e-01
5.284000000000004249e+00,5.000000000000000000e-01
5.285000000000004583e+00,5.000000000000000000e-01
5.286000000000004917e+00,5.000000000000000000e-01
5.287000000000004363e+00,5.000000000000000000e-01
5.288000000000004697e+00,5.000000000000000000e-01
5.289000000000005031e+00,5.000000000000000000e-01
5.290000000000004476e+00,5.000000000000000000e-01
5.291000000000004810e+00,5.000000000000000000e-01
5.292000000000004256e+00,5.000000000000000000e-01
5.293000000000004590e+00,5.000000000000000000e-01
5.294000000000004924e+00,5.000000000000000000e-01
5.295000000000004370e+00,5.000000000000000000e-01
5.296000000000004704e+00,5.000000000000000000e-01
5.297000000000004150e+00,5.000000000000000000e-01
5.298000000000004484e+00,5.000000000000000000e-01
5.299000000000004817e+00,5.000000000000000000e-01
5.300000000000004263e+00,5.000000000000000000e-01
5.301000000000004597e+00,5.000000000000000000e-01
5.302000000000004931e+00,5.000000000000000000e-01
5.303000000000004377e+00,5.000000000000000000e-01
5.304000000000004711e+00,5.000000000000000000e-01
5.305000000000005045e+00,5.000000000000000000e-01
5.306000000000004491e+00,5.000000000000000000e-01
5.307000000000004825e+00,5.000000000000000000e-01
5.308000000000004270e+00,5.000000000000000000e-01
5.309000000000004604e+00,5.000000000000000000e-01
5.310000000000004938e+00,5.000000000000000000e-01
5.311000000000004384e+00,5.000000000000000000e-01
5.312000000000004718e+00,5.000000000000000000e-01
5.313000000000004164e+00,5.000000000000000000e-01
5.314000000000004498e+00,5.000000000000000000e-01
5.315000000000004832e+00,5.000000000000000000e-01
5.316000000000004277e+00,5.000000000000000000e-01
5.317000000000004611e+00,5.000000000000000000e-01
5.318000000000004945e+00,5.000000000000000000e-01
5.319000000000004391e+00,5.000000000000000000e-01
5.320000000000004725e+00,5.000000000000000000e-01
5.321000000000005059e+00,5.000000000000000000e-01
5.322000000000004505e+00,5.000000000000000000e-01
5.323000000000004839e+00,5.000000000000000000e-01
5.324000000000004285e+00,5.000000000000000000e-01
5.325000000000004619e+00,5.000000000000000000e-01
5.326000000000004952e+00,5.000000000000000000e-01
5.327000000000004398e+00,5.000000000000000000e-01
5.328000000000004732e+00,5.000000000000000000e-01
5.329000000000004178e+00,5.000000000000000000e-01
5.330000000000004512e+00,5.000000000000000000e-01
5.331000000000004846e+00,5.000000000000000000e-01
5.332000000000004292e+00,5.000000000000000000e-01
5.333000000000004626e+00,5.000000000000000000e-01
5.334000000000004960e+00,5.000000000000000000e-01
5.335000000000004405e+00,5.000000000000000000e-01
5.336000000000004739e+00,5.000000000000000000e-01
5.337000000000005073e+00,5.000000000000000000e-01
5.338000000000004519e+00,5.000000000000000000e-01
5.339000000000004853e+00,5.000000000000000000e-01
5.340000000000004299e+00,5.000000000000000000e-01
5.341000000000004633e+00,5.000000000000000000e-01
5.342000000000004967e+00,5.000000000000000000e-01
5.343000000000004412e+00,5.000000000000000000e-01
5.344000000000004746e+00,5.000000000000000000e-01
5.345000000000004192e+00,5.000000000000000000e-01
5.346000000000004526e+00,5.000000000000000000e-01
5.347000000000004860e+00,5.000000000000000000e-01
5.348000000000004306e+00,5.000000000000000000e-01
5.349000000000004640e+00,5.000000000000000000e-01
5.350000000000004974e+00,5.000000000000000000e-01
5.351000000000004420e+00,5.000000000000000000e-01
5.352000000000004754e+00,5.000000000000000000e-01
5.353000000000005087e+00,5.000000000000000000e-01
5.354000000000004533e+00,5.000000000000000000e-01
5.355000000000004867e+00,5.000000000000000000e-01
5.356000000000004313e+00,5.000000000000000000e-01
5.357000000000004647e+00,5.000000000000000000e-01
5.358000000000004981e+00,5.000000000000000000e-01
5.359000000000004427e+00,5.000000000000000000e-01
5.360000000000004761e+00,5.000000000000000000e-01
5.361000000000004206e+00,5.000000000000000000e-01
5.362000000000004540e+00,5.000000000000000000e-01
5.363000000000004874e+00,5.000000000000000000e-01
5.364000000000004320e+00,5.000000000000000000e-01
5.365000000000004654e+00,5.000000000000000000e-01
5.366000000000004988e+00,5.000000000000000000e-01
5.367000000000004434e+00,5.000000000000000000e-01
5.368000000000004768e+00,5.000000000000000000e-01
5.369000000000005102e+00,5.000000000000000000e-01
5.370000000000004547e+00,5.000000000000000000e-01
5.371000000000004881e+00,5.000000000000000000e-01
5.372000000000004327e+00,5.000000000000000000e-01
5.373000000000004661e+00,5.000000000000000000e-01
5.374000000000004995e+00,5.000000000000000000e-01
5.375000000000004441e+00,5.000000000000000000e-01
5.376000000000004775e+00,5.000000000000000000e-01
5.377000000000004221e+00,5.000000000000000000e-01
5.378000000000004555e+00,5.000000000000000000e-01
5.379000000000004889e+00,5.000000000000000000e-01
5.380000000000004334e+00,5.000000000000000000e-01
5.381000000000004668e+00,5.000000000000000000e-01
5.382000000000005002e+00,5.000000000000000000e-01
5.383000000000004448e+00,5.000000000000000000e-01
5.384000000000004782e+00,5.000000000000000000e-01
5.385000000000005116e+00,5.000000000000000000e-01
5.386000000000004562e+00,5.000000000000000000e-01
5.387000000000004896e+00,5.000000000000000000e-01
5.388000000000004341e+00,5.000000000000000000e-01
5.389000000000004675e+00,5.000000000000000000e-01
5.390000000000005009e+00,5.000000000000000000e-01
5.391000000000004455e+00,5.000000000000000000e-01
5.392000000000004789e+00,5.000000000000000000e-01
5.393000000000004235e+00,5.000000000000000000e-01
5.394000000000004569e+00,5.000000000000000000e-01
5.395000000000004903e+00,5.000000000000000000e-01
5.396000000000004349e+00,5.000000000000000000e-01
5.397000000000004682e+00,5.000000000000000000e-01
5.398000000000005016e+00,5.000000000000000000e-01
5.399000000000004462e+00,5.000000000000000000e-01
5.400000000000004796e+00,5.000000000000000000e-01
5.401000000000005130e+00,5.000000000000000000e-01
5.402000000000004576e+00,5.000000000000000000e-01
5.403000000000004910e+00,5.000000000000000000e-01
5.404000000000004356e+00,5.000000000000000000e-01
5.405000000000004690e+00,5.000000000000000000e-01
5.406000000000005024e+00,5.000000000000000000e-01
5.407000000000004469e+00,5.000000000000000000e-01
5.408000000000004803e+00,5.000000000000000000e-01
5.409000000000004249e+00,5.000000000000000000e-01
5.410000000000004583e+00,5.000000000000000000e-01
5.411000000000004917e+00,5.000000000000000000e-01
5.412000000000004363e+00,5.000000000000000000e-01
5.413000000000004697e+00,5.000000000000000000e-01
5.414000000000005031e+00,5.000000000000000000e-01
5.415000000000004476e+00,5.000000000000000000e-01
5.416000000000004810e+00,5.000000000000000000e-01
5.417000000000005144e+00,5.000000000000000000e-01
5.418000000000004590e+00,5.000000000000000000e-01
5.419000000000004924e+00,5.000000000000000000e-01
5.420000000000004370e+00,5.000000000000000000e-01
5.421000000000004704e+00,5.000000000000000000e-01
5.422000000000005038e+00,5.000000000000000000e-01
5.423000000000004484e+00,5.000000000000000000e-01
5.424000000000004817e+00,5.000000000000000000e-01
5.425000000000004263e+00,5.000000000000000000e-01
5.426000000000004597e+00,5.000000000000000000e-01
5.427000000000004931e+00,5.000000000000000000e-01
5.428000000000004377e+00,5.000000000000000000e-01
5.429000000000004711e+00,5.000000000000000000e-01
5.430000000000005045e+00,5.000000000000000000e-01
5.431000000000004491e+00,5.000000000000000000e-01
5.432000000000004825e+00,5.000000000000000000e-01
5.433000000000005159e+00,5.000000000000000000e-01
5.434000000000004604e+00,5.000000000000000000e-01
5.435000000000004938e+00,5.000000000000000000e-01
5.436000000000004384e+00,5.000000000000000000e-01
5.437000000000004718e+00,5.000000000000000000e-01
5.438000000000005052e+00,5.000000000000000000e-01
5.439000000000004498e+00,5.000000000000000000e-01
5.440000000000004832e+00,5.000000000000000000e-01
5.441000000000004277e+00,5.000000000000000000e-01
5.442000000000004611e+00,5.000000000000000000e-01
5.443000000000004945e+00,5.000000000000000000e-01
5.444000000000004391e+00,5.000000000000000000e-01
5.445000000000004725e+00,5.000000000000000000e-01
5.446000000000005059e+00,5.000000000000000000e-01
5.447000000000004505e+00,5.000000000000000000e-01
5.448000000000004839e+00,5.000000000000000000e-01
5.449000000000005173e+00,5.000000000000000000e-01
5.450000000000004619e+00,5.000000000000000000e-01
5.451000000000004952e+00,5.000000000000000000e-01
5.452000000000004398e+00,5.000000000000000000e-01
5.453000000000004732e+00,5.000000000000000000e-01
5.454000000000005066e+00,5.000000000000000000e-01
5.455000000000004512e+00,5.000000000000000000e-01
5.456000000000004846e+00,5.000000000000000000e-01
5.457000000000004292e+00,5.000000000000000000e-01
5.458000000000004626e+00,5.000000000000000000e-01
5.459000000000004960e+00,5.000000000000000000e-01
5.460000000000004405e+00,5.000000000000000000e-01
5.461000000000004739e+00,5.000000000000000000e-01
5.462000000000005073e+00,5.000000000000000000e-01
5.463000000000004519e+00,5.000000000000000000e-01
5.464000000000004853e+00,5.000000000000000000e-01
5.465000000000005187e+00,5.000000000000000000e-01
5.466000000000004633e+00,5.000000000000000000e-01
5.467000000000004967e+00,5.000000000000000000e-01
5.468000000000004412e+00,5.000000000000000000e-01
5.469000000000004746e+00,5.000000000000000000e-01
5.470000000000005080e+00,5.000000000000000000e-01
5.471000000000004526e+00,5.000000000000000000e-01
5.472000000000004860e+00,5.000000000000000000e-01
5.473000000000004306e+00,5.000000000000000000e-01
5.474000000000004640e+00,5.000000000000000000e-01
5.475000000000004974e+00,5.000000000000000000e-01
5.476000000000004420e+00,5.000000000000000000e-01
5.477000000000004754e+00,5.000000000000000000e-01
5.478000000000005087e+00,5.000000000000000000e-01
5.479000000000004533e+00,5.000000000000000000e-01
5.480000000000004867e+00,5.000000000000000000e-01
5.481000000000005201e+00,5.000000000000000000e-01
5.482000000000004647e+00,5.000000000000000000e-01
5.483000000000004981e+00,5.000000000000000000e-01
5.484000000000004427e+00,5.000000000000000000e-01
5.485000000000004761e+00,5.000000000000000000e-01
5.486000000000005095e+00,5.000000000000000000e-01
5.487000000000004540e+00,5.000000000000000000e-01
5.488000000000004874e+00,5.000000000000000000e-01
5.489000000000004320e+00,5.000000000000000000e-01
5.490000000000004654e+00,5.000000000000000000e-01
5.491000000000004988e+00,5.000000000000000000e-01
5.492000000000004434e+00,5.000000000000000000e-01
5.493000000000004768e+00,5.000000000000000000e-01
5.494000000000005102e+00,5.000000000000000000e-01
5.495000000000004547e+00,5.000000000000000000e-01
5.496000000000004881e+00,5.000000000000000000e-01
5.497000000000005215e+00,5.000000000000000000e-01
5.498000000000004661e+00,5.000000000000000000e-01
5.499000000000004995e+00,5.000000000000000000e-01
5.500000000000004441e+00,5.000000000000000000e-01
5.501000000000004775e+00,5.000000000000000000e-01
5.502000000000005109e+00,5.000000000000000000e-01
5.503000000000004555e+00,5.000000000000000000e-01
5.504000000000004889e+00,5.000000000000000000e-01
5.505000000000004334e+00,5.000000000000000000e-01
5.506000000000004668e+00,5.000000000000000000e-01
5.507000000000005002e+00,5.000000000000000000e-01
5.508000000000004448e+00,5.000000000000000000e-01
5.509000000000004782e+00,5.000000000000000000e-01
5.510000000000005116e+00,5.000000000000000000e-01
5.511000000000004562e+00,5.000000000000000000e-01
5.512000000000004896e+00,5.000000000000000000e-01
5.513000000000005230e+00,5.000000000000000000e-01
5.514000000000004675e+00,5.000000000000000000e-01
5.515000000000005009e+00,5.000000000000000000e-01
5.516000000000004455e+00,5.000000000000000000e-01
5.517000000000004789e+00,5.000000000000000000e-01
5.518000000000005123e+00,5.000000000000000000e-01
5.519000000000004569e+00,5.000000000000000000e-01
5.520000000000004903e+00,5.000000000000000000e-01
5.521000000000004349e+00,5.000000000000000000e-01
5.522000000000004682e+00,5.000000000000000000e-01
5.523000000000005016e+00,5.000000000000000000e-01
5.524000000000004462e+00,5.000000000000000000e-01
5.525000000000004796e+00,5.000000000000000000e-01
5.526000000000005130e+00,5.000000000000000000e-01
5.527000000000004576e+00,5.000000000000000000e-01
5.528000000000004910e+00,5.000000000000000000e-01
5.529000000000005244e+00,5.000000000000000000e-01
5.530000000000004690e+00,5.000000000000000000e-01
5.531000000000005024e+00,5.000000000000000000e-01
5.532000000000004469e+00,5.000000000000000000e-01
5.533000000000004803e+00,5.000000000000000000e-01
5.534000000000005137e+00,5.000000000000000000e-01
5.535000000000004583e+00,5.000000000000000000e-01
5.536000000000004917e+00,5.000000000000000000e-01
5.537000000000004363e+00,5.000000000000000000e-01
5.538000000000004697e+00,5.000000000000000000e-01
5.539000000000005031e+00,5.000000000000000000e-01
5.540000000000004476e+00,5.000000000000000000e-01
5.541000000000004810e+00,5.000000000000000000e-01
5.542000000000005144e+00,5.000000000000000000e-01
5.543000000000004590e+00,5.000000000000000000e-01
5.544000000000004924e+00,5.000000000000000000e-01
5.545000000000005258e+00,5.000000000000000000e-01
5.546000000000004704e+00,5.000000000000000000e-01
5.547000000000005038e+00,5.000000000000000000e-01
5.548000000000004484e+00,5.000000000000000000e-01
5.549000000000004817e+00,5.000000000000000000e-01
5.550000000000005151e+00,5.000000000000000000e-01
5.551000000000004597e+00,5.000000000000000000e-01
5.552000000000004931e+00,5.000000000000000000e-01
5.553000000000004377e+00,5.000000000000000000e-01
5.554000000000004711e+00,5.000000000000000000e-01
5.555000000000005045e+00,5.000000000000000000e-01
5.556000000000004491e+00,5.000000000000000000e-01
5.557000000000004825e+00,5.000000000000000000e-01
5.558000000000005159e+00,5.000000000000000000e-01
5.559000000000004604e+00,5.000000000000000000e-01
5.560000000000004938e+00,5.000000000000000000e-01
5.561000000000005272e+00,5.000000000000000000e-01
5.562000000000004718e+00,5.000000000000000000e-01
5.563000000000005052e+00,5.000000000000000000e-01
5.564000000000004498e+00,5.000000000000000000e-01
5.565000000000004832e+00,5.000000000000000000e-01
5.566000000000005166e+00,5.000000000000000000e-01
5.567000000000004611e+00,5.000000000000000000e-01
5.568000000000004945e+00,5.000000000000000000e-01
5.569000000000004391e+00,5.000000000000000000e-01
5.570000000000004725e+00,5.000000000000000000e-01
5.571000000000005059e+00,5.000000000000000000e-01
5.572000000000004505e+00,5.000000000000000000e-01
5.573000000000004839e+00,5.000000000000000000e-01
5.574000000000005173e+00,5.000000000000000000e-01
5.575000000000004619e+00,5.000000000000000000e-01
5.576000000000004952e+00,5.000000000000000000e-01
5.577000000000005286e+00,5.000000000000000000e-01
5.578000000000004732e+00,5.000000000000000000e-01
5.579000000000005066e+00,5.000000000000000000e-01
5.580000000000004512e+00,5.000000000000000000e-01
5.581000000000004846e+00,5.000000000000000000e-01
5.582000000000005180e+00,5.000000000000000000e-01
5.583000000000004626e+00,5.000000000000000000e-01
5.584000000000004960e+00,5.000000000000000000e-01
5.585000000000004405e+00,5.000000000000000000e-01
5.586000000000004739e+00,5.000000000000000000e-01
5.587000000000005073e+00,5.000000000000000000e-01
5.588000000000004519e+00,5.000000000000000000e-01
5.589000000000004853e+00,5.000000000000000000e-01
5.590000000000005187e+00,5.000000000000000000e-01
5.591000000000004633e+00,5.000000000000000000e-01
5.592000000000004967e+00,5.000000000000000000e-01
5.593000000000005301e+00,5.000000000000000000e-01
5.594000000000004746e+00,5.000000000000000000e-01
5.595000000000005080e+00,5.000000000000000000e-01
5.596000000000004526e+00,5.000000000000000000e-01
5.597000000000004860e+00,5.000000000000000000e-01
5.598000000000005194e+00,5.000000000000000000e-01
5.599000000000004640e+00,5.000000000000000000e-01
5.600000000000004974e+00,5.000000000000000000e-01
5.601000000000004420e+00,5.000000000000000000e-01
5.602000000000004754e+00,5.000000000000000000e-01
5.603000000000005087e+00,5.000000000000000000e-01
5.604000000000004533e+00,5.000000000000000000e-01
5.605000000000004867e+00,5.000000000000000000e-01
5.606000000000005201e+00,5.000000000000000000e-01
5.607000000000004647e+00,5.000000000000000000e-01
5.608000000000004981e+00,5.000000000000000000e-01
5.609000000000005315e+00,5.000000000000000000e-01
5.610000000000004761e+00,5.000000000000000000e-01
5.611000000000005095e+00,5.000000000000000000e-01
5.612000000000004540e+00,5.000000000000000000e-01
5.613000000000004874e+00,5.000000000000000000e-01
5.614000000000005208e+00,5.000000000000000000e-01
5.615000000000004654e+00,5.000000000000000000e-01
5.616000000000004988e+00,5.000000000000000000e-01
5.617000000000004434e+00,5.000000000000000000e-01
5.618000000000004768e+00,5.000000000000000000e-01
5.619000000000005102e+00,5.000000000000000000e-01
5.620000000000004547e+00,5.000000000000000000e-01
5.621000000000004881e+00,5.000000000000000000e-01
5.622000000000005215e+00,5.000000000000000000e-01
5.623000000000004661e+00,5.000000000000000000e-01
5.624000000000004995e+00,5.000000000000000000e-01
5.625000000000005329e+00,5.000000000000000000e-01
5.626000000000004775e+00,5.000000000000000000e-01
5.627000000000005109e+00,5.000000000000000000e-01
5.628000000000004555e+00,5.000000000000000000e-01
5.629000000000004889e+00,5.000000000000000000e-01
5.630000000000005222e+00,5.000000000000000000e-01
5.631000000000004668e+00,5.000000000000000000e-01
5.632000000000005002e+00,5.000000000000000000e-01
5.633000000000004448e+00,5.000000000000000000e-01
5.634000000000004782e+00,5.000000000000000000e-01
5.635000000000005116e+00,5.000000000000000000e-01
5.636000000000004562e+00,5.000000000000000000e-01
5.637000000000004896e+00,5.000000000000000000e-01
5.638000000000005230e+00,5.000000000000000000e-01
5.639000000000004675e+00,5.000000000000000000e-01
5.640000000000005009e+00,5.000000000000000000e-01
5.641000000000005343e+00,5.000000000000000000e-01
5.642000000000004789e+00,5.000000000000000000e-01
5.643000000000005123e+00,5.000000000000000000e-01
5.644000000000004569e+00,5.000000000000000000e-01
5.645000000000004903e+00,5.000000000000000000e-01
5.646000000000005237e+00,5.000000000000000000e-01
5.647000000000004682e+00,5.000000000000000000e-01
5.648000000000005016e+00,5.000000000000000000e-01
5.649000000000004462e+00,5.000000000000000000e-01
5.650000000000004796e+00,5.000000000000000000e-01
5.651000000000005130e+00,5.000000000000000000e-01
5.652000000000004576e+00,5.000000000000000000e-01
5.653000000000004910e+00,5.000000000000000000e-01
5.654000000000005244e+00,5.000000000000000000e-01
5.655000000000004690e+00,5.000000000000000000e-01
5.656000000000005024e+00,5.000000000000000000e-01
5.657000000000005357e+00,5.000000000000000000e-01
5.658000000000004803e+00,5.000000000000000000e-01
5.659000000000005137e+00,5.000000000000000000e-01
5.660000000000004583e+00,5.000000000000000000e-01
5.661000000000004917e+00,5.000000000000000000e-01
5.662000000000005251e+00,5.000000000000000000e-01
5.663000000000004697e+00,5.000000000000000000e-01
5.664000000000005031e+00,5.000000000000000000e-01
5.665000000000004476e+00,5.000000000000000000e-01
5.666000000000004810e+00,5.000000000000000000e-01
5.667000000000005144e+00,5.000000000000000000e-01
5.668000000000004590e+00,5.000000000000000000e-01
5.669000000000004924e+00,5.000000000000000000e-01
5.670000000000005258e+00,5.000000000000000000e-01
5.671000000000004704e+00,5.000000000000000000e-01
5.672000000000005038e+00,5.000000000000000000e-01
5.673000000000005372e+00,5.000000000000000000e-01
5.674000000000004817e+00,5.000000000000000000e-01
5.675000000000005151e+00,5.000000000000000000e-01
5.676000000000004597e+00,5.000000000000000000e-01
5.677000000000004931e+00,5.000000000000000000e-01
5.678000000000005265e+00,5.000000000000000000e-01
5.679000000000004711e+00,5.000000000000000000e-01
5.680000000000005045e+00,5.000000000000000000e-01
5.681000000000004491e+00,5.000000000000000000e-01
5.682000000000004825e+00,5.000000000000000000e-01
5.683000000000005159e+00,5.000000000000000000e-01
5.684000000000004604e+00,5.000000000000000000e-01
5.685000000000004938e+00,5.000000000000000000e-01
5.686000000000005272e+00,5.000000000000000000e-01
5.687000000000004718e+00,5.000000000000000000e-01
5.688000000000005052e+00,5.000000000000000000e-01
5.689000000000005386e+00,5.000000000000000000e-01
5.690000000000004832e+00,5.000000000000000000e-01
5.691000000000005166e+00,5.000000000000000000e-01
5.692000000000004611e+00,5.000000000000000000e-01
5.693000000000004945e+00,5.000000000000000000e-01
5.694000000000005279e+00,5.000000000000000000e-01
5.695000000000004725e+00,5.000000000000000000e-01
5.696000000000005059e+00,5.000000000000000000e-01
5.697000000000004505e+00,5.000000000000000000e-01
5.698000000000004839e+00,5.000000000000000000e-01
5.699000000000005173e+00,5.000000000000000000e-01
5.700000000000004619e+00,5.000000000000000000e-01
5.701000000000004952e+00,5.000000000000000000e-01
5.702000000000005286e+00,5.000000000000000000e-01
5.703000000000004732e+00,5.000000000000000000e-01
5.704000000000005066e+00,5.000000000000000000e-01
5.705000000000005400e+00,5.000000000000000000e-01
5.706000000000004846e+00,5.000000000000000000e-01
5.707000000000005180e+00,5.000000000000000000e-01
5.708000000000004626e+00,5.000000000000000000e-01
5.709000000000004960e+00,5.000000000000000000e-01
5.710000000000005294e+00,5.000000000000000000e-01
5.711000000000004739e+00,5.000000000000000000e-01
5.712000000000005073e+00,5.000000000000000000e-01
5.713000000000004519e+00,5.000000000000000000e-01
5.714000000000004853e+00,5.000000000000000000e-01
5.715000000000005187e+00,5.000000000000000000e-01
5.716000000000004633e+00,5.000000000000000000e-01
5.717000000000004967e+00,5.000000000000000000e-01
5.718000000000005301e+00,5.000000000000000000e-01
5.719000000000004746e+00,5.000000000000000000e-01
5.720000000000005080e+00,5.000000000000000000e-01
5.721000000000005414e+00,5.000000000000000000e-01
5.722000000000004860e+00,5.000000000000000000e-01
5.723000000000005194e+00,5.000000000000000000e-01
5.724000000000004640e+00,5.000000000000000000e-01
5.725000000000004974e+00,5.000000000000000000e-01
5.726000000000005308e+00,5.000000000000000000e-01
5.727000000000004754e+00,5.000000000000000000e-01
5.728000000000005087e+00,5.000000000000000000e-01
5.729000000000004533e+00,5.000000000000000000e-01
5.730000000000004867e+00,5.000000000000000000e-01
5.731000000000005201e+00,5.000000000000000000e-01
5.732000000000004647e+00,5.000000000000000000e-01
5.733000000000004981e+00,5.000000000000000000e-01
5.734000000000005315e+00,5.000000000000000000e-01
5.735000000000004761e+00,5.000000000000000000e-01
5.736000000000005095e+00,5.000000000000000000e-01
5.737000000000005429e+00,5.000000000000000000e-01
5.738000000000004874e+00,5.000000000000000000e-01
5.739000000000005208e+00,5.000000000000000000e-01
5.740000000000004654e+00,5.000000000000000000e-01
5.741000000000004988e+00,5.000000000000000000e-01
5.742000000000005322e+00,5.000000000000000000e-01
5.743000000000004768e+00,5.000000000000000000e-01
5.744000000000005102e+00,5.000000000000000000e-01
5.745000000000004547e+00,5.000000000000000000e-01
5.746000000000004881e+00,5.000000000000000000e-01
5.747000000000005215e+00,5.000000000000000000e-01
5.748000000000004661e+00,5.000000000000000000e-01
5.749000000000004995e+00,5.000000000000000000e-01
5.750000000000005329e+00,5.000000000000000000e-01
5.751000000000004775e+00,5.000000000000000000e-01
5.752000000000005109e+00,5.000000000000000000e-01
5.753000000000005443e+00,5.000000000000000000e-01
5.754000000000004889e+00,5.000000000000000000e-01
5.755000000000005222e+00,5.000000000000000000e-01
5.756000000000004668e+00,5.000000000000000000e-01
5.757000000000005002e+00,5.000000000000000000e-01
5.758000000000005336e+00,5.000000000000000000e-01
5.759000000000004782e+00,5.000000000000000000e-01
5.760000000000005116e+00,5.000000000000000000e-01
5.761000000000004562e+00,5.000000000000000000e-01
5.762000000000004896e+00,5.000000000000000000e-01
5.763000000000005230e+00,5.000000000000000000e-01
5.764000000000004675e+00,5.000000000000000000e-01
5.765000000000005009e+00,5.000000000000000000e-01
5.766000000000005343e+00,5.000000000000000000e-01
5.767000000000004789e+00,5.000000000000000000e-01
5.768000000000005123e+00,5.000000000000000000e-01
5.769000000000005457e+00,5.000000000000000000e-01
5.770000000000004903e+00,5.000000000000000000e-01
5.771000000000005237e+00,5.000000000000000000e-01
5.772000000000004682e+00,5.000000000000000000e-01
5.773000000000005016e+00,5.000000000000000000e-01
5.774000000000005350e+00,5.000000000000000000e-01
5.775000000000004796e+00,5.000000000000000000e-01
5.776000000000005130e+00,5.000000000000000000e-01
5.777000000000004576e+00,5.000000000000000000e-01
5.778000000000004910e+00,5.000000000000000000e-01
5.779000000000005244e+00,5.000000000000000000e-01
5.780000000000004690e+00,5.000000000000000000e-01
5.781000000000005024e+00,5.000000000000000000e-01
5.782000000000005357e+00,5.000000000000000000e-01
5.783000000000004803e+00,5.000000000000000000e-01
5.784000000000005137e+00,5.000000000000000000e-01
5.785000000000005471e+00,5.000000000000000000e-01
5.786000000000004917e+00,5.000000000000000000e-01
5.787000000000005251e+00,5.000000000000000000e-01
5.788000000000004697e+00,5.000000000000000000e-01
5.789000000000005031e+00,5.000000000000000000e-01
5.790000000000005365e+00,5.000000000000000000e-01
5.791000000000004810e+00,5.000000000000000000e-01
5.792000000000005144e+00,5.000000000000000000e-01
5.793000000000004590e+00,5.000000000000000000e-01
5.794000000000004924e+00,5.000000000000000000e-01
5.795000000000005258e+00,5.000000000000000000e-01
5.796000000000004704e+00,5.000000000000000000e-01
5.797000000000005038e+00,5.000000000000000000e-01
5.798000000000005372e+00,5.000000000000000000e-01
5.799000000000004817e+00,5.000000000000000000e-01
5.800000000000005151e+00,5.000000000000000000e-01
5.801000000000005485e+00,5.000000000000000000e-01
5.802000000000004931e+00,5.000000000000000000e-01
5.803000000000005265e+00,5.000000000000000000e-01
5.804000000000004711e+00,5.000000000000000000e-01
5.805000000000005045e+00,5.000000000000000000e-01
5.806000000000005379e+00,5.000000000000000000e-01
5.807000000000004825e+00,5.000000000000000000e-01
5.808000000000005159e+00,5.000000000000000000e-01
5.809000000000004604e+00,5.000000000000000000e-01
5.810000000000004938e+00,5.000000000000000000e-01
5.811000000000005272e+00,5.000000000000000000e-01
5.812000000000004718e+00,5.000000000000000000e-01
5.813000000000005052e+00,5.000000000000000000e-01
5.814000000000005386e+00,5.000000000000000000e-01
5.815000000000004832e+00,5.000000000000000000e-01
5.816000000000005166e+00,5.000000000000000000e-01
5.817000000000005500e+00,5.000000000000000000e-01
5.818000000000004945e+00,5.000000000000000000e-01
5.819000000000005279e+00,5.000000000000000000e-01
5.820000000000004725e+00,5.000000000000000000e-01
5.821000000000005059e+00,5.000000000000000000e-01
5.822000000000005393e+00,5.000000000000000000e-01
5.823000000000004839e+00,5.000000000000000000e-01
5.824000000000005173e+00,5.000000000000000000e-01
5.825000000000004619e+00,5.000000000000000000e-01
5.826000000000004952e+00,5.000000000000000000e-01
5.827000000000005286e+00,5.000000000000000000e-01
5.828000000000004732e+00,5.000000000000000000e-01
5.829000000000005066e+00,5.000000000000000000e-01
5.830000000000005400e+00,5.000000000000000000e-01
5.831000000000004846e+00,5.000000000000000000e-01
5.832000000000005180e+00,5.000000000000000000e-01
5.833000000000005514e+00,5.000000000000000000e-01
5.834000000000004960e+00,5.000000000000000000e-01
5.835000000000005294e+00,5.000000000000000000e-01
5.836000000000004739e+00,5.000000000000000000e-01
5.837000000000005073e+00,5.000000000000000000e-01
5.838000000000005407e+00,5.000000000000000000e-01
5.839000000000004853e+00,5.000000000000000000e-01
5.840000000000005187e+00,5.000000000000000000e-01
5.841000000000004633e+00,5.000000000000000000e-01
5.842000000000004967e+00,5.000000000000000000e-01
5.843000000000005301e+00,5.000000000000000000e-01
5.844000000000004746e+00,5.000000000000000000e-01
5.845000000000005080e+00,5.000000000000000000e-01
5.846000000000005414e+00,5.000000000000000000e-01
5.847000000000004860e+00,5.000000000000000000e-01
5.848000000000005194e+00,5.000000000000000000e-01
5.849000000000005528e+00,5.000000000000000000e-01
5.850000000000004974e+00,5.000000000000000000e-01
5.851000000000005308e+00,5.000000000000000000e-01
5.852000000000004754e+00,5.000000000000000000e-01
5.853000000000005087e+00,5.000000000000000000e-01
5.854000000000005421e+00,5.000000000000000000e-01
5.855000000000004867e+00,5.000000000000000000e-01
5.856000000000005201e+00,5.000000000000000000e-01
5.857000000000004647e+00,5.000000000000000000e-01
5.858000000000004981e+00,5.000000000000000000e-01
5.859000000000005315e+00,5.000000000000000000e-01
5.860000000000004761e+00,5.000000000000000000e-01
5.861000000000005095e+00,5.000000000000000000e-01
5.862000000000005429e+00,5.000000000000000000e-01
5.863000000000004874e+00,5.000000000000000000e-01
5.864000000000005208e+00,5.000000000000000000e-01
5.865000000000005542e+00,5.000000000000000000e-01
5.866000000000004988e+00,5.000000000000000000e-01
5.867000000000005322e+00,5.000000000000000000e-01
5.868000000000004768e+00,5.000000000000000000e-01
5.869000000000005102e+00,5.000000000000000000e-01
5.870000000000005436e+00,5.000000000000000000e-01
5.871000000000004881e+00,5.000000000000000000e-01
5.872000000000005215e+00,5.000000000000000000e-01
5.873000000000004661e+00,5.000000000000000000e-01
5.874000000000004995e+00,5.000000000000000000e-01
5.875000000000005329e+00,5.000000000000000000e-01
5.876000000000004775e+00,5.000000000000000000e-01
5.877000000000005109e+00,5.000000000000000000e-01
5.878000000000005443e+00,5.000000000000000000e-01
5.879000000000004889e+00,5.000000000000000000e-01
5.880000000000005222e+00,5.000000000000000000e-01
5.881000000000005556e+00,5.000000000000000000e-01
5.882000000000005002e+00,5.000000000000000000e-01
5.883000000000005336e+00,5.000000000000000000e-01
5.884000000000004782e+00,5.000000000000000000e-01
5.885000000000005116e+00,5.000000000000000000e-01
5.886000000000005450e+00,5.000000000000000000e-01
5.887000000000004896e+00,5.000000000000000000e-01
5.888000000000005230e+00,5.000000000000000000e-01
5.889000000000004675e+00,5.000000000000000000e-01
5.890000000000005009e+00,5.000000000000000000e-01
5.891000000000005343e+00,5.000000000000000000e-01
5.892000000000004789e+00,5.000000000000000000e-01
5.893000000000005123e+00,5.000000000000000000e-01
5.894000000000005457e+00,5.000000000000000000e-01
5.895000000000004903e+00,5.000000000000000000e-01
5.896000000000005237e+00,5.000000000000000000e-01
5.897000000000005571e+00,5.000000000000000000e-01
5.898000000000005016e+00,5.000000000000000000e-01
5.899000000000005350e+00,5.000000000000000000e-01
5.900000000000004796e+00,5.000000000000000000e-01
5.901000000000005130e+00,5.000000000000000000e-01
5.902000000000005464e+00,5.000000000000000000e-01
5.903000000000004910e+00,5.000000000000000000e-01
5.904000000000005244e+00,5.000000000000000000e-01
5.905000000000004690e+00,5.000000000000000000e-01
5.906000000000005024e+00,5.000000000000000000e-01
5.907000000000005357e+00,5.000000000000000000e-01
5.908000000000004803e+00,5.000000000000000000e-01
5.909000000000005137e+00,5.000000000000000000e-01
5.910000000000005471e+00,5.000000000000000000e-01
5.911000000000004917e+00,5.000000000000000000e-01
5.912000000000005251e+00,5.000000000000000000e-01
5.913000000000005585e+00,5.000000000000000000e-01
5.914000000000005031e+00,5.000000000000000000e-01
5.915000000000005365e+00,5.000000000000000000e-01
5.916000000000004810e+00,5.000000000000000000e-01
5.917000000000005144e+00,5.000000000000000000e-01
5.918000000000005478e+00,5.000000000000000000e-01
5.919000000000004924e+00,5.000000000000000000e-01
5.920000000000005258e+00,5.000000000000000000e-01
5.921000000000004704e+00,5.000000000000000000e-01
5.922000000000005038e+00,5.000000000000000000e-01
5.923000000000005372e+00,5.000000000000000000e-01
5.924000000000004817e+00,5.000000000000000000e-01
5.925000000000005151e+00,5.000000000000000000e-01
5.926000000000005485e+00,5.000000000000000000e-01
5.927000000000004931e+00,5.000000000000000000e-01
5.928000000000005265e+00,5.000000000000000000e-01
5.929000000000005599e+00,5.000000000000000000e-01
5.930000000000005045e+00,5.000000000000000000e-01
5.931000000000005379e+00,5.000000000000000000e-01
5.932000000000004825e+00,5.000000000000000000e-01
5.933000000000005159e+00,5.000000000000000000e-01
5.934000000000005492e+00,5.000000000000000000e-01
5.935000000000004938e+00,5.000000000000000000e-01
5.936000000000005272e+00,5.000000000000000000e-01
5.937000000000004718e+00,5.000000000000000000e-01
5.938000000000005052e+00,5.000000000000000000e-01
5.939000000000005386e+00,5.000000000000000000e-01
5.940000000000004832e+00,5.000000000000000000e-01
5.941000000000005166e+00,5.000000000000000000e-01
5.942000000000005500e+00,5.000000000000000000e-01
5.943000000000004945e+00,5.000000000000000000e-01
5.944000000000005279e+00,5.000000000000000000e-01
5.945000000000005613e+00,5.000000000000000000e-01
5.946000000000005059e+00,5.000000000000000000e-01
5.947000000000005393e+00,5.000000000000000000e-01
5.948000000000004839e+00,5.000000000000000000e-01
5.949000000000005173e+00,5.000000000000000000e-01
5.950000000000005507e+00,5.000000000000000000e-01
5.951000000000004952e+00,5.000000000000000000e-01
5.952000000000005286e+00,5.000000000000000000e-01
5.953000000000004732e+00,5.000000000000000000e-01
5.954000000000005066e+00,5.000000000000000000e-01
5.955000000000005400e+00,5.000000000000000000e-01
5.956000000000004846e+00,5.000000000000000000e-01
5.957000000000005180e+00,5.000000000000000000e-01
5.958000000000005514e+00,5.000000000000000000e-01
5.959000000000004960e+00,5.000000000000000000e-01
5.960000000000005294e+00,5.000000000000000000e-01
5.961000000000005627e+00,5.000000000000000000e-01
5.962000000000005073e+00,5.000000000000000000e-01
5.963000000000005407e+00,5.000000000000000000e-01
5.964000000000004853e+00,5.000000000000000000e-01
5.965000000000005187e+00,5.000000000000000000e-01
5.966000000000005521e+00,5.000000000000000000e-01
5.967000000000004967e+00,5.000000000000000000e-01
5.968000000000005301e+00,5.000000000000000000e-01
5.969000000000004746e+00,5.000000000000000000e-01
5.970000000000005080e+00,5.000000000000000000e-01
5.971000000000005414e+00,5.000000000000000000e-01
5.972000000000004860e+00,5.000000000000000000e-01
5.973000000000005194e+00,5.000000000000000000e-01
5.974000000000005528e+00,5.000000000000000000e-01
5.975000000000004974e+00,5.000000000000000000e-01
5.976000000000005308e+00,5.000000000000000000e-01
5.977000000000005642e+00,5.000000000000000000e-01
5.978000000000005087e+00,5.000000000000000000e-01
5.979000000000005421e+00,5.000000000000000000e-01
5.980000000000004867e+00,5.000000000000000000e-01
5.981000000000005201e+00,5.000000000000000000e-01
5.982000000000005535e+00,5.000000000000000000e-01
5.983000000000004981e+00,5.000000000000000000e-01
5.984000000000005315e+00,5.000000000000000000e-01
5.985000000000004761e+00,5.000000000000000000e-01
5.986000000000005095e+00,5.000000000000000000e-01
5.987000000000005429e+00,5.000000000000000000e-01
5.988000000000004874e+00,5.000000000000000000e-01
5.989000000000005208e+00,5.000000000000000000e-01
5.990000000000005542e+00,5.000000000000000000e-01
5.991000000000004988e+00,5.000000000000000000e-01
5.992000000000005322e+00,5.000000000000000000e-01
5.993000000000005656e+00,5.000000000000000000e-01
5.994000000000005102e+00,5.000000000000000000e-01
5.995000000000005436e+00,5.000000000000000000e-01
5.996000000000004881e+00,5.000000000000000000e-01
5.997000000000005215e+00,5.000000000000000000e-01
5.998000000000005549e+00,5.000000000000000000e-01
5.999000000000004995e+00,5.000000000000000000e-01
6.000000000000005329e+00,5.000000000000000000e-01
6.001000000000004775e+00,5.000000000000000000e-01
6.002000000000005109e+00,5.000000000000000000e-01
6.003000000000005443e+00,5.000000000000000000e-01
6.004000000000004889e+00,5.000000000000000000e-01
6.005000000000005222e+00,5.000000000000000000e-01
6.006000000000005556e+00,5.000000000000000000e-01
6.007000000000005002e+00,5.000000000000000000e-01
6.008000000000005336e+00,5.000000000000000000e-01
6.009000000000005670e+00,5.000000000000000000e-01
6.010000000000005116e+00,5.000000000000000000e-01
6.011000000000005450e+00,5.000000000000000000e-01
6.012000000000004896e+00,5.000000000000000000e-01
6.013000000000005230e+00,5.000000000000000000e-01
6.014000000000005564e+00,5.000000000000000000e-01
6.015000000000005009e+00,5.000000000000000000e-01
6.016000000000005343e+00,5.000000000000000000e-01
6.017000000000004789e+00,5.000000000000000000e-01
6.018000000000005123e+00,5.000000000000000000e-01
6.019000000000005457e+00,5.000000000000000000e-01
6.020000000000004903e+00,5.000000000000000000e-01
6.021000000000005237e+00,5.000000000000000000e-01
6.022000000000005571e+00,5.000000000000000000e-01
6.023000000000005016e+00,5.000000000000000000e-01
6.024000000000005350e+00,5.000000000000000000e-01
6.025000000000005684e+00,5.000000000000000000e-01
6.026000000000005130e+00,5.000000000000000000e-01
6.027000000000005464e+00,5.000000000000000000e-01
6.028000000000004910e+00,5.000000000000000000e-01
6.029000000000005244e+00,5.000000000000000000e-01
6.030000000000005578e+00,5.000000000000000000e-01
6.031000000000005024e+00,5.000000000000000000e-01
6.032000000000005357e+00,5.000000000000000000e-01
6.033000000000004803e+00,5.000000000000000000e-01
6.034000000000005137e+00,5.000000000000000000e-01
6.035000000000005471e+00,5.000000000000000000e-01
6.036000000000004917e+00,5.000000000000000000e-01
6.037000000000005251e+00,5.000000000000000000e-01
6.038000000000005585e+00,5.000000000000000000e-01
6.039000000000005031e+00,5.000000000000000000e-01
6.040000000000005365e+00,5.000000000000000000e-01
6.041000000000005699e+00,5.000000000000000000e-01
6.042000000000005144e+00,5.000000000000000000e-01
6.043000000000005478e+00,5.000000000000000000e-01
6.044000000000004924e+00,5.000000000000000000e-01
6.045000000000005258e+00,5.000000000000000000e-01
6.046000000000005592e+00,5.000000000000000000e-01
6.047000000000005038e+00,5.000000000000000000e-01
6.048000000000005372e+00,5.000000000000000000e-01
6.049000000000004817e+00,5.000000000000000000e-01
6.050000000000005151e+00,5.000000000000000000e-01
6.051000000000005485e+00,5.000000000000000000e-01
6.052000000000004931e+00,5.000000000000000000e-01
6.053000000000005265e+00,5.000000000000000000e-01
6.054000000000005599e+00,5.000000000000000000e-01
6.055000000000005045e+00,5.000000000000000000e-01
6.056000000000005379e+00,5.000000000000000000e-01
6.057000000000005713e+00,5.000000000000000000e-01
6.058000000000005159e+00,5.000000000000000000e-01
6.059000000000005492e+00,5.000000000000000000e-01
6.060000000000004938e+00,5.000000000000000000e-01
6.061000000000005272e+00,5.000000000000000000e-01
6.062000000000005606e+00,5.000000000000000000e-01
6.063000000000005052e+00,5.000000000000000000e-01
6.064000000000005386e+00,5.000000000000000000e-01
6.065000000000004832e+00,5.000000000000000000e-01
6.066000000000005166e+00,5.000000000000000000e-01
6.067000000000005500e+00,5.000000000000000000e-01
6.068000000000004945e+00,5.000000000000000000e-01
6.069000000000005279e+00,5.000000000000000000e-01
6.070000000000005613e+00,5.000000000000000000e-01
6.071000000000005059e+00,5.000000000000000000e-01
6.072000000000005393e+00,5.000000000000000000e-01
6.073000000000005727e+00,5.000000000000000000e-01
6.074000000000005173e+00,5.000000000000000000e-01
6.075000000000005507e+00,5.000000000000000000e-01
6.076000000000004952e+00,5.000000000000000000e-01
6.077000000000005286e+00,5.000000000000000000e-01
6.078000000000005620e+00,5.000000000000000000e-01
6.079000000000005066e+00,5.000000000000000000e-01
6.080000000000005400e+00,5.000000000000000000e-01
6.081000000000004846e+00,5.000000000000000000e-01
6.082000000000005180e+00,5.000000000000000000e-01
6.083000000000005514e+00,5.000000000000000000e-01
6.084000000000004960e+00,5.000000000000000000e-01
6.085000000000005294e+00,5.000000000000000000e-01
6.086000000000005627e+00,5.000000000000000000e-01
6.087000000000005073e+00,5.000000000000000000e-01
6.088000000000005407e+00,5.000000000000000000e-01
6.089000000000005741e+00,5.000000000000000000e-01
6.090000000000005187e+00,5.000000000000000000e-01
6.091000000000005521e+00,5.000000000000000000e-01
6.092000000000004967e+00,5.000000000000000000e-01
6.093000000000005301e+00,5.000000000000000000e-01
6.094000000000005635e+00,5.000000000000000000e-01
6.095000000000005080e+00,5.000000000000000000e-01
6.096000000000005414e+00,5.000000000000000000e-01
6.097000000000004860e+00,5.000000000000000000e-01
6.098000000000005194e+00,5.000000000000000000e-01
6.099000000000005528e+00,5.000000000000000000e-01
6.100000000000004974e+00,5.000000000000000000e-01
6.101000000000005308e+00,5.000000000000000000e-01
6.102000000000005642e+00,5.000000000000000000e-01
6.103000000000005087e+00,5.000000000000000000e-01
6.104000000000005421e+00,5.000000000000000000e-01
6.105000000000005755e+00,5.000000000000000000e-01
6.106000000000005201e+00,5.000000000000000000e-01
6.107000000000005535e+00,5.000000000000000000e-01
6.108000000000004981e+00,5.000000000000000000e-01
6.109000000000005315e+00,5.000000000000000000e-01
6.110000000000005649e+00,5.000000000000000000e-01
6.111000000000005095e+00,5.000000000000000000e-01
6.112000000000005429e+00,5.000000000000000000e-01
6.113000000000004874e+00,5.000000000000000000e-01
6.114000000000005208e+00,5.000000000000000000e-01
6.115000000000005542e+00,5.000000000000000000e-01
6.116000000000004988e+00,5.000000000000000000e-01
6.117000000000005322e+00,5.000000000000000000e-01
6.118000000000005656e+00,5.000000000000000000e-01
6.119000000000005102e+00,5.000000000000000000e-01
6.120000000000005436e+00,5.000000000000000000e-01
6.121000000000005770e+00,5.000000000000000000e-01
6.122000000000005215e+00,5.000000000000000000e-01
6.123000000000005549e+00,5.000000000000000000e-01
6.124000000000004995e+00,5.000000000000000000e-01
6.125000000000005329e+00,5.000000000000000000e-01
6.126000000000005663e+00,5.000000000000000000e-01
6.127000000000005109e+00,5.000000000000000000e-01
6.128000000000005443e+00,5.000000000000000000e-01
6.129000000000004889e+00,5.000000000000000000e-01
6.130000000000005222e+00,5.000000000000000000e-01
6.131000000000005556e+00,5.000000000000000000e-01
6.132000000000005002e+00,5.000000000000000000e-01
6.133000000000005336e+00,5.000000000000000000e-01
6.134000000000005670e+00,5.000000000000000000e-01
6.135000000000005116e+00,5.000000000000000000e-01
6.136000000000005450e+00,5.000000000000000000e-01
6.137000000000005784e+00,5.000000000000000000e-01
6.138000000000005230e+00,5.000000000000000000e-01
6.139000000000005564e+00,5.000000000000000000e-01
6.140000000000005009e+00,5.000000000000000000e-01
6.141000000000005343e+00,5.000000000000000000e-01
6.142000000000005677e+00,5.000000000000000000e-01
6.143000000000005123e+00,5.000000000000000000e-01
6.144000000000005457e+00,5.000000000000000000e-01
6.145000000000004903e+00,5.000000000000000000e-01
6.146000000000005237e+00,5.000000000000000000e-01
6.147000000000005571e+00,5.000000000000000000e-01
6.148000000000005016e+00,5.000000000000000000e-01
6.149000000000005350e+00,5.000000000000000000e-01
6.150000000000005684e+00,5.000000000000000000e-01
6.151000000000005130e+00,5.000000000000000000e-01
6.152000000000005464e+00,5.000000000000000000e-01
6.153000000000005798e+00,5.000000000000000000e-01
6.154000000000005244e+00,5.000000000000000000e-01
6.155000000000005578e+00,5.000000000000000000e-01
6.156000000000005024e+00,5.000000000000000000e-01
6.157000000000005357e+00,5.000000000000000000e-01
6.158000000000005691e+00,5.000000000000000000e-01
6.159000000000005137e+00,5.000000000000000000e-01
6.160000000000005471e+00,5.000000000000000000e-01
6.161000000000004917e+00,5.000000000000000000e-01
6.162000000000005251e+00,5.000000000000000000e-01
6.163000000000005585e+00,5.000000000000000000e-01
6.164000000000005031e+00,5.000000000000000000e-01
6.165000000000005365e+00,5.000000000000000000e-01
6.166000000000005699e+00,5.000000000000000000e-01
6.167000000000005144e+00,5.000000000000000000e-01
6.168000000000005478e+00,5.000000000000000000e-01
6.169000000000005812e+00,5.000000000000000000e-01
6.170000000000005258e+00,5.000000000000000000e-01
6.171000000000005592e+00,5.000000000000000000e-01
6.172000000000005038e+00,5.000000000000000000e-01
6.173000000000005372e+00,5.000000000000000000e-01
6.174000000000005706e+00,5.000000000000000000e-01
6.175000000000005151e+00,5.000000000000000000e-01
6.176000000000005485e+00,5.000000000000000000e-01
6.177000000000004931e+00,5.000000000000000000e-01
6.178000000000005265e+00,5.000000000000000000e-01
6.179000000000005599e+00,5.000000000000000000e-01
6.180000000000005045e+00,5.000000000000000000e-01
6.181000000000005379e+00,5.000000000000000000e-01
6.182000000000005713e+00,5.000000000000000000e-01
6.183000000000005159e+00,5.000000000000000000e-01
6.184000000000005492e+00,5.000000000000000000e-01
6.185000000000005826e+00,5.000000000000000000e-01
6.186000000000005272e+00,5.000000000000000000e-01
6.187000000000005606e+00,5.000000000000000000e-01
6.188000000000005052e+00,5.000000000000000000e-01
6.189000000000005386e+00,5.000000000000000000e-01
6.190000000000005720e+00,5.000000000000000000e-01
6.191000000000005166e+00,5.000000000000000000e-01
6.192000000000005500e+00,5.000000000000000000e-01
6.193000000000004945e+00,5.000000000000000000e-01
6.194000000000005279e+00,5.000000000000000000e-01
6.195000000000005613e+00,5.000000000000000000e-01
6.196000000000005059e+00,5.000000000000000000e-01
6.197000000000005393e+00,5.000000000000000000e-01
6.198000000000005727e+00,5.000000000000000000e-01
6.199000000000005173e+00,5.000000000000000000e-01
6.200000000000005507e+00,5.000000000000000000e-01
6.201000000000005841e+00,5.000000000000000000e-01
6.202000000000005286e+00,5.000000000000000000e-01
6.203000000000005620e+00,5.000000000000000000e-01
6.204000000000005066e+00,5.000000000000000000e-01
6.205000000000005400e+00,5.000000000000000000e-01
6.206000000000005734e+00,5.000000000000000000e-01
6.207000000000005180e+00,5.000000000000000000e-01
6.208000000000005514e+00,5.000000000000000000e-01
6.209000000000004960e+00,5.000000000000000000e-01
6.210000000000005294e+00,5.000000000000000000e-01
6.211000000000005627e+00,5.000000000000000000e-01
6.212000000000005073e+00,5.000000000000000000e-01
6.213000000000005407e+00,5.000000000000000000e-01
6.214000000000005741e+00,5.000000000000000000e-01
6.215000000000005187e+00,5.000000000000000000e-01
6.216000000000005521e+00,5.000000000000000000e-01
6.217000000000005855e+00,5.000000000000000000e-01
6.218000000000005301e+00,5.000000000000000000e-01
6.219000000000005635e+00,5.000000000000000000e-01
6.220000000000005080e+00,5.000000000000000000e-01
6.221000000000005414e+00,5.000000000000000000e-01
6.222000000000005748e+00,5.000000000000000000e-01
6.223000000000005194e+00,5.000000000000000000e-01
6.224000000000005528e+00,5.000000000000000000e-01
6.225000000000004974e+00,5.000000000000000000e-01
6.226000000000005308e+00,5.000000000000000000e-01
6.227000000000005642e+00,5.000000000000000000e-01
6.228000000000005087e+00,5.000000000000000000e-01
6.229000000000005421e+00,5.000000000000000000e-01
6.230000000000005755e+00,5.000000000000000000e-01
6.231000000000005201e+00,5.000000000000000000e-01
6.232000000000005535e+00,5.000000000000000000e-01
6.233000000000005869e+00,5.000000000000000000e-01
6.234000000000005315e+00,5.000000000000000000e-01
6.235000000000005649e+00,5.000000000000000000e-01
6.236000000000005095e+00,5.000000000000000000e-01
6.237000000000005429e+00,5.000000000000000000e-01
6.238000000000005763e+00,5.000000000000000000e-01
6.239000000000005208e+00,5.000000000000000000e-01
6.240000000000005542e+00,5.000000000000000000e-01
6.241000000000004988e+00,5.000000000000000000e-01
6.242000000000005322e+00,5.000000000000000000e-01
6.243000000000005656e+00,5.000000000000000000e-01
6.244000000000005102e+00,5.000000000000000000e-01
6.245000000000005436e+00,5.000000000000000000e-01
6.246000000000005770e+00,5.000000000000000000e-01
6.247000000000005215e+00,5.000000000000000000e-01
6.248000000000005549e+00,5.000000000000000000e-01
6.249000000000005883e+00,5.000000000000000000e-01
6.250000000000005329e+00,5.000000000000000000e-01
6.251000000000005663e+00,5.000000000000000000e-01
6.252000000000005109e+00,5.000000000000000000e-01
6.253000000000005443e+00,5.000000000000000000e-01
6.254000000000005777e+00,5.000000000000000000e-01
6.255000000000005222e+00,5.000000000000000000e-01
6.256000000000005556e+00,5.000000000000000000e-01
6.257000000000005002e+00,5.000000000000000000e-01
6.258000000000005336e+00,5.000000000000000000e-01
6.259000000000005670e+00,5.000000000000000000e-01
6.260000000000005116e+00,5.000000000000000000e-01
6.261000000000005450e+00,5.000000000000000000e-01
6.262000000000005784e+00,5.000000000000000000e-01
6.263000000000005230e+00,5.000000000000000000e-01
6.264000000000005564e+00,5.000000000000000000e-01
6.265000000000005898e+00,5.000000000000000000e-01
6.266000000000005343e+00,5.000000000000000000e-01
6.267000000000005677e+00,5.000000000000000000e-01
6.268000000000005123e+00,5.000000000000000000e-01
6.269000000000005457e+00,5.000000000000000000e-01
6.270000000000005791e+00,5.000000000000000000e-01
6.271000000000005237e+00,5.000000000000000000e-01
6.272000000000005571e+00,5.000000000000000000e-01
6.273000000000005016e+00,5.000000000000000000e-01
6.274000000000005350e+00,5.000000000000000000e-01
6.275000000000005684e+00,5.000000000000000000e-01
6.276000000000005130e+00,5.000000000000000000e-01
6.277000000000005464e+00,5.000000000000000000e-01
6.278000000000005798e+00,5.000000000000000000e-01
6.279000000000005244e+00,5.000000000000000000e-01
6.280000000000005578e+00,5.000000000000000000e-01
6.281000000000005912e+00,5.000000000000000000e-01
6.282000000000005357e+00,5.000000000000000000e-01
6.283000000000005691e+00,5.000000000000000000e-01
6.284000000000005137e+00,5.000000000000000000e-01
6.285000000000005471e+00,5.000000000000000000e-01
6.286000000000005805e+00,5.000000000000000000e-01
6.287000000000005251e+00,5.000000000000000000e-01
6.288000000000005585e+00,5.000000000000000000e-01
6.289000000000005031e+00,5.000000000000000000e-01
6.290000000000005365e+00,5.000000000000000000e-01
6.291000000000005699e+00,5.000000000000000000e-01
6.292000000000005144e+00,5.000000000000000000e-01
6.293000000000005478e+00,5.000000000000000000e-01
6.294000000000005812e+00,5.000000000000000000e-01
6.295000000000005258e+00,5.000000000000000000e-01
6.296000000000005592e+00,5.000000000000000000e-01
6.297000000000005926e+00,5.000000000000000000e-01
6.298000000000005372e+00,5.000000000000000000e-01
6.299000000000005706e+00,5.000000000000000000e-01
6.300000000000005151e+00,5.000000000000000000e-01
6.301000000000005485e+00,5.000000000000000000e-01
6.302000000000005819e+00,5.000000000000000000e-01
6.303000000000005265e+00,5.000000000000000000e-01
6.304000000000005599e+00,5.000000000000000000e-01
6.305000000000005045e+00,5.000000000000000000e-01
6.306000000000005379e+00,5.000000000000000000e-01
6.307000000000005713e+00,5.000000000000000000e-01
6.308000000000005159e+00,5.000000000000000000e-01
6.309000000000005492e+00,5.000000000000000000e-01
6.310000000000005826e+00,5.000000000000000000e-01
6.311000000000005272e+00,5.000000000000000000e-01
6.312000000000005606e+00,5.000000000000000000e-01
6.313000000000005940e+00,5.000000000000000000e-01
6.314000000000005386e+00,5.000000000000000000e-01
6.315000000000005720e+00,5.000000000000000000e-01
6.316000000000005166e+00,5.000000000000000000e-01
6.317000000000005500e+00,5.000000000000000000e-01
6.318000000000005834e+00,5.000000000000000000e-01
6.319000000000005279e+00,5.000000000000000000e-01
6.320000000000005613e+00,5.000000000000000000e-01
6.321000000000005059e+00,5.000000000000000000e-01
6.322000000000005393e+00,5.000000000000000000e-01
6.323000000000005727e+00,5.000000000000000000e-01
6.324000000000005173e+00,5.000000000000000000e-01
6.325000000000005507e+00,5.000000000000000000e-01
6.326000000000005841e+00,5.000000000000000000e-01
6.327000000000005286e+00,5.000000000000000000e-01
6.328000000000005620e+00,5.000000000000000000e-01
6.329000000000005954e+00,5.000000000000000000e-01
6.330000000000005400e+00,5.000000000000000000e-01
6.331000000000005734e+00,5.000000000000000000e-01
6.332000000000005180e+00,5.000000000000000000e-01
6.333000000000005514e+00,5.000000000000000000e-01
6.334000000000005848e+00,5.000000000000000000e-01
6.335000000000005294e+00,5.000000000000000000e-01
6.336000000000005627e+00,5.000000000000000000e-01
6.337000000000005073e+00,5.000000000000000000e-01
6.338000000000005407e+00,5.000000000000000000e-01
6.339000000000005741e+00,5.000000000000000000e-01
6.340000000000005187e+00,5.000000000000000000e-01
6.341000000000005521e+00,5.000000000000000000e-01
6.342000000000005855e+00,5.000000000000000000e-01
6.343000000000005301e+00,5.000000000000000000e-01
6.344000000000005635e+00,5.000000000000000000e-01
6.345000000000005969e+00,5.000000000000000000e-01
6.346000000000005414e+00,5.000000000000000000e-01
6.347000000000005748e+00,5.000000000000000000e-01
6.348000000000005194e+00,5.000000000000000000e-01
6.349000000000005528e+00,5.000000000000000000e-01
6.350000000000005862e+00,5.000000000000000000e-01
6.351000000000005308e+00,5.000000000000000000e-01
6.352000000000005642e+00,5.000000000000000000e-01
6.353000000000005087e+00,5.000000000000000000e-01
6.354000000000005421e+00,5.000000000000000000e-01
6.355000000000005755e+00,5.000000000000000000e-01
6.356000000000005201e+00,5.000000000000000000e-01
6.357000000000005535e+00,5.000000000000000000e-01
6.358000000000005869e+00,5.000000000000000000e-01
6.359000000000005315e+00,5.000000000000000000e-01
6.360000000000005649e+00,5.000000000000000000e-01
6.361000000000005983e+00,5.000000000000000000e-01
6.362000000000005429e+00,5.000000000000000000e-01
6.363000000000005763e+00,5.000000000000000000e-01
6.364000000000005208e+00,5.000000000000000000e-01
6.365000000000005542e+00,5.000000000000000000e-01
6.366000000000005876e+00,5.000000000000000000e-01
6.367000000000005322e+00,5.000000000000000000e-01
6.368000000000005656e+00,5.000000000000000000e-01
6.369000000000005102e+00,5.000000000000000000e-01
6.370000000000005436e+00,5.000000000000000000e-01
6.371000000000005770e+00,5.000000000000000000e-01
6.372000000000005215e+00,5.000000000000000000e-01
6.373000000000005549e+00,5.000000000000000000e-01
6.374000000000005883e+00,5.000000000000000000e-01
6.375000000000005329e+00,5.000000000000000000e-01
6.376000000000005663e+00,5.000000000000000000e-01
6.377000000000005997e+00,5.000000000000000000e-01
6.378000000000005443e+00,5.000000000000000000e-01
6.379000000000005777e+00,5.000000000000000000e-01
6.380000000000005222e+00,5.000000000000000000e-01
6.381000000000005556e+00,5.000000000000000000e-01
6.382000000000005890e+00,5.000000000000000000e-01
6.383000000000005336e+00,5.000000000000000000e-01
6.384000000000005670e+00,5.000000000000000000e-01
6.385000000000005116e+00,5.000000000000000000e-01
6.386000000000005450e+00,5.000000000000000000e-01
6.387000000000005784e+00,5.000000000000000000e-01
6.388000000000005230e+00,5.000000000000000000e-01
6.389000000000005564e+00,5.000000000000000000e-01
6.390000000000005898e+00,5.000000000000000000e-01
6.391000000000005343e+00,5.000000000000000000e-01
6.392000000000005677e+00,5.000000000000000000e-01
6.393000000000006011e+00,5.000000000000000000e-01
6.394000000000005457e+00,5.000000000000000000e-01
6.395000000000005791e+00,5.000000000000000000e-01
6.396000000000005237e+00,5.000000000000000000e-01
6.397000000000005571e+00,5.000000000000000000e-01
6.398000000000005905e+00,5.000000000000000000e-01
6.399000000000005350e+00,5.000000000000000000e-01
6.400000000000005684e+00,5.000000000000000000e-01
6.401000000000005130e+00,5.000000000000000000e-01
6.402000000000005464e+00,5.000000000000000000e-01
6.403000000000005798e+00,5.000000000000000000e-01
6.404000000000005244e+00,5.000000000000000000e-01
6.405000000000005578e+00,5.000000000000000000e-01
6.406000000000005912e+00,5.000000000000000000e-01
6.407000000000005357e+00,5.000000000000000000e-01
6.408000000000005691e+00,5.000000000000000000e-01
6.409000000000006025e+00,5.000000000000000000e-01
6.410000000000005471e+00,5.000000000000000000e-01
6.411000000000005805e+00,5.000000000000000000e-01
6.412000000000005251e+00,5.000000000000000000e-01
6.413000000000005585e+00,5.000000000000000000e-01
6.414000000000005919e+00,5.000000000000000000e-01
6.415000000000005365e+00,5.000000000000000000e-01
6.416000000000005699e+00,5.000000000000000000e-01
6.417000000000005144e+00,5.000000000000000000e-01
6.418000000000005478e+00,5.000000000000000000e-01
6.419000000000005812e+00,5.000000000000000000e-01
6.420000000000005258e+00,5.000000000000000000e-01
6.421000000000005592e+00,5.000000000000000000e-01
6.422000000000005926e+00,5.000000000000000000e-01
6.423000000000005372e+00,5.000000000000000000e-01
6.424000000000005706e+00,5.000000000000000000e-01
6.425000000000006040e+00,5.000000000000000000e-01
6.426000000000005485e+00,5.000000000000000000e-01
6.427000000000005819e+00,5.000000000000000000e-01
6.428000000000005265e+00,5.000000000000000000e-01
6.429000000000005599e+00,5.000000000000000000e-01
6.430000000000005933e+00,5.000000000000000000e-01
6.431000000000005379e+00,5.000000000000000000e-01
6.432000000000005713e+00,5.000000000000000000e-01
6.433000000000005159e+00,5.000000000000000000e-01
6.434000000000005492e+00,5.000000000000000000e-01
6.435000000000005826e+00,5.000000000000000000e-01
6.436000000000005272e+00,5.000000000000000000e-01
6.437000000000005606e+00,5.000000000000000000e-01
6.438000000000005940e+00,5.000000000000000000e-01
6.439000000000005386e+00,5.000000000000000000e-01
6.440000000000005720e+00,5.000000000000000000e-01
6.441000000000006054e+00,5.000000000000000000e-01
6.442000000000005500e+00,5.000000000000000000e-01
6.443000000000005834e+00,5.000000000000000000e-01
6.444000000000005279e+00,5.000000000000000000e-01
6.445000000000005613e+00,5.000000000000000000e-01
6.446000000000005947e+00,5.000000000000000000e-01
6.447000000000005393e+00,5.000000000000000000e-01
6.448000000000005727e+00,5.000000000000000000e-01
6.449000000000005173e+00,5.000000000000000000e-01
6.450000000000005507e+00,5.000000000000000000e-01
6.451000000000005841e+00,5.000000000000000000e-01
6.452000000000005286e+00,5.000000000000000000e-01
6.453000000000005620e+00,5.000000000000000000e-01
6.454000000000005954e+00,5.000000000000000000e-01
6.455000000000005400e+00,5.000000000000000000e-01
6.456000000000005734e+00,5.000000000000000000e-01
6.457000000000006068e+00,5.000000000000000000e-01
6.458000000000005514e+00,5.000000000000000000e-01
6.459000000000005848e+00,5.000000000000000000e-01
6.460000000000005294e+00,5.000000000000000000e-01
6.461000000000005627e+00,5.000000000000000000e-01
6.462000000000005961e+00,5.000000000000000000e-01
6.463000000000005407e+00,5.000000000000000000e-01
6.464000000000005741e+00,5.000000000000000000e-01
6.465000000000005187e+00,5.000000000000000000e-01
6.466000000000005521e+00,5.000000000000000000e-01
6.467000000000005855e+00,5.000000000000000000e-01
6.468000000000005301e+00,5.000000000000000000e-01
6.469000000000005635e+00,5.000000000000000000e-01
6.470000000000005969e+00,5.000000000000000000e-01
6.471000000000005414e+00,5.000000000000000000e-01
6.472000000000005748e+00,5.000000000000000000e-01
6.473000000000006082e+00,5.000000000000000000e-01
6.474000000000005528e+00,5.000000000000000000e-01
6.475000000000005862e+00,5.000000000000000000e-01
6.476000000000005308e+00,5.000000000000000000e-01
6.477000000000005642e+00,5.000000000000000000e-01
6.478000000000005976e+00,5.000000000000000000e-01
6.479000000000005421e+00,5.000000000000000000e-01
6.480000000000005755e+00,5.000000000000000000e-01
6.481000000000005201e+00,5.000000000000000000e-01
6.482000000000005535e+00,5.000000000000000000e-01
6.483000000000005869e+00,5.000000000000000000e-01
6.484000000000005315e+00,5.000000000000000000e-01
6.485000000000005649e+00,5.000000000000000000e-01
6.486000000000005983e+00,5.000000000000000000e-01
6.487000000000005429e+00,5.000000000000000000e-01
6.488000000000005763e+00,5.000000000000000000e-01
6.489000000000006096e+00,5.000000000000000000e-01
6.490000000000005542e+00,5.000000000000000000e-01
6.491000000000005876e+00,5.000000000000000000e-01
6.492000000000005322e+00,5.000000000000000000e-01
6.493000000000005656e+00,5.000000000000000000e-01
6.494000000000005990e+00,5.000000000000000000e-01
6.495000000000005436e+00,5.000000000000000000e-01
6.496000000000005770e+00,5.000000000000000000e-01
6.497000000000005215e+00,5.000000000000000000e-01
6.498000000000005549e+00,5.000000000000000000e-01
6.499000000000005883e+00,5.000000000000000000e-01
6.500000000000005329e+00,5.000000000000000000e-01
6.501000000000005663e+00,5.000000000000000000e-01
6.502000000000005997e+00,5.000000000000000000e-01
6.503000000000005443e+00,5.000000000000000000e-01
6.504000000000005777e+00,5.000000000000000000e-01
6.505000000000006111e+00,5.000000000000000000e-01
6.506000000000005556e+00,5.000000000000000000e-01
6.507000000000005890e+00,5.000000000000000000e-01
6.508000000000005336e+00,5.000000000000000000e-01
6.509000000000005670e+00,5.000000000000000000e-01
6.510000000000006004e+00,5.000000000000000000e-01
6.511000000000005450e+00,5.000000000000000000e-01
6.512000000000005784e+00,5.000000000000000000e-01
6.513000000000005230e+00,5.000000000000000000e-01
6.514000000000005564e+00,5.000000000000000000e-01
6.515000000000005898e+00,5.000000000000000000e-01
6.516000000000005343e+00,5.000000000000000000e-01
6.517000000000005677e+00,5.000000000000000000e-01
6.518000000000006011e+00,5.000000000000000000e-01
6.519000000000005457e+00,5.000000000000000000e-01
6.520000000000005791e+00,5.000000000000000000e-01
6.521000000000006125e+00,5.000000000000000000e-01
6.522000000000005571e+00,5.000000000000000000e-01
6.523000000000005905e+00,5.000000000000000000e-01
6.524000000000005350e+00,5.000000000000000000e-01
6.525000000000005684e+00,5.000000000000000000e-01
6.526000000000006018e+00,5.000000000000000000e-01
6.527000000000005464e+00,5.000000000000000000e-01
6.528000000000005798e+00,5.000000000000000000e-01
6.529000000000005244e+00,5.000000000000000000e-01
6.530000000000005578e+00,5.000000000000000000e-01
6.531000000000005912e+00,5.000000000000000000e-01
6.532000000000005357e+00,5.000000000000000000e-01
6.533000000000005691e+00,5.000000000000000000e-01
6.534000000000006025e+00,5.000000000000000000e-01
6.535000000000005471e+00,5.000000000000000000e-01
6.536000000000005805e+00,5.000000000000000000e-01
6.537000000000006139e+00,5.000000000000000000e-01
6.538000000000005585e+00,5.000000000000000000e-01
6.539000000000005919e+00,5.000000000000000000e-01
6.540000000000005365e+00,5.000000000000000000e-01
6.541000000000005699e+00,5.000000000000000000e-01
6.542000000000006033e+00,5.000000000000000000e-01
6.543000000000005478e+00,5.000000000000000000e-01
6.544000000000005812e+00,5.000000000000000000e-01
6.545000000000005258e+00,5.000000000000000000e-01
6.546000000000005592e+00,5.000000000000000000e-01
6.547000000000005926e+00,5.000000000000000000e-01
6.548000000000005372e+00,5.000000000000000000e-01
6.549000000000005706e+00,5.000000000000000000e-01
6.550000000000006040e+00,5.000000000000000000e-01
6.551000000000005485e+00,5.000000000000000000e-01
6.552000000000005819e+00,5.000000000000000000e-01
6.553000000000006153e+00,5.000000000000000000e-01
6.554000000000005599e+00,5.000000000000000000e-01
6.555000000000005933e+00,5.000000000000000000e-01
6.556000000000005379e+00,5.000000000000000000e-01
6.557000000000005713e+00,5.000000000000000000e-01
6.558000000000006047e+00,5.000000000000000000e-01
6.559000000000005492e+00,5.000000000000000000e-01
6.560000000000005826e+00,5.000000000000000000e-01
6.561000000000005272e+00,5.000000000000000000e-01
6.562000000000005606e+00,5.000000000000000000e-01
6.563000000000005940e+00,5.000000000000000000e-01
6.564000000000005386e+00,5.000000000000000000e-01
6.565000000000005720e+00,5.000000000000000000e-01
6.566000000000006054e+00,5.000000000000000000e-01
6.567000000000005500e+00,5.000000000000000000e-01
6.568000000000005834e+00,5.000000000000000000e-01
6.569000000000006168e+00,5.000000000000000000e-01
6.570000000000005613e+00,5.000000000000000000e-01
6.571000000000005947e+00,5.000000000000000000e-01
6.572000000000005393e+00,5.000000000000000000e-01
6.573000000000005727e+00,5.000000000000000000e-01
6.574000000000006061e+00,5.000000000000000000e-01
6.575000000000005507e+00,5.000000000000000000e-01
6.576000000000005841e+00,5.000000000000000000e-01
6.577000000000005286e+00,5.000000000000000000e-01
6.578000000000005620e+00,5.000000000000000000e-01
6.579000000000005954e+00,5.000000000000000000e-01
6.580000000000005400e+00,5.000000000000000000e-01
6.581000000000005734e+00,5.000000000000000000e-01
6.582000000000006068e+00,5.000000000000000000e-01
6.583000000000005514e+00,5.000000000000000000e-01
6.584000000000005848e+00,5.000000000000000000e-01
6.585000000000006182e+00,5.000000000000000000e-01
6.586000000000005627e+00,5.000000000000000000e-01
6.587000000000005961e+00,5.000000000000000000e-01
6.588000000000005407e+00,5.000000000000000000e-01
6.589000000000005741e+00,5.000000000000000000e-01
6.590000000000006075e+00,5.000000000000000000e-01
6.591000000000005521e+00,5.000000000000000000e-01
6.592000000000005855e+00,5.000000000000000000e-01
6.593000000000005301e+00,5.000000000000000000e-01
6.594000000000005635e+00,5.000000000000000000e-01
6.595000000000005969e+00,5.000000000000000000e-01
6.596000000000005414e+00,5.000000000000000000e-01
6.597000000000005748e+00,5.000000000000000000e-01
6.598000000000006082e+00,5.000000000000000000e-01
6.599000000000005528e+00,5.000000000000000000e-01
6.600000000000005862e+00,5.000000000000000000e-01
6.601000000000006196e+00,5.000000000000000000e-01
6.602000000000005642e+00,5.000000000000000000e-01
6.603000000000005976e+00,5.000000000000000000e-01
6.604000000000005421e+00,5.000000000000000000e-01
6.605000000000005755e+00,5.000000000000000000e-01
6.606000000000006089e+00,5.000000000000000000e-01
6.607000000000005535e+00,5.000000000000000000e-01
6.608000000000005869e+00,5.000000000000000000e-01
6.609000000000005315e+00,5.000000000000000000e-01
6.610000000000005649e+00,5.000000000000000000e-01
6.611000000000005983e+00,5.000000000000000000e-01
6.612000000000005429e+00,5.000000000000000000e-01
6.613000000000005763e+00,5.000000000000000000e-01
6.614000000000006096e+00,5.000000000000000000e-01
6.615000000000005542e+00,5.000000000000000000e-01
6.616000000000005876e+00,5.000000000000000000e-01
6.617000000000006210e+00,5.000000000000000000e-01
6.618000000000005656e+00,5.000000000000000000e-01
6.619000000000005990e+00,5.000000000000000000e-01
6.620000000000005436e+00,5.000000000000000000e-01
6.621000000000005770e+00,5.000000000000000000e-01
6.622000000000006104e+00,5.000000000000000000e-01
6.623000000000005549e+00,5.000000000000000000e-01
6.624000000000005883e+00,5.000000000000000000e-01
6.625000000000005329e+00,5.000000000000000000e-01
6.626000000000005663e+00,5.000000000000000000e-01
6.627000000000005997e+00,5.000000000000000000e-01
6.628000000000005443e+00,5.000000000000000000e-01
6.629000000000005777e+00,5.000000000000000000e-01
6.630000000000006111e+00,5.000000000000000000e-01
6.631000000000005556e+00,5.000000000000000000e-01
6.632000000000005890e+00,5.000000000000000000e-01
6.633000000000006224e+00,5.000000000000000000e-01
6.634000000000005670e+00,5.000000000000000000e-01
6.635000000000006004e+00,5.000000000000000000e-01
6.636000000000005450e+00,5.000000000000000000e-01
6.637000000000005784e+00,5.000000000000000000e-01
6.638000000000006118e+00,5.000000000000000000e-01
6.639000000000005564e+00,5.000000000000000000e-01
6.640000000000005898e+00,5.000000000000000000e-01
6.641000000000005343e+00,5.000000000000000000e-01
6.642000000000005677e+00,5.000000000000000000e-01
6.643000000000006011e+00,5.000000000000000000e-01
6.644000000000005457e+00,5.000000000000000000e-01
6.645000000000005791e+00,5.000000000000000000e-01
6.646000000000006125e+00,5.000000000000000000e-01
6.647000000000005571e+00,5.000000000000000000e-01
6.648000000000005905e+00,5.000000000000000000e-01
6.649000000000006239e+00,5.000000000000000000e-01
6.650000000000005684e+00,5.000000000000000000e-01
6.651000000000006018e+00,5.000000000000000000e-01
6.652000000000005464e+00,5.000000000000000000e-01
6.653000000000005798e+00,5.000000000000000000e-01
6.654000000000006132e+00,5.000000000000000000e-01
6.655000000000005578e+00,5.000000000000000000e-01
6.656000000000005912e+00,5.000000000000000000e-01
6.657000000000005357e+00,5.000000000000000000e-01
6.658000000000005691e+00,5.000000000000000000e-01
6.659000000000006025e+00,5.000000000000000000e-01
6.660000000000005471e+00,5.000000000000000000e-01
6.661000000000005805e+00,5.000000000000000000e-01
6.662000000000006139e+00,5.000000000000000000e-01
6.663000000000005585e+00,5.000000000000000000e-01
6.664000000000005919e+00,5.000000000000000000e-01
6.665000000000006253e+00,5.000000000000000000e-01
6.666000000000005699e+00,5.000000000000000000e-01
6.667000000000006033e+00,5.000000000000000000e-01
6.668000000000005478e+00,5.000000000000000000e-01
6.669000000000005812e+00,5.000000000000000000e-01
6.670000000000006146e+00,5.000000000000000000e-01
6.671000000000005592e+00,5.000000000000000000e-01
6.672000000000005926e+00,5.000000000000000000e-01
6.673000000000005372e+00,5.000000000000000000e-01
6.674000000000005706e+00,5.000000000000000000e-01
6.675000000000006040e+00,5.000000000000000000e-01
6.676000000000005485e+00,5.000000000000000000e-01
6.677000000000005819e+00,5.000000000000000000e-01
6.678000000000006153e+00,5.000000000000000000e-01
6.679000000000005599e+00,5.000000000000000000e-01
6.680000000000005933e+00,5.000000000000000000e-01
6.681000000000006267e+00,5.000000000000000000e-01
6.682000000000005713e+00,5.000000000000000000e-01
6.683000000000006047e+00,5.000000000000000000e-01
6.684000000000005492e+00,5.000000000000000000e-01
6.685000000000005826e+00,5.000000000000000000e-01
6.686000000000006160e+00,5.000000000000000000e-01
6.687000000000005606e+00,5.000000000000000000e-01
6.688000000000005940e+00,5.000000000000000000e-01
6.689000000000005386e+00,5.000000000000000000e-01
6.690000000000005720e+00,5.000000000000000000e-01
6.691000000000006054e+00,5.000000000000000000e-01
6.692000000000005500e+00,5.000000000000000000e-01
6.693000000000005834e+00,5.000000000000000000e-01
6.694000000000006168e+00,5.000000000000000000e-01
6.695000000000005613e+00,5.000000000000000000e-01
6.696000000000005947e+00,5.000000000000000000e-01
6.697000000000006281e+00,5.000000000000000000e-01
6.698000000000005727e+00,5.000000000000000000e-01
6.699000000000006061e+00,5.000000000000000000e-01
6.700000000000005507e+00,5.000000000000000000e-01
6.701000000000005841e+00,5.000000000000000000e-01
6.702000000000006175e+00,5.000000000000000000e-01
6.703000000000005620e+00,5.000000000000000000e-01
6.704000000000005954e+00,5.000000000000000000e-01
6.705000000000005400e+00,5.000000000000000000e-01
6.706000000000005734e+00,5.000000000000000000e-01
6.707000000000006068e+00,5.000000000000000000e-01
6.708000000000005514e+00,5.000000000000000000e-01
6.709000000000005848e+00,5.000000000000000000e-01
6.710000000000006182e+00,5.000000000000000000e-01
6.711000000000005627e+00,5.000000000000000000e-01
6.712000000000005961e+00,5.000000000000000000e-01
6.713000000000006295e+00,5.000000000000000000e-01
6.714000000000005741e+00,5.000000000000000000e-01
6.715000000000006075e+00,5.000000000000000000e-01
6.716000000000005521e+00,5.000000000000000000e-01
6.717000000000005855e+00,5.000000000000000000e-01
6.718000000000006189e+00,5.000000000000000000e-01
6.719000000000005635e+00,5.000000000000000000e-01
6.720000000000005969e+00,5.000000000000000000e-01
6.721000000000005414e+00,5.000000000000000000e-01
6.722000000000005748e+00,5.000000000000000000e-01
6.723000000000006082e+00,5.000000000000000000e-01
6.724000000000005528e+00,5.000000000000000000e-01
6.725000000000005862e+00,5.000000000000000000e-01
6.726000000000006196e+00,5.000000000000000000e-01
6.727000000000005642e+00,5.000000000000000000e-01
6.728000000000005976e+00,5.000000000000000000e-01
6.729000000000006310e+00,5.000000000000000000e-01
6.730000000000005755e+00,5.000000000000000000e-01
6.731000000000006089e+00,5.000000000000000000e-01
6.732000000000005535e+00,5.000000000000000000e-01
6.733000000000005869e+00,5.000000000000000000e-01
6.734000000000006203e+00,5.000000000000000000e-01
6.735000000000005649e+00,5.000000000000000000e-01
6.736000000000005983e+00,5.000000000000000000e-01
6.737000000000005429e+00,5.000000000000000000e-01
6.738000000000005763e+00,5.000000000000000000e-01
6.739000000000006096e+00,5.000000000000000000e-01
6.740000000000005542e+00,5.000000000000000000e-01
6.741000000000005876e+00,5.000000000000000000e-01
6.742000000000006210e+00,5.000000000000000000e-01
6.743000000000005656e+00,5.000000000000000000e-01
6.744000000000005990e+00,5.000000000000000000e-01
6.745000000000006324e+00,5.000000000000000000e-01
6.746000000000005770e+00,5.000000000000000000e-01
6.747000000000006104e+00,5.000000000000000000e-01
6.748000000000005549e+00,5.000000000000000000e-01
6.749000000000005883e+00,5.000000000000000000e-01
6.750000000000006217e+00,5.000000000000000000e-01
6.751000000000005663e+00,5.000000000000000000e-01
6.752000000000005997e+00,5.000000000000000000e-01
6.753000000000005443e+00,5.000000000000000000e-01
6.754000000000005777e+00,5.000000000000000000e-01
6.755000000000006111e+00,5.000000000000000000e-01
6.756000000000005556e+00,5.000000000000000000e-01
6.757000000000005890e+00,5.000000000000000000e-01
6.758000000000006224e+00,5.000000000000000000e-01
6.759000000000005670e+00,5.000000000000000000e-01
6.760000000000006004e+00,5.000000000000000000e-01
6.761000000000006338e+00,5.000000000000000000e-01
6.762000000000005784e+00,5.000000000000000000e-01
6.763000000000006118e+00,5.000000000000000000e-01
6.764000000000005564e+00,5.000000000000000000e-01
6.765000000000005898e+00,5.000000000000000000e-01
6.766000000000006231e+00,5.000000000000000000e-01
6.767000000000005677e+00,5.000000000000000000e-01
6.768000000000006011e+00,5.000000000000000000e-01
6.769000000000005457e+00,5.000000000000000000e-01
6.770000000000005791e+00,5.000000000000000000e-01
6.771000000000006125e+00,5.000000000000000000e-01
6.772000000000005571e+00,5.000000000000000000e-01
6.773000000000005905e+00,5.000000000000000000e-01
6.774000000000006239e+00,5.000000000000000000e-01
6.775000000000005684e+00,5.000000000000000000e-01
6.776000000000006018e+00,5.000000000000000000e-01
6.777000000000006352e+00,5.000000000000000000e-01
6.778000000000005798e+00,5.000000000000000000e-01
6.779000000000006132e+00,5.000000000000000000e-01
6.780000000000005578e+00,5.000000000000000000e-01
6.781000000000005912e+00,5.000000000000000000e-01
6.782000000000006246e+00,5.000000000000000000e-01
6.783000000000005691e+00,5.000000000000000000e-01
6.784000000000006025e+00,5.000000000000000000e-01
6.785000000000005471e+00,5.000000000000000000e-01
6.786000000000005805e+00,5.000000000000000000e-01
6.787000000000006139e+00,5.000000000000000000e-01
6.788000000000005585e+00,5.000000000000000000e-01
6.789000000000005919e+00,5.000000000000000000e-01
6.790000000000006253e+00,5.000000000000000000e-01
6.791000000000005699e+00,5.000000000000000000e-01
6.792000000000006033e+00,5.000000000000000000e-01
6.793000000000006366e+00,5.000000000000000000e-01
6.794000000000005812e+00,5.000000000000000000e-01
6.795000000000006146e+00,5.000000000000000000e-01
6.796000000000005592e+00,5.000000000000000000e-01
6.797000000000005926e+00,5.000000000000000000e-01
6.798000000000006260e+00,5.000000000000000000e-01
6.799000000000005706e+00,5.000000000000000000e-01
6.800000000000006040e+00,5.000000000000000000e-01
6.801000000000005485e+00,5.000000000000000000e-01
6.802000000000005819e+00,5.000000000000000000e-01
6.803000000000006153e+00,5.000000000000000000e-01
6.804000000000005599e+00,5.000000000000000000e-01
6.805000000000005933e+00,5.000000000000000000e-01
6.806000000000006267e+00,5.000000000000000000e-01
6.807000000000005713e+00,5.000000000000000000e-01
6.808000000000006047e+00,5.000000000000000000e-01
6.809000000000006381e+00,5.000000000000000000e-01
6.810000000000005826e+00,5.000000000000000000e-01
6.811000000000006160e+00,5.000000000000000000e-01
6.812000000000005606e+00,5.000000000000000000e-01
6.813000000000005940e+00,5.000000000000000000e-01
6.814000000000006274e+00,5.000000000000000000e-01
6.815000000000005720e+00,5.000000000000000000e-01
6.816000000000006054e+00,5.000000000000000000e-01
6.817000000000005500e+00,5.000000000000000000e-01
6.818000000000005834e+00,5.000000000000000000e-01
6.819000000000006168e+00,5.000000000000000000e-01
6.820000000000005613e+00,5.000000000000000000e-01
6.821000000000005947e+00,5.000000000000000000e-01
6.822000000000006281e+00,5.000000000000000000e-01
6.823000000000005727e+00,5.000000000000000000e-01
6.824000000000006061e+00,5.000000000000000000e-01
6.825000000000006395e+00,5.000000000000000000e-01
6.826000000000005841e+00,5.000000000000000000e-01
6.827000000000006175e+00,5.000000000000000000e-01
6.828000000000005620e+00,5.000000000000000000e-01
6.829000000000005954e+00,5.000000000000000000e-01
6.830000000000006288e+00,5.000000000000000000e-01
6.831000000000005734e+00,5.000000000000000000e-01
6.832000000000006068e+00,5.000000000000000000e-01
6.833000000000005514e+00,5.000000000000000000e-01
6.834000000000005848e+00,5.000000000000000000e-01
6.835000000000006182e+00,5.000000000000000000e-01
6.836000000000005627e+00,5.000000000000000000e-01
6.837000000000005961e+00,5.000000000000000000e-01
6.838000000000006295e+00,5.000000000000000000e-01
6.839000000000005741e+00,5.000000000000000000e-01
6.840000000000006075e+00,5.000000000000000000e-01
6.841000000000006409e+00,5.000000000000000000e-01
6.842000000000005855e+00,5.000000000000000000e-01
6.843000000000006189e+00,5.000000000000000000e-01
6.844000000000005635e+00,5.000000000000000000e-01
6.845000000000005969e+00,5.000000000000000000e-01
6.846000000000006303e+00,5.000000000000000000e-01
6.847000000000005748e+00,5.000000000000000000e-01
6.848000000000006082e+00,5.000000000000000000e-01
6.849000000000005528e+00,5.000000000000000000e-01
6.850000000000005862e+00,5.000000000000000000e-01
6.851000000000006196e+00,5.000000000000000000e-01
6.852000000000005642e+00,5.000000000000000000e-01
6.853000000000005976e+00,5.000000000000000000e-01
6.854000000000006310e+00,5.000000000000000000e-01
6.855000000000005755e+00,5.000000000000000000e-01
6.856000000000006089e+00,5.000000000000000000e-01
6.857000000000006423e+00,5.000000000000000000e-01
6.858000000000005869e+00,5.000000000000000000e-01
6.859000000000006203e+00,5.000000000000000000e-01
6.860000000000005649e+00,5.000000000000000000e-01
6.861000000000005983e+00,5.000000000000000000e-01
6.862000000000006317e+00,5.000000000000000000e-01
6.863000000000005763e+00,5.000000000000000000e-01
6.864000000000006096e+00,5.000000000000000000e-01
6.865000000000005542e+00,5.000000000000000000e-01
6.866000000000005876e+00,5.000000000000000000e-01
6.867000000000006210e+00,5.000000000000000000e-01
6.868000000000005656e+00,5.000000000000000000e-01
6.869000000000005990e+00,5.000000000000000000e-01
6.870000000000006324e+00,5.000000000000000000e-01
6.871000000000005770e+00,5.000000000000000000e-01
6.872000000000006104e+00,5.000000000000000000e-01
6.873000000000006438e+00,5.000000000000000000e-01
6.874000000000005883e+00,5.000000000000000000e-01
6.875000000000006217e+00,5.000000000000000000e-01
6.876000000000005663e+00,5.000000000000000000e-01
6.877000000000005997e+00,5.000000000000000000e-01
6.878000000000006331e+00,5.000000000000000000e-01
6.879000000000005777e+00,5.000000000000000000e-01
6.880000000000006111e+00,5.000000000000000000e-01
6.881000000000005556e+00,5.000000000000000000e-01
6.882000000000005890e+00,5.000000000000000000e-01
6.883000000000006224e+00,5.000000000000000000e-01
6.884000000000005670e+00,5.000000000000000000e-01
6.885000000000006004e+00,5.000000000000000000e-01
6.886000000000006338e+00,5.000000000000000000e-01
6.887000000000005784e+00,5.000000000000000000e-01
6.888000000000006118e+00,5.000000000000000000e-01
6.889000000000006452e+00,5.000000000000000000e-01
6.890000000000005898e+00,5.000000000000000000e-01
6.891000000000006231e+00,5.000000000000000000e-01
6.892000000000005677e+00,5.000000000000000000e-01
6.893000000000006011e+00,5.000000000000000000e-01
6.894000000000006345e+00,5.000000000000000000e-01
6.895000000000005791e+00,5.000000000000000000e-01
6.896000000000006125e+00,5.000000000000000000e-01
6.897000000000005571e+00,5.000000000000000000e-01
6.898000000000005905e+00,5.000000000000000000e-01
6.899000000000006239e+00,5.000000000000000000e-01
6.900000000000005684e+00,5.000000000000000000e-01
6.901000000000006018e+00,5.000000000000000000e-01
6.902000000000006352e+00,5.000000000000000000e-01
6.903000000000005798e+00,5.000000000000000000e-01
6.904000000000006132e+00,5.000000000000000000e-01
6.905000000000006466e+00,5.000000000000000000e-01
6.906000000000005912e+00,5.000000000000000000e-01
6.907000000000006246e+00,5.000000000000000000e-01
6.908000000000005691e+00,5.000000000000000000e-01
6.909000000000006025e+00,5.000000000000000000e-01
6.910000000000006359e+00,5.000000000000000000e-01
6.911000000000005805e+00,5.000000000000000000e-01
6.912000000000006139e+00,5.000000000000000000e-01
6.913000000000005585e+00,5.000000000000000000e-01
6.914000000000005919e+00,5.000000000000000000e-01
6.915000000000006253e+00,5.000000000000000000e-01
6.916000000000005699e+00,5.000000000000000000e-01
6.917000000000006033e+00,5.000000000000000000e-01
6.918000000000006366e+00,5.000000000000000000e-01
6.919000000000005812e+00,5.000000000000000000e-01
6.920000000000006146e+00,5.000000000000000000e-01
6.921000000000006480e+00,5.000000000000000000e-01
6.922000000000005926e+00,5.000000000000000000e-01
6.923000000000006260e+00,5.000000000000000000e-01
6.924000000000005706e+00,5.000000000000000000e-01
6.925000000000006040e+00,5.000000000000000000e-01
6.926000000000006374e+00,5.000000000000000000e-01
6.927000000000005819e+00,5.000000000000000000e-01
6.928000000000006153e+00,5.000000000000000000e-01
6.929000000000005599e+00,5.000000000000000000e-01
6.930000000000005933e+00,5.000000000000000000e-01
6.931000000000006267e+00,5.000000000000000000e-01
6.932000000000005713e+00,5.000000000000000000e-01
6.933000000000006047e+00,5.000000000000000000e-01
6.934000000000006381e+00,5.000000000000000000e-01
6.935000000000005826e+00,5.000000000000000000e-01
6.936000000000006160e+00,5.000000000000000000e-01
6.937000000000006494e+00,5.000000000000000000e-01
6.938000000000005940e+00,5.000000000000000000e-01
6.939000000000006274e+00,5.000000000000000000e-01
6.940000000000005720e+00,5.000000000000000000e-01
6.941000000000006054e+00,5.000000000000000000e-01
6.942000000000006388e+00,5.000000000000000000e-01
6.943000000000005834e+00,5.000000000000000000e-01
6.944000000000006168e+00,5.000000000000000000e-01
6.945000000000005613e+00,5.000000000000000000e-01
6.946000000000005947e+00,5.000000000000000000e-01
6.947000000000006281e+00,5.000000000000000000e-01
6.948000000000005727e+00,5.000000000000000000e-01
6.949000000000006061e+00,5.000000000000000000e-01
6.950000000000006395e+00,5.000000000000000000e-01
6.951000000000005841e+00,5.000000000000000000e-01
6.952000000000006175e+00,5.000000000000000000e-01
6.953000000000006509e+00,5.000000000000000000e-01
6.954000000000005954e+00,5.000000000000000000e-01
6.955000000000006288e+00,5.000000000000000000e-01
6.956000000000005734e+00,5.000000000000000000e-01
6.957000000000006068e+00,5.000000000000000000e-01
6.958000000000006402e+00,5.000000000000000000e-01
6.959000000000005848e+00,5.000000000000000000e-01
6.960000000000006182e+00,5.000000000000000000e-01
6.961000000000005627e+00,5.000000000000000000e-01
6.962000000000005961e+00,5.000000000000000000e-01
6.963000000000006295e+00,5.000000000000000000e-01
6.964000000000005741e+00,5.000000000000000000e-01
6.965000000000006075e+00,5.000000000000000000e-01
6.966000000000006409e+00,5.000000000000000000e-01
6.967000000000005855e+00,5.000000000000000000e-01
6.968000000000006189e+00,5.000000000000000000e-01
6.969000000000006523e+00,5.000000000000000000e-01
6.970000000000005969e+00,5.000000000000000000e-01
6.971000000000006303e+00,5.000000000000000000e-01
6.972000000000005748e+00,5.000000000000000000e-01
6.973000000000006082e+00,5.000000000000000000e-01
6.974000000000006416e+00,5.000000000000000000e-01
6.975000000000005862e+00,5.000000000000000000e-01
6.976000000000006196e+00,5.000000000000000000e-01
6.977000000000005642e+00,5.000000000000000000e-01
6.978000000000005976e+00,5.000000000000000000e-01
6.979000000000006310e+00,5.000000000000000000e-01
6.980000000000005755e+00,5.000000000000000000e-01
6.981000000000006089e+00,5.000000000000000000e-01
6.982000000000006423e+00,5.000000000000000000e-01
6.983000000000005869e+00,5.000000000000000000e-01
6.984000000000006203e+00,5.000000000000000000e-01
6.985000000000006537e+00,5.000000000000000000e-01
6.986000000000005983e+00,5.000000000000000000e-01
6.987000000000006317e+00,5.000000000000000000e-01
6.988000000000005763e+00,5.000000000000000000e-01
6.989000000000006096e+00,5.000000000000000000e-01
6.990000000000006430e+00,5.000000000000000000e-01
6.991000000000005876e+00,5.000000000000000000e-01
6.992000000000006210e+00,5.000000000000000000e-01
6.993000000000005656e+00,5.000000000000000000e-01
6.994000000000005990e+00,5.000000000000000000e-01
6.995000000000006324e+00,5.000000000000000000e-01
6.996000000000005770e+00,5.000000000000000000e-01
6.997000000000006104e+00,5.000000000000000000e-01
6.998000000000006438e+00,5.000000000000000000e-01
6.999000000000005883e+00,5.000000000000000000e-01
7.000000000000006217e+00,5.000000000000000000e-01
7.001000000000006551e+00,5.000000000000000000e-01
7.002000000000005997e+00,5.000000000000000000e-01
7.003000000000006331e+00,5.000000000000000000e-01
7.004000000000005777e+00,5.000000000000000000e-01
7.005000000000006111e+00,5.000000000000000000e-01
7.006000000000006445e+00,5.000000000000000000e-01
7.007000000000005890e+00,5.000000000000000000e-01
7.008000000000006224e+00,5.000000000000000000e-01
7.009000000000005670e+00,5.000000000000000000e-01
7.010000000000006004e+00,5.000000000000000000e-01
7.011000000000006338e+00,5.000000000000000000e-01
7.012000000000005784e+00,5.000000000000000000e-01
7.013000000000006118e+00,5.000000000000000000e-01
7.014000000000006452e+00,5.000000000000000000e-01
7.015000000000005898e+00,5.000000000000000000e-01
7.016000000000006231e+00,5.000000000000000000e-01
7.017000000000006565e+00,5.000000000000000000e-01
7.018000000000006011e+00,5.000000000000000000e-01
7.019000000000006345e+00,5.000000000000000000e-01
7.020000000000005791e+00,5.000000000000000000e-01
7.021000000000006125e+00,5.000000000000000000e-01
7.022000000000006459e+00,5.000000000000000000e-01
7.023000000000005905e+00,5.000000000000000000e-01
7.024000000000006239e+00,5.000000000000000000e-01
7.025000000000005684e+00,5.000000000000000000e-01
7.026000000000006018e+00,5.000000000000000000e-01
7.027000000000006352e+00,5.000000000000000000e-01
7.028000000000005798e+00,5.000000000000000000e-01
7.029000000000006132e+00,5.000000000000000000e-01
7.030000000000006466e+00,5.000000000000000000e-01
7.031000000000005912e+00,5.000000000000000000e-01
7.032000000000006246e+00,5.000000000000000000e-01
7.033000000000006580e+00,5.000000000000000000e-01
7.034000000000006025e+00,5.000000000000000000e-01
7.035000000000006359e+00,5.000000000000000000e-01
7.036000000000005805e+00,5.000000000000000000e-01
7.037000000000006139e+00,5.000000000000000000e-01
7.038000000000006473e+00,5.000000000000000000e-01
7.039000000000005919e+00,5.000000000000000000e-01
7.040000000000006253e+00,5.000000000000000000e-01
7.041000000000005699e+00,5.000000000000000000e-01
7.042000000000006033e+00,5.000000000000000000e-01
7.043000000000006366e+00,5.000000000000000000e-01
7.044000000000005812e+00,5.000000000000000000e-01
7.045000000000006146e+00,5.000000000000000000e-01
7.046000000000006480e+00,5.000000000000000000e-01
7.047000000000005926e+00,5.000000000000000000e-01
7.048000000000006260e+00,5.000000000000000000e-01
7.049000000000006594e+00,5.000000000000000000e-01
7.050000000000006040e+00,5.000000000000000000e-01
7.051000000000006374e+00,5.000000000000000000e-01
7.052000000000005819e+00,5.000000000000000000e-01
7.053000000000006153e+00,5.000000000000000000e-01
7.054000000000006487e+00,5.000000000000000000e-01
7.055000000000005933e+00,5.000000000000000000e-01
7.056000000000006267e+00,5.000000000000000000e-01
7.057000000000005713e+00,5.000000000000000000e-01
7.058000000000006047e+00,5.000000000000000000e-01
7.059000000000006381e+00,5.000000000000000000e-01
7.060000000000005826e+00,5.000000000000000000e-01
7.061000000000006160e+00,5.000000000000000000e-01
7.062000000000006494e+00,5.000000000000000000e-01
7.063000000000005940e+00,5.000000000000000000e-01
7.064000000000006274e+00,5.000000000000000000e-01
7.065000000000006608e+00,5.000000000000000000e-01
7.066000000000006054e+00,5.000000000000000000e-01
7.067000000000006388e+00,5.000000000000000000e-01
7.068000000000005834e+00,5.000000000000000000e-01
7.069000000000006168e+00,5.000000000000000000e-01
7.070000000000006501e+00,5.000000000000000000e-01
7.071000000000005947e+00,5.000000000000000000e-01
7.072000000000006281e+00,5.000000000000000000e-01
7.073000000000005727e+00,5.000000000000000000e-01
7.074000000000006061e+00,5.000000000000000000e-01
7.075000000000006395e+00,5.000000000000000000e-01
7.076000000000005841e+00,5.000000000000000000e-01
7.077000000000006175e+00,5.000000000000000000e-01
7.078000000000006509e+00,5.000000000000000000e-01
7.079000000000005954e+00,5.000000000000000000e-01
7.080000000000006288e+00,5.000000000000000000e-01
7.081000000000006622e+00,5.000000000000000000e-01
7.082000000000006068e+00,5.000000000000000000e-01
7.083000000000006402e+00,5.000000000000000000e-01
7.084000000000005848e+00,5.000000000000000000e-01
7.085000000000006182e+00,5.000000000000000000e-01
7.086000000000006516e+00,5.000000000000000000e-01
7.087000000000005961e+00,5.000000000000000000e-01
7.088000000000006295e+00,5.000000000000000000e-01
7.089000000000005741e+00,5.000000000000000000e-01
7.090000000000006075e+00,5.000000000000000000e-01
7.091000000000006409e+00,5.000000000000000000e-01
7.092000000000005855e+00,5.000000000000000000e-01
7.093000000000006189e+00,5.000000000000000000e-01
7.094000000000006523e+00,5.000000000000000000e-01
7.095000000000005969e+00,5.000000000000000000e-01
7.096000000000006303e+00,5.000000000000000000e-01
7.097000000000006636e+00,5.000000000000000000e-01
7.098000000000006082e+00,5.000000000000000000e-01
7.099000000000006416e+00,5.000000000000000000e-01
7.100000000000005862e+00,5.000000000000000000e-01
7.101000000000006196e+00,5.000000000000000000e-01
7.102000000000006530e+00,5.000000000000000000e-01
7.103000000000005976e+00,5.000000000000000000e-01
7.104000000000006310e+00,5.000000000000000000e-01
7.105000000000005755e+00,5.000000000000000000e-01
7.106000000000006089e+00,5.000000000000000000e-01
7.107000000000006423e+00,5.000000000000000000e-01
7.108000000000005869e+00,5.000000000000000000e-01
7.109000000000006203e+00,5.000000000000000000e-01
7.110000000000006537e+00,5.000000000000000000e-01
7.111000000000005983e+00,5.000000000000000000e-01
7.112000000000006317e+00,5.000000000000000000e-01
7.113000000000006651e+00,5.000000000000000000e-01
7.114000000000006096e+00,5.000000000000000000e-01
7.115000000000006430e+00,5.000000000000000000e-01
7.116000000000005876e+00,5.000000000000000000e-01
7.117000000000006210e+00,5.000000000000000000e-01
7.118000000000006544e+00,5.000000000000000000e-01
7.119000000000005990e+00,5.000000000000000000e-01
7.120000000000006324e+00,5.000000000000000000e-01
7.121000000000005770e+00,5.000000000000000000e-01
7.122000000000006104e+00,5.000000000000000000e-01
7.123000000000006438e+00,5.000000000000000000e-01
7.124000000000005883e+00,5.000000000000000000e-01
7.125000000000006217e+00,5.000000000000000000e-01
7.126000000000006551e+00,5.000000000000000000e-01
7.127000000000005997e+00,5.000000000000000000e-01
7.128000000000006331e+00,5.000000000000000000e-01
7.129000000000006665e+00,5.000000000000000000e-01
7.130000000000006111e+00,5.000000000000000000e-01
7.131000000000006445e+00,5.000000000000000000e-01
7.132000000000005890e+00,5.000000000000000000e-01
7.133000000000006224e+00,5.000000000000000000e-01
7.134000000000006558e+00,5.000000000000000000e-01
7.135000000000006004e+00,5.000000000000000000e-01
7.136000000000006338e+00,5.000000000000000000e-01
7.137000000000005784e+00,5.000000000000000000e-01
7.138000000000006118e+00,5.000000000000000000e-01
7.139000000000006452e+00,5.000000000000000000e-01
7.140000000000005898e+00,5.000000000000000000e-01
7.141000000000006231e+00,5.000000000000000000e-01
7.142000000000006565e+00,5.000000000000000000e-01
7.143000000000006011e+00,5.000000000000000000e-01
7.144000000000006345e+00,5.000000000000000000e-01
7.145000000000006679e+00,5.000000000000000000e-01
7.146000000000006125e+00,5.000000000000000000e-01
7.147000000000006459e+00,5.000000000000000000e-01
7.148000000000005905e+00,5.000000000000000000e-01
7.149000000000006239e+00,5.000000000000000000e-01
7.150000000000006573e+00,5.000000000000000000e-01
7.151000000000006018e+00,5.000000000000000000e-01
7.152000000000006352e+00,5.000000000000000000e-01
7.153000000000005798e+00,5.000000000000000000e-01
7.154000000000006132e+00,5.000000000000000000e-01
7.155000000000006466e+00,5.000000000000000000e-01
7.156000000000005912e+00,5.000000000000000000e-01
7.157000000000006246e+00,5.000000000000000000e-01
7.158000000000006580e+00,5.000000000000000000e-01
7.159000000000006025e+00,5.000000000000000000e-01
7.160000000000006359e+00,5.000000000000000000e-01
7.161000000000006693e+00,5.000000000000000000e-01
7.162000000000006139e+00,5.000000000000000000e-01
7.163000000000006473e+00,5.000000000000000000e-01
7.164000000000005919e+00,5.000000000000000000e-01
7.165000000000006253e+00,5.000000000000000000e-01
7.166000000000006587e+00,5.000000000000000000e-01
7.167000000000006033e+00,5.000000000000000000e-01
7.168000000000006366e+00,5.000000000000000000e-01
7.169000000000005812e+00,5.000000000000000000e-01
7.170000000000006146e+00,5.000000000000000000e-01
7.171000000000006480e+00,5.000000000000000000e-01
7.172000000000005926e+00,5.000000000000000000e-01
7.173000000000006260e+00,5.000000000000000000e-01
7.174000000000006594e+00,5.000000000000000000e-01
7.175000000000006040e+00,5.000000000000000000e-01
7.176000000000006374e+00,5.000000000000000000e-01
7.177000000000006708e+00,5.000000000000000000e-01
7.178000000000006153e+00,5.000000000000000000e-01
7.179000000000006487e+00,5.000000000000000000e-01
7.180000000000005933e+00,5.000000000000000000e-01
7.181000000000006267e+00,5.000000000000000000e-01
7.182000000000006601e+00,5.000000000000000000e-01
7.183000000000006047e+00,5.000000000000000000e-01
7.184000000000006381e+00,5.000000000000000000e-01
7.185000000000005826e+00,5.000000000000000000e-01
7.186000000000006160e+00,5.000000000000000000e-01
7.187000000000006494e+00,5.000000000000000000e-01
7.188000000000005940e+00,5.000000000000000000e-01
7.189000000000006274e+00,5.000000000000000000e-01
7.190000000000006608e+00,5.000000000000000000e-01
7.191000000000006054e+00,5.000000000000000000e-01
7.192000000000006388e+00,5.000000000000000000e-01
7.193000000000006722e+00,5.000000000000000000e-01
7.194000000000006168e+00,5.000000000000000000e-01
7.195000000000006501e+00,5.000000000000000000e-01
7.196000000000005947e+00,5.000000000000000000e-01
7.197000000000006281e+00,5.000000000000000000e-01
7.198000000000006615e+00,5.000000000000000000e-01
7.199000000000006061e+00,5.000000000000000000e-01
7.200000000000006395e+00,5.000000000000000000e-01
7.201000000000005841e+00,5.000000000000000000e-01
7.202000000000006175e+00,5.000000000000000000e-01
7.203000000000006509e+00,5.000000000000000000e-01
7.204000000000005954e+00,5.000000000000000000e-01
7.205000000000006288e+00,5.000000000000000000e-01
7.206000000000006622e+00,5.000000000000000000e-01
7.207000000000006068e+00,5.000000000000000000e-01
7.208000000000006402e+00,5.000000000000000000e-01
7.209000000000006736e+00,5.000000000000000000e-01
7.210000000000006182e+00,5.000000000000000000e-01
7.211000000000006516e+00,5.000000000000000000e-01
7.212000000000005961e+00,5.000000000000000000e-01
7.213000000000006295e+00,5.000000000000000000e-01
7.214000000000006629e+00,5.000000000000000000e-01
7.215000000000006075e+00,5.000000000000000000e-01
7.216000000000006409e+00,5.000000000000000000e-01
7.217000000000005855e+00,5.000000000000000000e-01
7.218000000000006189e+00,5.000000000000000000e-01
7.219000000000006523e+00,5.000000000000000000e-01
7.220000000000005969e+00,5.000000000000000000e-01
7.221000000000006303e+00,5.000000000000000000e-01
7.222000000000006636e+00,5.000000000000000000e-01
7.223000000000006082e+00,5.000000000000000000e-01
7.224000000000006416e+00,5.000000000000000000e-01
7.225000000000006750e+00,5.000000000000000000e-01
7.226000000000006196e+00,5.000000000000000000e-01
7.227000000000006530e+00,5.000000000000000000e-01
7.228000000000005976e+00,5.000000000000000000e-01
7.229000000000006310e+00,5.000000000000000000e-01
7.230000000000006644e+00,5.000000000000000000e-01
7.231000000000006089e+00,5.000000000000000000e-01
7.232000000000006423e+00,5.000000000000000000e-01
7.233000000000005869e+00,5.000000000000000000e-01
7.234000000000006203e+00,5.000000000000000000e-01
7.235000000000006537e+00,5.000000000000000000e-01
7.236000000000005983e+00,5.000000000000000000e-01
7.237000000000006317e+00,5.000000000000000000e-01
7.238000000000006651e+00,5.000000000000000000e-01
7.239000000000006096e+00,5.000000000000000000e-01
7.240000000000006430e+00,5.000000000000000000e-01
7.241000000000006764e+00,5.000000000000000000e-01
7.242000000000006210e+00,5.000000000000000000e-01
7.243000000000006544e+00,5.000000000000000000e-01
7.244000000000005990e+00,5.000000000000000000e-01
7.245000000000006324e+00,5.000000000000000000e-01
7.246000000000006658e+00,5.000000000000000000e-01
7.247000000000006104e+00,5.000000000000000000e-01
7.248000000000006438e+00,5.000000000000000000e-01
7.249000000000005883e+00,5.000000000000000000e-01
7.250000000000006217e+00,5.000000000000000000e-01
7.251000000000006551e+00,5.000000000000000000e-01
7.252000000000005997e+00,5.000000000000000000e-01
7.253000000000006331e+00,5.000000000000000000e-01
7.254000000000006665e+00,5.000000000000000000e-01
7.255000000000006111e+00,5.000000000000000000e-01
7.256000000000006445e+00,5.000000000000000000e-01
7.257000000000006779e+00,5.000000000000000000e-01
7.258000000000006224e+00,5.000000000000000000e-01
7.259000000000006558e+00,5.000000000000000000e-01
7.260000000000006004e+00,5.000000000000000000e-01
7.261000000000006338e+00,5.000000000000000000e-01
7.262000000000006672e+00,5.000000000000000000e-01
7.263000000000006118e+00,5.000000000000000000e-01
7.264000000000006452e+00,5.000000000000000000e-01
7.265000000000005898e+00,5.000000000000000000e-01
7.266000000000006231e+00,5.000000000000000000e-01
7.267000000000006565e+00,5.000000000000000000e-01
7.268000000000006011e+00,5.000000000000000000e-01
7.269000000000006345e+00,5.000000000000000000e-01
7.270000000000006679e+00,5.000000000000000000e-01
7.271000000000006125e+00,5.000000000000000000e-01
7.272000000000006459e+00,5.000000000000000000e-01
7.273000000000006793e+00,5.000000000000000000e-01
7.274000000000006239e+00,5.000000000000000000e-01
7.275000000000006573e+00,5.000000000000000000e-01
7.276000000000006018e+00,5.000000000000000000e-01
7.277000000000006352e+00,5.000000000000000000e-01
7.278000000000006686e+00,5.000000000000000000e-01
7.279000000000006132e+00,5.000000000000000000e-01
7.280000000000006466e+00,5.000000000000000000e-01
7.281000000000005912e+00,5.000000000000000000e-01
7.282000000000006246e+00,5.000000000000000000e-01
7.283000000000006580e+00,5.000000000000000000e-01
7.284000000000006025e+00,5.000000000000000000e-01
7.285000000000006359e+00,5.000000000000000000e-01
7.286000000000006693e+00,5.000000000000000000e-01
7.287000000000006139e+00,5.000000000000000000e-01
7.288000000000006473e+00,5.000000000000000000e-01
7.289000000000006807e+00,5.000000000000000000e-01
7.290000000000006253e+00,5.000000000000000000e-01
7.291000000000006587e+00,5.000000000000000000e-01
7.292000000000006033e+00,5.000000000000000000e-01
7.293000000000006366e+00,5.000000000000000000e-01
7.294000000000006700e+00,5.000000000000000000e-01
7.295000000000006146e+00,5.000000000000000000e-01
7.296000000000006480e+00,5.000000000000000000e-01
7.297000000000005926e+00,5.000000000000000000e-01
7.298000000000006260e+00,5.000000000000000000e-01
7.299000000000006594e+00,5.000000000000000000e-01
7.300000000000006040e+00,5.000000000000000000e-01
7.301000000000006374e+00,5.000000000000000000e-01
7.302000000000006708e+00,5.000000000000000000e-01
7.303000000000006153e+00,5.000000000000000000e-01
7.304000000000006487e+00,5.000000000000000000e-01
7.305000000000006821e+00,5.000000000000000000e-01
7.306000000000006267e+00,5.000000000000000000e-01
7.307000000000006601e+00,5.000000000000000000e-01
7.308000000000006047e+00,5.000000000000000000e-01
7.309000000000006381e+00,5.000000000000000000e-01
7.310000000000006715e+00,5.000000000000000000e-01
7.311000000000006160e+00,5.000000000000000000e-01
7.312000000000006494e+00,5.000000000000000000e-01
7.313000000000005940e+00,5.000000000000000000e-01
7.314000000000006274e+00,5.000000000000000000e-01
7.315000000000006608e+00,5.000000000000000000e-01
7.316000000000006054e+00,5.000000000000000000e-01
7.317000000000006388e+00,5.000000000000000000e-01
7.318000000000006722e+00,5.000000000000000000e-01
7.319000000000006168e+00,5.000000000000000000e-01
7.320000000000006501e+00,5.000000000000000000e-01
7.321000000000006835e+00,5.000000000000000000e-01
7.322000000000006281e+00,5.000000000000000000e-01
7.323000000000006615e+00,5.000000000000000000e-01
7.324000000000006061e+00,5.000000000000000000e-01
7.325000000000006395e+00,5.000000000000000000e-01
7.326000000000006729e+00,5.000000000000000000e-01
7.327000000000006175e+00,5.000000000000000000e-01
7.328000000000006509e+00,5.000000000000000000e-01
7.329000000000005954e+00,5.000000000000000000e-01
7.330000000000006288e+00,5.000000000000000000e-01
7.331000000000006622e+00,5.000000000000000000e-01
7.332000000000006068e+00,5.000000000000000000e-01
7.333000000000006402e+00,5.000000000000000000e-01
7.334000000000006736e+00,5.000000000000000000e-01
7.335000000000006182e+00,5.000000000000000000e-01
7.336000000000006516e+00,5.000000000000000000e-01
7.337000000000006850e+00,5.000000000000000000e-01
7.338000000000006295e+00,5.000000000000000000e-01
7.339000000000006629e+00,5.000000000000000000e-01
7.340000000000006075e+00,5.000000000000000000e-01
7.341000000000006409e+00,5.000000000000000000e-01
7.342000000000006743e+00,5.000000000000000000e-01
7.343000000000006189e+00,5.000000000000000000e-01
7.344000000000006523e+00,5.000000000000000000e-01
7.345000000000005969e+00,5.000000000000000000e-01
7.346000000000006303e+00,5.000000000000000000e-01
7.347000000000006636e+00,5.000000000000000000e-01
7.348000000000006082e+00,5.000000000000000000e-01
7.349000000000006416e+00,5.000000000000000000e-01
7.350000000000006750e+00,5.000000000000000000e-01
7.351000000000006196e+00,5.000000000000000000e-01
7.352000000000006530e+00,5.000000000000000000e-01
7.353000000000006864e+00,5.000000000000000000e-01
7.354000000000006310e+00,5.000000000000000000e-01
7.355000000000006644e+00,5.000000000000000000e-01
7.356000000000006089e+00,5.000000000000000000e-01
7.357000000000006423e+00,5.000000000000000000e-01
7.358000000000006757e+00,5.000000000000000000e-01
7.359000000000006203e+00,5.000000000000000000e-01
7.360000000000006537e+00,5.000000000000000000e-01
7.361000000000005983e+00,5.000000000000000000e-01
7.362000000000006317e+00,5.000000000000000000e-01
7.363000000000006651e+00,5.000000000000000000e-01
7.364000000000006096e+00,5.000000000000000000e-01
7.365000000000006430e+00,5.000000000000000000e-01
7.366000000000006764e+00,5.000000000000000000e-01
7.367000000000006210e+00,5.000000000000000000e-01
7.368000000000006544e+00,5.000000000000000000e-01
7.369000000000006878e+00,5.000000000000000000e-01
7.370000000000006324e+00,5.000000000000000000e-01
7.371000000000006658e+00,5.000000000000000000e-01
7.372000000000006104e+00,5.000000000000000000e-01
7.373000000000006438e+00,5.000000000000000000e-01
7.374000000000006771e+00,5.000000000000000000e-01
7.375000000000006217e+00,5.000000000000000000e-01
7.376000000000006551e+00,5.000000000000000000e-01
7.377000000000005997e+00,5.000000000000000000e-01
7.378000000000006331e+00,5.000000000000000000e-01
7.379000000000006665e+00,5.000000000000000000e-01
7.380000000000006111e+00,5.000000000000000000e-01
7.381000000000006445e+00,5.000000000000000000e-01
7.382000000000006779e+00,5.000000000000000000e-01
7.383000000000006224e+00,5.000000000000000000e-01
7.384000000000006558e+00,5.000000000000000000e-01
7.385000000000006892e+00,5.000000000000000000e-01
7.386000000000006338e+00,5.000000000000000000e-01
7.387000000000006672e+00,5.000000000000000000e-01
7.388000000000006118e+00,5.000000000000000000e-01
7.389000000000006452e+00,5.000000000000000000e-01
7.390000000000006786e+00,5.000000000000000000e-01
7.391000000000006231e+00,5.000000000000000000e-01
7.392000000000006565e+00,5.000000000000000000e-01
7.393000000000006011e+00,5.000000000000000000e-01
7.394000000000006345e+00,5.000000000000000000e-01
7.395000000000006679e+00,5.000000000000000000e-01
7.396000000000006125e+00,5.000000000000000000e-01
7.397000000000006459e+00,5.000000000000000000e-01
7.398000000000006793e+00,5.000000000000000000e-01
7.399000000000006239e+00,5.000000000000000000e-01
7.400000000000006573e+00,5.000000000000000000e-01
7.401000000000006906e+00,5.000000000000000000e-01
7.402000000000006352e+00,5.000000000000000000e-01
7.403000000000006686e+00,5.000000000000000000e-01
7.404000000000006132e+00,5.000000000000000000e-01
7.405000000000006466e+00,5.000000000000000000e-01
7.406000000000006800e+00,5.000000000000000000e-01
7.407000000000006246e+00,5.000000000000000000e-01
7.408000000000006580e+00,5.000000000000000000e-01
7.409000000000006025e+00,5.000000000000000000e-01
7.410000000000006359e+00,5.000000000000000000e-01
7.411000000000006693e+00,5.000000000000000000e-01
7.412000000000006139e+00,5.000000000000000000e-01
7.413000000000006473e+00,5.000000000000000000e-01
7.414000000000006807e+00,5.000000000000000000e-01
7.415000000000006253e+00,5.000000000000000000e-01
7.416000000000006587e+00,5.000000000000000000e-01
7.417000000000006921e+00,5.000000000000000000e-01
7.418000000000006366e+00,5.000000000000000000e-01
7.419000000000006700e+00,5.000000000000000000e-01
7.420000000000006146e+00,5.000000000000000000e-01
7.421000000000006480e+00,5.000000000000000000e-01
7.422000000000006814e+00,5.000000000000000000e-01
7.423000000000006260e+00,5.000000000000000000e-01
7.424000000000006594e+00,5.000000000000000000e-01
7.425000000000006040e+00,5.000000000000000000e-01
7.426000000000006374e+00,5.000000000000000000e-01
7.427000000000006708e+00,5.000000000000000000e-01
7.428000000000006153e+00,5.000000000000000000e-01
7.429000000000006487e+00,5.000000000000000000e-01
7.430000000000006821e+00,5.000000000000000000e-01
7.431000000000006267e+00,5.000000000000000000e-01
7.432000000000006601e+00,5.000000000000000000e-01
7.433000000000006935e+00,5.000000000000000000e-01
7.434000000000006381e+00,5.000000000000000000e-01
7.435000000000006715e+00,5.000000000000000000e-01
7.436000000000006160e+00,5.000000000000000000e-01
7.437000000000006494e+00,5.000000000000000000e-01
7.438000000000006828e+00,5.000000000000000000e-01
7.439000000000006274e+00,5.000000000000000000e-01
7.440000000000006608e+00,5.000000000000000000e-01
7.441000000000006054e+00,5.000000000000000000e-01
7.442000000000006388e+00,5.000000000000000000e-01
7.443000000000006722e+00,5.000000000000000000e-01
7.444000000000006168e+00,5.000000000000000000e-01
7.445000000000006501e+00,5.000000000000000000e-01
7.446000000000006835e+00,5.000000000000000000e-01
7.447000000000006281e+00,5.000000000000000000e-01
7.448000000000006615e+00,5.000000000000000000e-01
7.449000000000006949e+00,5.000000000000000000e-01
7.450000000000006395e+00,5.000000000000000000e-01
7.451000000000006729e+00,5.000000000000000000e-01
7.452000000000006175e+00,5.000000000000000000e-01
7.453000000000006509e+00,5.000000000000000000e-01
7.454000000000006843e+00,5.000000000000000000e-01
7.455000000000006288e+00,5.000000000000000000e-01
7.456000000000006622e+00,5.000000000000000000e-01
7.457000000000006068e+00,5.000000000000000000e-01
7.458000000000006402e+00,5.000000000000000000e-01
7.459000000000006736e+00,5.000000000000000000e-01
7.460000000000006182e+00,5.000000000000000000e-01
7.461000000000006516e+00,5.000000000000000000e-01
7.462000000000006850e+00,5.000000000000000000e-01
7.463000000000006295e+00,5.000000000000000000e-01
7.464000000000006629e+00,5.000000000000000000e-01
7.465000000000006963e+00,5.000000000000000000e-01
7.466000000000006409e+00,5.000000000000000000e-01
7.467000000000006743e+00,5.000000000000000000e-01
7.468000000000006189e+00,5.000000000000000000e-01
7.469000000000006523e+00,5.000000000000000000e-01
7.470000000000006857e+00,5.000000000000000000e-01
7.471000000000006303e+00,5.000000000000000000e-01
7.472000000000006636e+00,5.000000000000000000e-01
7.473000000000006082e+00,5.000000000000000000e-01
7.474000000000006416e+00,5.000000000000000000e-01
7.475000000000006750e+00,5.000000000000000000e-01
7.476000000000006196e+00,5.000000000000000000e-01
7.477000000000006530e+00,5.000000000000000000e-01
7.478000000000006864e+00,5.000000000000000000e-01
7.479000000000006310e+00,5.000000000000000000e-01
7.480000000000006644e+00,5.000000000000000000e-01
7.481000000000006978e+00,5.000000000000000000e-01
7.482000000000006423e+00,5.000000000000000000e-01
7.483000000000006757e+00,5.000000000000000000e-01
7.484000000000006203e+00,5.000000000000000000e-01
7.485000000000006537e+00,5.000000000000000000e-01
7.486000000000006871e+00,5.000000000000000000e-01
7.487000000000006317e+00,5.000000000000000000e-01
7.488000000000006651e+00,5.000000000000000000e-01
7.489000000000006096e+00,5.000000000000000000e-01
7.490000000000006430e+00,5.000000000000000000e-01
7.491000000000006764e+00,5.000000000000000000e-01
7.492000000000006210e+00,5.000000000000000000e-01
7.493000000000006544e+00,5.000000000000000000e-01
7.494000000000006878e+00,5.000000000000000000e-01
7.495000000000006324e+00,5.000000000000000000e-01
7.496000000000006658e+00,5.000000000000000000e-01
7.497000000000006992e+00,5.000000000000000000e-01
7.498000000000006438e+00,5.000000000000000000e-01
7.499000000000006771e+00,5.000000000000000000e-01
7.500000000000006217e+00,5.000000000000000000e-01
7.501000000000006551e+00,5.000000000000000000e-01
7.502000000000006885e+00,5.000000000000000000e-01
7.503000000000006331e+00,5.000000000000000000e-01
7.504000000000006665e+00,5.000000000000000000e-01
7.505000000000006111e+00,5.000000000000000000e-01
7.506000000000006445e+00,5.000000000000000000e-01
7.507000000000006779e+00,5.000000000000000000e-01
7.508000000000006224e+00,5.000000000000000000e-01
7.509000000000006558e+00,5.000000000000000000e-01
7.510000000000006892e+00,5.000000000000000000e-01
7.511000000000006338e+00,5.000000000000000000e-01
7.512000000000006672e+00,5.000000000000000000e-01
7.513000000000007006e+00,5.000000000000000000e-01
7.514000000000006452e+00,5.000000000000000000e-01
7.515000000000006786e+00,5.000000000000000000e-01
7.516000000000006231e+00,5.000000000000000000e-01
7.517000000000006565e+00,5.000000000000000000e-01
7.518000000000006899e+00,5.000000000000000000e-01
7.519000000000006345e+00,5.000000000000000000e-01
7.520000000000006679e+00,5.000000000000000000e-01
7.521000000000006125e+00,5.000000000000000000e-01
7.522000000000006459e+00,5.000000000000000000e-01
7.523000000000006793e+00,5.000000000000000000e-01
7.524000000000006239e+00,5.000000000000000000e-01
7.525000000000006573e+00,5.000000000000000000e-01
7.526000000000006906e+00,5.000000000000000000e-01
7.527000000000006352e+00,5.000000000000000000e-01
7.528000000000006686e+00,5.000000000000000000e-01
7.529000000000007020e+00,5.000000000000000000e-01
7.530000000000006466e+00,5.000000000000000000e-01
7.531000000000006800e+00,5.000000000000000000e-01
7.532000000000006246e+00,5.000000000000000000e-01
7.533000000000006580e+00,5.000000000000000000e-01
7.534000000000006914e+00,5.000000000000000000e-01
7.535000000000006359e+00,5.000000000000000000e-01
7.536000000000006693e+00,5.000000000000000000e-01
7.537000000000006139e+00,5.000000000000000000e-01
7.538000000000006473e+00,5.000000000000000000e-01
7.539000000000006807e+00,5.000000000000000000e-01
7.540000000000006253e+00,5.000000000000000000e-01
7.541000000000006587e+00,5.000000000000000000e-01
7.542000000000006921e+00,5.000000000000000000e-01
7.543000000000006366e+00,5.000000000000000000e-01
7.544000000000006700e+00,5.000000000000000000e-01
7.545000000000007034e+00,5.000000000000000000e-01
7.546000000000006480e+00,5.000000000000000000e-01
7.547000000000006814e+00,5.000000000000000000e-01
7.548000000000006260e+00,5.000000000000000000e-01
7.549000000000006594e+00,5.000000000000000000e-01
7.550000000000006928e+00,5.000000000000000000e-01
7.551000000000006374e+00,5.000000000000000000e-01
7.552000000000006708e+00,5.000000000000000000e-01
7.553000000000006153e+00,5.000000000000000000e-01
7.554000000000006487e+00,5.000000000000000000e-01
7.555000000000006821e+00,5.000000000000000000e-01
7.556000000000006267e+00,5.000000000000000000e-01
7.557000000000006601e+00,5.000000000000000000e-01
7.558000000000006935e+00,5.000000000000000000e-01
7.559000000000006381e+00,5.000000000000000000e-01
7.560000000000006715e+00,5.000000000000000000e-01
7.561000000000007049e+00,5.000000000000000000e-01
7.562000000000006494e+00,5.000000000000000000e-01
7.563000000000006828e+00,5.000000000000000000e-01
7.564000000000006274e+00,5.000000000000000000e-01
7.565000000000006608e+00,5.000000000000000000e-01
7.566000000000006942e+00,5.000000000000000000e-01
7.567000000000006388e+00,5.000000000000000000e-01
7.568000000000006722e+00,5.000000000000000000e-01
7.569000000000006168e+00,5.000000000000000000e-01
7.570000000000006501e+00,5.000000000000000000e-01
7.571000000000006835e+00,5.000000000000000000e-01
7.572000000000006281e+00,5.000000000000000000e-01
7.573000000000006615e+00,5.000000000000000000e-01
7.574000000000006949e+00,5.000000000000000000e-01
7.575000000000006395e+00,5.000000000000000000e-01
7.576000000000006729e+00,5.000000000000000000e-01
7.577000000000007063e+00,5.000000000000000000e-01
7.578000000000006509e+00,5.000000000000000000e-01
7.579000000000006843e+00,5.000000000000000000e-01
7.580000000000006288e+00,5.000000000000000000e-01
7.581000000000006622e+00,5.000000000000000000e-01
7.582000000000006956e+00,5.000000000000000000e-01
7.583000000000006402e+00,5.000000000000000000e-01
7.584000000000006736e+00,5.000000000000000000e-01
7.585000000000006182e+00,5.000000000000000000e-01
7.586000000000006516e+00,5.000000000000000000e-01
7.587000000000006850e+00,5.000000000000000000e-01
7.588000000000006295e+00,5.000000000000000000e-01
7.589000000000006629e+00,5.000000000000000000e-01
7.590000000000006963e+00,5.000000000000000000e-01
7.591000000000006409e+00,5.000000000000000000e-01
7.592000000000006743e+00,5.000000000000000000e-01
7.593000000000007077e+00,5.000000000000000000e-01
7.594000000000006523e+00,5.000000000000000000e-01
7.595000000000006857e+00,5.000000000000000000e-01
7.596000000000006303e+00,5.000000000000000000e-01
7.597000000000006636e+00,5.000000000000000000e-01
7.598000000000006970e+00,5.000000000000000000e-01
7.599000000000006416e+00,5.000000000000000000e-01
7.600000000000006750e+00,5.000000000000000000e-01
7.601000000000006196e+00,5.000000000000000000e-01
7.602000000000006530e+00,5.000000000000000000e-01
7.603000000000006864e+00,5.000000000000000000e-01
7.604000000000006310e+00,5.000000000000000000e-01
7.605000000000006644e+00,5.000000000000000000e-01
7.606000000000006978e+00,5.000000000000000000e-01
7.607000000000006423e+00,5.000000000000000000e-01
7.608000000000006757e+00,5.000000000000000000e-01
7.609000000000007091e+00,5.000000000000000000e-01
7.610000000000006537e+00,5.000000000000000000e-01
7.611000000000006871e+00,5.000000000000000000e-01
7.612000000000006317e+00,5.000000000000000000e-01
7.613000000000006651e+00,5.000000000000000000e-01
7.614000000000006985e+00,5.000000000000000000e-01
7.615000000000006430e+00,5.000000000000000000e-01
7.616000000000006764e+00,5.000000000000000000e-01
7.617000000000006210e+00,5.000000000000000000e-01
7.618000000000006544e+00,5.000000000000000000e-01
7.619000000000006878e+00,5.000000000000000000e-01
7.620000000000006324e+00,5.000000000000000000e-01
7.621000000000006658e+00,5.000000000000000000e-01
7.622000000000006992e+00,5.000000000000000000e-01
7.623000000000006438e+00,5.000000000000000000e-01
7.624000000000006771e+00,5.000000000000000000e-01
7.625000000000007105e+00,5.000000000000000000e-01
7.626000000000006551e+00,5.000000000000000000e-01
7.627000000000006885e+00,5.000000000000000000e-01
7.628000000000006331e+00,5.000000000000000000e-01
7.629000000000006665e+00,5.000000000000000000e-01
7.630000000000006999e+00,5.000000000000000000e-01
7.631000000000006445e+00,5.000000000000000000e-01
7.632000000000006779e+00,5.000000000000000000e-01
7.633000000000006224e+00,5.000000000000000000e-01
7.634000000000006558e+00,5.000000000000000000e-01
7.635000000000006892e+00,5.000000000000000000e-01
7.636000000000006338e+00,5.000000000000000000e-01
7.637000000000006672e+00,5.000000000000000000e-01
7.638000000000007006e+00,5.000000000000000000e-01
7.639000000000006452e+00,5.000000000000000000e-01
7.640000000000006786e+00,5.000000000000000000e-01
7.641000000000007120e+00,5.000000000000000000e-01
7.642000000000006565e+00,5.000000000000000000e-01
7.643000000000006899e+00,5.000000000000000000e-01
7.644000000000006345e+00,5.000000000000000000e-01
7.645000000000006679e+00,5.000000000000000000e-01
7.646000000000007013e+00,5.000000000000000000e-01
7.647000000000006459e+00,5.000000000000000000e-01
7.648000000000006793e+00,5.000000000000000000e-01
7.649000000000006239e+00,5.000000000000000000e-01
7.650000000000006573e+00,5.000000000000000000e-01
7.651000000000006906e+00,5.000000000000000000e-01
7.652000000000006352e+00,5.000000000000000000e-01
7.653000000000006686e+00,5.000000000000000000e-01
7.654000000000007020e+00,5.000000000000000000e-01
7.655000000000006466e+00,5.000000000000000000e-01
7.656000000000006800e+00,5.000000000000000000e-01
7.657000000000007134e+00,5.000000000000000000e-01
7.658000000000006580e+00,5.000000000000000000e-01
7.659000000000006914e+00,5.000000000000000000e-01
7.660000000000006359e+00,5.000000000000000000e-01
7.661000000000006693e+00,5.000000000000000000e-01
7.662000000000007027e+00,5.000000000000000000e-01
7.663000000000006473e+00,5.000000000000000000e-01
7.664000000000006807e+00,5.000000000000000000e-01
7.665000000000006253e+00,5.000000000000000000e-01
7.666000000000006587e+00,5.000000000000000000e-01
7.667000000000006921e+00,5.000000000000000000e-01
7.668000000000006366e+00,5.000000000000000000e-01
7.669000000000006700e+00,5.000000000000000000e-01
7.670000000000007034e+00,5.000000000000000000e-01
7.671000000000006480e+00,5.000000000000000000e-01
7.672000000000006814e+00,5.000000000000000000e-01
7.673000000000007148e+00,5.000000000000000000e-01
7.674000000000006594e+00,5.000000000000000000e-01
7.675000000000006928e+00,5.000000000000000000e-01
7.676000000000006374e+00,5.000000000000000000e-01
7.677000000000006708e+00,5.000000000000000000e-01
7.678000000000007041e+00,5.000000000000000000e-01
7.679000000000006487e+00,5.000000000000000000e-01
7.680000000000006821e+00,5.000000000000000000e-01
7.681000000000006267e+00,5.000000000000000000e-01
7.682000000000006601e+00,5.000000000000000000e-01
7.683000000000006935e+00,5.000000000000000000e-01
7.684000000000006381e+00,5.000000000000000000e-01
7.685000000000006715e+00,5.000000000000000000e-01
7.686000000000007049e+00,5.000000000000000000e-01
7.687000000000006494e+00,5.000000000000000000e-01
7.688000000000006828e+00,5.000000000000000000e-01
7.689000000000007162e+00,5.000000000000000000e-01
7.690000000000006608e+00,5.000000000000000000e-01
7.691000000000006942e+00,5.000000000000000000e-01
7.692000000000006388e+00,5.000000000000000000e-01
7.693000000000006722e+00,5.000000000000000000e-01
7.694000000000007056e+00,5.000000000000000000e-01
7.695000000000006501e+00,5.000000000000000000e-01
7.696000000000006835e+00,5.000000000000000000e-01
7.697000000000006281e+00,5.000000000000000000e-01
7.698000000000006615e+00,5.000000000000000000e-01
7.699000000000006949e+00,5.000000000000000000e-01
7.700000000000006395e+00,5.000000000000000000e-01
7.701000000000006729e+00,5.000000000000000000e-01
7.702000000000007063e+00,5.000000000000000000e-01
7.703000000000006509e+00,5.000000000000000000e-01
7.704000000000006843e+00,5.000000000000000000e-01
7.705000000000007176e+00,5.000000000000000000e-01
7.706000000000006622e+00,5.000000000000000000e-01
7.707000000000006956e+00,5.000000000000000000e-01
7.708000000000006402e+00,5.000000000000000000e-01
7.709000000000006736e+00,5.000000000000000000e-01
7.710000000000007070e+00,5.000000000000000000e-01
7.711000000000006516e+00,5.000000000000000000e-01
7.712000000000006850e+00,5.000000000000000000e-01
7.713000000000006295e+00,5.000000000000000000e-01
7.714000000000006629e+00,5.000000000000000000e-01
7.715000000000006963e+00,5.000000000000000000e-01
7.716000000000006409e+00,5.000000000000000000e-01
7.717000000000006743e+00,5.000000000000000000e-01
7.718000000000007077e+00,5.000000000000000000e-01
7.719000000000006523e+00,5.000000000000000000e-01
7.720000000000006857e+00,5.000000000000000000e-01
7.721000000000007191e+00,5.000000000000000000e-01
7.722000000000006636e+00,5.000000000000000000e-01
7.723000000000006970e+00,5.000000000000000000e-01
7.724000000000006416e+00,5.000000000000000000e-01
7.725000000000006750e+00,5.000000000000000000e-01
7.726000000000007084e+00,5.000000000000000000e-01
7.727000000000006530e+00,5.000000000000000000e-01
7.728000000000006864e+00,5.000000000000000000e-01
7.729000000000006310e+00,5.000000000000000000e-01
7.730000000000006644e+00,5.000000000000000000e-01
7.731000000000006978e+00,5.000000000000000000e-01
7.732000000000006423e+00,5.000000000000000000e-01
7.733000000000006757e+00,5.000000000000000000e-01
7.734000000000007091e+00,5.000000000000000000e-01
7.735000000000006537e+00,5.000000000000000000e-01
7.736000000000006871e+00,5.000000000000000000e-01
7.737000000000007205e+00,5.000000000000000000e-01
7.738000000000006651e+00,5.000000000000000000e-01
7.739000000000006985e+00,5.000000000000000000e-01
7.740000000000006430e+00,5.000000000000000000e-01
7.741000000000006764e+00,5.000000000000000000e-01
7.742000000000007098e+00,5.000000000000000000e-01
7.743000000000006544e+00,5.000000000000000000e-01
7.744000000000006878e+00,5.000000000000000000e-01
7.745000000000006324e+00,5.000000000000000000e-01
7.746000000000006658e+00,5.000000000000000000e-01
7.747000000000006992e+00,5.000000000000000000e-01
7.748000000000006438e+00,5.000000000000000000e-01
7.749000000000006771e+00,5.000000000000000000e-01
7.750000000000007105e+00,5.000000000000000000e-01
7.751000000000006551e+00,5.000000000000000000e-01
7.752000000000006885e+00,5.000000000000000000e-01
7.753000000000007219e+00,5.000000000000000000e-01
7.754000000000006665e+00,5.000000000000000000e-01
7.755000000000006999e+00,5.000000000000000000e-01
7.756000000000006445e+00,5.000000000000000000e-01
7.757000000000006779e+00,5.000000000000000000e-01
7.758000000000007113e+00,5.000000000000000000e-01
7.759000000000006558e+00,5.000000000000000000e-01
7.760000000000006892e+00,5.000000000000000000e-01
7.761000000000006338e+00,5.000000000000000000e-01
7.762000000000006672e+00,5.000000000000000000e-01
7.763000000000007006e+00,5.000000000000000000e-01
7.764000000000006452e+00,5.000000000000000000e-01
7.765000000000006786e+00,5.000000000000000000e-01
7.766000000000007120e+00,5.000000000000000000e-01
7.767000000000006565e+00,5.000000000000000000e-01
7.768000000000006899e+00,5.000000000000000000e-01
7.769000000000007233e+00,5.000000000000000000e-01
7.770000000000006679e+00,5.000000000000000000e-01
7.771000000000007013e+00,5.000000000000000000e-01
7.772000000000006459e+00,5.000000000000000000e-01
7.773000000000006793e+00,5.000000000000000000e-01
7.774000000000007127e+00,5.000000000000000000e-01
7.775000000000006573e+00,5.000000000000000000e-01
7.776000000000006906e+00,5.000000000000000000e-01
7.777000000000006352e+00,5.000000000000000000e-01
7.778000000000006686e+00,5.000000000000000000e-01
7.779000000000007020e+00,5.000000000000000000e-01
7.780000000000006466e+00,5.000000000000000000e-01
7.781000000000006800e+00,5.000000000000000000e-01
7.782000000000007134e+00,5.000000000000000000e-01
7.783000000000006580e+00,5.000000000000000000e-01
7.784000000000006914e+00,5.000000000000000000e-01
7.785000000000007248e+00,5.000000000000000000e-01
7.786000000000006693e+00,5.000000000000000000e-01
7.787000000000007027e+00,5.000000000000000000e-01
7.788000000000006473e+00,5.000000000000000000e-01
7.789000000000006807e+00,5.000000000000000000e-01
7.790000000000007141e+00,5.000000000000000000e-01
7.791000000000006587e+00,5.000000000000000000e-01
7.792000000000006921e+00,5.000000000000000000e-01
7.793000000000006366e+00,5.000000000000000000e-01
7.794000000000006700e+00,5.000000000000000000e-01
7.795000000000007034e+00,5.000000000000000000e-01
7.796000000000006480e+00,5.000000000000000000e-01
7.797000000000006814e+00,5.000000000000000000e-01
7.798000000000007148e+00,5.000000000000000000e-01
7.799000000000006594e+00,5.000000000000000000e-01
7.800000000000006928e+00,5.000000000000000000e-01
7.801000000000007262e+00,5.000000000000000000e-01
7.802000000000006708e+00,5.000000000000000000e-01
7.803000000000007041e+00,5.000000000000000000e-01
7.804000000000006487e+00,5.000000000000000000e-01
7.805000000000006821e+00,5.000000000000000000e-01
7.806000000000007155e+00,5.000000000000000000e-01
7.807000000000006601e+00,5.000000000000000000e-01
7.808000000000006935e+00,5.000000000000000000e-01
7.809000000000006381e+00,5.000000000000000000e-01
7.810000000000006715e+00,5.000000000000000000e-01
7.811000000000007049e+00,5.000000000000000000e-01
7.812000000000006494e+00,5.000000000000000000e-01
7.813000000000006828e+00,5.000000000000000000e-01
7.814000000000007162e+00,5.000000000000000000e-01
7.815000000000006608e+00,5.000000000000000000e-01
7.816000000000006942e+00,5.000000000000000000e-01
7.817000000000007276e+00,5.000000000000000000e-01
7.818000000000006722e+00,5.000000000000000000e-01
7.819000000000007056e+00,5.000000000000000000e-01
7.820000000000006501e+00,5.000000000000000000e-01
7.821000000000006835e+00,5.000000000000000000e-01
7.822000000000007169e+00,5.000000000000000000e-01
7.823000000000006615e+00,5.000000000000000000e-01
7.824000000000006949e+00,5.000000000000000000e-01
7.825000000000006395e+00,5.000000000000000000e-01
7.826000000000006729e+00,5.000000000000000000e-01
7.827000000000007063e+00,5.000000000000000000e-01
7.828000000000006509e+00,5.000000000000000000e-01
7.829000000000006843e+00,5.000000000000000000e-01
7.830000000000007176e+00,5.000000000000000000e-01
7.831000000000006622e+00,5.000000000000000000e-01
7.832000000000006956e+00,5.000000000000000000e-01
7.833000000000007290e+00,5.000000000000000000e-01
7.834000000000006736e+00,5.000000000000000000e-01
7.835000000000007070e+00,5.000000000000000000e-01
7.836000000000006516e+00,5.000000000000000000e-01
7.837000000000006850e+00,5.000000000000000000e-01
7.838000000000007184e+00,5.000000000000000000e-01
7.839000000000006629e+00,5.000000000000000000e-01
7.840000000000006963e+00,5.000000000000000000e-01
7.841000000000006409e+00,5.000000000000000000e-01
7.842000000000006743e+00,5.000000000000000000e-01
7.843000000000007077e+00,5.000000000000000000e-01
7.844000000000006523e+00,5.000000000000000000e-01
7.845000000000006857e+00,5.000000000000000000e-01
7.846000000000007191e+00,5.000000000000000000e-01
7.847000000000006636e+00,5.000000000000000000e-01
7.848000000000006970e+00,5.000000000000000000e-01
7.849000000000007304e+00,5.000000000000000000e-01
7.850000000000006750e+00,5.000000000000000000e-01
7.851000000000007084e+00,5.000000000000000000e-01
7.852000000000006530e+00,5.000000000000000000e-01
7.853000000000006864e+00,5.000000000000000000e-01
7.854000000000007198e+00,5.000000000000000000e-01
7.855000000000006644e+00,5.000000000000000000e-01
7.856000000000006978e+00,5.000000000000000000e-01
7.857000000000006423e+00,5.000000000000000000e-01
7.858000000000006757e+00,5.000000000000000000e-01
7.859000000000007091e+00,5.000000000000000000e-01
7.860000000000006537e+00,5.000000000000000000e-01
7.861000000000006871e+00,5.000000000000000000e-01
7.862000000000007205e+00,5.000000000000000000e-01
7.863000000000006651e+00,5.000000000000000000e-01
7.864000000000006985e+00,5.000000000000000000e-01
7.865000000000007319e+00,5.000000000000000000e-01
7.866000000000006764e+00,5.000000000000000000e-01
7.867000000000007098e+00,5.000000000000000000e-01
7.868000000000006544e+00,5.000000000000000000e-01
7.869000000000006878e+00,5.000000000000000000e-01
7.870000000000007212e+00,5.000000000000000000e-01
7.871000000000006658e+00,5.000000000000000000e-01
7.872000000000006992e+00,5.000000000000000000e-01
7.873000000000006438e+00,5.000000000000000000e-01
7.874000000000006771e+00,5.000000000000000000e-01
7.875000000000007105e+00,5.000000000000000000e-01
7.876000000000006551e+00,5.000000000000000000e-01
7.877000000000006885e+00,5.000000000000000000e-01
7.878000000000007219e+00,5.000000000000000000e-01
7.879000000000006665e+00,5.000000000000000000e-01
7.880000000000006999e+00,5.000000000000000000e-01
7.881000000000007333e+00,5.000000000000000000e-01
7.882000000000006779e+00,5.000000000000000000e-01
7.883000000000007113e+00,5.000000000000000000e-01
7.884000000000006558e+00,5.000000000000000000e-01
7.885000000000006892e+00,5.000000000000000000e-01
7.886000000000007226e+00,5.000000000000000000e-01
7.887000000000006672e+00,5.000000000000000000e-01
7.888000000000007006e+00,5.000000000000000000e-01
7.889000000000006452e+00,5.000000000000000000e-01
7.890000000000006786e+00,5.000000000000000000e-01
7.891000000000007120e+00,5.000000000000000000e-01
7.892000000000006565e+00,5.000000000000000000e-01
7.893000000000006899e+00,5.000000000000000000e-01
7.894000000000007233e+00,5.000000000000000000e-01
7.895000000000006679e+00,5.000000000000000000e-01
7.896000000000007013e+00,5.000000000000000000e-01
7.897000000000007347e+00,5.000000000000000000e-01
7.898000000000006793e+00,5.000000000000000000e-01
7.899000000000007127e+00,5.000000000000000000e-01
7.900000000000006573e+00,5.000000000000000000e-01
7.901000000000006906e+00,5.000000000000000000e-01
7.902000000000007240e+00,5.000000000000000000e-01
7.903000000000006686e+00,5.000000000000000000e-01
7.904000000000007020e+00,5.000000000000000000e-01
7.905000000000006466e+00,5.000000000000000000e-01
7.906000000000006800e+00,5.000000000000000000e-01
7.907000000000007134e+00,5.000000000000000000e-01
7.908000000000006580e+00,5.000000000000000000e-01
7.909000000000006914e+00,5.000000000000000000e-01
7.910000000000007248e+00,5.000000000000000000e-01
7.911000000000006693e+00,5.000000000000000000e-01
7.912000000000007027e+00,5.000000000000000000e-01
7.913000000000007361e+00,5.000000000000000000e-01
7.914000000000006807e+00,5.000000000000000000e-01
7.915000000000007141e+00,5.000000000000000000e-01
7.916000000000006587e+00,5.000000000000000000e-01
7.917000000000006921e+00,5.000000000000000000e-01
7.918000000000007255e+00,5.000000000000000000e-01
7.919000000000006700e+00,5.000000000000000000e-01
7.920000000000007034e+00,5.000000000000000000e-01
7.921000000000006480e+00,5.000000000000000000e-01
7.922000000000006814e+00,5.000000000000000000e-01
7.923000000000007148e+00,5.000000000000000000e-01
7.924000000000006594e+00,5.000000000000000000e-01
7.925000000000006928e+00,5.000000000000000000e-01
7.926000000000007262e+00,5.000000000000000000e-01
7.927000000000006708e+00,5.000000000000000000e-01
7.928000000000007041e+00,5.000000000000000000e-01
7.929000000000007375e+00,5.000000000000000000e-01
7.930000000000006821e+00,5.000000000000000000e-01
7.931000000000007155e+00,5.000000000000000000e-01
7.932000000000006601e+00,5.000000000000000000e-01
7.933000000000006935e+00,5.000000000000000000e-01
7.934000000000007269e+00,5.000000000000000000e-01
7.935000000000006715e+00,5.000000000000000000e-01
7.936000000000007049e+00,5.000000000000000000e-01
7.937000000000006494e+00,5.000000000000000000e-01
7.938000000000006828e+00,5.000000000000000000e-01
7.939000000000007162e+00,5.000000000000000000e-01
7.940000000000006608e+00,5.000000000000000000e-01
7.941000000000006942e+00,5.000000000000000000e-01
7.942000000000007276e+00,5.000000000000000000e-01
7.943000000000006722e+00,5.000000000000000000e-01
7.944000000000007056e+00,5.000000000000000000e-01
7.945000000000007390e+00,5.000000000000000000e-01
7.946000000000006835e+00,5.000000000000000000e-01
7.947000000000007169e+00,5.000000000000000000e-01
7.948000000000006615e+00,5.000000000000000000e-01
7.949000000000006949e+00,5.000000000000000000e-01
7.950000000000007283e+00,5.000000000000000000e-01
7.951000000000006729e+00,5.000000000000000000e-01
7.952000000000007063e+00,5.000000000000000000e-01
7.953000000000006509e+00,5.000000000000000000e-01
7.954000000000006843e+00,5.000000000000000000e-01
7.955000000000007176e+00,5.000000000000000000e-01
7.956000000000006622e+00,5.000000000000000000e-01
7.957000000000006956e+00,5.000000000000000000e-01
7.958000000000007290e+00,5.000000000000000000e-01
7.959000000000006736e+00,5.000000000000000000e-01
7.960000000000007070e+00,5.000000000000000000e-01
7.961000000000007404e+00,5.000000000000000000e-01
7.962000000000006850e+00,5.000000000000000000e-01
7.963000000000007184e+00,5.000000000000000000e-01
7.964000000000006629e+00,5.000000000000000000e-01
7.965000000000006963e+00,5.000000000000000000e-01
7.966000000000007297e+00,5.000000000000000000e-01
7.967000000000006743e+00,5.000000000000000000e-01
7.968000000000007077e+00,5.000000000000000000e-01
7.969000000000006523e+00,5.000000000000000000e-01
7.970000000000006857e+00,5.000000000000000000e-01
7.971000000000007191e+00,5.000000000000000000e-01
7.972000000000006636e+00,5.000000000000000000e-01
7.973000000000006970e+00,5.000000000000000000e-01
7.974000000000007304e+00,5.000000000000000000e-01
7.975000000000006750e+00,5.000000000000000000e-01
7.976000000000007084e+00,5.000000000000000000e-01
7.977000000000007418e+00,5.000000000000000000e-01
7.978000000000006864e+00,5.000000000000000000e-01
7.979000000000007198e+00,5.000000000000000000e-01
7.980000000000006644e+00,5.000000000000000000e-01
7.981000000000006978e+00,5.000000000000000000e-01
7.982000000000006423e+00,5.000000000000000000e-01
7.983000000000007645e+00,5.000000000000000000e-01
7.984000000000007091e+00,5.000000000000000000e-01
7.985000000000006537e+00,5.000000000000000000e-01
7.986000000000007759e+00,5.000000000000000000e-01
7.987000000000007205e+00,5.000000000000000000e-01
7.988000000000006651e+00,5.000000000000000000e-01
7.989000000000006096e+00,5.000000000000000000e-01
7.990000000000007319e+00,5.000000000000000000e-01
7.991000000000006764e+00,5.000000000000000000e-01
7.992000000000006210e+00,5.000000000000000000e-01
7.993000000000007432e+00,5.000000000000000000e-01
7.994000000000006878e+00,5.000000000000000000e-01
7.995000000000006324e+00,5.000000000000000000e-01
7.996000000000007546e+00,5.000000000000000000e-01
7.997000000000006992e+00,5.000000000000000000e-01
7.998000000000006438e+00,5.000000000000000000e-01
7.999000000000007660e+00,5.000000000000000000e-01
8.000000000000007105e+00,5.000000000000000000e-01
8.001000000000006551e+00,5.000000000000000000e-01
8.002000000000007773e+00,5.000000000000000000e-01
8.003000000000007219e+00,5.000000000000000000e-01
8.004000000000006665e+00,5.000000000000000000e-01
8.005000000000007887e+00,5.000000000000000000e-01
8.006000000000007333e+00,5.000000000000000000e-01
8.007000000000006779e+00,5.000000000000000000e-01
8.008000000000006224e+00,5.000000000000000000e-01
8.009000000000007446e+00,5.000000000000000000e-01
8.010000000000006892e+00,5.000000000000000000e-01
8.011000000000006338e+00,5.000000000000000000e-01
8.012000000000007560e+00,5.000000000000000000e-01
8.013000000000007006e+00,5.000000000000000000e-01
8.014000000000006452e+00,5.000000000000000000e-01
8.015000000000007674e+00,5.000000000000000000e-01
8.016000000000007120e+00,5.000000000000000000e-01
8.017000000000006565e+00,5.000000000000000000e-01
8.018000000000007788e+00,5.000000000000000000e-01
8.019000000000007233e+00,5.000000000000000000e-01
8.020000000000006679e+00,5.000000000000000000e-01
8.021000000000006125e+00,5.000000000000000000e-01
8.022000000000007347e+00,5.000000000000000000e-01
8.023000000000006793e+00,5.000000000000000000e-01
8.024000000000006239e+00,5.000000000000000000e-01
8.025000000000007461e+00,5.000000000000000000e-01
8.026000000000006906e+00,5.000000000000000000e-01
8.027000000000006352e+00,5.000000000000000000e-01
8.028000000000007574e+00,5.000000000000000000e-01
8.029000000000007020e+00,5.000000000000000000e-01
8.030000000000006466e+00,5.000000000000000000e-01
8.031000000000007688e+00,5.000000000000000000e-01
8.032000000000007134e+00,5.000000000000000000e-01
8.033000000000006580e+00,5.000000000000000000e-01
8.034000000000007802e+00,5.000000000000000000e-01
8.035000000000007248e+00,5.000000000000000000e-01
8.036000000000006693e+00,5.000000000000000000e-01
8.037000000000007915e+00,5.000000000000000000e-01
8.038000000000007361e+00,5.000000000000000000e-01
8.039000000000006807e+00,5.000000000000000000e-01
8.040000000000006253e+00,5.000000000000000000e-01
8.041000000000007475e+00,5.000000000000000000e-01
8.042000000000006921e+00,5.000000000000000000e-01
8.043000000000006366e+00,5.000000000000000000e-01
8.044000000000007589e+00,5.000000000000000000e-01
8.045000000000007034e+00,5.000000000000000000e-01
8.046000000000006480e+00,5.000000000000000000e-01
8.047000000000007702e+00,5.000000000000000000e-01
8.048000000000007148e+00,5.000000000000000000e-01
8.049000000000006594e+00,5.000000000000000000e-01
8.050000000000007816e+00,5.000000000000000000e-01
8.051000000000007262e+00,5.000000000000000000e-01
8.052000000000006708e+00,5.000000000000000000e-01
8.053000000000006153e+00,5.000000000000000000e-01
8.054000000000007375e+00,5.000000000000000000e-01
8.055000000000006821e+00,5.000000000000000000e-01
8.056000000000006267e+00,5.000000000000000000e-01
8.057000000000007489e+00,5.000000000000000000e-01
8.058000000000006935e+00,5.000000000000000000e-01
8.059000000000006381e+00,5.000000000000000000e-01
8.060000000000007603e+00,5.000000000000000000e-01
8.061000000000007049e+00,5.000000000000000000e-01
8.062000000000006494e+00,5.000000000000000000e-01
8.063000000000007716e+00,5.000000000000000000e-01
8.064000000000007162e+00,5.000000000000000000e-01
8.065000000000006608e+00,5.000000000000000000e-01
8.066000000000007830e+00,5.000000000000000000e-01
8.067000000000007276e+00,5.000000000000000000e-01
8.068000000000006722e+00,5.000000000000000000e-01
8.069000000000007944e+00,5.000000000000000000e-01
8.070000000000007390e+00,5.000000000000000000e-01
8.071000000000006835e+00,5.000000000000000000e-01
8.072000000000006281e+00,5.000000000000000000e-01
8.073000000000007503e+00,5.000000000000000000e-01
8.074000000000006949e+00,5.000000000000000000e-01
8.075000000000006395e+00,5.000000000000000000e-01
8.076000000000007617e+00,5.000000000000000000e-01
8.077000000000007063e+00,5.000000000000000000e-01
8.078000000000006509e+00,5.000000000000000000e-01
8.079000000000007731e+00,5.000000000000000000e-01
8.080000000000007176e+00,5.000000000000000000e-01
8.081000000000006622e+00,5.000000000000000000e-01
8.082000000000007844e+00,5.000000000000000000e-01
8.083000000000007290e+00,5.000000000000000000e-01
8.084000000000006736e+00,5.000000000000000000e-01
8.085000000000006182e+00,5.000000000000000000e-01
8.086000000000007404e+00,5.000000000000000000e-01
8.087000000000006850e+00,5.000000000000000000e-01
8.088000000000006295e+00,5.000000000000000000e-01
8.089000000000007518e+00,5.000000000000000000e-01
8.090000000000006963e+00,5.000000000000000000e-01
8.091000000000006409e+00,5.000000000000000000e-01
8.092000000000007631e+00,5.000000000000000000e-01
8.093000000000007077e+00,5.000000000000000000e-01
8.094000000000006523e+00,5.000000000000000000e-01
8.095000000000007745e+00,5.000000000000000000e-01
8.096000000000007191e+00,5.000000000000000000e-01
8.097000000000006636e+00,5.000000000000000000e-01
8.098000000000007859e+00,5.000000000000000000e-01
8.099000000000007304e+00,5.000000000000000000e-01
8.100000000000006750e+00,5.000000000000000000e-01
8.101000000000007972e+00,5.000000000000000000e-01
8.102000000000007418e+00,5.000000000000000000e-01
8.103000000000006864e+00,5.000000000000000000e-01
8.104000000000006310e+00,5.000000000000000000e-01
8.105000000000007532e+00,5.000000000000000000e-01
8.106000000000006978e+00,5.000000000000000000e-01
8.107000000000006423e+00,5.000000000000000000e-01
8.108000000000007645e+00,5.000000000000000000e-01
8.109000000000007091e+00,5.000000000000000000e-01
8.110000000000006537e+00,5.000000000000000000e-01
8.111000000000007759e+00,5.000000000000000000e-01
8.112000000000007205e+00,5.000000000000000000e-01
8.113000000000006651e+00,5.000000000000000000e-01
8.114000000000007873e+00,5.000000000000000000e-01
8.115000000000007319e+00,5.000000000000000000e-01
8.116000000000006764e+00,5.000000000000000000e-01
8.117000000000006210e+00,5.000000000000000000e-01
8.118000000000007432e+00,5.000000000000000000e-01
8.119000000000006878e+00,5.000000000000000000e-01
8.120000000000006324e+00,5.000000000000000000e-01
8.121000000000007546e+00,5.000000000000000000e-01
8.122000000000006992e+00,5.000000000000000000e-01
8.123000000000006438e+00,5.000000000000000000e-01
8.124000000000007660e+00,5.000000000000000000e-01
8.125000000000007105e+00,5.000000000000000000e-01
8.126000000000006551e+00,5.000000000000000000e-01
8.127000000000007773e+00,5.000000000000000000e-01
8.128000000000007219e+00,5.000000000000000000e-01
8.129000000000006665e+00,5.000000000000000000e-01
8.130000000000007887e+00,5.000000000000000000e-01
8.131000000000007333e+00,5.000000000000000000e-01
8.132000000000006779e+00,5.000000000000000000e-01
8.133000000000008001e+00,5.000000000000000000e-01
8.134000000000007446e+00,5.000000000000000000e-01
8.135000000000006892e+00,5.000000000000000000e-01
8.136000000000006338e+00,5.000000000000000000e-01
8.137000000000007560e+00,5.000000000000000000e-01
8.138000000000007006e+00,5.000000000000000000e-01
8.139000000000006452e+00,5.000000000000000000e-01
8.140000000000007674e+00,5.000000000000000000e-01
8.141000000000007120e+00,5.000000000000000000e-01
8.142000000000006565e+00,5.000000000000000000e-01
8.143000000000007788e+00,5.000000000000000000e-01
8.144000000000007233e+00,5.000000000000000000e-01
8.145000000000006679e+00,5.000000000000000000e-01
8.146000000000007901e+00,5.000000000000000000e-01
8.147000000000007347e+00,5.000000000000000000e-01
8.148000000000006793e+00,5.000000000000000000e-01
8.149000000000006239e+00,5.000000000000000000e-01
8.150000000000007461e+00,5.000000000000000000e-01
8.151000000000006906e+00,5.000000000000000000e-01
8.152000000000006352e+00,5.000000000000000000e-01
8.153000000000007574e+00,5.000000000000000000e-01
8.154000000000007020e+00,5.000000000000000000e-01
8.155000000000006466e+00,5.000000000000000000e-01
8.156000000000007688e+00,5.000000000000000000e-01
8.157000000000007134e+00,5.000000000000000000e-01
8.158000000000006580e+00,5.000000000000000000e-01
8.159000000000007802e+00,5.000000000000000000e-01
8.160000000000007248e+00,5.000000000000000000e-01
8.161000000000006693e+00,5.000000000000000000e-01
8.162000000000007915e+00,5.000000000000000000e-01
8.163000000000007361e+00,5.000000000000000000e-01
8.164000000000006807e+00,5.000000000000000000e-01
8.165000000000008029e+00,5.000000000000000000e-01
8.166000000000007475e+00,5.000000000000000000e-01
8.167000000000006921e+00,5.000000000000000000e-01
8.168000000000006366e+00,5.000000000000000000e-01
8.169000000000007589e+00,5.000000000000000000e-01
8.170000000000007034e+00,5.000000000000000000e-01
8.171000000000006480e+00,5.000000000000000000e-01
8.172000000000007702e+00,5.000000000000000000e-01
8.173000000000007148e+00,5.000000000000000000e-01
8.174000000000006594e+00,5.000000000000000000e-01
8.175000000000007816e+00,5.000000000000000000e-01
8.176000000000007262e+00,5.000000000000000000e-01
8.177000000000006708e+00,5.000000000000000000e-01
8.178000000000007930e+00,5.000000000000000000e-01
8.179000000000007375e+00,5.000000000000000000e-01
8.180000000000006821e+00,5.000000000000000000e-01
8.181000000000006267e+00,5.000000000000000000e-01
8.182000000000007489e+00,5.000000000000000000e-01
8.183000000000006935e+00,5.000000000000000000e-01
8.184000000000006381e+00,5.000000000000000000e-01
8.185000000000007603e+00,5.000000000000000000e-01
8.186000000000007049e+00,5.000000000000000000e-01
8.187000000000006494e+00,5.000000000000000000e-01
8.188000000000007716e+00,5.000000000000000000e-01
8.189000000000007162e+00,5.000000000000000000e-01
8.190000000000006608e+00,5.000000000000000000e-01
8.191000000000007830e+00,5.000000000000000000e-01
8.192000000000007276e+00,5.000000000000000000e-01
8.193000000000006722e+00,5.000000000000000000e-01
8.194000000000007944e+00,5.000000000000000000e-01
8.195000000000007390e+00,5.000000000000000000e-01
8.196000000000006835e+00,5.000000000000000000e-01
8.197000000000008058e+00,5.000000000000000000e-01
8.198000000000007503e+00,5.000000000000000000e-01
8.199000000000006949e+00,5.000000000000000000e-01
8.200000000000006395e+00,5.000000000000000000e-01
8.201000000000007617e+00,5.000000000000000000e-01
8.202000000000007063e+00,5.000000000000000000e-01
8.203000000000006509e+00,5.000000000000000000e-01
8.204000000000007731e+00,5.000000000000000000e-01
8.205000000000007176e+00,5.000000000000000000e-01
8.206000000000006622e+00,5.000000000000000000e-01
8.207000000000007844e+00,5.000000000000000000e-01
8.208000000000007290e+00,5.000000000000000000e-01
8.209000000000006736e+00,5.000000000000000000e-01
8.210000000000007958e+00,5.000000000000000000e-01
8.211000000000007404e+00,5.000000000000000000e-01
8.212000000000006850e+00,5.000000000000000000e-01
8.213000000000006295e+00,5.000000000000000000e-01
8.214000000000007518e+00,5.000000000000000000e-01
8.215000000000006963e+00,5.000000000000000000e-01
8.216000000000006409e+00,5.000000000000000000e-01
8.217000000000007631e+00,5.000000000000000000e-01
8.218000000000007077e+00,5.000000000000000000e-01
8.219000000000006523e+00,5.000000000000000000e-01
8.220000000000007745e+00,5.000000000000000000e-01
8.221000000000007191e+00,5.000000000000000000e-01
8.222000000000006636e+00,5.000000000000000000e-01
8.223000000000007859e+00,5.000000000000000000e-01
8.224000000000007304e+00,5.000000000000000000e-01
8.225000000000006750e+00,5.000000000000000000e-01
8.226000000000007972e+00,5.000000000000000000e-01
8.227000000000007418e+00,5.000000000000000000e-01
8.228000000000006864e+00,5.000000000000000000e-01
8.229000000000008086e+00,5.000000000000000000e-01
8.230000000000007532e+00,5.000000000000000000e-01
8.231000000000006978e+00,5.000000000000000000e-01
8.232000000000006423e+00,5.000000000000000000e-01
8.233000000000007645e+00,5.000000000000000000e-01
8.234000000000007091e+00,5.000000000000000000e-01
8.235000000000006537e+00,5.000000000000000000e-01
8.236000000000007759e+00,5.000000000000000000e-01
8.237000000000007205e+00,5.000000000000000000e-01
8.238000000000006651e+00,5.000000000000000000e-01
8.239000000000007873e+00,5.000000000000000000e-01
8.240000000000007319e+00,5.000000000000000000e-01
8.241000000000006764e+00,5.000000000000000000e-01
8.242000000000007987e+00,5.000000000000000000e-01
8.243000000000007432e+00,5.000000000000000000e-01
8.244000000000006878e+00,5.000000000000000000e-01
8.245000000000006324e+00,5.000000000000000000e-01
8.246000000000007546e+00,5.000000000000000000e-01
8.247000000000006992e+00,5.000000000000000000e-01
8.248000000000006438e+00,5.000000000000000000e-01
8.249000000000007660e+00,5.000000000000000000e-01
8.250000000000007105e+00,5.000000000000000000e-01
8.251000000000006551e+00,5.000000000000000000e-01
8.252000000000007773e+00,5.000000000000000000e-01
8.253000000000007219e+00,5.000000000000000000e-01
8.254000000000006665e+00,5.000000000000000000e-01
8.255000000000007887e+00,5.000000000000000000e-01
8.256000000000007333e+00,5.000000000000000000e-01
8.257000000000006779e+00,5.000000000000000000e-01
8.258000000000008001e+00,5.000000000000000000e-01
8.259000000000007446e+00,5.000000000000000000e-01
8.260000000000006892e+00,5.000000000000000000e-01
8.261000000000008114e+00,5.000000000000000000e-01
8.262000000000007560e+00,5.000000000000000000e-01
8.263000000000007006e+00,5.000000000000000000e-01
8.264000000000006452e+00,5.000000000000000000e-01
8.265000000000007674e+00,5.000000000000000000e-01
8.266000000000007120e+00,5.000000000000000000e-01
8.267000000000006565e+00,5.000000000000000000e-01
8.268000000000007788e+00,5.000000000000000000e-01
8.269000000000007233e+00,5.000000000000000000e-01
8.270000000000006679e+00,5.000000000000000000e-01
8.271000000000007901e+00,5.000000000000000000e-01
8.272000000000007347e+00,5.000000000000000000e-01
8.273000000000006793e+00,5.000000000000000000e-01
8.274000000000008015e+00,5.000000000000000000e-01
8.275000000000007461e+00,5.000000000000000000e-01
8.276000000000006906e+00,5.000000000000000000e-01
8.277000000000006352e+00,5.000000000000000000e-01
8.278000000000007574e+00,5.000000000000000000e-01
8.279000000000007020e+00,5.000000000000000000e-01
8.280000000000006466e+00,5.000000000000000000e-01
8.281000000000007688e+00,5.000000000000000000e-01
8.282000000000007134e+00,5.000000000000000000e-01
8.283000000000006580e+00,5.000000000000000000e-01
8.284000000000007802e+00,5.000000000000000000e-01
8.285000000000007248e+00,5.000000000000000000e-01
8.286000000000006693e+00,5.000000000000000000e-01
8.287000000000007915e+00,5.000000000000000000e-01
8.288000000000007361e+00,5.000000000000000000e-01
8.289000000000006807e+00,5.000000000000000000e-01
8.290000000000008029e+00,5.000000000000000000e-01
8.291000000000007475e+00,5.000000000000000000e-01
8.292000000000006921e+00,5.000000000000000000e-01
8.293000000000008143e+00,5.000000000000000000e-01
8.294000000000007589e+00,5.000000000000000000e-01
8.295000000000007034e+00,5.000000000000000000e-01
8.296000000000006480e+00,5.000000000000000000e-01
8.297000000000007702e+00,5.000000000000000000e-01
8.298000000000007148e+00,5.000000000000000000e-01
8.299000000000006594e+00,5.000000000000000000e-01
8.300000000000007816e+00,5.000000000000000000e-01
8.301000000000007262e+00,5.000000000000000000e-01
8.302000000000006708e+00,5.000000000000000000e-01
8.303000000000007930e+00,5.000000000000000000e-01
8.304000000000007375e+00,5.000000000000000000e-01
8.305000000000006821e+00,5.000000000000000000e-01
8.306000000000008043e+00,5.000000000000000000e-01
8.307000000000007489e+00,5.000000000000000000e-01
8.308000000000006935e+00,5.000000000000000000e-01
8.309000000000006381e+00,5.000000000000000000e-01
8.310000000000007603e+00,5.000000000000000000e-01
8.311000000000007049e+00,5.000000000000000000e-01
8.312000000000006494e+00,5.000000000000000000e-01
8.313000000000007716e+00,5.000000000000000000e-01
8.314000000000007162e+00,5.000000000000000000e-01
8.315000000000006608e+00,5.000000000000000000e-01
8.316000000000007830e+00,5.000000000000000000e-01
8.317000000000007276e+00,5.000000000000000000e-01
8.318000000000006722e+00,5.000000000000000000e-01
8.319000000000007944e+00,5.000000000000000000e-01
8.320000000000007390e+00,5.000000000000000000e-01
8.321000000000006835e+00,5.000000000000000000e-01
8.322000000000008058e+00,5.000000000000000000e-01
8.323000000000007503e+00,5.000000000000000000e-01
8.324000000000006949e+00,5.000000000000000000e-01
8.325000000000008171e+00,5.000000000000000000e-01
8.326000000000007617e+00,5.000000000000000000e-01
8.327000000000007063e+00,5.000000000000000000e-01
8.328000000000006509e+00,5.000000000000000000e-01
8.329000000000007731e+00,5.000000000000000000e-01
8.330000000000007176e+00,5.000000000000000000e-01
8.331000000000006622e+00,5.000000000000000000e-01
8.332000000000007844e+00,5.000000000000000000e-01
8.333000000000007290e+00,5.000000000000000000e-01
8.334000000000006736e+00,5.000000000000000000e-01
8.335000000000007958e+00,5.000000000000000000e-01
8.336000000000007404e+00,5.000000000000000000e-01
8.337000000000006850e+00,5.000000000000000000e-01
8.338000000000008072e+00,5.000000000000000000e-01
8.339000000000007518e+00,5.000000000000000000e-01
8.340000000000006963e+00,5.000000000000000000e-01
8.341000000000006409e+00,5.000000000000000000e-01
8.342000000000007631e+00,5.000000000000000000e-01
8.343000000000007077e+00,5.000000000000000000e-01
8.344000000000006523e+00,5.000000000000000000e-01
8.345000000000007745e+00,5.000000000000000000e-01
8.346000000000007191e+00,5.000000000000000000e-01
8.347000000000006636e+00,5.000000000000000000e-01
8.348000000000007859e+00,5.000000000000000000e-01
8.349000000000007304e+00,5.000000000000000000e-01
8.350000000000006750e+00,5.000000000000000000e-01
8.351000000000007972e+00,5.000000000000000000e-01
8.352000000000007418e+00,5.000000000000000000e-01
8.353000000000006864e+00,5.000000000000000000e-01
8.354000000000008086e+00,5.000000000000000000e-01
8.355000000000007532e+00,5.000000000000000000e-01
8.356000000000006978e+00,5.000000000000000000e-01
8.357000000000008200e+00,5.000000000000000000e-01
8.358000000000007645e+00,5.000000000000000000e-01
8.359000000000007091e+00,5.000000000000000000e-01
8.360000000000006537e+00,5.000000000000000000e-01
8.361000000000007759e+00,5.000000000000000000e-01
8.362000000000007205e+00,5.000000000000000000e-01
8.363000000000006651e+00,5.000000000000000000e-01
8.364000000000007873e+00,5.000000000000000000e-01
8.365000000000007319e+00,5.000000000000000000e-01
8.366000000000006764e+00,5.000000000000000000e-01
8.367000000000007987e+00,5.000000000000000000e-01
8.368000000000007432e+00,5.000000000000000000e-01
8.369000000000006878e+00,5.000000000000000000e-01
8.370000000000008100e+00,5.000000000000000000e-01
8.371000000000007546e+00,5.000000000000000000e-01
8.372000000000006992e+00,5.000000000000000000e-01
8.373000000000006438e+00,5.000000000000000000e-01
8.374000000000007660e+00,5.000000000000000000e-01
8.375000000000007105e+00,5.000000000000000000e-01
8.376000000000006551e+00,5.000000000000000000e-01
8.377000000000007773e+00,5.000000000000000000e-01
8.378000000000007219e+00,5.000000000000000000e-01
8.379000000000006665e+00,5.000000000000000000e-01
8.380000000000007887e+00,5.000000000000000000e-01
8.381000000000007333e+00,5.000000000000000000e-01
8.382000000000006779e+00,5.000000000000000000e-01
8.383000000000008001e+00,5.000000000000000000e-01
8.384000000000007446e+00,5.000000000000000000e-01
8.385000000000006892e+00,5.000000000000000000e-01
8.386000000000008114e+00,5.000000000000000000e-01
8.387000000000007560e+00,5.000000000000000000e-01
8.388000000000007006e+00,5.000000000000000000e-01
8.389000000000008228e+00,5.000000000000000000e-01
8.390000000000007674e+00,5.000000000000000000e-01
8.391000000000007120e+00,5.000000000000000000e-01
8.392000000000006565e+00,5.000000000000000000e-01
8.393000000000007788e+00,5.000000000000000000e-01
8.394000000000007233e+00,5.000000000000000000e-01
8.395000000000006679e+00,5.000000000000000000e-01
8.396000000000007901e+00,5.000000000000000000e-01
8.397000000000007347e+00,5.000000000000000000e-01
8.398000000000006793e+00,5.000000000000000000e-01
8.399000000000008015e+00,5.000000000000000000e-01
8.400000000000007461e+00,5.000000000000000000e-01
8.401000000000006906e+00,5.000000000000000000e-01
8.402000000000008129e+00,5.000000000000000000e-01
8.403000000000007574e+00,5.000000000000000000e-01
8.404000000000007020e+00,5.000000000000000000e-01
8.405000000000006466e+00,5.000000000000000000e-01
8.406000000000007688e+00,5.000000000000000000e-01
8.407000000000007134e+00,5.000000000000000000e-01
8.408000000000006580e+00,5.000000000000000000e-01
8.409000000000007802e+00,5.000000000000000000e-01
8.410000000000007248e+00,5.000000000000000000e-01
8.411000000000006693e+00,5.000000000000000000e-01
8.412000000000007915e+00,5.000000000000000000e-01
8.413000000000007361e+00,5.000000000000000000e-01
8.414000000000006807e+00,5.000000000000000000e-01
8.415000000000008029e+00,5.000000000000000000e-01
8.416000000000007475e+00,5.000000000000000000e-01
8.417000000000006921e+00,5.000000000000000000e-01
8.418000000000008143e+00,5.000000000000000000e-01
8.419000000000007589e+00,5.000000000000000000e-01
8.420000000000007034e+00,5.000000000000000000e-01
8.421000000000008257e+00,5.000000000000000000e-01
8.422000000000007702e+00,5.000000000000000000e-01
8.423000000000007148e+00,5.000000000000000000e-01
8.424000000000006594e+00,5.000000000000000000e-01
8.425000000000007816e+00,5.000000000000000000e-01
8.426000000000007262e+00,5.000000000000000000e-01
8.427000000000006708e+00,5.000000000000000000e-01
8.428000000000007930e+00,5.000000000000000000e-01
8.429000000000007375e+00,5.000000000000000000e-01
8.430000000000006821e+00,5.000000000000000000e-01
8.431000000000008043e+00,5.000000000000000000e-01
8.432000000000007489e+00,5.000000000000000000e-01
8.433000000000006935e+00,5.000000000000000000e-01
8.434000000000008157e+00,5.000000000000000000e-01
8.435000000000007603e+00,5.000000000000000000e-01
8.436000000000007049e+00,5.000000000000000000e-01
8.437000000000006494e+00,5.000000000000000000e-01
8.438000000000007716e+00,5.000000000000000000e-01
8.439000000000007162e+00,5.000000000000000000e-01
8.440000000000006608e+00,5.000000000000000000e-01
8.441000000000007830e+00,5.000000000000000000e-01
8.442000000000007276e+00,5.000000000000000000e-01
8.443000000000006722e+00,5.000000000000000000e-01
8.444000000000007944e+00,5.000000000000000000e-01
8.445000000000007390e+00,5.000000000000000000e-01
8.446000000000006835e+00,5.000000000000000000e-01
8.447000000000008058e+00,5.000000000000000000e-01
8.448000000000007503e+00,5.000000000000000000e-01
8.449000000000006949e+00,5.000000000000000000e-01
8.450000000000008171e+00,5.000000000000000000e-01
8.451000000000007617e+00,5.000000000000000000e-01
8.452000000000007063e+00,5.000000000000000000e-01
8.453000000000008285e+00,5.000000000000000000e-01
8.454000000000007731e+00,5.000000000000000000e-01
8.455000000000007176e+00,5.000000000000000000e-01
8.456000000000006622e+00,5.000000000000000000e-01
8.457000000000007844e+00,5.000000000000000000e-01
8.458000000000007290e+00,5.000000000000000000e-01
8.459000000000006736e+00,5.000000000000000000e-01
8.460000000000007958e+00,5.000000000000000000e-01
8.461000000000007404e+00,5.000000000000000000e-01
8.462000000000006850e+00,5.000000000000000000e-01
8.463000000000008072e+00,5.000000000000000000e-01
8.464000000000007518e+00,5.000000000000000000e-01
8.465000000000006963e+00,5.000000000000000000e-01
8.466000000000008185e+00,5.000000000000000000e-01
8.467000000000007631e+00,5.000000000000000000e-01
8.468000000000007077e+00,5.000000000000000000e-01
8.469000000000006523e+00,5.000000000000000000e-01
8.470000000000007745e+00,5.000000000000000000e-01
8.471000000000007191e+00,5.000000000000000000e-01
8.472000000000006636e+00,5.000000000000000000e-01
8.473000000000007859e+00,5.000000000000000000e-01
8.474000000000007304e+00,5.000000000000000000e-01
8.475000000000006750e+00,5.000000000000000000e-01
8.476000000000007972e+00,5.000000000000000000e-01
8.477000000000007418e+00,5.000000000000000000e-01
8.478000000000006864e+00,5.000000000000000000e-01
8.479000000000008086e+00,5.000000000000000000e-01
8.480000000000007532e+00,5.000000000000000000e-01
8.481000000000006978e+00,5.000000000000000000e-01
8.482000000000008200e+00,5.000000000000000000e-01
8.483000000000007645e+00,5.000000000000000000e-01
8.484000000000007091e+00,5.000000000000000000e-01
8.485000000000008313e+00,5.000000000000000000e-01
8.486000000000007759e+00,5.000000000000000000e-01
8.487000000000007205e+00,5.000000000000000000e-01
8.488000000000006651e+00,5.000000000000000000e-01
8.489000000000007873e+00,5.000000000000000000e-01
8.490000000000007319e+00,5.000000000000000000e-01
8.491000000000006764e+00,5.000000000000000000e-01
8.492000000000007987e+00,5.000000000000000000e-01
8.493000000000007432e+00,5.000000000000000000e-01
8.494000000000006878e+00,5.000000000000000000e-01
8.495000000000008100e+00,5.000000000000000000e-01
8.496000000000007546e+00,5.000000000000000000e-01
8.497000000000006992e+00,5.000000000000000000e-01
8.498000000000008214e+00,5.000000000000000000e-01
8.499000000000007660e+00,5.000000000000000000e-01
8.500000000000007105e+00,5.000000000000000000e-01
8.501000000000006551e+00,5.000000000000000000e-01
8.502000000000007773e+00,5.000000000000000000e-01
8.503000000000007219e+00,5.000000000000000000e-01
8.504000000000006665e+00,5.000000000000000000e-01
8.505000000000007887e+00,5.000000000000000000e-01
8.506000000000007333e+00,5.000000000000000000e-01
8.507000000000006779e+00,5.000000000000000000e-01
8.508000000000008001e+00,5.000000000000000000e-01
8.509000000000007446e+00,5.000000000000000000e-01
8.510000000000006892e+00,5.000000000000000000e-01
8.511000000000008114e+00,5.000000000000000000e-01
8.512000000000007560e+00,5.000000000000000000e-01
8.513000000000007006e+00,5.000000000000000000e-01
8.514000000000008228e+00,5.000000000000000000e-01
8.515000000000007674e+00,5.000000000000000000e-01
8.516000000000007120e+00,5.000000000000000000e-01
8.517000000000008342e+00,5.000000000000000000e-01
8.518000000000007788e+00,5.000000000000000000e-01
8.519000000000007233e+00,5.000000000000000000e-01
8.520000000000006679e+00,5.000000000000000000e-01
8.521000000000007901e+00,5.000000000000000000e-01
8.522000000000007347e+00,5.000000000000000000e-01
8.523000000000006793e+00,5.000000000000000000e-01
8.524000000000008015e+00,5.000000000000000000e-01
8.525000000000007461e+00,5.000000000000000000e-01
8.526000000000006906e+00,5.000000000000000000e-01
8.527000000000008129e+00,5.000000000000000000e-01
8.528000000000007574e+00,5.000000000000000000e-01
8.529000000000007020e+00,5.000000000000000000e-01
8.530000000000008242e+00,5.000000000000000000e-01
8.531000000000007688e+00,5.000000000000000000e-01
8.532000000000007134e+00,5.000000000000000000e-01
8.533000000000006580e+00,5.000000000000000000e-01
8.534000000000007802e+00,5.000000000000000000e-01
8.535000000000007248e+00,5.000000000000000000e-01
8.536000000000006693e+00,5.000000000000000000e-01
8.537000000000007915e+00,5.000000000000000000e-01
8.538000000000007361e+00,5.000000000000000000e-01
8.539000000000006807e+00,5.000000000000000000e-01
8.540000000000008029e+00,5.000000000000000000e-01
8.541000000000007475e+00,5.000000000000000000e-01
8.542000000000006921e+00,5.000000000000000000e-01
8.543000000000008143e+00,5.000000000000000000e-01
8.544000000000007589e+00,5.000000000000000000e-01
8.545000000000007034e+00,5.000000000000000000e-01
8.546000000000008257e+00,5.000000000000000000e-01
8.547000000000007702e+00,5.000000000000000000e-01
8.548000000000007148e+00,5.000000000000000000e-01
8.549000000000008370e+00,5.000000000000000000e-01
8.550000000000007816e+00,5.000000000000000000e-01
8.551000000000007262e+00,5.000000000000000000e-01
8.552000000000006708e+00,5.000000000000000000e-01
8.553000000000007930e+00,5.000000000000000000e-01
8.554000000000007375e+00,5.000000000000000000e-01
8.555000000000006821e+00,5.000000000000000000e-01
8.556000000000008043e+00,5.000000000000000000e-01
8.557000000000007489e+00,5.000000000000000000e-01
8.558000000000006935e+00,5.000000000000000000e-01
8.559000000000008157e+00,5.000000000000000000e-01
8.560000000000007603e+00,5.000000000000000000e-01
8.561000000000007049e+00,5.000000000000000000e-01
8.562000000000008271e+00,5.000000000000000000e-01
8.563000000000007716e+00,5.000000000000000000e-01
8.564000000000007162e+00,5.000000000000000000e-01
8.565000000000006608e+00,5.000000000000000000e-01
8.566000000000007830e+00,5.000000000000000000e-01
8.567000000000007276e+00,5.000000000000000000e-01
8.568000000000006722e+00,5.000000000000000000e-01
8.569000000000007944e+00,5.000000000000000000e-01
8.570000000000007390e+00,5.000000000000000000e-01
8.571000000000006835e+00,5.000000000000000000e-01
8.572000000000008058e+00,5.000000000000000000e-01
8.573000000000007503e+00,5.000000000000000000e-01
8.574000000000006949e+00,5.000000000000000000e-01
8.575000000000008171e+00,5.000000000000000000e-01
8.576000000000007617e+00,5.000000000000000000e-01
8.577000000000007063e+00,5.000000000000000000e-01
8.578000000000008285e+00,5.000000000000000000e-01
8.579000000000007731e+00,5.000000000000000000e-01
8.580000000000007176e+00,5.000000000000000000e-01
8.581000000000008399e+00,5.000000000000000000e-01
8.582000000000007844e+00,5.000000000000000000e-01
8.583000000000007290e+00,5.000000000000000000e-01
8.584000000000006736e+00,5.000000000000000000e-01
8.585000000000007958e+00,5.000000000000000000e-01
8.586000000000007404e+00,5.000000000000000000e-01
8.587000000000006850e+00,5.000000000000000000e-01
8.588000000000008072e+00,5.000000000000000000e-01
8.589000000000007518e+00,5.000000000000000000e-01
8.590000000000006963e+00,5.000000000000000000e-01
8.591000000000008185e+00,5.000000000000000000e-01
8.592000000000007631e+00,5.000000000000000000e-01
8.593000000000007077e+00,5.000000000000000000e-01
8.594000000000008299e+00,5.000000000000000000e-01
8.595000000000007745e+00,5.000000000000000000e-01
8.596000000000007191e+00,5.000000000000000000e-01
8.597000000000006636e+00,5.000000000000000000e-01
8.598000000000007859e+00,5.000000000000000000e-01
8.599000000000007304e+00,5.000000000000000000e-01
8.600000000000006750e+00,5.000000000000000000e-01
8.601000000000007972e+00,5.000000000000000000e-01
8.602000000000007418e+00,5.000000000000000000e-01
8.603000000000006864e+00,5.000000000000000000e-01
8.604000000000008086e+00,5.000000000000000000e-01
8.605000000000007532e+00,5.000000000000000000e-01
8.606000000000006978e+00,5.000000000000000000e-01
8.607000000000008200e+00,5.000000000000000000e-01
8.608000000000007645e+00,5.000000000000000000e-01
8.609000000000007091e+00,5.000000000000000000e-01
8.610000000000008313e+00,5.000000000000000000e-01
8.611000000000007759e+00,5.000000000000000000e-01
8.612000000000007205e+00,5.000000000000000000e-01
8.613000000000008427e+00,5.000000000000000000e-01
8.614000000000007873e+00,5.000000000000000000e-01
8.615000000000007319e+00,5.000000000000000000e-01
8.616000000000006764e+00,5.000000000000000000e-01
8.617000000000007987e+00,5.000000000000000000e-01
8.618000000000007432e+00,5.000000000000000000e-01
8.619000000000006878e+00,5.000000000000000000e-01
8.620000000000008100e+00,5.000000000000000000e-01
8.621000000000007546e+00,5.000000000000000000e-01
8.622000000000006992e+00,5.000000000000000000e-01
8.623000000000008214e+00,5.000000000000000000e-01
8.624000000000007660e+00,5.000000000000000000e-01
8.625000000000007105e+00,5.000000000000000000e-01
8.626000000000008328e+00,5.000000000000000000e-01
8.627000000000007773e+00,5.000000000000000000e-01
8.628000000000007219e+00,5.000000000000000000e-01
8.629000000000006665e+00,5.000000000000000000e-01
8.630000000000007887e+00,5.000000000000000000e-01
8.631000000000007333e+00,5.000000000000000000e-01
8.632000000000006779e+00,5.000000000000000000e-01
8.633000000000008001e+00,5.000000000000000000e-01
8.634000000000007446e+00,5.000000000000000000e-01
8.635000000000006892e+00,5.000000000000000000e-01
8.636000000000008114e+00,5.000000000000000000e-01
8.637000000000007560e+00,5.000000000000000000e-01
8.638000000000007006e+00,5.000000000000000000e-01
8.639000000000008228e+00,5.000000000000000000e-01
8.640000000000007674e+00,5.000000000000000000e-01
8.641000000000007120e+00,5.000000000000000000e-01
8.642000000000008342e+00,5.000000000000000000e-01
8.643000000000007788e+00,5.000000000000000000e-01
8.644000000000007233e+00,5.000000000000000000e-01
8.645000000000008455e+00,5.000000000000000000e-01
8.646000000000007901e+00,5.000000000000000000e-01
8.647000000000007347e+00,5.000000000000000000e-01
8.648000000000006793e+00,5.000000000000000000e-01
8.649000000000008015e+00,5.000000000000000000e-01
8.650000000000007461e+00,5.000000000000000000e-01
8.651000000000006906e+00,5.000000000000000000e-01
8.652000000000008129e+00,5.000000000000000000e-01
8.653000000000007574e+00,5.000000000000000000e-01
8.654000000000007020e+00,5.000000000000000000e-01
8.655000000000008242e+00,5.000000000000000000e-01
8.656000000000007688e+00,5.000000000000000000e-01
8.657000000000007134e+00,5.000000000000000000e-01
8.658000000000008356e+00,5.000000000000000000e-01
8.659000000000007802e+00,5.000000000000000000e-01
8.660000000000007248e+00,5.000000000000000000e-01
8.661000000000006693e+00,5.000000000000000000e-01
8.662000000000007915e+00,5.000000000000000000e-01
8.663000000000007361e+00,5.000000000000000000e-01
8.664000000000006807e+00,5.000000000000000000e-01
8.665000000000008029e+00,5.000000000000000000e-01
8.666000000000007475e+00,5.000000000000000000e-01
8.667000000000006921e+00,5.000000000000000000e-01
8.668000000000008143e+00,5.000000000000000000e-01
8.669000000000007589e+00,5.000000000000000000e-01
8.670000000000007034e+00,5.000000000000000000e-01
8.671000000000008257e+00,5.000000000000000000e-01
8.672000000000007702e+00,5.000000000000000000e-01
8.673000000000007148e+00,5.000000000000000000e-01
8.674000000000008370e+00,5.000000000000000000e-01
8.675000000000007816e+00,5.000000000000000000e-01
8.676000000000007262e+00,5.000000000000000000e-01
8.677000000000008484e+00,5.000000000000000000e-01
8.678000000000007930e+00,5.000000000000000000e-01
8.679000000000007375e+00,5.000000000000000000e-01
8.680000000000006821e+00,5.000000000000000000e-01
8.681000000000008043e+00,5.000000000000000000e-01
8.682000000000007489e+00,5.000000000000000000e-01
8.683000000000006935e+00,5.000000000000000000e-01
8.684000000000008157e+00,5.000000000000000000e-01
8.685000000000007603e+00,5.000000000000000000e-01
8.686000000000007049e+00,5.000000000000000000e-01
8.687000000000008271e+00,5.000000000000000000e-01
8.688000000000007716e+00,5.000000000000000000e-01
8.689000000000007162e+00,5.000000000000000000e-01
8.690000000000008384e+00,5.000000000000000000e-01
8.691000000000007830e+00,5.000000000000000000e-01
8.692000000000007276e+00,5.000000000000000000e-01
8.693000000000006722e+00,5.000000000000000000e-01
8.694000000000007944e+00,5.000000000000000000e-01
8.695000000000007390e+00,5.000000000000000000e-01
8.696000000000006835e+00,5.000000000000000000e-01
8.697000000000008058e+00,5.000000000000000000e-01
8.698000000000007503e+00,5.000000000000000000e-01
8.699000000000006949e+00,5.000000000000000000e-01
8.700000000000008171e+00,5.000000000000000000e-01
8.701000000000007617e+00,5.000000000000000000e-01
8.702000000000007063e+00,5.000000000000000000e-01
8.703000000000008285e+00,5.000000000000000000e-01
8.704000000000007731e+00,5.000000000000000000e-01
8.705000000000007176e+00,5.000000000000000000e-01
8.706000000000008399e+00,5.000000000000000000e-01
8.707000000000007844e+00,5.000000000000000000e-01
8.708000000000007290e+00,5.000000000000000000e-01
8.709000000000008512e+00,5.000000000000000000e-01
8.710000000000007958e+00,5.000000000000000000e-01
8.711000000000007404e+00,5.000000000000000000e-01
8.712000000000006850e+00,5.000000000000000000e-01
8.713000000000008072e+00,5.000000000000000000e-01
8.714000000000007518e+00,5.000000000000000000e-01
8.715000000000006963e+00,5.000000000000000000e-01
8.716000000000008185e+00,5.000000000000000000e-01
8.717000000000007631e+00,5.000000000000000000e-01
8.718000000000007077e+00,5.000000000000000000e-01
8.719000000000008299e+00,5.000000000000000000e-01
8.720000000000007745e+00,5.000000000000000000e-01
8.721000000000007191e+00,5.000000000000000000e-01
8.722000000000008413e+00,5.000000000000000000e-01
8.723000000000007859e+00,5.000000000000000000e-01
8.724000000000007304e+00,5.000000000000000000e-01
8.725000000000006750e+00,5.000000000000000000e-01
8.726000000000007972e+00,5.000000000000000000e-01
8.727000000000007418e+00,5.000000000000000000e-01
8.728000000000006864e+00,5.000000000000000000e-01
8.729000000000008086e+00,5.000000000000000000e-01
8.730000000000007532e+00,5.000000000000000000e-01
8.731000000000006978e+00,5.000000000000000000e-01
8.732000000000008200e+00,5.000000000000000000e-01
8.733000000000007645e+00,5.000000000000000000e-01
8.734000000000007091e+00,5.000000000000000000e-01
8.735000000000008313e+00,5.000000000000000000e-01
8.736000000000007759e+00,5.000000000000000000e-01
8.737000000000007205e+00,5.000000000000000000e-01
8.738000000000008427e+00,5.000000000000000000e-01
8.739000000000007873e+00,5.000000000000000000e-01
8.740000000000007319e+00,5.000000000000000000e-01
8.741000000000008541e+00,5.000000000000000000e-01
8.742000000000007987e+00,5.000000000000000000e-01
8.743000000000007432e+00,5.000000000000000000e-01
8.744000000000006878e+00,5.000000000000000000e-01
8.745000000000008100e+00,5.000000000000000000e-01
8.746000000000007546e+00,5.000000000000000000e-01
8.747000000000006992e+00,5.000000000000000000e-01
8.748000000000008214e+00,5.000000000000000000e-01
8.749000000000007660e+00,5.000000000000000000e-01
8.750000000000007105e+00,5.000000000000000000e-01
8.751000000000008328e+00,5.000000000000000000e-01
8.752000000000007773e+00,5.000000000000000000e-01
8.753000000000007219e+00,5.000000000000000000e-01
8.754000000000008441e+00,5.000000000000000000e-01
8.755000000000007887e+00,5.000000000000000000e-01
8.756000000000007333e+00,5.000000000000000000e-01
8.757000000000006779e+00,5.000000000000000000e-01
8.758000000000008001e+00,5.000000000000000000e-01
8.759000000000007446e+00,5.000000000000000000e-01
8.760000000000006892e+00,5.000000000000000000e-01
8.761000000000008114e+00,5.000000000000000000e-01
8.762000000000007560e+00,5.000000000000000000e-01
8.763000000000007006e+00,5.000000000000000000e-01
8.764000000000008228e+00,5.000000000000000000e-01
8.765000000000007674e+00,5.000000000000000000e-01
8.766000000000007120e+00,5.000000000000000000e-01
8.767000000000008342e+00,5.000000000000000000e-01
8.768000000000007788e+00,5.000000000000000000e-01
8.769000000000007233e+00,5.000000000000000000e-01
8.770000000000008455e+00,5.000000000000000000e-01
8.771000000000007901e+00,5.000000000000000000e-01
8.772000000000007347e+00,5.000000000000000000e-01
8.773000000000008569e+00,5.000000000000000000e-01
8.774000000000008015e+00,5.000000000000000000e-01
8.775000000000007461e+00,5.000000000000000000e-01
8.776000000000006906e+00,5.000000000000000000e-01
8.777000000000008129e+00,5.000000000000000000e-01
8.778000000000007574e+00,5.000000000000000000e-01
8.779000000000007020e+00,5.000000000000000000e-01
8.780000000000008242e+00,5.000000000000000000e-01
8.781000000000007688e+00,5.000000000000000000e-01
8.782000000000007134e+00,5.000000000000000000e-01
8.783000000000008356e+00,5.000000000000000000e-01
8.784000000000007802e+00,5.000000000000000000e-01
8.785000000000007248e+00,5.000000000000000000e-01
8.786000000000008470e+00,5.000000000000000000e-01
8.787000000000007915e+00,5.000000000000000000e-01
8.788000000000007361e+00,5.000000000000000000e-01
8.789000000000006807e+00,5.000000000000000000e-01
8.790000000000008029e+00,5.000000000000000000e-01
8.791000000000007475e+00,5.000000000000000000e-01
8.792000000000006921e+00,5.000000000000000000e-01
8.793000000000008143e+00,5.000000000000000000e-01
8.794000000000007589e+00,5.000000000000000000e-01
8.795000000000007034e+00,5.000000000000000000e-01
8.796000000000008257e+00,5.000000000000000000e-01
8.797000000000007702e+00,5.000000000000000000e-01
8.798000000000007148e+00,5.000000000000000000e-01
8.799000000000008370e+00,5.000000000000000000e-01
8.800000000000007816e+00,5.000000000000000000e-01
8.801000000000007262e+00,5.000000000000000000e-01
8.802000000000008484e+00,5.000000000000000000e-01
8.803000000000007930e+00,5.000000000000000000e-01
8.804000000000007375e+00,5.000000000000000000e-01
8.805000000000008598e+00,5.000000000000000000e-01
8.806000000000008043e+00,5.000000000000000000e-01
8.807000000000007489e+00,5.000000000000000000e-01
8.808000000000006935e+00,5.000000000000000000e-01
8.809000000000008157e+00,5.000000000000000000e-01
8.810000000000007603e+00,5.000000000000000000e-01
8.811000000000007049e+00,5.000000000000000000e-01
8.812000000000008271e+00,5.000000000000000000e-01
8.813000000000007716e+00,5.000000000000000000e-01
8.814000000000007162e+00,5.000000000000000000e-01
8.815000000000008384e+00,5.000000000000000000e-01
8.816000000000007830e+00,5.000000000000000000e-01
8.817000000000007276e+00,5.000000000000000000e-01
8.818000000000008498e+00,5.000000000000000000e-01
8.819000000000007944e+00,5.000000000000000000e-01
8.820000000000007390e+00,5.000000000000000000e-01
8.821000000000006835e+00,5.000000000000000000e-01
8.822000000000008058e+00,5.000000000000000000e-01
8.823000000000007503e+00,5.000000000000000000e-01
8.824000000000006949e+00,5.000000000000000000e-01
8.825000000000008171e+00,5.000000000000000000e-01
8.826000000000007617e+00,5.000000000000000000e-01
8.827000000000007063e+00,5.000000000000000000e-01
8.828000000000008285e+00,5.000000000000000000e-01
8.829000000000007731e+00,5.000000000000000000e-01
8.830000000000007176e+00,5.000000000000000000e-01
8.831000000000008399e+00,5.000000000000000000e-01
8.832000000000007844e+00,5.000000000000000000e-01
8.833000000000007290e+00,5.000000000000000000e-01
8.834000000000008512e+00,5.000000000000000000e-01
8.835000000000007958e+00,5.000000000000000000e-01
8.836000000000007404e+00,5.000000000000000000e-01
8.837000000000008626e+00,5.000000000000000000e-01
8.838000000000008072e+00,5.000000000000000000e-01
8.839000000000007518e+00,5.000000000000000000e-01
8.840000000000006963e+00,5.000000000000000000e-01
8.841000000000008185e+00,5.000000000000000000e-01
8.842000000000007631e+00,5.000000000000000000e-01
8.843000000000007077e+00,5.000000000000000000e-01
8.844000000000008299e+00,5.000000000000000000e-01
8.845000000000007745e+00,5.000000000000000000e-01
8.846000000000007191e+00,5.000000000000000000e-01
8.847000000000008413e+00,5.000000000000000000e-01
8.848000000000007859e+00,5.000000000000000000e-01
8.849000000000007304e+00,5.000000000000000000e-01
8.850000000000008527e+00,5.000000000000000000e-01
8.851000000000007972e+00,5.000000000000000000e-01
8.852000000000007418e+00,5.000000000000000000e-01
8.853000000000006864e+00,5.000000000000000000e-01
8.854000000000008086e+00,5.000000000000000000e-01
8.855000000000007532e+00,5.000000000000000000e-01
8.856000000000006978e+00,5.000000000000000000e-01
8.857000000000008200e+00,5.000000000000000000e-01
8.858000000000007645e+00,5.000000000000000000e-01
8.859000000000007091e+00,5.000000000000000000e-01
8.860000000000008313e+00,5.000000000000000000e-01
8.861000000000007759e+00,5.000000000000000000e-01
8.862000000000007205e+00,5.000000000000000000e-01
8.863000000000008427e+00,5.000000000000000000e-01
8.864000000000007873e+00,5.000000000000000000e-01
8.865000000000007319e+00,5.000000000000000000e-01
8.866000000000008541e+00,5.000000000000000000e-01
8.867000000000007987e+00,5.000000000000000000e-01
8.868000000000007432e+00,5.000000000000000000e-01
8.869000000000008654e+00,5.000000000000000000e-01
8.870000000000008100e+00,5.000000000000000000e-01
8.871000000000007546e+00,5.000000000000000000e-01
8.872000000000006992e+00,5.000000000000000000e-01
8.873000000000008214e+00,5.000000000000000000e-01
8.874000000000007660e+00,5.000000000000000000e-01
8.875000000000007105e+00,5.000000000000000000e-01
8.876000000000008328e+00,5.000000000000000000e-01
8.877000000000007773e+00,5.000000000000000000e-01
8.878000000000007219e+00,5.000000000000000000e-01
8.879000000000008441e+00,5.000000000000000000e-01
8.880000000000007887e+00,5.000000000000000000e-01
8.881000000000007333e+00,5.000000000000000000e-01
8.882000000000008555e+00,5.000000000000000000e-01
8.883000000000008001e+00,5.000000000000000000e-01
8.884000000000007446e+00,5.000000000000000000e-01
8.885000000000006892e+00,5.000000000000000000e-01
8.886000000000008114e+00,5.000000000000000000e-01
8.887000000000007560e+00,5.000000000000000000e-01
8.888000000000007006e+00,5.000000000000000000e-01
8.889000000000008228e+00,5.000000000000000000e-01
8.890000000000007674e+00,5.000000000000000000e-01
8.891000000000007120e+00,5.000000000000000000e-01
8.892000000000008342e+00,5.000000000000000000e-01
8.893000000000007788e+00,5.000000000000000000e-01
8.894000000000007233e+00,5.000000000000000000e-01
8.895000000000008455e+00,5.000000000000000000e-01
8.896000000000007901e+00,5.000000000000000000e-01
8.897000000000007347e+00,5.000000000000000000e-01
8.898000000000008569e+00,5.000000000000000000e-01
8.899000000000008015e+00,5.000000000000000000e-01
8.900000000000007461e+00,5.000000000000000000e-01
8.901000000000008683e+00,5.000000000000000000e-01
8.902000000000008129e+00,5.000000000000000000e-01
8.903000000000007574e+00,5.000000000000000000e-01
8.904000000000007020e+00,5.000000000000000000e-01
8.905000000000008242e+00,5.000000000000000000e-01
8.906000000000007688e+00,5.000000000000000000e-01
8.907000000000007134e+00,5.000000000000000000e-01
8.908000000000008356e+00,5.000000000000000000e-01
8.909000000000007802e+00,5.000000000000000000e-01
8.910000000000007248e+00,5.000000000000000000e-01
8.911000000000008470e+00,5.000000000000000000e-01
8.912000000000007915e+00,5.000000000000000000e-01
8.913000000000007361e+00,5.000000000000000000e-01
8.914000000000008583e+00,5.000000000000000000e-01
8.915000000000008029e+00,5.000000000000000000e-01
8.916000000000007475e+00,5.000000000000000000e-01
8.917000000000006921e+00,5.000000000000000000e-01
8.918000000000008143e+00,5.000000000000000000e-01
8.919000000000007589e+00,5.000000000000000000e-01
8.920000000000007034e+00,5.000000000000000000e-01
8.921000000000008257e+00,5.000000000000000000e-01
8.922000000000007702e+00,5.000000000000000000e-01
8.923000000000007148e+00,5.000000000000000000e-01
8.924000000000008370e+00,5.000000000000000000e-01
8.925000000000007816e+00,5.000000000000000000e-01
8.926000000000007262e+00,5.000000000000000000e-01
8.927000000000008484e+00,5.000000000000000000e-01
8.928000000000007930e+00,5.000000000000000000e-01
8.929000000000007375e+00,5.000000000000000000e-01
8.930000000000008598e+00,5.000000000000000000e-01
8.931000000000008043e+00,5.000000000000000000e-01
8.932000000000007489e+00,5.000000000000000000e-01
8.933000000000008711e+00,5.000000000000000000e-01
8.934000000000008157e+00,5.000000000000000000e-01
8.935000000000007603e+00,5.000000000000000000e-01
8.936000000000007049e+00,5.000000000000000000e-01
8.937000000000008271e+00,5.000000000000000000e-01
8.938000000000007716e+00,5.000000000000000000e-01
8.939000000000007162e+00,5.000000000000000000e-01
8.940000000000008384e+00,5.000000000000000000e-01
8.941000000000007830e+00,5.000000000000000000e-01
8.942000000000007276e+00,5.000000000000000000e-01
8.943000000000008498e+00,5.000000000000000000e-01
8.944000000000007944e+00,5.000000000000000000e-01
8.945000000000007390e+00,5.000000000000000000e-01
8.946000000000008612e+00,5.000000000000000000e-01
8.947000000000008058e+00,5.000000000000000000e-01
8.948000000000007503e+00,5.000000000000000000e-01
8.949000000000006949e+00,5.000000000000000000e-01
8.950000000000008171e+00,5.000000000000000000e-01
8.951000000000007617e+00,5.000000000000000000e-01
8.952000000000007063e+00,5.000000000000000000e-01
8.953000000000008285e+00,5.000000000000000000e-01
8.954000000000007731e+00,5.000000000000000000e-01
8.955000000000007176e+00,5.000000000000000000e-01
8.956000000000008399e+00,5.000000000000000000e-01
8.957000000000007844e+00,5.000000000000000000e-01
8.958000000000007290e+00,5.000000000000000000e-01
8.959000000000008512e+00,5.000000000000000000e-01
8.960000000000007958e+00,5.000000000000000000e-01
8.961000000000007404e+00,5.000000000000000000e-01
8.962000000000008626e+00,5.000000000000000000e-01
8.963000000000008072e+00,5.000000000000000000e-01
8.964000000000007518e+00,5.000000000000000000e-01
8.965000000000008740e+00,5.000000000000000000e-01
8.966000000000008185e+00,5.000000000000000000e-01
8.967000000000007631e+00,5.000000000000000000e-01
8.968000000000007077e+00,5.000000000000000000e-01
8.969000000000008299e+00,5.000000000000000000e-01
8.970000000000007745e+00,5.000000000000000000e-01
8.971000000000007191e+00,5.000000000000000000e-01
8.972000000000008413e+00,5.000000000000000000e-01
8.973000000000007859e+00,5.000000000000000000e-01
8.974000000000007304e+00,5.000000000000000000e-01
8.975000000000008527e+00,5.000000000000000000e-01
8.976000000000007972e+00,5.000000000000000000e-01
8.977000000000007418e+00,5.000000000000000000e-01
8.978000000000008640e+00,5.000000000000000000e-01
8.979000000000008086e+00,5.000000000000000000e-01
8.980000000000007532e+00,5.000000000000000000e-01
8.981000000000006978e+00,5.000000000000000000e-01
8.982000000000008200e+00,5.000000000000000000e-01
8.983000000000007645e+00,5.000000000000000000e-01
8.984000000000007091e+00,5.000000000000000000e-01
8.985000000000008313e+00,5.000000000000000000e-01
8.986000000000007759e+00,5.000000000000000000e-01
8.987000000000007205e+00,5.000000000000000000e-01
8.988000000000008427e+00,5.000000000000000000e-01
8.989000000000007873e+00,5.000000000000000000e-01
8.990000000000007319e+00,5.000000000000000000e-01
8.991000000000008541e+00,5.000000000000000000e-01
8.992000000000007987e+00,5.000000000000000000e-01
8.993000000000007432e+00,5.000000000000000000e-01
8.994000000000008654e+00,5.000000000000000000e-01
8.995000000000008100e+00,5.000000000000000000e-01
8.996000000000007546e+00,5.000000000000000000e-01
8.997000000000008768e+00,5.000000000000000000e-01
8.998000000000008214e+00,5.000000000000000000e-01
8.999000000000007660e+00,5.000000000000000000e-01
9.000000000000007105e+00,5.000000000000000000e-01
9.001000000000008328e+00,5.000000000000000000e-01
9.002000000000007773e+00,5.000000000000000000e-01
9.003000000000007219e+00,5.000000000000000000e-01
9.004000000000008441e+00,5.000000000000000000e-01
9.005000000000007887e+00,5.000000000000000000e-01
9.006000000000007333e+00,5.000000000000000000e-01
9.007000000000008555e+00,5.000000000000000000e-01
9.008000000000008001e+00,5.000000000000000000e-01
9.009000000000007446e+00,5.000000000000000000e-01
9.010000000000008669e+00,5.000000000000000000e-01
9.011000000000008114e+00,5.000000000000000000e-01
9.012000000000007560e+00,5.000000000000000000e-01
9.013000000000007006e+00,5.000000000000000000e-01
9.014000000000008228e+00,5.000000000000000000e-01
9.015000000000007674e+00,5.000000000000000000e-01
9.016000000000007120e+00,5.000000000000000000e-01
9.017000000000008342e+00,5.000000000000000000e-01
9.018000000000007788e+00,5.000000000000000000e-01
9.019000000000007233e+00,5.000000000000000000e-01
9.020000000000008455e+00,5.000000000000000000e-01
9.021000000000007901e+00,5.000000000000000000e-01
9.022000000000007347e+00,5.000000000000000000e-01
9.023000000000008569e+00,5.000000000000000000e-01
9.024000000000008015e+00,5.000000000000000000e-01
9.025000000000007461e+00,5.000000000000000000e-01
9.026000000000008683e+00,5.000000000000000000e-01
9.027000000000008129e+00,5.000000000000000000e-01
9.028000000000007574e+00,5.000000000000000000e-01
9.029000000000008797e+00,5.000000000000000000e-01
9.030000000000008242e+00,5.000000000000000000e-01
9.031000000000007688e+00,5.000000000000000000e-01
9.032000000000007134e+00,5.000000000000000000e-01
9.033000000000008356e+00,5.000000000000000000e-01
9.034000000000007802e+00,5.000000000000000000e-01
9.035000000000007248e+00,5.000000000000000000e-01
9.036000000000008470e+00,5.000000000000000000e-01
9.037000000000007915e+00,5.000000000000000000e-01
9.038000000000007361e+00,5.000000000000000000e-01
9.039000000000008583e+00,5.000000000000000000e-01
9.040000000000008029e+00,5.000000000000000000e-01
9.041000000000007475e+00,5.000000000000000000e-01
9.042000000000008697e+00,5.000000000000000000e-01
9.043000000000008143e+00,5.000000000000000000e-01
9.044000000000007589e+00,5.000000000000000000e-01
9.045000000000007034e+00,5.000000000000000000e-01
9.046000000000008257e+00,5.000000000000000000e-01
9.047000000000007702e+00,5.000000000000000000e-01
9.048000000000007148e+00,5.000000000000000000e-01
9.049000000000008370e+00,5.000000000000000000e-01
9.050000000000007816e+00,5.000000000000000000e-01
9.051000000000007262e+00,5.000000000000000000e-01
9.052000000000008484e+00,5.000000000000000000e-01
9.053000000000007930e+00,5.000000000000000000e-01
9.054000000000007375e+00,5.000000000000000000e-01
9.055000000000008598e+00,5.000000000000000000e-01
9.056000000000008043e+00,5.000000000000000000e-01
9.057000000000007489e+00,5.000000000000000000e-01
9.058000000000008711e+00,5.000000000000000000e-01
9.059000000000008157e+00,5.000000000000000000e-01
9.060000000000007603e+00,5.000000000000000000e-01
9.061000000000008825e+00,5.000000000000000000e-01
9.062000000000008271e+00,5.000000000000000000e-01
9.063000000000007716e+00,5.000000000000000000e-01
9.064000000000007162e+00,5.000000000000000000e-01
9.065000000000008384e+00,5.000000000000000000e-01
9.066000000000007830e+00,5.000000000000000000e-01
9.067000000000007276e+00,5.000000000000000000e-01
9.068000000000008498e+00,5.000000000000000000e-01
9.069000000000007944e+00,5.000000000000000000e-01
9.070000000000007390e+00,5.000000000000000000e-01
9.071000000000008612e+00,5.000000000000000000e-01
9.072000000000008058e+00,5.000000000000000000e-01
9.073000000000007503e+00,5.000000000000000000e-01
9.074000000000008725e+00,5.000000000000000000e-01
9.075000000000008171e+00,5.000000000000000000e-01
9.076000000000007617e+00,5.000000000000000000e-01
9.077000000000007063e+00,5.000000000000000000e-01
9.078000000000008285e+00,5.000000000000000000e-01
9.079000000000007731e+00,5.000000000000000000e-01
9.080000000000007176e+00,5.000000000000000000e-01
9.081000000000008399e+00,5.000000000000000000e-01
9.082000000000007844e+00,5.000000000000000000e-01
9.083000000000007290e+00,5.000000000000000000e-01
9.084000000000008512e+00,5.000000000000000000e-01
9.085000000000007958e+00,5.000000000000000000e-01
9.086000000000007404e+00,5.000000000000000000e-01
9.087000000000008626e+00,5.000000000000000000e-01
9.088000000000008072e+00,5.000000000000000000e-01
9.089000000000007518e+00,5.000000000000000000e-01
9.090000000000008740e+00,5.000000000000000000e-01
9.091000000000008185e+00,5.000000000000000000e-01
9.092000000000007631e+00,5.000000000000000000e-01
9.093000000000008853e+00,5.000000000000000000e-01
9.094000000000008299e+00,5.000000000000000000e-01
9.095000000000007745e+00,5.000000000000000000e-01
9.096000000000007191e+00,5.000000000000000000e-01
9.097000000000008413e+00,5.000000000000000000e-01
9.098000000000007859e+00,5.000000000000000000e-01
9.099000000000007304e+00,5.000000000000000000e-01
9.100000000000008527e+00,5.000000000000000000e-01
9.101000000000007972e+00,5.000000000000000000e-01
9.102000000000007418e+00,5.000000000000000000e-01
9.103000000000008640e+00,5.000000000000000000e-01
9.104000000000008086e+00,5.000000000000000000e-01
9.105000000000007532e+00,5.000000000000000000e-01
9.106000000000008754e+00,5.000000000000000000e-01
9.107000000000008200e+00,5.000000000000000000e-01
9.108000000000007645e+00,5.000000000000000000e-01
9.109000000000007091e+00,5.000000000000000000e-01
9.110000000000008313e+00,5.000000000000000000e-01
9.111000000000007759e+00,5.000000000000000000e-01
9.112000000000007205e+00,5.000000000000000000e-01
9.113000000000008427e+00,5.000000000000000000e-01
9.114000000000007873e+00,5.000000000000000000e-01
9.115000000000007319e+00,5.000000000000000000e-01
9.116000000000008541e+00,5.000000000000000000e-01
9.117000000000007987e+00,5.000000000000000000e-01
9.118000000000007432e+00,5.000000000000000000e-01
9.119000000000008654e+00,5.000000000000000000e-01
9.120000000000008100e+00,5.000000000000000000e-01
9.121000000000007546e+00,5.000000000000000000e-01
9.122000000000008768e+00,5.000000000000000000e-01
9.123000000000008214e+00,5.000000000000000000e-01
9.124000000000007660e+00,5.000000000000000000e-01
9.125000000000008882e+00,5.000000000000000000e-01
9.126000000000008328e+00,5.000000000000000000e-01
9.127000000000007773e+00,5.000000000000000000e-01
9.128000000000007219e+00,5.000000000000000000e-01
9.129000000000008441e+00,5.000000000000000000e-01
9.130000000000007887e+00,5.000000000000000000e-01
9.131000000000007333e+00,5.000000000000000000e-01
9.132000000000008555e+00,5.000000000000000000e-01
9.133000000000008001e+00,5.000000000000000000e-01
9.134000000000007446e+00,5.000000000000000000e-01
9.135000000000008669e+00,5.000000000000000000e-01
9.136000000000008114e+00,5.000000000000000000e-01
9.137000000000007560e+00,5.000000000000000000e-01
9.138000000000008782e+00,5.000000000000000000e-01
9.139000000000008228e+00,5.000000000000000000e-01
9.140000000000007674e+00,5.000000000000000000e-01
9.141000000000007120e+00,5.000000000000000000e-01
9.142000000000008342e+00,5.000000000000000000e-01
9.143000000000007788e+00,5.000000000000000000e-01
9.144000000000007233e+00,5.000000000000000000e-01
9.145000000000008455e+00,5.000000000000000000e-01
9.146000000000007901e+00,5.000000000000000000e-01
9.147000000000007347e+00,5.000000000000000000e-01
9.148000000000008569e+00,5.000000000000000000e-01
9.149000000000008015e+00,5.000000000000000000e-01
9.150000000000007461e+00,5.000000000000000000e-01
9.151000000000008683e+00,5.000000000000000000e-01
9.152000000000008129e+00,5.000000000000000000e-01
9.153000000000007574e+00,5.000000000000000000e-01
9.154000000000008797e+00,5.000000000000000000e-01
9.155000000000008242e+00,5.000000000000000000e-01
9.156000000000007688e+00,5.000000000000000000e-01
9.157000000000008910e+00,5.000000000000000000e-01
9.158000000000008356e+00,5.000000000000000000e-01
9.159000000000007802e+00,5.000000000000000000e-01
9.160000000000007248e+00,5.000000000000000000e-01
9.161000000000008470e+00,5.000000000000000000e-01
9.162000000000007915e+00,5.000000000000000000e-01
9.163000000000007361e+00,5.000000000000000000e-01
9.164000000000008583e+00,5.000000000000000000e-01
9.165000000000008029e+00,5.000000000000000000e-01
9.166000000000007475e+00,5.000000000000000000e-01
9.167000000000008697e+00,5.000000000000000000e-01
9.168000000000008143e+00,5.000000000000000000e-01
9.169000000000007589e+00,5.000000000000000000e-01
9.170000000000008811e+00,5.000000000000000000e-01
9.171000000000008257e+00,5.000000000000000000e-01
9.172000000000007702e+00,5.000000000000000000e-01
9.173000000000007148e+00,5.000000000000000000e-01
9.174000000000008370e+00,5.000000000000000000e-01
9.175000000000007816e+00,5.000000000000000000e-01
9.176000000000007262e+00,5.000000000000000000e-01
9.177000000000008484e+00,5.000000000000000000e-01
9.178000000000007930e+00,5.000000000000000000e-01
9.179000000000007375e+00,5.000000000000000000e-01
9.180000000000008598e+00,5.000000000000000000e-01
9.181000000000008043e+00,5.000000000000000000e-01
9.182000000000007489e+00,5.000000000000000000e-01
9.183000000000008711e+00,5.000000000000000000e-01
9.184000000000008157e+00,5.000000000000000000e-01
9.185000000000007603e+00,5.000000000000000000e-01
9.186000000000008825e+00,5.000000000000000000e-01
9.187000000000008271e+00,5.000000000000000000e-01
9.188000000000007716e+00,5.000000000000000000e-01
9.189000000000008939e+00,5.000000000000000000e-01
9.190000000000008384e+00,5.000000000000000000e-01
9.191000000000007830e+00,5.000000000000000000e-01
9.192000000000007276e+00,5.000000000000000000e-01
9.193000000000008498e+00,5.000000000000000000e-01
9.194000000000007944e+00,5.000000000000000000e-01
9.195000000000007390e+00,5.000000000000000000e-01
9.196000000000008612e+00,5.000000000000000000e-01
9.197000000000008058e+00,5.000000000000000000e-01
9.198000000000007503e+00,5.000000000000000000e-01
9.199000000000008725e+00,5.000000000000000000e-01
9.200000000000008171e+00,5.000000000000000000e-01
9.201000000000007617e+00,5.000000000000000000e-01
9.202000000000008839e+00,5.000000000000000000e-01
9.203000000000008285e+00,5.000000000000000000e-01
9.204000000000007731e+00,5.000000000000000000e-01
9.205000000000007176e+00,5.000000000000000000e-01
9.206000000000008399e+00,5.000000000000000000e-01
9.207000000000007844e+00,5.000000000000000000e-01
9.208000000000007290e+00,5.000000000000000000e-01
9.209000000000008512e+00,5.000000000000000000e-01
9.210000000000007958e+00,5.000000000000000000e-01
9.211000000000007404e+00,5.000000000000000000e-01
9.212000000000008626e+00,5.000000000000000000e-01
9.213000000000008072e+00,5.000000000000000000e-01
9.214000000000007518e+00,5.000000000000000000e-01
9.215000000000008740e+00,5.000000000000000000e-01
9.216000000000008185e+00,5.000000000000000000e-01
9.217000000000007631e+00,5.000000000000000000e-01
9.218000000000008853e+00,5.000000000000000000e-01
9.219000000000008299e+00,5.000000000000000000e-01
9.220000000000007745e+00,5.000000000000000000e-01
9.221000000000008967e+00,5.000000000000000000e-01
9.222000000000008413e+00,5.000000000000000000e-01
9.223000000000007859e+00,5.000000000000000000e-01
9.224000000000007304e+00,5.000000000000000000e-01
9.225000000000008527e+00,5.000000000000000000e-01
9.226000000000007972e+00,5.000000000000000000e-01
9.227000000000007418e+00,5.000000000000000000e-01
9.228000000000008640e+00,5.000000000000000000e-01
9.229000000000008086e+00,5.000000000000000000e-01
9.230000000000007532e+00,5.000000000000000000e-01
9.231000000000008754e+00,5.000000000000000000e-01
9.232000000000008200e+00,5.000000000000000000e-01
9.233000000000007645e+00,5.000000000000000000e-01
9.234000000000008868e+00,5.000000000000000000e-01
9.235000000000008313e+00,5.000000000000000000e-01
9.236000000000007759e+00,5.000000000000000000e-01
9.237000000000007205e+00,5.000000000000000000e-01
9.238000000000008427e+00,5.000000000000000000e-01
9.239000000000007873e+00,5.000000000000000000e-01
9.240000000000007319e+00,5.000000000000000000e-01
9.241000000000008541e+00,5.000000000000000000e-01
9.242000000000007987e+00,5.000000000000000000e-01
9.243000000000007432e+00,5.000000000000000000e-01
9.244000000000008654e+00,5.000000000000000000e-01
9.245000000000008100e+00,5.000000000000000000e-01
9.246000000000007546e+00,5.000000000000000000e-01
9.247000000000008768e+00,5.000000000000000000e-01
9.248000000000008214e+00,5.000000000000000000e-01
9.249000000000007660e+00,5.000000000000000000e-01
9.250000000000008882e+00,5.000000000000000000e-01
9.251000000000008328e+00,5.000000000000000000e-01
9.252000000000007773e+00,5.000000000000000000e-01
9.253000000000008995e+00,5.000000000000000000e-01
9.254000000000008441e+00,5.000000000000000000e-01
9.255000000000007887e+00,5.000000000000000000e-01
9.256000000000007333e+00,5.000000000000000000e-01
9.257000000000008555e+00,5.000000000000000000e-01
9.258000000000008001e+00,5.000000000000000000e-01
9.259000000000007446e+00,5.000000000000000000e-01
9.260000000000008669e+00,5.000000000000000000e-01
9.261000000000008114e+00,5.000000000000000000e-01
9.262000000000007560e+00,5.000000000000000000e-01
9.263000000000008782e+00,5.000000000000000000e-01
9.264000000000008228e+00,5.000000000000000000e-01
9.265000000000007674e+00,5.000000000000000000e-01
9.266000000000008896e+00,5.000000000000000000e-01
9.267000000000008342e+00,5.000000000000000000e-01
9.268000000000007788e+00,5.000000000000000000e-01
9.269000000000007233e+00,5.000000000000000000e-01
9.270000000000008455e+00,5.000000000000000000e-01
9.271000000000007901e+00,5.000000000000000000e-01
9.272000000000007347e+00,5.000000000000000000e-01
9.273000000000008569e+00,5.000000000000000000e-01
9.274000000000008015e+00,5.000000000000000000e-01
9.275000000000007461e+00,5.000000000000000000e-01
9.276000000000008683e+00,5.000000000000000000e-01
9.277000000000008129e+00,5.000000000000000000e-01
9.278000000000007574e+00,5.000000000000000000e-01
9.279000000000008797e+00,5.000000000000000000e-01
9.280000000000008242e+00,5.000000000000000000e-01
9.281000000000007688e+00,5.000000000000000000e-01
9.282000000000008910e+00,5.000000000000000000e-01
9.283000000000008356e+00,5.000000000000000000e-01
9.284000000000007802e+00,5.000000000000000000e-01
9.285000000000009024e+00,5.000000000000000000e-01
9.286000000000008470e+00,5.000000000000000000e-01
9.287000000000007915e+00,5.000000000000000000e-01
9.288000000000007361e+00,5.000000000000000000e-01
9.289000000000008583e+00,5.000000000000000000e-01
9.290000000000008029e+00,5.000000000000000000e-01
9.291000000000007475e+00,5.000000000000000000e-01
9.292000000000008697e+00,5.000000000000000000e-01
9.293000000000008143e+00,5.000000000000000000e-01
9.294000000000007589e+00,5.000000000000000000e-01
9.295000000000008811e+00,5.000000000000000000e-01
9.296000000000008257e+00,5.000000000000000000e-01
9.297000000000007702e+00,5.000000000000000000e-01
9.298000000000008924e+00,5.000000000000000000e-01
9.299000000000008370e+00,5.000000000000000000e-01
9.300000000000007816e+00,5.000000000000000000e-01
9.301000000000007262e+00,5.000000000000000000e-01
9.302000000000008484e+00,5.000000000000000000e-01
9.303000000000007930e+00,5.000000000000000000e-01
9.304000000000007375e+00,5.000000000000000000e-01
9.305000000000008598e+00,5.000000000000000000e-01
9.306000000000008043e+00,5.000000000000000000e-01
9.307000000000007489e+00,5.000000000000000000e-01
9.308000000000008711e+00,5.000000000000000000e-01
9.309000000000008157e+00,5.000000000000000000e-01
9.310000000000007603e+00,5.000000000000000000e-01
9.311000000000008825e+00,5.000000000000000000e-01
9.312000000000008271e+00,5.000000000000000000e-01
9.313000000000007716e+00,5.000000000000000000e-01
9.314000000000008939e+00,5.000000000000000000e-01
9.315000000000008384e+00,5.000000000000000000e-01
9.316000000000007830e+00,5.000000000000000000e-01
9.317000000000009052e+00,5.000000000000000000e-01
9.318000000000008498e+00,5.000000000000000000e-01
9.319000000000007944e+00,5.000000000000000000e-01
9.320000000000007390e+00,5.000000000000000000e-01
9.321000000000008612e+00,5.000000000000000000e-01
9.322000000000008058e+00,5.000000000000000000e-01
9.323000000000007503e+00,5.000000000000000000e-01
9.324000000000008725e+00,5.000000000000000000e-01
9.325000000000008171e+00,5.000000000000000000e-01
9.326000000000007617e+00,5.000000000000000000e-01
9.327000000000008839e+00,5.000000000000000000e-01
9.328000000000008285e+00,5.000000000000000000e-01
9.329000000000007731e+00,5.000000000000000000e-01
9.330000000000008953e+00,5.000000000000000000e-01
9.331000000000008399e+00,5.000000000000000000e-01
9.332000000000007844e+00,5.000000000000000000e-01
9.333000000000007290e+00,5.000000000000000000e-01
9.334000000000008512e+00,5.000000000000000000e-01
9.335000000000007958e+00,5.000000000000000000e-01
9.336000000000007404e+00,5.000000000000000000e-01
9.337000000000008626e+00,5.000000000000000000e-01
9.338000000000008072e+00,5.000000000000000000e-01
9.339000000000007518e+00,5.000000000000000000e-01
9.340000000000008740e+00,5.000000000000000000e-01
9.341000000000008185e+00,5.000000000000000000e-01
9.342000000000007631e+00,5.000000000000000000e-01
9.343000000000008853e+00,5.000000000000000000e-01
9.344000000000008299e+00,5.000000000000000000e-01
9.345000000000007745e+00,5.000000000000000000e-01
9.346000000000008967e+00,5.000000000000000000e-01
9.347000000000008413e+00,5.000000000000000000e-01
9.348000000000007859e+00,5.000000000000000000e-01
9.349000000000009081e+00,5.000000000000000000e-01
9.350000000000008527e+00,5.000000000000000000e-01
9.351000000000007972e+00,5.000000000000000000e-01
9.352000000000007418e+00,5.000000000000000000e-01
9.353000000000008640e+00,5.000000000000000000e-01
9.354000000000008086e+00,5.000000000000000000e-01
9.355000000000007532e+00,5.000000000000000000e-01
9.356000000000008754e+00,5.000000000000000000e-01
9.357000000000008200e+00,5.000000000000000000e-01
9.358000000000007645e+00,5.000000000000000000e-01
9.359000000000008868e+00,5.000000000000000000e-01
9.360000000000008313e+00,5.000000000000000000e-01
9.361000000000007759e+00,5.000000000000000000e-01
9.362000000000008981e+00,5.000000000000000000e-01
9.363000000000008427e+00,5.000000000000000000e-01
9.364000000000007873e+00,5.000000000000000000e-01
9.365000000000007319e+00,5.000000000000000000e-01
9.366000000000008541e+00,5.000000000000000000e-01
9.367000000000007987e+00,5.000000000000000000e-01
9.368000000000007432e+00,5.000000000000000000e-01
9.369000000000008654e+00,5.000000000000000000e-01
9.370000000000008100e+00,5.000000000000000000e-01
9.371000000000007546e+00,5.000000000000000000e-01
9.372000000000008768e+00,5.000000000000000000e-01
9.373000000000008214e+00,5.000000000000000000e-01
9.374000000000007660e+00,5.000000000000000000e-01
9.375000000000008882e+00,5.000000000000000000e-01
9.376000000000008328e+00,5.000000000000000000e-01
9.377000000000007773e+00,5.000000000000000000e-01
9.378000000000008995e+00,5.000000000000000000e-01
9.379000000000008441e+00,5.000000000000000000e-01
9.380000000000007887e+00,5.000000000000000000e-01
9.381000000000009109e+00,5.000000000000000000e-01
9.382000000000008555e+00,5.000000000000000000e-01
9.383000000000008001e+00,5.000000000000000000e-01
9.384000000000007446e+00,5.000000000000000000e-01
9.385000000000008669e+00,5.000000000000000000e-01
9.386000000000008114e+00,5.000000000000000000e-01
9.387000000000007560e+00,5.000000000000000000e-01
9.388000000000008782e+00,5.000000000000000000e-01
9.389000000000008228e+00,5.000000000000000000e-01
9.390000000000007674e+00,5.000000000000000000e-01
9.391000000000008896e+00,5.000000000000000000e-01
9.392000000000008342e+00,5.000000000000000000e-01
9.393000000000007788e+00,5.000000000000000000e-01
9.394000000000009010e+00,5.000000000000000000e-01
9.395000000000008455e+00,5.000000000000000000e-01
9.396000000000007901e+00,5.000000000000000000e-01
9.397000000000007347e+00,5.000000000000000000e-01
9.398000000000008569e+00,5.000000000000000000e-01
9.399000000000008015e+00,5.000000000000000000e-01
9.400000000000007461e+00,5.000000000000000000e-01
9.401000000000008683e+00,5.000000000000000000e-01
9.402000000000008129e+00,5.000000000000000000e-01
9.403000000000007574e+00,5.000000000000000000e-01
9.404000000000008797e+00,5.000000000000000000e-01
9.405000000000008242e+00,5.000000000000000000e-01
9.406000000000007688e+00,5.000000000000000000e-01
9.407000000000008910e+00,5.000000000000000000e-01
9.408000000000008356e+00,5.000000000000000000e-01
9.409000000000007802e+00,5.000000000000000000e-01
9.410000000000009024e+00,5.000000000000000000e-01
9.411000000000008470e+00,5.000000000000000000e-01
9.412000000000007915e+00,5.000000000000000000e-01
9.413000000000009138e+00,5.000000000000000000e-01
9.414000000000008583e+00,5.000000000000000000e-01
9.415000000000008029e+00,5.000000000000000000e-01
9.416000000000007475e+00,5.000000000000000000e-01
9.417000000000008697e+00,5.000000000000000000e-01
9.418000000000008143e+00,5.000000000000000000e-01
9.419000000000007589e+00,5.000000000000000000e-01
9.420000000000008811e+00,5.000000000000000000e-01
9.421000000000008257e+00,5.000000000000000000e-01
9.422000000000007702e+00,5.000000000000000000e-01
9.423000000000008924e+00,5.000000000000000000e-01
9.424000000000008370e+00,5.000000000000000000e-01
9.425000000000007816e+00,5.000000000000000000e-01
9.426000000000009038e+00,5.000000000000000000e-01
9.427000000000008484e+00,5.000000000000000000e-01
9.428000000000007930e+00,5.000000000000000000e-01
9.429000000000007375e+00,5.000000000000000000e-01
9.430000000000008598e+00,5.000000000000000000e-01
9.431000000000008043e+00,5.000000000000000000e-01
9.432000000000007489e+00,5.000000000000000000e-01
9.433000000000008711e+00,5.000000000000000000e-01
9.434000000000008157e+00,5.000000000000000000e-01
9.435000000000007603e+00,5.000000000000000000e-01
9.436000000000008825e+00,5.000000000000000000e-01
9.437000000000008271e+00,5.000000000000000000e-01
9.438000000000007716e+00,5.000000000000000000e-01
9.439000000000008939e+00,5.000000000000000000e-01
9.440000000000008384e+00,5.000000000000000000e-01
9.441000000000007830e+00,5.000000000000000000e-01
9.442000000000009052e+00,5.000000000000000000e-01
9.443000000000008498e+00,5.000000000000000000e-01
9.444000000000007944e+00,5.000000000000000000e-01
9.445000000000009166e+00,5.000000000000000000e-01
9.446000000000008612e+00,5.000000000000000000e-01
9.447000000000008058e+00,5.000000000000000000e-01
9.448000000000007503e+00,5.000000000000000000e-01
9.449000000000008725e+00,5.000000000000000000e-01
9.450000000000008171e+00,5.000000000000000000e-01
9.451000000000007617e+00,5.000000000000000000e-01
9.452000000000008839e+00,5.000000000000000000e-01
9.453000000000008285e+00,5.000000000000000000e-01
9.454000000000007731e+00,5.000000000000000000e-01
9.455000000000008953e+00,5.000000000000000000e-01
9.456000000000008399e+00,5.000000000000000000e-01
9.457000000000007844e+00,5.000000000000000000e-01
9.458000000000009067e+00,5.000000000000000000e-01
9.459000000000008512e+00,5.000000000000000000e-01
9.460000000000007958e+00,5.000000000000000000e-01
9.461000000000007404e+00,5.000000000000000000e-01
9.462000000000008626e+00,5.000000000000000000e-01
9.463000000000008072e+00,5.000000000000000000e-01
9.464000000000007518e+00,5.000000000000000000e-01
9.465000000000008740e+00,5.000000000000000000e-01
9.466000000000008185e+00,5.000000000000000000e-01
9.467000000000007631e+00,5.000000000000000000e-01
9.468000000000008853e+00,5.000000000000000000e-01
9.469000000000008299e+00,5.000000000000000000e-01
9.470000000000007745e+00,5.000000000000000000e-01
9.471000000000008967e+00,5.000000000000000000e-01
9.472000000000008413e+00,5.000000000000000000e-01
9.473000000000007859e+00,5.000000000000000000e-01
9.474000000000009081e+00,5.000000000000000000e-01
9.475000000000008527e+00,5.000000000000000000e-01
9.476000000000007972e+00,5.000000000000000000e-01
9.477000000000009194e+00,5.000000000000000000e-01
9.478000000000008640e+00,5.000000000000000000e-01
9.479000000000008086e+00,5.000000000000000000e-01
9.480000000000007532e+00,5.000000000000000000e-01
9.481000000000008754e+00,5.000000000000000000e-01
9.482000000000008200e+00,5.000000000000000000e-01
9.483000000000007645e+00,5.000000000000000000e-01
9.484000000000008868e+00,5.000000000000000000e-01
9.485000000000008313e+00,5.000000000000000000e-01
9.486000000000007759e+00,5.000000000000000000e-01
9.487000000000008981e+00,5.000000000000000000e-01
9.488000000000008427e+00,5.000000000000000000e-01
9.489000000000007873e+00,5.000000000000000000e-01
9.490000000000009095e+00,5.000000000000000000e-01
9.491000000000008541e+00,5.000000000000000000e-01
9.492000000000007987e+00,5.000000000000000000e-01
9.493000000000007432e+00,5.000000000000000000e-01
9.494000000000008654e+00,5.000000000000000000e-01
9.495000000000008100e+00,5.000000000000000000e-01
9.496000000000007546e+00,5.000000000000000000e-01
9.497000000000008768e+00,5.000000000000000000e-01
9.498000000000008214e+00,5.000000000000000000e-01
9.499000000000007660e+00,5.000000000000000000e-01
9.500000000000008882e+00,5.000000000000000000e-01
9.501000000000008328e+00,5.000000000000000000e-01
9.502000000000007773e+00,5.000000000000000000e-01
9.503000000000008995e+00,5.000000000000000000e-01
9.504000000000008441e+00,5.000000000000000000e-01
9.505000000000007887e+00,5.000000000000000000e-01
9.506000000000009109e+00,5.000000000000000000e-01
9.507000000000008555e+00,5.000000000000000000e-01
9.508000000000008001e+00,5.000000000000000000e-01
9.509000000000009223e+00,5.000000000000000000e-01
9.510000000000008669e+00,5.000000000000000000e-01
9.511000000000008114e+00,5.000000000000000000e-01
9.512000000000007560e+00,5.000000000000000000e-01
9.513000000000008782e+00,5.000000000000000000e-01
9.514000000000008228e+00,5.000000000000000000e-01
9.515000000000007674e+00,5.000000000000000000e-01
9.516000000000008896e+00,5.000000000000000000e-01
9.517000000000008342e+00,5.000000000000000000e-01
9.518000000000007788e+00,5.000000000000000000e-01
9.519000000000009010e+00,5.000000000000000000e-01
9.520000000000008455e+00,5.000000000000000000e-01
9.521000000000007901e+00,5.000000000000000000e-01
9.522000000000009123e+00,5.000000000000000000e-01
9.523000000000008569e+00,5.000000000000000000e-01
9.524000000000008015e+00,5.000000000000000000e-01
9.525000000000007461e+00,5.000000000000000000e-01
9.526000000000008683e+00,5.000000000000000000e-01
9.527000000000008129e+00,5.000000000000000000e-01
9.528000000000007574e+00,5.000000000000000000e-01
9.529000000000008797e+00,5.000000000000000000e-01
9.530000000000008242e+00,5.000000000000000000e-01
9.531000000000007688e+00,5.000000000000000000e-01
9.532000000000008910e+00,5.000000000000000000e-01
9.533000000000008356e+00,5.000000000000000000e-01
9.534000000000007802e+00,5.000000000000000000e-01
9.535000000000009024e+00,5.000000000000000000e-01
9.536000000000008470e+00,5.000000000000000000e-01
9.537000000000007915e+00,5.000000000000000000e-01
9.538000000000009138e+00,5.000000000000000000e-01
9.539000000000008583e+00,5.000000000000000000e-01
9.540000000000008029e+00,5.000000000000000000e-01
9.541000000000009251e+00,5.000000000000000000e-01
9.542000000000008697e+00,5.000000000000000000e-01
9.543000000000008143e+00,5.000000000000000000e-01
9.544000000000007589e+00,5.000000000000000000e-01
9.545000000000008811e+00,5.000000000000000000e-01
9.546000000000008257e+00,5.000000000000000000e-01
9.547000000000007702e+00,5.000000000000000000e-01
9.548000000000008924e+00,5.000000000000000000e-01
9.549000000000008370e+00,5.000000000000000000e-01
9.550000000000007816e+00,5.000000000000000000e-01
9.551000000000009038e+00,5.000000000000000000e-01
9.552000000000008484e+00,5.000000000000000000e-01
9.553000000000007930e+00,5.000000000000000000e-01
9.554000000000009152e+00,5.000000000000000000e-01
9.555000000000008598e+00,5.000000000000000000e-01
9.556000000000008043e+00,5.000000000000000000e-01
9.557000000000007489e+00,5.000000000000000000e-01
9.558000000000008711e+00,5.000000000000000000e-01
9.559000000000008157e+00,5.000000000000000000e-01
9.560000000000007603e+00,5.000000000000000000e-01
9.561000000000008825e+00,5.000000000000000000e-01
9.562000000000008271e+00,5.000000000000000000e-01
9.563000000000007716e+00,5.000000000000000000e-01
9.564000000000008939e+00,5.000000000000000000e-01
9.565000000000008384e+00,5.000000000000000000e-01
9.566000000000007830e+00,5.000000000000000000e-01
9.567000000000009052e+00,5.000000000000000000e-01
9.568000000000008498e+00,5.000000000000000000e-01
9.569000000000007944e+00,5.000000000000000000e-01
9.570000000000009166e+00,5.000000000000000000e-01
9.571000000000008612e+00,5.000000000000000000e-01
9.572000000000008058e+00,5.000000000000000000e-01
9.573000000000009280e+00,5.000000000000000000e-01
9.574000000000008725e+00,5.000000000000000000e-01
9.575000000000008171e+00,5.000000000000000000e-01
9.576000000000007617e+00,5.000000000000000000e-01
9.577000000000008839e+00,5.000000000000000000e-01
9.578000000000008285e+00,5.000000000000000000e-01
9.579000000000007731e+00,5.000000000000000000e-01
9.580000000000008953e+00,5.000000000000000000e-01
9.581000000000008399e+00,5.000000000000000000e-01
9.582000000000007844e+00,5.000000000000000000e-01
9.583000000000009067e+00,5.000000000000000000e-01
9.584000000000008512e+00,5.000000000000000000e-01
9.585000000000007958e+00,5.000000000000000000e-01
9.586000000000009180e+00,5.000000000000000000e-01
9.587000000000008626e+00,5.000000000000000000e-01
9.588000000000008072e+00,5.000000000000000000e-01
9.589000000000007518e+00,5.000000000000000000e-01
9.590000000000008740e+00,5.000000000000000000e-01
9.591000000000008185e+00,5.000000000000000000e-01
9.592000000000007631e+00,5.000000000000000000e-01
9.593000000000008853e+00,5.000000000000000000e-01
9.594000000000008299e+00,5.000000000000000000e-01
9.595000000000007745e+00,5.000000000000000000e-01
9.596000000000008967e+00,5.000000000000000000e-01
9.597000000000008413e+00,5.000000000000000000e-01
9.598000000000007859e+00,5.000000000000000000e-01
9.599000000000009081e+00,5.000000000000000000e-01
9.600000000000008527e+00,5.000000000000000000e-01
9.601000000000007972e+00,5.000000000000000000e-01
9.602000000000009194e+00,5.000000000000000000e-01
9.603000000000008640e+00,5.000000000000000000e-01
9.604000000000008086e+00,5.000000000000000000e-01
9.605000000000009308e+00,5.000000000000000000e-01
9.606000000000008754e+00,5.000000000000000000e-01
9.607000000000008200e+00,5.000000000000000000e-01
9.608000000000007645e+00,5.000000000000000000e-01
9.609000000000008868e+00,5.000000000000000000e-01
9.610000000000008313e+00,5.000000000000000000e-01
9.611000000000007759e+00,5.000000000000000000e-01
9.612000000000008981e+00,5.000000000000000000e-01
9.613000000000008427e+00,5.000000000000000000e-01
9.614000000000007873e+00,5.000000000000000000e-01
9.615000000000009095e+00,5.000000000000000000e-01
9.616000000000008541e+00,5.000000000000000000e-01
9.617000000000007987e+00,5.000000000000000000e-01
9.618000000000009209e+00,5.000000000000000000e-01
9.619000000000008654e+00,5.000000000000000000e-01
9.620000000000008100e+00,5.000000000000000000e-01
9.621000000000007546e+00,5.000000000000000000e-01
9.622000000000008768e+00,5.000000000000000000e-01
9.623000000000008214e+00,5.000000000000000000e-01
9.624000000000007660e+00,5.000000000000000000e-01
9.625000000000008882e+00,5.000000000000000000e-01
9.626000000000008328e+00,5.000000000000000000e-01
9.627000000000007773e+00,5.000000000000000000e-01
9.628000000000008995e+00,5.000000000000000000e-01
9.629000000000008441e+00,5.000000000000000000e-01
9.630000000000007887e+00,5.000000000000000000e-01
9.631000000000009109e+00,5.000000000000000000e-01
9.632000000000008555e+00,5.000000000000000000e-01
9.633000000000008001e+00,5.000000000000000000e-01
9.634000000000009223e+00,5.000000000000000000e-01
9.635000000000008669e+00,5.000000000000000000e-01
9.636000000000008114e+00,5.000000000000000000e-01
9.637000000000009337e+00,5.000000000000000000e-01
9.638000000000008782e+00,5.000000000000000000e-01
9.639000000000008228e+00,5.000000000000000000e-01
9.640000000000007674e+00,5.000000000000000000e-01
9.641000000000008896e+00,5.000000000000000000e-01
9.642000000000008342e+00,5.000000000000000000e-01
9.643000000000007788e+00,5.000000000000000000e-01
9.644000000000009010e+00,5.000000000000000000e-01
9.645000000000008455e+00,5.000000000000000000e-01
9.646000000000007901e+00,5.000000000000000000e-01
9.647000000000009123e+00,5.000000000000000000e-01
9.648000000000008569e+00,5.000000000000000000e-01
9.649000000000008015e+00,5.000000000000000000e-01
9.650000000000009237e+00,5.000000000000000000e-01
9.651000000000008683e+00,5.000000000000000000e-01
9.652000000000008129e+00,5.000000000000000000e-01
9.653000000000007574e+00,5.000000000000000000e-01
9.654000000000008797e+00,5.000000000000000000e-01
9.655000000000008242e+00,5.000000000000000000e-01
9.656000000000007688e+00,5.000000000000000000e-01
9.657000000000008910e+00,5.000000000000000000e-01
9.658000000000008356e+00,5.000000000000000000e-01
9.659000000000007802e+00,5.000000000000000000e-01
9.660000000000009024e+00,5.000000000000000000e-01
9.661000000000008470e+00,5.000000000000000000e-01
9.662000000000007915e+00,5.000000000000000000e-01
9.663000000000009138e+00,5.000000000000000000e-01
9.664000000000008583e+00,5.000000000000000000e-01
9.665000000000008029e+00,5.000000000000000000e-01
9.666000000000009251e+00,5.000000000000000000e-01
9.667000000000008697e+00,5.000000000000000000e-01
9.668000000000008143e+00,5.000000000000000000e-01
9.669000000000009365e+00,5.000000000000000000e-01
9.670000000000008811e+00,5.000000000000000000e-01
9.671000000000008257e+00,5.000000000000000000e-01
9.672000000000007702e+00,5.000000000000000000e-01
9.673000000000008924e+00,5.000000000000000000e-01
9.674000000000008370e+00,5.000000000000000000e-01
9.675000000000007816e+00,5.000000000000000000e-01
9.676000000000009038e+00,5.000000000000000000e-01
9.677000000000008484e+00,5.000000000000000000e-01
9.678000000000007930e+00,5.000000000000000000e-01
9.679000000000009152e+00,5.000000000000000000e-01
9.680000000000008598e+00,5.000000000000000000e-01
9.681000000000008043e+00,5.000000000000000000e-01
9.682000000000009265e+00,5.000000000000000000e-01
9.683000000000008711e+00,5.000000000000000000e-01
9.684000000000008157e+00,5.000000000000000000e-01
9.685000000000007603e+00,5.000000000000000000e-01
9.686000000000008825e+00,5.000000000000000000e-01
9.687000000000008271e+00,5.000000000000000000e-01
9.688000000000007716e+00,5.000000000000000000e-01
9.689000000000008939e+00,5.000000000000000000e-01
9.690000000000008384e+00,5.000000000000000000e-01
9.691000000000007830e+00,5.000000000000000000e-01
9.692000000000009052e+00,5.000000000000000000e-01
9.693000000000008498e+00,5.000000000000000000e-01
9.694000000000007944e+00,5.000000000000000000e-01
9.695000000000009166e+00,5.000000000000000000e-01
9.696000000000008612e+00,5.000000000000000000e-01
9.697000000000008058e+00,5.000000000000000000e-01
9.698000000000009280e+00,5.000000000000000000e-01
9.699000000000008725e+00,5.000000000000000000e-01
9.700000000000008171e+00,5.000000000000000000e-01
9.701000000000009393e+00,5.000000000000000000e-01
9.702000000000008839e+00,5.000000000000000000e-01
9.703000000000008285e+00,5.000000000000000000e-01
9.704000000000007731e+00,5.000000000000000000e-01
9.705000000000008953e+00,5.000000000000000000e-01
9.706000000000008399e+00,5.000000000000000000e-01
9.707000000000007844e+00,5.000000000000000000e-01
9.708000000000009067e+00,5.000000000000000000e-01
9.709000000000008512e+00,5.000000000000000000e-01
9.710000000000007958e+00,5.000000000000000000e-01
9.711000000000009180e+00,5.000000000000000000e-01
9.712000000000008626e+00,5.000000000000000000e-01
9.713000000000008072e+00,5.000000000000000000e-01
9.714000000000009294e+00,5.000000000000000000e-01
9.715000000000008740e+00,5.000000000000000000e-01
9.716000000000008185e+00,5.000000000000000000e-01
9.717000000000007631e+00,5.000000000000000000e-01
9.718000000000008853e+00,5.000000000000000000e-01
9.719000000000008299e+00,5.000000000000000000e-01
9.720000000000007745e+00,5.000000000000000000e-01
9.721000000000008967e+00,5.000000000000000000e-01
9.722000000000008413e+00,5.000000000000000000e-01
9.723000000000007859e+00,5.000000000000000000e-01
9.724000000000009081e+00,5.000000000000000000e-01
9.725000000000008527e+00,5.000000000000000000e-01
9.726000000000007972e+00,5.000000000000000000e-01
9.727000000000009194e+00,5.000000000000000000e-01
9.728000000000008640e+00,5.000000000000000000e-01
9.729000000000008086e+00,5.000000000000000000e-01
9.730000000000009308e+00,5.000000000000000000e-01
9.731000000000008754e+00,5.000000000000000000e-01
9.732000000000008200e+00,5.000000000000000000e-01
9.733000000000009422e+00,5.000000000000000000e-01
9.734000000000008868e+00,5.000000000000000000e-01
9.735000000000008313e+00,5.000000000000000000e-01
9.736000000000007759e+00,5.000000000000000000e-01
9.737000000000008981e+00,5.000000000000000000e-01
9.738000000000008427e+00,5.000000000000000000e-01
9.739000000000007873e+00,5.000000000000000000e-01
9.740000000000009095e+00,5.000000000000000000e-01
9.741000000000008541e+00,5.000000000000000000e-01
9.742000000000007987e+00,5.000000000000000000e-01
9.743000000000009209e+00,5.000000000000000000e-01
9.744000000000008654e+00,5.000000000000000000e-01
9.745000000000008100e+00,5.000000000000000000e-01
9.746000000000009322e+00,5.000000000000000000e-01
9.747000000000008768e+00,5.000000000000000000e-01
9.748000000000008214e+00,5.000000000000000000e-01
9.749000000000007660e+00,5.000000000000000000e-01
9.750000000000008882e+00,5.000000000000000000e-01
9.751000000000008328e+00,5.000000000000000000e-01
9.752000000000007773e+00,5.000000000000000000e-01
9.753000000000008995e+00,5.000000000000000000e-01
9.754000000000008441e+00,5.000000000000000000e-01
9.755000000000007887e+00,5.000000000000000000e-01
9.756000000000009109e+00,5.000000000000000000e-01
9.757000000000008555e+00,5.000000000000000000e-01
9.758000000000008001e+00,5.000000000000000000e-01
9.759000000000009223e+00,5.000000000000000000e-01
9.760000000000008669e+00,5.000000000000000000e-01
9.761000000000008114e+00,5.000000000000000000e-01
9.762000000000009337e+00,5.000000000000000000e-01
9.763000000000008782e+00,5.000000000000000000e-01
9.764000000000008228e+00,5.000000000000000000e-01
9.765000000000009450e+00,5.000000000000000000e-01
9.766000000000008896e+00,5.000000000000000000e-01
9.767000000000008342e+00,5.000000000000000000e-01
9.768000000000007788e+00,5.000000000000000000e-01
9.769000000000009010e+00,5.000000000000000000e-01
9.770000000000008455e+00,5.000000000000000000e-01
9.771000000000007901e+00,5.000000000000000000e-01
9.772000000000009123e+00,5.000000000000000000e-01
9.773000000000008569e+00,5.000000000000000000e-01
9.774000000000008015e+00,5.000000000000000000e-01
9.775000000000009237e+00,5.000000000000000000e-01
9.776000000000008683e+00,5.000000000000000000e-01
9.777000000000008129e+00,5.000000000000000000e-01
9.778000000000009351e+00,5.000000000000000000e-01
9.779000000000008797e+00,5.000000000000000000e-01
9.780000000000008242e+00,5.000000000000000000e-01
9.781000000000007688e+00,5.000000000000000000e-01
9.782000000000008910e+00,5.000000000000000000e-01
9.783000000000008356e+00,5.000000000000000000e-01
9.784000000000007802e+00,5.000000000000000000e-01
9.785000000000009024e+00,5.000000000000000000e-01
9.786000000000008470e+00,5.000000000000000000e-01
9.787000000000007915e+00,5.000000000000000000e-01
9.788000000000009138e+00,5.000000000000000000e-01
9.789000000000008583e+00,5.000000000000000000e-01
9.790000000000008029e+00,5.000000000000000000e-01
9.791000000000009251e+00,5.000000000000000000e-01
9.792000000000008697e+00,5.000000000000000000e-01
9.793000000000008143e+00,5.000000000000000000e-01
9.794000000000009365e+00,5.000000000000000000e-01
9.795000000000008811e+00,5.000000000000000000e-01
9.796000000000008257e+00,5.000000000000000000e-01
9.797000000000009479e+00,5.000000000000000000e-01
9.798000000000008924e+00,5.000000000000000000e-01
9.799000000000008370e+00,5.000000000000000000e-01
9.800000000000007816e+00,5.000000000000000000e-01
9.801000000000009038e+00,5.000000000000000000e-01
9.802000000000008484e+00,5.000000000000000000e-01
9.803000000000007930e+00,5.000000000000000000e-01
9.804000000000009152e+00,5.000000000000000000e-01
9.805000000000008598e+00,5.000000000000000000e-01
9.806000000000008043e+00,5.000000000000000000e-01
9.807000000000009265e+00,5.000000000000000000e-01
9.808000000000008711e+00,5.000000000000000000e-01
9.809000000000008157e+00,5.000000000000000000e-01
9.810000000000009379e+00,5.000000000000000000e-01
9.811000000000008825e+00,5.000000000000000000e-01
9.812000000000008271e+00,5.000000000000000000e-01
9.813000000000007716e+00,5.000000000000000000e-01
9.814000000000008939e+00,5.000000000000000000e-01
9.815000000000008384e+00,5.000000000000000000e-01
9.816000000000007830e+00,5.000000000000000000e-01
9.817000000000009052e+00,5.000000000000000000e-01
9.818000000000008498e+00,5.000000000000000000e-01
9.819000000000007944e+00,5.000000000000000000e-01
9.820000000000009166e+00,5.000000000000000000e-01
9.821000000000008612e+00,5.000000000000000000e-01
9.822000000000008058e+00,5.000000000000000000e-01
9.823000000000009280e+00,5.000000000000000000e-01
9.824000000000008725e+00,5.000000000000000000e-01
9.825000000000008171e+00,5.000000000000000000e-01
9.826000000000009393e+00,5.000000000000000000e-01
9.827000000000008839e+00,5.000000000000000000e-01
9.828000000000008285e+00,5.000000000000000000e-01
9.829000000000009507e+00,5.000000000000000000e-01
9.830000000000008953e+00,5.000000000000000000e-01
9.831000000000008399e+00,5.000000000000000000e-01
9.832000000000007844e+00,5.000000000000000000e-01
9.833000000000009067e+00,5.000000000000000000e-01
9.834000000000008512e+00,5.000000000000000000e-01
9.835000000000007958e+00,5.000000000000000000e-01
9.836000000000009180e+00,5.000000000000000000e-01
9.837000000000008626e+00,5.000000000000000000e-01
9.838000000000008072e+00,5.000000000000000000e-01
9.839000000000009294e+00,5.000000000000000000e-01
9.840000000000008740e+00,5.000000000000000000e-01
9.841000000000008185e+00,5.000000000000000000e-01
9.842000000000009408e+00,5.000000000000000000e-01
9.843000000000008853e+00,5.000000000000000000e-01
9.844000000000008299e+00,5.000000000000000000e-01
9.845000000000007745e+00,5.000000000000000000e-01
9.846000000000008967e+00,5.000000000000000000e-01
9.847000000000008413e+00,5.000000000000000000e-01
9.848000000000007859e+00,5.000000000000000000e-01
9.849000000000009081e+00,5.000000000000000000e-01
9.850000000000008527e+00,5.000000000000000000e-01
9.851000000000007972e+00,5.000000000000000000e-01
9.852000000000009194e+00,5.000000000000000000e-01
9.853000000000008640e+00,5.000000000000000000e-01
9.854000000000008086e+00,5.000000000000000000e-01
9.855000000000009308e+00,5.000000000000000000e-01
9.856000000000008754e+00,5.000000000000000000e-01
9.857000000000008200e+00,5.000000000000000000e-01
9.858000000000009422e+00,5.000000000000000000e-01
9.859000000000008868e+00,5.000000000000000000e-01
9.860000000000008313e+00,5.000000000000000000e-01
9.861000000000009535e+00,5.000000000000000000e-01
9.862000000000008981e+00,5.000000000000000000e-01
9.863000000000008427e+00,5.000000000000000000e-01
9.864000000000007873e+00,5.000000000000000000e-01
9.865000000000009095e+00,5.000000000000000000e-01
9.866000000000008541e+00,5.000000000000000000e-01
9.867000000000007987e+00,5.000000000000000000e-01
9.868000000000009209e+00,5.000000000000000000e-01
9.869000000000008654e+00,5.000000000000000000e-01
9.870000000000008100e+00,5.000000000000000000e-01
9.871000000000009322e+00,5.000000000000000000e-01
9.872000000000008768e+00,5.000000000000000000e-01
9.873000000000008214e+00,5.000000000000000000e-01
9.874000000000009436e+00,5.000000000000000000e-01
9.875000000000008882e+00,5.000000000000000000e-01
9.876000000000008328e+00,5.000000000000000000e-01
9.877000000000007773e+00,5.000000000000000000e-01
9.878000000000008995e+00,5.000000000000000000e-01
9.879000000000008441e+00,5.000000000000000000e-01
9.880000000000007887e+00,5.000000000000000000e-01
9.881000000000009109e+00,5.000000000000000000e-01
9.882000000000008555e+00,5.000000000000000000e-01
9.883000000000008001e+00,5.000000000000000000e-01
9.884000000000009223e+00,5.000000000000000000e-01
9.885000000000008669e+00,5.000000000000000000e-01
9.886000000000008114e+00,5.000000000000000000e-01
9.887000000000009337e+00,5.000000000000000000e-01
9.888000000000008782e+00,5.000000000000000000e-01
9.889000000000008228e+00,5.000000000000000000e-01
9.890000000000009450e+00,5.000000000000000000e-01
9.891000000000008896e+00,5.000000000000000000e-01
9.892000000000008342e+00,5.000000000000000000e-01
9.893000000000009564e+00,5.000000000000000000e-01
9.894000000000009010e+00,5.000000000000000000e-01
9.895000000000008455e+00,5.000000000000000000e-01
9.896000000000007901e+00,5.000000000000000000e-01
9.897000000000009123e+00,5.000000000000000000e-01
9.898000000000008569e+00,5.000000000000000000e-01
9.899000000000008015e+00,5.000000000000000000e-01
9.900000000000009237e+00,5.000000000000000000e-01
9.901000000000008683e+00,5.000000000000000000e-01
9.902000000000008129e+00,5.000000000000000000e-01
9.903000000000009351e+00,5.000000000000000000e-01
9.904000000000008797e+00,5.000000000000000000e-01
9.905000000000008242e+00,5.000000000000000000e-01
9.906000000000009464e+00,5.000000000000000000e-01
9.907000000000008910e+00,5.000000000000000000e-01
9.908000000000008356e+00,5.000000000000000000e-01
9.909000000000007802e+00,5.000000000000000000e-01
9.910000000000009024e+00,5.000000000000000000e-01
9.911000000000008470e+00,5.000000000000000000e-01
9.912000000000007915e+00,5.000000000000000000e-01
9.913000000000009138e+00,5.000000000000000000e-01
9.914000000000008583e+00,5.000000000000000000e-01
9.915000000000008029e+00,5.000000000000000000e-01
9.916000000000009251e+00,5.000000000000000000e-01
9.917000000000008697e+00,5.000000000000000000e-01
9.918000000000008143e+00,5.000000000000000000e-01
9.919000000000009365e+00,5.000000000000000000e-01
9.920000000000008811e+00,5.000000000000000000e-01
9.921000000000008257e+00,5.000000000000000000e-01
9.922000000000009479e+00,5.000000000000000000e-01
9.923000000000008924e+00,5.000000000000000000e-01
9.924000000000008370e+00,5.000000000000000000e-01
9.925000000000009592e+00,5.000000000000000000e-01
9.926000000000009038e+00,5.000000000000000000e-01
9.927000000000008484e+00,5.000000000000000000e-01
9.928000000000007930e+00,5.000000000000000000e-01
9.929000000000009152e+00,5.000000000000000000e-01
9.930000000000008598e+00,5.000000000000000000e-01
9.931000000000008043e+00,5.000000000000000000e-01
9.932000000000009265e+00,5.000000000000000000e-01
9.933000000000008711e+00,5.000000000000000000e-01
9.934000000000008157e+00,5.000000000000000000e-01
9.935000000000009379e+00,5.000000000000000000e-01
9.936000000000008825e+00,5.000000000000000000e-01
9.937000000000008271e+00,5.000000000000000000e-01
9.938000000000009493e+00,5.000000000000000000e-01
9.939000000000008939e+00,5.000000000000000000e-01
9.940000000000008384e+00,5.000000000000000000e-01
9.941000000000007830e+00,5.000000000000000000e-01
9.942000000000009052e+00,5.000000000000000000e-01
9.943000000000008498e+00,5.000000000000000000e-01
9.944000000000007944e+00,5.000000000000000000e-01
9.945000000000009166e+00,5.000000000000000000e-01
9.946000000000008612e+00,5.000000000000000000e-01
9.947000000000008058e+00,5.000000000000000000e-01
9.948000000000009280e+00,5.000000000000000000e-01
9.949000000000008725e+00,5.000000000000000000e-01
9.950000000000008171e+00,5.000000000000000000e-01
9.951000000000009393e+00,5.000000000000000000e-01
9.952000000000008839e+00,5.000000000000000000e-01
9.953000000000008285e+00,5.000000000000000000e-01
9.954000000000009507e+00,5.000000000000000000e-01
9.955000000000008953e+00,5.000000000000000000e-01
9.956000000000008399e+00,5.000000000000000000e-01
9.957000000000009621e+00,5.000000000000000000e-01
9.958000000000009067e+00,5.000000000000000000e-01
9.959000000000008512e+00,5.000000000000000000e-01
9.960000000000007958e+00,5.000000000000000000e-01
9.961000000000009180e+00,5.000000000000000000e-01
9.962000000000008626e+00,5.000000000000000000e-01
9.963000000000008072e+00,5.000000000000000000e-01
9.964000000000009294e+00,5.000000000000000000e-01
9.965000000000008740e+00,5.000000000000000000e-01
9.966000000000008185e+00,5.000000000000000000e-01
9.967000000000009408e+00,5.000000000000000000e-01
9.968000000000008853e+00,5.000000000000000000e-01
9.969000000000008299e+00,5.000000000000000000e-01
9.970000000000009521e+00,5.000000000000000000e-01
9.971000000000008967e+00,5.000000000000000000e-01
9.972000000000008413e+00,5.000000000000000000e-01
9.973000000000007859e+00,5.000000000000000000e-01
9.974000000000009081e+00,5.000000000000000000e-01
9.975000000000008527e+00,5.000000000000000000e-01
9.976000000000007972e+00,5.000000000000000000e-01
9.977000000000009194e+00,5.000000000000000000e-01
9.978000000000008640e+00,5.000000000000000000e-01
9.979000000000008086e+00,5.000000000000000000e-01
9.980000000000009308e+00,5.000000000000000000e-01
9.981000000000008754e+00,5.000000000000000000e-01
9.982000000000008200e+00,5.000000000000000000e-01
9.983000000000009422e+00,5.000000000000000000e-01
9.984000000000008868e+00,5.000000000000000000e-01
9.985000000000008313e+00,5.000000000000000000e-01
9.986000000000009535e+00,5.000000000000000000e-01
9.987000000000008981e+00,5.000000000000000000e-01
9.988000000000008427e+00,5.000000000000000000e-01
9.989000000000009649e+00,5.000000000000000000e-01
9.990000000000009095e+00,5.000000000000000000e-01
9.991000000000008541e+00,5.000000000000000000e-01
9.992000000000007987e+00,5.000000000000000000e-01
9.993000000000009209e+00,5.000000000000000000e-01
9.994000000000008654e+00,5.000000000000000000e-01
9.995000000000008100e+00,5.000000000000000000e-01
9.996000000000009322e+00,5.000000000000000000e-01
9.997000000000008768e+00,5.000000000000000000e-01
9.998000000000008214e+00,5.000000000000000000e-01
9.999000000000009436e+00,5.000000000000000000e-01
1.000000000000000888e+01,5.000000000000000000e-01
1.000100000000000833e+01,5.000000000000000000e-01
1.000200000000000955e+01,5.000000000000000000e-01
1.000300000000000900e+01,5.000000000000000000e-01
1.000400000000000844e+01,5.000000000000000000e-01
1.000500000000000789e+01,5.000000000000000000e-01
1.000600000000000911e+01,5.000000000000000000e-01
1.000700000000000855e+01,5.000000000000000000e-01
1.000800000000000800e+01,5.000000000000000000e-01
1.000900000000000922e+01,5.000000000000000000e-01
1.001000000000000867e+01,5.000000000000000000e-01
1.001100000000000811e+01,5.000000000000000000e-01
1.001200000000000934e+01,5.000000000000000000e-01
1.001300000000000878e+01,5.000000000000000000e-01
1.001400000000000823e+01,5.000000000000000000e-01
1.001500000000000945e+01,5.000000000000000000e-01
1.001600000000000890e+01,5.000000000000000000e-01
1.001700000000000834e+01,5.000000000000000000e-01
1.001800000000000956e+01,5.000000000000000000e-01
1.001900000000000901e+01,5.000000000000000000e-01
1.002000000000000846e+01,5.000000000000000000e-01
1.002100000000000968e+01,5.000000000000000000e-01
1.002200000000000912e+01,5.000000000000000000e-01
1.002300000000000857e+01,5.000000000000000000e-01
1.002400000000000801e+01,5.000000000000000000e-01
1.002500000000000924e+01,5.000000000000000000e-01
1.002600000000000868e+01,5.000000000000000000e-01
1.002700000000000813e+01,5.000000000000000000e-01
1.002800000000000935e+01,5.000000000000000000e-01
1.002900000000000880e+01,5.000000000000000000e-01
1.003000000000000824e+01,5.000000000000000000e-01
1.003100000000000946e+01,5.000000000000000000e-01
1.003200000000000891e+01,5.000000000000000000e-01
1.003300000000000836e+01,5.000000000000000000e-01
1.003400000000000958e+01,5.000000000000000000e-01
1.003500000000000902e+01,5.000000000000000000e-01
1.003600000000000847e+01,5.000000000000000000e-01
1.003700000000000792e+01,5.000000000000000000e-01
1.003800000000000914e+01,5.000000000000000000e-01
1.003900000000000858e+01,5.000000000000000000e-01
1.004000000000000803e+01,5.000000000000000000e-01
1.004100000000000925e+01,5.000000000000000000e-01
1.004200000000000870e+01,5.000000000000000000e-01
1.004300000000000814e+01,5.000000000000000000e-01
1.004400000000000936e+01,5.000000000000000000e-01
1.004500000000000881e+01,5.000000000000000000e-01
1.004600000000000826e+01,5.000000000000000000e-01
1.004700000000000948e+01,5.000000000000000000e-01
1.004800000000000892e+01,5.000000000000000000e-01
1.004900000000000837e+01,5.000000000000000000e-01
1.005000000000000959e+01,5.000000000000000000e-01
1.005100000000000904e+01,5.000000000000000000e-01
1.005200000000000848e+01,5.000000000000000000e-01
1.005300000000000971e+01,5.000000000000000000e-01
1.005400000000000915e+01,5.000000000000000000e-01
1.005500000000000860e+01,5.000000000000000000e-01
1.005600000000000804e+01,5.000000000000000000e-01
1.005700000000000927e+01,5.000000000000000000e-01
1.005800000000000871e+01,5.000000000000000000e-01
1.005900000000000816e+01,5.000000000000000000e-01
1.006000000000000938e+01,5.000000000000000000e-01
1.006100000000000882e+01,5.000000000000000000e-01
1.006200000000000827e+01,5.000000000000000000e-01
1.006300000000000949e+01,5.000000000000000000e-01
1.006400000000000894e+01,5.000000000000000000e-01
1.006500000000000838e+01,5.000000000000000000e-01
1.006600000000000961e+01,5.000000000000000000e-01
1.006700000000000905e+01,5.000000000000000000e-01
1.006800000000000850e+01,5.000000000000000000e-01
1.006900000000000794e+01,5.000000000000000000e-01
1.007000000000000917e+01,5.000000000000000000e-01
1.007100000000000861e+01,5.000000000000000000e-01
1.007200000000000806e+01,5.000000000000000000e-01
1.007300000000000928e+01,5.000000000000000000e-01
1.007400000000000873e+01,5.000000000000000000e-01
1.007500000000000817e+01,5.000000000000000000e-01
1.007600000000000939e+01,5.000000000000000000e-01
1.007700000000000884e+01,5.000000000000000000e-01
1.007800000000000828e+01,5.000000000000000000e-01
1.007900000000000951e+01,5.000000000000000000e-01
1.008000000000000895e+01,5.000000000000000000e-01
1.008100000000000840e+01,5.000000000000000000e-01
1.008200000000000962e+01,5.000000000000000000e-01
1.008300000000000907e+01,5.000000000000000000e-01
1.008400000000000851e+01,5.000000000000000000e-01
1.008500000000000973e+01,5.000000000000000000e-01
1.008600000000000918e+01,5.000000000000000000e-01
1.008700000000000863e+01,5.000000000000000000e-01
1.008800000000000807e+01,5.000000000000000000e-01
1.008900000000000929e+01,5.000000000000000000e-01
1.009000000000000874e+01,5.000000000000000000e-01
1.009100000000000819e+01,5.000000000000000000e-01
1.009200000000000941e+01,5.000000000000000000e-01
1.009300000000000885e+01,5.000000000000000000e-01
1.009400000000000830e+01,5.000000000000000000e-01
1.009500000000000952e+01,5.000000000000000000e-01
1.009600000000000897e+01,5.000000000000000000e-01
1.009700000000000841e+01,5.000000000000000000e-01
1.009800000000000963e+01,5.000000000000000000e-01
1.009900000000000908e+01,5.000000000000000000e-01
1.010000000000000853e+01,5.000000000000000000e-01
1.010100000000000797e+01,5.000000000000000000e-01
1.010200000000000919e+01,5.000000000000000000e-01
1.010300000000000864e+01,5.000000000000000000e-01
1.010400000000000809e+01,5.000000000000000000e-01
1.010500000000000931e+01,5.000000000000000000e-01
1.010600000000000875e+01,5.000000000000000000e-01
1.010700000000000820e+01,5.000000000000000000e-01
1.010800000000000942e+01,5.000000000000000000e-01
1.010900000000000887e+01,5.000000000000000000e-01
1.011000000000000831e+01,5.000000000000000000e-01
1.011100000000000954e+01,5.000000000000000000e-01
1.011200000000000898e+01,5.000000000000000000e-01
1.011300000000000843e+01,5.000000000000000000e-01
1.011400000000000965e+01,5.000000000000000000e-01
1.011500000000000909e+01,5.000000000000000000e-01
1.011600000000000854e+01,5.000000000000000000e-01
1.011700000000000976e+01,5.000000000000000000e-01
1.011800000000000921e+01,5.000000000000000000e-01
1.011900000000000865e+01,5.000000000000000000e-01
1.012000000000000810e+01,5.000000000000000000e-01
1.012100000000000932e+01,5.000000000000000000e-01
1.012200000000000877e+01,5.000000000000000000e-01
1.012300000000000821e+01,5.000000000000000000e-01
1.012400000000000944e+01,5.000000000000000000e-01
1.012500000000000888e+01,5.000000000000000000e-01
1.012600000000000833e+01,5.000000000000000000e-01
1.012700000000000955e+01,5.000000000000000000e-01
1.012800000000000900e+01,5.000000000000000000e-01
1.012900000000000844e+01,5.000000000000000000e-01
1.013000000000000966e+01,5.000000000000000000e-01
1.013100000000000911e+01,5.000000000000000000e-01
1.013200000000000855e+01,5.000000000000000000e-01
1.013300000000000800e+01,5.000000000000000000e-01
1.013400000000000922e+01,5.000000000000000000e-01
1.013500000000000867e+01,5.000000000000000000e-01
1.013600000000000811e+01,5.000000000000000000e-01
1.013700000000000934e+01,5.000000000000000000e-01
1.013800000000000878e+01,5.000000000000000000e-01
1.013900000000000823e+01,5.000000000000000000e-01
1.014000000000000945e+01,5.000000000000000000e-01
1.014100000000000890e+01,5.000000000000000000e-01
1.014200000000000834e+01,5.000000000000000000e-01
1.014300000000000956e+01,5.000000000000000000e-01
1.014400000000000901e+01,5.000000000000000000e-01
1.014500000000000846e+01,5.000000000000000000e-01
1.014600000000000968e+01,5.000000000000000000e-01
1.014700000000000912e+01,5.000000000000000000e-01
1.014800000000000857e+01,5.000000000000000000e-01
1.014900000000000979e+01,5.000000000000000000e-01
1.015000000000000924e+01,5.000000000000000000e-01
1.015100000000000868e+01,5.000000000000000000e-01
1.015200000000000813e+01,5.000000000000000000e-01
1.015300000000000935e+01,5.000000000000000000e-01
1.015400000000000880e+01,5.000000000000000000e-01
1.015500000000000824e+01,5.000000000000000000e-01
1.015600000000000946e+01,5.000000000000000000e-01
1.015700000000000891e+01,5.000000000000000000e-01
1.015800000000000836e+01,5.000000000000000000e-01
1.015900000000000958e+01,5.000000000000000000e-01
1.016000000000000902e+01,5.000000000000000000e-01
1.016100000000000847e+01,5.000000000000000000e-01
1.016200000000000969e+01,5.000000000000000000e-01
1.016300000000000914e+01,5.000000000000000000e-01
1.016400000000000858e+01,5.000000000000000000e-01
1.016500000000000803e+01,5.000000000000000000e-01
1.016600000000000925e+01,5.000000000000000000e-01
1.016700000000000870e+01,5.000000000000000000e-01
1.016800000000000814e+01,5.000000000000000000e-01
1.016900000000000936e+01,5.000000000000000000e-01
1.017000000000000881e+01,5.000000000000000000e-01
1.017100000000000826e+01,5.000000000000000000e-01
1.017200000000000948e+01,5.000000000000000000e-01
1.017300000000000892e+01,5.000000000000000000e-01
1.017400000000000837e+01,5.000000000000000000e-01
1.017500000000000959e+01,5.000000000000000000e-01
1.017600000000000904e+01,5.000000000000000000e-01
1.017700000000000848e+01,5.000000000000000000e-01
1.017800000000000971e+01,5.000000000000000000e-01
1.017900000000000915e+01,5.000000000000000000e-01
1.018000000000000860e+01,5.000000000000000000e-01
1.018100000000000982e+01,5.000000000000000000e-01
1.018200000000000927e+01,5.000000000000000000e-01
1.018300000000000871e+01,5.000000000000000000e-01
1.018400000000000816e+01,5.000000000000000000e-01
1.018500000000000938e+01,5.000000000000000000e-01
1.018600000000000882e+01,5.000000000000000000e-01
1.018700000000000827e+01,5.000000000000000000e-01
1.018800000000000949e+01,5.000000000000000000e-01
1.018900000000000894e+01,5.000000000000000000e-01
1.019000000000000838e+01,5.000000000000000000e-01
1.019100000000000961e+01,5.000000000000000000e-01
1.019200000000000905e+01,5.000000000000000000e-01
1.019300000000000850e+01,5.000000000000000000e-01
1.019400000000000972e+01,5.000000000000000000e-01
1.019500000000000917e+01,5.000000000000000000e-01
1.019600000000000861e+01,5.000000000000000000e-01
1.019700000000000806e+01,5.000000000000000000e-01
1.019800000000000928e+01,5.000000000000000000e-01
1.019900000000000873e+01,5.000000000000000000e-01
1.020000000000000817e+01,5.000000000000000000e-01
1.020100000000000939e+01,5.000000000000000000e-01
1.020200000000000884e+01,5.000000000000000000e-01
1.020300000000000828e+01,5.000000000000000000e-01
1.020400000000000951e+01,5.000000000000000000e-01
1.020500000000000895e+01,5.000000000000000000e-01
1.020600000000000840e+01,5.000000000000000000e-01
1.020700000000000962e+01,5.000000000000000000e-01
1.020800000000000907e+01,5.000000000000000000e-01
1.020900000000000851e+01,5.000000000000000000e-01
1.021000000000000973e+01,5.000000000000000000e-01
1.021100000000000918e+01,5.000000000000000000e-01
1.021200000000000863e+01,5.000000000000000000e-01
1.021300000000000985e+01,5.000000000000000000e-01
1.021400000000000929e+01,5.000000000000000000e-01
1.021500000000000874e+01,5.000000000000000000e-01
1.021600000000000819e+01,5.000000000000000000e-01
1.021700000000000941e+01,5.000000000000000000e-01
1.021800000000000885e+01,5.000000000000000000e-01
1.021900000000000830e+01,5.000000000000000000e-01
1.022000000000000952e+01,5.000000000000000000e-01
1.022100000000000897e+01,5.000000000000000000e-01
1.022200000000000841e+01,5.000000000000000000e-01
1.022300000000000963e+01,5.000000000000000000e-01
1.022400000000000908e+01,5.000000000000000000e-01
1.022500000000000853e+01,5.000000000000000000e-01
1.022600000000000975e+01,5.000000000000000000e-01
1.022700000000000919e+01,5.000000000000000000e-01
1.022800000000000864e+01,5.000000000000000000e-01
1.022900000000000809e+01,5.000000000000000000e-01
1.023000000000000931e+01,5.000000000000000000e-01
1.023100000000000875e+01,5.000000000000000000e-01
1.023200000000000820e+01,5.000000000000000000e-01
1.023300000000000942e+01,5.000000000000000000e-01
1.023400000000000887e+01,5.000000000000000000e-01
1.023500000000000831e+01,5.000000000000000000e-01
1.023600000000000954e+01,5.000000000000000000e-01
1.023700000000000898e+01,5.000000000000000000e-01
1.023800000000000843e+01,5.000000000000000000e-01
1.023900000000000965e+01,5.000000000000000000e-01
1.024000000000000909e+01,5.000000000000000000e-01
1.024100000000000854e+01,5.000000000000000000e-01
1.024200000000000976e+01,5.000000000000000000e-01
1.024300000000000921e+01,5.000000000000000000e-01
1.024400000000000865e+01,5.000000000000000000e-01
1.024500000000000988e+01,5.000000000000000000e-01
1.024600000000000932e+01,5.000000000000000000e-01
1.024700000000000877e+01,5.000000000000000000e-01
1.024800000000000821e+01,5.000000000000000000e-01
1.024900000000000944e+01,5.000000000000000000e-01
1.025000000000000888e+01,5.000000000000000000e-01
1.025100000000000833e+01,5.000000000000000000e-01
1.025200000000000955e+01,5.000000000000000000e-01
1.025300000000000900e+01,5.000000000000000000e-01
1.025400000000000844e+01,5.000000000000000000e-01
1.025500000000000966e+01,5.000000000000000000e-01
1.025600000000000911e+01,5.000000000000000000e-01
1.025700000000000855e+01,5.000000000000000000e-01
1.025800000000000978e+01,5.000000000000000000e-01
1.025900000000000922e+01,5.000000000000000000e-01
1.026000000000000867e+01,5.000000000000000000e-01
1.026100000000000811e+01,5.000000000000000000e-01
1.026200000000000934e+01,5.000000000000000000e-01
1.026300000000000878e+01,5.000000000000000000e-01
1.026400000000000823e+01,5.000000000000000000e-01
1.026500000000000945e+01,5.000000000000000000e-01
1.026600000000000890e+01,5.000000000000000000e-01
1.026700000000000834e+01,5.000000000000000000e-01
1.026800000000000956e+01,5.000000000000000000e-01
1.026900000000000901e+01,5.000000000000000000e-01
1.027000000000000846e+01,5.000000000000000000e-01
1.027100000000000968e+01,5.000000000000000000e-01
1.027200000000000912e+01,5.000000000000000000e-01
1.027300000000000857e+01,5.000000000000000000e-01
1.027400000000000979e+01,5.000000000000000000e-01
1.027500000000000924e+01,5.000000000000000000e-01
1.027600000000000868e+01,5.000000000000000000e-01
1.027700000000000990e+01,5.000000000000000000e-01
1.027800000000000935e+01,5.000000000000000000e-01
1.027900000000000880e+01,5.000000000000000000e-01
1.028000000000000824e+01,5.000000000000000000e-01
1.028100000000000946e+01,5.000000000000000000e-01
1.028200000000000891e+01,5.000000000000000000e-01
1.028300000000000836e+01,5.000000000000000000e-01
1.028400000000000958e+01,5.000000000000000000e-01
1.028500000000000902e+01,5.000000000000000000e-01
1.028600000000000847e+01,5.000000000000000000e-01
1.028700000000000969e+01,5.000000000000000000e-01
1.028800000000000914e+01,5.000000000000000000e-01
1.028900000000000858e+01,5.000000000000000000e-01
1.029000000000000981e+01,5.000000000000000000e-01
1.029100000000000925e+01,5.000000000000000000e-01
1.029200000000000870e+01,5.000000000000000000e-01
1.029300000000000814e+01,5.000000000000000000e-01
1.029400000000000936e+01,5.000000000000000000e-01
1.029500000000000881e+01,5.000000000000000000e-01
1.029600000000000826e+01,5.000000000000000000e-01
1.029700000000000948e+01,5.000000000000000000e-01
1.029800000000000892e+01,5.000000000000000000e-01
1.029900000000000837e+01,5.000000000000000000e-01
1.030000000000000959e+01,5.000000000000000000e-01
1.030100000000000904e+01,5.000000000000000000e-01
1.030200000000000848e+01,5.000000000000000000e-01
1.030300000000000971e+01,5.000000000000000000e-01
1.030400000000000915e+01,5.000000000000000000e-01
1.030500000000000860e+01,5.000000000000000000e-01
1.030600000000000982e+01,5.000000000000000000e-01
1.030700000000000927e+01,5.000000000000000000e-01
1.030800000000000871e+01,5.000000000000000000e-01
1.030900000000000993e+01,5.000000000000000000e-01
1.031000000000000938e+01,5.000000000000000000e-01
1.031100000000000882e+01,5.000000000000000000e-01
1.031200000000000827e+01,5.000000000000000000e-01
1.031300000000000949e+01,5.000000000000000000e-01
1.031400000000000894e+01,5.000000000000000000e-01
1.031500000000000838e+01,5.000000000000000000e-01
1.031600000000000961e+01,5.000000000000000000e-01
1.031700000000000905e+01,5.000000000000000000e-01
1.031800000000000850e+01,5.000000000000000000e-01
1.031900000000000972e+01,5.000000000000000000e-01
1.032000000000000917e+01,5.000000000000000000e-01
1.032100000000000861e+01,5.000000000000000000e-01
1.032200000000000983e+01,5.000000000000000000e-01
1.032300000000000928e+01,5.000000000000000000e-01
1.032400000000000873e+01,5.000000000000000000e-01
1.032500000000000817e+01,5.000000000000000000e-01
1.032600000000000939e+01,5.000000000000000000e-01
1.032700000000000884e+01,5.000000000000000000e-01
1.032800000000000828e+01,5.000000000000000000e-01
1.032900000000000951e+01,5.000000000000000000e-01
1.033000000000000895e+01,5.000000000000000000e-01
1.033100000000000840e+01,5.000000000000000000e-01
1.033200000000000962e+01,5.000000000000000000e-01
1.033300000000000907e+01,5.000000000000000000e-01
1.033400000000000851e+01,5.000000000000000000e-01
1.033500000000000973e+01,5.000000000000000000e-01
1.033600000000000918e+01,5.000000000000000000e-01
1.033700000000000863e+01,5.000000000000000000e-01
1.033800000000000985e+01,5.000000000000000000e-01
1.033900000000000929e+01,5.000000000000000000e-01
1.034000000000000874e+01,5.000000000000000000e-01
1.034100000000000996e+01,5.000000000000000000e-01
1.034200000000000941e+01,5.000000000000000000e-01
1.034300000000000885e+01,5.000000000000000000e-01
1.034400000000000830e+01,5.000000000000000000e-01
1.034500000000000952e+01,5.000000000000000000e-01
1.034600000000000897e+01,5.000000000000000000e-01
1.034700000000000841e+01,5.000000000000000000e-01
1.034800000000000963e+01,5.000000000000000000e-01
1.034900000000000908e+01,5.000000000000000000e-01
1.035000000000000853e+01,5.000000000000000000e-01
1.035100000000000975e+01,5.000000000000000000e-01
1.035200000000000919e+01,5.000000000000000000e-01
1.035300000000000864e+01,5.000000000000000000e-01
1.035400000000000986e+01,5.000000000000000000e-01
1.035500000000000931e+01,5.000000000000000000e-01
1.035600000000000875e+01,5.000000000000000000e-01
1.035700000000000820e+01,5.000000000000000000e-01
1.035800000000000942e+01,5.000000000000000000e-01
1.035900000000000887e+01,5.000000000000000000e-01
1.036000000000000831e+01,5.000000000000000000e-01
1.036100000000000954e+01,5.000000000000000000e-01
1.036200000000000898e+01,5.000000000000000000e-01
1.036300000000000843e+01,5.000000000000000000e-01
1.036400000000000965e+01,5.000000000000000000e-01
1.036500000000000909e+01,5.000000000000000000e-01
1.036600000000000854e+01,5.000000000000000000e-01
1.036700000000000976e+01,5.000000000000000000e-01
1.036800000000000921e+01,5.000000000000000000e-01
1.036900000000000865e+01,5.000000000000000000e-01
1.037000000000000988e+01,5.000000000000000000e-01
1.037100000000000932e+01,5.000000000000000000e-01
1.037200000000000877e+01,5.000000000000000000e-01
1.037300000000000999e+01,5.000000000000000000e-01
1.037400000000000944e+01,5.000000000000000000e-01
1.037500000000000888e+01,5.000000000000000000e-01
1.037600000000000833e+01,5.000000000000000000e-01
1.037700000000000955e+01,5.000000000000000000e-01
1.037800000000000900e+01,5.000000000000000000e-01
1.037900000000000844e+01,5.000000000000000000e-01
1.038000000000000966e+01,5.000000000000000000e-01
1.038100000000000911e+01,5.000000000000000000e-01
1.038200000000000855e+01,5.000000000000000000e-01
1.038300000000000978e+01,5.000000000000000000e-01
1.038400000000000922e+01,5.000000000000000000e-01
1.038500000000000867e+01,5.000000000000000000e-01
1.038600000000000989e+01,5.000000000000000000e-01
1.038700000000000934e+01,5.000000000000000000e-01
1.038800000000000878e+01,5.000000000000000000e-01
1.038900000000000823e+01,5.000000000000000000e-01
1.039000000000000945e+01,5.000000000000000000e-01
1.039100000000000890e+01,5.000000000000000000e-01
1.039200000000000834e+01,5.000000000000000000e-01
1.039300000000000956e+01,5.000000000000000000e-01
1.039400000000000901e+01,5.000000000000000000e-01
1.039500000000000846e+01,5.000000000000000000e-01
1.039600000000000968e+01,5.000000000000000000e-01
1.039700000000000912e+01,5.000000000000000000e-01
1.039800000000000857e+01,5.000000000000000000e-01
1.039900000000000979e+01,5.000000000000000000e-01
1.040000000000000924e+01,5.000000000000000000e-01
1.040100000000000868e+01,5.000000000000000000e-01
1.040200000000000990e+01,5.000000000000000000e-01
1.040300000000000935e+01,5.000000000000000000e-01
1.040400000000000880e+01,5.000000000000000000e-01
1.040500000000001002e+01,5.000000000000000000e-01
1.040600000000000946e+01,5.000000000000000000e-01
1.040700000000000891e+01,5.000000000000000000e-01
1.040800000000000836e+01,5.000000000000000000e-01
1.040900000000000958e+01,5.000000000000000000e-01
1.041000000000000902e+01,5.000000000000000000e-01
1.041100000000000847e+01,5.000000000000000000e-01
1.041200000000000969e+01,5.000000000000000000e-01
1.041300000000000914e+01,5.000000000000000000e-01
1.041400000000000858e+01,5.000000000000000000e-01
1.041500000000000981e+01,5.000000000000000000e-01
1.041600000000000925e+01,5.000000000000000000e-01
1.041700000000000870e+01,5.000000000000000000e-01
1.041800000000000992e+01,5.000000000000000000e-01
1.041900000000000936e+01,5.000000000000000000e-01
1.042000000000000881e+01,5.000000000000000000e-01
1.042100000000000826e+01,5.000000000000000000e-01
1.042200000000000948e+01,5.000000000000000000e-01
1.042300000000000892e+01,5.000000000000000000e-01
1.042400000000000837e+01,5.000000000000000000e-01
1.042500000000000959e+01,5.000000000000000000e-01
1.042600000000000904e+01,5.000000000000000000e-01
1.042700000000000848e+01,5.000000000000000000e-01
1.042800000000000971e+01,5.000000000000000000e-01
1.042900000000000915e+01,5.000000000000000000e-01
1.043000000000000860e+01,5.000000000000000000e-01
1.043100000000000982e+01,5.000000000000000000e-01
1.043200000000000927e+01,5.000000000000000000e-01
1.043300000000000871e+01,5.000000000000000000e-01
1.043400000000000993e+01,5.000000000000000000e-01
1.043500000000000938e+01,5.000000000000000000e-01
1.043600000000000882e+01,5.000000000000000000e-01
1.043700000000001005e+01,5.000000000000000000e-01
1.043800000000000949e+01,5.000000000000000000e-01
1.043900000000000894e+01,5.000000000000000000e-01
1.044000000000000838e+01,5.000000000000000000e-01
1.044100000000000961e+01,5.000000000000000000e-01
1.044200000000000905e+01,5.000000000000000000e-01
1.044300000000000850e+01,5.000000000000000000e-01
1.044400000000000972e+01,5.000000000000000000e-01
1.044500000000000917e+01,5.000000000000000000e-01
1.044600000000000861e+01,5.000000000000000000e-01
1.044700000000000983e+01,5.000000000000000000e-01
1.044800000000000928e+01,5.000000000000000000e-01
1.044900000000000873e+01,5.000000000000000000e-01
1.045000000000000995e+01,5.000000000000000000e-01
1.045100000000000939e+01,5.000000000000000000e-01
1.045200000000000884e+01,5.000000000000000000e-01
1.045300000000000828e+01,5.000000000000000000e-01
1.045400000000000951e+01,5.000000000000000000e-01
1.045500000000000895e+01,5.000000000000000000e-01
1.045600000000000840e+01,5.000000000000000000e-01
1.045700000000000962e+01,5.000000000000000000e-01
1.045800000000000907e+01,5.000000000000000000e-01
1.045900000000000851e+01,5.000000000000000000e-01
1.046000000000000973e+01,5.000000000000000000e-01
1.046100000000000918e+01,5.000000000000000000e-01
1.046200000000000863e+01,5.000000000000000000e-01
1.046300000000000985e+01,5.000000000000000000e-01
1.046400000000000929e+01,5.000000000000000000e-01
1.046500000000000874e+01,5.000000000000000000e-01
1.046600000000000996e+01,5.000000000000000000e-01
1.046700000000000941e+01,5.000000000000000000e-01
1.046800000000000885e+01,5.000000000000000000e-01
1.046900000000001008e+01,5.000000000000000000e-01
1.047000000000000952e+01,5.000000000000000000e-01
1.047100000000000897e+01,5.000000000000000000e-01
1.047200000000000841e+01,5.000000000000000000e-01
1.047300000000000963e+01,5.000000000000000000e-01
1.047400000000000908e+01,5.000000000000000000e-01
1.047500000000000853e+01,5.000000000000000000e-01
1.047600000000000975e+01,5.000000000000000000e-01
1.047700000000000919e+01,5.000000000000000000e-01
1.047800000000000864e+01,5.000000000000000000e-01
1.047900000000000986e+01,5.000000000000000000e-01
1.048000000000000931e+01,5.000000000000000000e-01
1.048100000000000875e+01,5.000000000000000000e-01
1.048200000000000998e+01,5.000000000000000000e-01
1.048300000000000942e+01,5.000000000000000000e-01
1.048400000000000887e+01,5.000000000000000000e-01
1.048500000000000831e+01,5.000000000000000000e-01
1.048600000000000954e+01,5.000000000000000000e-01
1.048700000000000898e+01,5.000000000000000000e-01
1.048800000000000843e+01,5.000000000000000000e-01
1.048900000000000965e+01,5.000000000000000000e-01
1.049000000000000909e+01,5.000000000000000000e-01
1.049100000000000854e+01,5.000000000000000000e-01
1.049200000000000976e+01,5.000000000000000000e-01
1.049300000000000921e+01,5.000000000000000000e-01
1.049400000000000865e+01,5.000000000000000000e-01
1.049500000000000988e+01,5.000000000000000000e-01
1.049600000000000932e+01,5.000000000000000000e-01
1.049700000000000877e+01,5.000000000000000000e-01
1.049800000000000999e+01,5.000000000000000000e-01
1.049900000000000944e+01,5.000000000000000000e-01
1.050000000000000888e+01,5.000000000000000000e-01
1.050100000000001010e+01,5.000000000000000000e-01
1.050200000000000955e+01,5.000000000000000000e-01
1.050300000000000900e+01,5.000000000000000000e-01
1.050400000000000844e+01,5.000000000000000000e-01
1.050500000000000966e+01,5.000000000000000000e-01
1.050600000000000911e+01,5.000000000000000000e-01
1.050700000000000855e+01,5.000000000000000000e-01
1.050800000000000978e+01,5.000000000000000000e-01
1.050900000000000922e+01,5.000000000000000000e-01
1.051000000000000867e+01,5.000000000000000000e-01
1.051100000000000989e+01,5.000000000000000000e-01
1.051200000000000934e+01,5.000000000000000000e-01
1.051300000000000878e+01,5.000000000000000000e-01
1.051400000000001000e+01,5.000000000000000000e-01
1.051500000000000945e+01,5.000000000000000000e-01
1.051600000000000890e+01,5.000000000000000000e-01
1.051700000000000834e+01,5.000000000000000000e-01
1.051800000000000956e+01,5.000000000000000000e-01
1.051900000000000901e+01,5.000000000000000000e-01
1.052000000000000846e+01,5.000000000000000000e-01
1.052100000000000968e+01,5.000000000000000000e-01
1.052200000000000912e+01,5.000000000000000000e-01
1.052300000000000857e+01,5.000000000000000000e-01
1.052400000000000979e+01,5.000000000000000000e-01
1.052500000000000924e+01,5.000000000000000000e-01
1.052600000000000868e+01,5.000000000000000000e-01
1.052700000000000990e+01,5.000000000000000000e-01
1.052800000000000935e+01,5.000000000000000000e-01
1.052900000000000880e+01,5.000000000000000000e-01
1.053000000000001002e+01,5.000000000000000000e-01
1.053100000000000946e+01,5.000000000000000000e-01
1.053200000000000891e+01,5.000000000000000000e-01
1.053300000000001013e+01,5.000000000000000000e-01
1.053400000000000958e+01,5.000000000000000000e-01
1.053500000000000902e+01,5.000000000000000000e-01
1.053600000000000847e+01,5.000000000000000000e-01
1.053700000000000969e+01,5.000000000000000000e-01
1.053800000000000914e+01,5.000000000000000000e-01
1.053900000000000858e+01,5.000000000000000000e-01
1.054000000000000981e+01,5.000000000000000000e-01
1.054100000000000925e+01,5.000000000000000000e-01
1.054200000000000870e+01,5.000000000000000000e-01
1.054300000000000992e+01,5.000000000000000000e-01
1.054400000000000936e+01,5.000000000000000000e-01
1.054500000000000881e+01,5.000000000000000000e-01
1.054600000000001003e+01,5.000000000000000000e-01
1.054700000000000948e+01,5.000000000000000000e-01
1.054800000000000892e+01,5.000000000000000000e-01
1.054900000000000837e+01,5.000000000000000000e-01
1.055000000000000959e+01,5.000000000000000000e-01
1.055100000000000904e+01,5.000000000000000000e-01
1.055200000000000848e+01,5.000000000000000000e-01
1.055300000000000971e+01,5.000000000000000000e-01
1.055400000000000915e+01,5.000000000000000000e-01
1.055500000000000860e+01,5.000000000000000000e-01
1.055600000000000982e+01,5.000000000000000000e-01
1.055700000000000927e+01,5.000000000000000000e-01
1.055800000000000871e+01,5.000000000000000000e-01
1.055900000000000993e+01,5.000000000000000000e-01
1.056000000000000938e+01,5.000000000000000000e-01
1.056100000000000882e+01,5.000000000000000000e-01
1.056200000000001005e+01,5.000000000000000000e-01
1.056300000000000949e+01,5.000000000000000000e-01
1.056400000000000894e+01,5.000000000000000000e-01
1.056500000000001016e+01,5.000000000000000000e-01
1.056600000000000961e+01,5.000000000000000000e-01
1.056700000000000905e+01,5.000000000000000000e-01
1.056800000000000850e+01,5.000000000000000000e-01
1.056900000000000972e+01,5.000000000000000000e-01
1.057000000000000917e+01,5.000000000000000000e-01
1.057100000000000861e+01,5.000000000000000000e-01
1.057200000000000983e+01,5.000000000000000000e-01
1.057300000000000928e+01,5.000000000000000000e-01
1.057400000000000873e+01,5.000000000000000000e-01
1.057500000000000995e+01,5.000000000000000000e-01
1.057600000000000939e+01,5.000000000000000000e-01
1.057700000000000884e+01,5.000000000000000000e-01
1.057800000000001006e+01,5.000000000000000000e-01
1.057900000000000951e+01,5.000000000000000000e-01
1.058000000000000895e+01,5.000000000000000000e-01
1.058100000000000840e+01,5.000000000000000000e-01
1.058200000000000962e+01,5.000000000000000000e-01
1.058300000000000907e+01,5.000000000000000000e-01
1.058400000000000851e+01,5.000000000000000000e-01
1.058500000000000973e+01,5.000000000000000000e-01
1.058600000000000918e+01,5.000000000000000000e-01
1.058700000000000863e+01,5.000000000000000000e-01
1.058800000000000985e+01,5.000000000000000000e-01
1.058900000000000929e+01,5.000000000000000000e-01
1.059000000000000874e+01,5.000000000000000000e-01
1.059100000000000996e+01,5.000000000000000000e-01
1.059200000000000941e+01,5.000000000000000000e-01
1.059300000000000885e+01,5.000000000000000000e-01
1.059400000000001008e+01,5.000000000000000000e-01
1.059500000000000952e+01,5.000000000000000000e-01
1.059600000000000897e+01,5.000000000000000000e-01
1.059700000000001019e+01,5.000000000000000000e-01
1.059800000000000963e+01,5.000000000000000000e-01
1.059900000000000908e+01,5.000000000000000000e-01
1.060000000000000853e+01,5.000000000000000000e-01
1.060100000000000975e+01,5.000000000000000000e-01
1.060200000000000919e+01,5.000000000000000000e-01
1.060300000000000864e+01,5.000000000000000000e-01
1.060400000000000986e+01,5.000000000000000000e-01
1.060500000000000931e+01,5.000000000000000000e-01
1.060600000000000875e+01,5.000000000000000000e-01
1.060700000000000998e+01,5.000000000000000000e-01
1.060800000000000942e+01,5.000000000000000000e-01
1.060900000000000887e+01,5.000000000000000000e-01
1.061000000000001009e+01,5.000000000000000000e-01
1.061100000000000954e+01,5.000000000000000000e-01
1.061200000000000898e+01,5.000000000000000000e-01
1.061300000000000843e+01,5.000000000000000000e-01
1.061400000000000965e+01,5.000000000000000000e-01
1.061500000000000909e+01,5.000000000000000000e-01
1.061600000000000854e+01,5.000000000000000000e-01
1.061700000000000976e+01,5.000000000000000000e-01
1.061800000000000921e+01,5.000000000000000000e-01
1.061900000000000865e+01,5.000000000000000000e-01
1.062000000000000988e+01,5.000000000000000000e-01
1.062100000000000932e+01,5.000000000000000000e-01
1.062200000000000877e+01,5.000000000000000000e-01
1.062300000000000999e+01,5.000000000000000000e-01
1.062400000000000944e+01,5.000000000000000000e-01
1.062500000000000888e+01,5.000000000000000000e-01
1.062600000000001010e+01,5.000000000000000000e-01
1.062700000000000955e+01,5.000000000000000000e-01
1.062800000000000900e+01,5.000000000000000000e-01
1.062900000000001022e+01,5.000000000000000000e-01
1.063000000000000966e+01,5.000000000000000000e-01
1.063100000000000911e+01,5.000000000000000000e-01
1.063200000000000855e+01,5.000000000000000000e-01
1.063300000000000978e+01,5.000000000000000000e-01
1.063400000000000922e+01,5.000000000000000000e-01
1.063500000000000867e+01,5.000000000000000000e-01
1.063600000000000989e+01,5.000000000000000000e-01
1.063700000000000934e+01,5.000000000000000000e-01
1.063800000000000878e+01,5.000000000000000000e-01
1.063900000000001000e+01,5.000000000000000000e-01
1.064000000000000945e+01,5.000000000000000000e-01
1.064100000000000890e+01,5.000000000000000000e-01
1.064200000000001012e+01,5.000000000000000000e-01
1.064300000000000956e+01,5.000000000000000000e-01
1.064400000000000901e+01,5.000000000000000000e-01
1.064500000000000846e+01,5.000000000000000000e-01
1.064600000000000968e+01,5.000000000000000000e-01
1.064700000000000912e+01,5.000000000000000000e-01
1.064800000000000857e+01,5.000000000000000000e-01
1.064900000000000979e+01,5.000000000000000000e-01
1.065000000000000924e+01,5.000000000000000000e-01
1.065100000000000868e+01,5.000000000000000000e-01
1.065200000000000990e+01,5.000000000000000000e-01
1.065300000000000935e+01,5.000000000000000000e-01
1.065400000000000880e+01,5.000000000000000000e-01
1.065500000000001002e+01,5.000000000000000000e-01
1.065600000000000946e+01,5.000000000000000000e-01
1.065700000000000891e+01,5.000000000000000000e-01
1.065800000000001013e+01,5.000000000000000000e-01
1.065900000000000958e+01,5.000000000000000000e-01
1.066000000000000902e+01,5.000000000000000000e-01
1.066100000000001025e+01,5.000000000000000000e-01
1.066200000000000969e+01,5.000000000000000000e-01
1.066300000000000914e+01,5.000000000000000000e-01
1.066400000000000858e+01,5.000000000000000000e-01
1.066500000000000981e+01,5.000000000000000000e-01
1.066600000000000925e+01,5.000000000000000000e-01
1.066700000000000870e+01,5.000000000000000000e-01
1.066800000000000992e+01,5.000000000000000000e-01
1.066900000000000936e+01,5.000000000000000000e-01
1.067000000000000881e+01,5.000000000000000000e-01
1.067100000000001003e+01,5.000000000000000000e-01
1.067200000000000948e+01,5.000000000000000000e-01
1.067300000000000892e+01,5.000000000000000000e-01
1.067400000000001015e+01,5.000000000000000000e-01
1.067500000000000959e+01,5.000000000000000000e-01
1.067600000000000904e+01,5.000000000000000000e-01
1.067700000000000848e+01,5.000000000000000000e-01
1.067800000000000971e+01,5.000000000000000000e-01
1.067900000000000915e+01,5.000000000000000000e-01
1.068000000000000860e+01,5.000000000000000000e-01
1.068100000000000982e+01,5.000000000000000000e-01
1.068200000000000927e+01,5.000000000000000000e-01
1.068300000000000871e+01,5.000000000000000000e-01
1.068400000000000993e+01,5.000000000000000000e-01
1.068500000000000938e+01,5.000000000000000000e-01
1.068600000000000882e+01,5.000000000000000000e-01
1.068700000000001005e+01,5.000000000000000000e-01
1.068800000000000949e+01,5.000000000000000000e-01
1.068900000000000894e+01,5.000000000000000000e-01
1.069000000000001016e+01,5.000000000000000000e-01
1.069100000000000961e+01,5.000000000000000000e-01
1.069200000000000905e+01,5.000000000000000000e-01
1.069300000000001027e+01,5.000000000000000000e-01
1.069400000000000972e+01,5.000000000000000000e-01
1.069500000000000917e+01,5.000000000000000000e-01
1.069600000000000861e+01,5.000000000000000000e-01
1.069700000000000983e+01,5.000000000000000000e-01
1.069800000000000928e+01,5.000000000000000000e-01
1.069900000000000873e+01,5.000000000000000000e-01
1.070000000000000995e+01,5.000000000000000000e-01
1.070100000000000939e+01,5.000000000000000000e-01
1.070200000000000884e+01,5.000000000000000000e-01
1.070300000000001006e+01,5.000000000000000000e-01
1.070400000000000951e+01,5.000000000000000000e-01
1.070500000000000895e+01,5.000000000000000000e-01
1.070600000000001017e+01,5.000000000000000000e-01
1.070700000000000962e+01,5.000000000000000000e-01
1.070800000000000907e+01,5.000000000000000000e-01
1.070900000000000851e+01,5.000000000000000000e-01
1.071000000000000973e+01,5.000000000000000000e-01
1.071100000000000918e+01,5.000000000000000000e-01
1.071200000000000863e+01,5.000000000000000000e-01
1.071300000000000985e+01,5.000000000000000000e-01
1.071400000000000929e+01,5.000000000000000000e-01
1.071500000000000874e+01,5.000000000000000000e-01
1.071600000000000996e+01,5.000000000000000000e-01
1.071700000000000941e+01,5.000000000000000000e-01
1.071800000000000885e+01,5.000000000000000000e-01
1.071900000000001008e+01,5.000000000000000000e-01
1.072000000000000952e+01,5.000000000000000000e-01
1.072100000000000897e+01,5.000000000000000000e-01
1.072200000000001019e+01,5.000000000000000000e-01
1.072300000000000963e+01,5.000000000000000000e-01
1.072400000000000908e+01,5.000000000000000000e-01
1.072500000000001030e+01,5.000000000000000000e-01
1.072600000000000975e+01,5.000000000000000000e-01
1.072700000000000919e+01,5.000000000000000000e-01
1.072800000000000864e+01,5.000000000000000000e-01
1.072900000000000986e+01,5.000000000000000000e-01
1.073000000000000931e+01,5.000000000000000000e-01
1.073100000000000875e+01,5.000000000000000000e-01
1.073200000000000998e+01,5.000000000000000000e-01
1.073300000000000942e+01,5.000000000000000000e-01
1.073400000000000887e+01,5.000000000000000000e-01
1.073500000000001009e+01,5.000000000000000000e-01
1.073600000000000954e+01,5.000000000000000000e-01
1.073700000000000898e+01,5.000000000000000000e-01
1.073800000000001020e+01,5.000000000000000000e-01
1.073900000000000965e+01,5.000000000000000000e-01
1.074000000000000909e+01,5.000000000000000000e-01
1.074100000000000854e+01,5.000000000000000000e-01
1.074200000000000976e+01,5.000000000000000000e-01
1.074300000000000921e+01,5.000000000000000000e-01
1.074400000000000865e+01,5.000000000000000000e-01
1.074500000000000988e+01,5.000000000000000000e-01
1.074600000000000932e+01,5.000000000000000000e-01
1.074700000000000877e+01,5.000000000000000000e-01
1.074800000000000999e+01,5.000000000000000000e-01
1.074900000000000944e+01,5.000000000000000000e-01
1.075000000000000888e+01,5.000000000000000000e-01
1.075100000000001010e+01,5.000000000000000000e-01
1.075200000000000955e+01,5.000000000000000000e-01
1.075300000000000900e+01,5.000000000000000000e-01
1.075400000000001022e+01,5.000000000000000000e-01
1.075500000000000966e+01,5.000000000000000000e-01
1.075600000000000911e+01,5.000000000000000000e-01
1.075700000000001033e+01,5.000000000000000000e-01
1.075800000000000978e+01,5.000000000000000000e-01
1.075900000000000922e+01,5.000000000000000000e-01
1.076000000000000867e+01,5.000000000000000000e-01
1.076100000000000989e+01,5.000000000000000000e-01
1.076200000000000934e+01,5.000000000000000000e-01
1.076300000000000878e+01,5.000000000000000000e-01
1.076400000000001000e+01,5.000000000000000000e-01
1.076500000000000945e+01,5.000000000000000000e-01
1.076600000000000890e+01,5.000000000000000000e-01
1.076700000000001012e+01,5.000000000000000000e-01
1.076800000000000956e+01,5.000000000000000000e-01
1.076900000000000901e+01,5.000000000000000000e-01
1.077000000000001023e+01,5.000000000000000000e-01
1.077100000000000968e+01,5.000000000000000000e-01
1.077200000000000912e+01,5.000000000000000000e-01
1.077300000000000857e+01,5.000000000000000000e-01
1.077400000000000979e+01,5.000000000000000000e-01
1.077500000000000924e+01,5.000000000000000000e-01
1.077600000000000868e+01,5.000000000000000000e-01
1.077700000000000990e+01,5.000000000000000000e-01
1.077800000000000935e+01,5.000000000000000000e-01
1.077900000000000880e+01,5.000000000000000000e-01
1.078000000000001002e+01,5.000000000000000000e-01
1.078100000000000946e+01,5.000000000000000000e-01
1.078200000000000891e+01,5.000000000000000000e-01
1.078300000000001013e+01,5.000000000000000000e-01
1.078400000000000958e+01,5.000000000000000000e-01
1.078500000000000902e+01,5.000000000000000000e-01
1.078600000000001025e+01,5.000000000000000000e-01
1.078700000000000969e+01,5.000000000000000000e-01
1.078800000000000914e+01,5.000000000000000000e-01
1.078900000000001036e+01,5.000000000000000000e-01
1.079000000000000981e+01,5.000000000000000000e-01
1.079100000000000925e+01,5.000000000000000000e-01
1.079200000000000870e+01,5.000000000000000000e-01
1.079300000000000992e+01,5.000000000000000000e-01
1.079400000000000936e+01,5.000000000000000000e-01
1.079500000000000881e+01,5.000000000000000000e-01
1.079600000000001003e+01,5.000000000000000000e-01
1.079700000000000948e+01,5.000000000000000000e-01
1.079800000000000892e+01,5.000000000000000000e-01
1.079900000000001015e+01,5.000000000000000000e-01
1.080000000000000959e+01,5.000000000000000000e-01
1.080100000000000904e+01,5.000000000000000000e-01
1.080200000000001026e+01,5.000000000000000000e-01
1.080300000000000971e+01,5.000000000000000000e-01
1.080400000000000915e+01,5.000000000000000000e-01
1.080500000000000860e+01,5.000000000000000000e-01
1.080600000000000982e+01,5.000000000000000000e-01
1.080700000000000927e+01,5.000000000000000000e-01
1.080800000000000871e+01,5.000000000000000000e-01
1.080900000000000993e+01,5.000000000000000000e-01
1.081000000000000938e+01,5.000000000000000000e-01
1.081100000000000882e+01,5.000000000000000000e-01
1.081200000000001005e+01,5.000000000000000000e-01
1.081300000000000949e+01,5.000000000000000000e-01
1.081400000000000894e+01,5.000000000000000000e-01
1.081500000000001016e+01,5.000000000000000000e-01
1.081600000000000961e+01,5.000000000000000000e-01
1.081700000000000905e+01,5.000000000000000000e-01
1.081800000000001027e+01,5.000000000000000000e-01
1.081900000000000972e+01,5.000000000000000000e-01
1.082000000000000917e+01,5.000000000000000000e-01
1.082100000000001039e+01,5.000000000000000000e-01
1.082200000000000983e+01,5.000000000000000000e-01
1.082300000000000928e+01,5.000000000000000000e-01
1.082400000000000873e+01,5.000000000000000000e-01
1.082500000000000995e+01,5.000000000000000000e-01
1.082600000000000939e+01,5.000000000000000000e-01
1.082700000000000884e+01,5.000000000000000000e-01
1.082800000000001006e+01,5.000000000000000000e-01
1.082900000000000951e+01,5.000000000000000000e-01
1.083000000000000895e+01,5.000000000000000000e-01
1.083100000000001017e+01,5.000000000000000000e-01
1.083200000000000962e+01,5.000000000000000000e-01
1.083300000000000907e+01,5.000000000000000000e-01
1.083400000000001029e+01,5.000000000000000000e-01
1.083500000000000973e+01,5.000000000000000000e-01
1.083600000000000918e+01,5.000000000000000000e-01
1.083700000000000863e+01,5.000000000000000000e-01
1.083800000000000985e+01,5.000000000000000000e-01
1.083900000000000929e+01,5.000000000000000000e-01
1.084000000000000874e+01,5.000000000000000000e-01
1.084100000000000996e+01,5.000000000000000000e-01
1.084200000000000941e+01,5.000000000000000000e-01
1.084300000000000885e+01,5.000000000000000000e-01
1.084400000000001008e+01,5.000000000000000000e-01
1.084500000000000952e+01,5.000000000000000000e-01
1.084600000000000897e+01,5.000000000000000000e-01
1.084700000000001019e+01,5.000000000000000000e-01
1.084800000000000963e+01,5.000000000000000000e-01
1.084900000000000908e+01,5.000000000000000000e-01
1.085000000000001030e+01,5.000000000000000000e-01
1.085100000000000975e+01,5.000000000000000000e-01
1.085200000000000919e+01,5.000000000000000000e-01
1.085300000000001042e+01,5.000000000000000000e-01
1.085400000000000986e+01,5.000000000000000000e-01
1.085500000000000931e+01,5.000000000000000000e-01
1.085600000000000875e+01,5.000000000000000000e-01
1.085700000000000998e+01,5.000000000000000000e-01
1.085800000000000942e+01,5.000000000000000000e-01
1.085900000000000887e+01,5.000000000000000000e-01
1.086000000000001009e+01,5.000000000000000000e-01
1.086100000000000954e+01,5.000000000000000000e-01
1.086200000000000898e+01,5.000000000000000000e-01
1.086300000000001020e+01,5.000000000000000000e-01
1.086400000000000965e+01,5.000000000000000000e-01
1.086500000000000909e+01,5.000000000000000000e-01
1.086600000000001032e+01,5.000000000000000000e-01
1.086700000000000976e+01,5.000000000000000000e-01
1.086800000000000921e+01,5.000000000000000000e-01
1.086900000000000865e+01,5.000000000000000000e-01
1.087000000000000988e+01,5.000000000000000000e-01
1.087100000000000932e+01,5.000000000000000000e-01
1.087200000000000877e+01,5.000000000000000000e-01
1.087300000000000999e+01,5.000000000000000000e-01
1.087400000000000944e+01,5.000000000000000000e-01
1.087500000000000888e+01,5.000000000000000000e-01
1.087600000000001010e+01,5.000000000000000000e-01
1.087700000000000955e+01,5.000000000000000000e-01
1.087800000000000900e+01,5.000000000000000000e-01
1.087900000000001022e+01,5.000000000000000000e-01
1.088000000000000966e+01,5.000000000000000000e-01
1.088100000000000911e+01,5.000000000000000000e-01
1.088200000000001033e+01,5.000000000000000000e-01
1.088300000000000978e+01,5.000000000000000000e-01
1.088400000000000922e+01,5.000000000000000000e-01
1.088500000000001044e+01,5.000000000000000000e-01
1.088600000000000989e+01,5.000000000000000000e-01
1.088700000000000934e+01,5.000000000000000000e-01
1.088800000000000878e+01,5.000000000000000000e-01
1.088900000000001000e+01,5.000000000000000000e-01
1.089000000000000945e+01,5.000000000000000000e-01
1.089100000000000890e+01,5.000000000000000000e-01
1.089200000000001012e+01,5.000000000000000000e-01
1.089300000000000956e+01,5.000000000000000000e-01
1.089400000000000901e+01,5.000000000000000000e-01
1.089500000000001023e+01,5.000000000000000000e-01
1.089600000000000968e+01,5.000000000000000000e-01
1.089700000000000912e+01,5.000000000000000000e-01
1.089800000000001035e+01,5.000000000000000000e-01
1.089900000000000979e+01,5.000000000000000000e-01
1.090000000000000924e+01,5.000000000000000000e-01
1.090100000000000868e+01,5.000000000000000000e-01
1.090200000000000990e+01,5.000000000000000000e-01
1.090300000000000935e+01,5.000000000000000000e-01
1.090400000000000880e+01,5.000000000000000000e-01
1.090500000000001002e+01,5.000000000000000000e-01
1.090600000000000946e+01,5.000000000000000000e-01
1.090700000000000891e+01,5.000000000000000000e-01
1.090800000000001013e+01,5.000000000000000000e-01
1.090900000000000958e+01,5.000000000000000000e-01
1.091000000000000902e+01,5.000000000000000000e-01
1.091100000000001025e+01,5.000000000000000000e-01
1.091200000000000969e+01,5.000000000000000000e-01
1.091300000000000914e+01,5.000000000000000000e-01
1.091400000000001036e+01,5.000000000000000000e-01
1.091500000000000981e+01,5.000000000000000000e-01
1.091600000000000925e+01,5.000000000000000000e-01
1.091700000000001047e+01,5.000000000000000000e-01
1.091800000000000992e+01,5.000000000000000000e-01
1.091900000000000936e+01,5.000000000000000000e-01
1.092000000000000881e+01,5.000000000000000000e-01
1.092100000000001003e+01,5.000000000000000000e-01
1.092200000000000948e+01,5.000000000000000000e-01
1.092300000000000892e+01,5.000000000000000000e-01
1.092400000000001015e+01,5.000000000000000000e-01
1.092500000000000959e+01,5.000000000000000000e-01
1.092600000000000904e+01,5.000000000000000000e-01
1.092700000000001026e+01,5.000000000000000000e-01
1.092800000000000971e+01,5.000000000000000000e-01
1.092900000000000915e+01,5.000000000000000000e-01
1.093000000000001037e+01,5.000000000000000000e-01
1.093100000000000982e+01,5.000000000000000000e-01
1.093200000000000927e+01,5.000000000000000000e-01
1.093300000000000871e+01,5.000000000000000000e-01
1.093400000000000993e+01,5.000000000000000000e-01
1.093500000000000938e+01,5.000000000000000000e-01
1.093600000000000882e+01,5.000000000000000000e-01
1.093700000000001005e+01,5.000000000000000000e-01
1.093800000000000949e+01,5.000000000000000000e-01
1.093900000000000894e+01,5.000000000000000000e-01
1.094000000000001016e+01,5.000000000000000000e-01
1.094100000000000961e+01,5.000000000000000000e-01
1.094200000000000905e+01,5.000000000000000000e-01
1.094300000000001027e+01,5.000000000000000000e-01
1.094400000000000972e+01,5.000000000000000000e-01
1.094500000000000917e+01,5.000000000000000000e-01
1.094600000000001039e+01,5.000000000000000000e-01
1.094700000000000983e+01,5.000000000000000000e-01
1.094800000000000928e+01,5.000000000000000000e-01
1.094900000000001050e+01,5.000000000000000000e-01
1.095000000000000995e+01,5.000000000000000000e-01
1.095100000000000939e+01,5.000000000000000000e-01
1.095200000000000884e+01,5.000000000000000000e-01
1.095300000000001006e+01,5.000000000000000000e-01
1.095400000000000951e+01,5.000000000000000000e-01
1.095500000000000895e+01,5.000000000000000000e-01
1.095600000000001017e+01,5.000000000000000000e-01
1.095700000000000962e+01,5.000000000000000000e-01
1.095800000000000907e+01,5.000000000000000000e-01
1.095900000000001029e+01,5.000000000000000000e-01
1.096000000000000973e+01,5.000000000000000000e-01
1.096100000000000918e+01,5.000000000000000000e-01
1.096200000000001040e+01,5.000000000000000000e-01
1.096300000000000985e+01,5.000000000000000000e-01
1.096400000000000929e+01,5.000000000000000000e-01
1.096500000000000874e+01,5.000000000000000000e-01
1.096600000000000996e+01,5.000000000000000000e-01
1.096700000000000941e+01,5.000000000000000000e-01
1.096800000000000885e+01,5.000000000000000000e-01
1.096900000000001008e+01,5.000000000000000000e-01
1.097000000000000952e+01,5.000000000000000000e-01
1.097100000000000897e+01,5.000000000000000000e-01
1.097200000000001019e+01,5.000000000000000000e-01
1.097300000000000963e+01,5.000000000000000000e-01
1.097400000000000908e+01,5.000000000000000000e-01
1.097500000000001030e+01,5.000000000000000000e-01
1.097600000000000975e+01,5.000000000000000000e-01
1.097700000000000919e+01,5.000000000000000000e-01
1.097800000000001042e+01,5.000000000000000000e-01
1.097900000000000986e+01,5.000000000000000000e-01
1.098000000000000931e+01,5.000000000000000000e-01
1.098100000000001053e+01,5.000000000000000000e-01
1.098200000000000998e+01,5.000000000000000000e-01
1.098300000000000942e+01,5.000000000000000000e-01
1.098400000000000887e+01,5.000000000000000000e-01
1.098500000000001009e+01,5.000000000000000000e-01
1.098600000000000954e+01,5.000000000000000000e-01
1.098700000000000898e+01,5.000000000000000000e-01
1.098800000000001020e+01,5.000000000000000000e-01
1.098900000000000965e+01,5.000000000000000000e-01
1.099000000000000909e+01,5.000000000000000000e-01
1.099100000000001032e+01,5.000000000000000000e-01
1.099200000000000976e+01,5.000000000000000000e-01
1.099300000000000921e+01,5.000000000000000000e-01
1.099400000000001043e+01,5.000000000000000000e-01
1.099500000000000988e+01,5.000000000000000000e-01
1.099600000000000932e+01,5.000000000000000000e-01
1.099700000000000877e+01,5.000000000000000000e-01
1.099800000000000999e+01,5.000000000000000000e-01
1.099900000000000944e+01,5.000000000000000000e-01
1.100000000000000888e+01,5.000000000000000000e-01
1.100100000000001010e+01,5.000000000000000000e-01
1.100200000000000955e+01,5.000000000000000000e-01
1.100300000000000900e+01,5.000000000000000000e-01
1.100400000000001022e+01,5.000000000000000000e-01
1.100500000000000966e+01,5.000000000000000000e-01
1.100600000000000911e+01,5.000000000000000000e-01
1.100700000000001033e+01,5.000000000000000000e-01
1.100800000000000978e+01,5.000000000000000000e-01
1.100900000000000922e+01,5.000000000000000000e-01
1.101000000000001044e+01,5.000000000000000000e-01
1.101100000000000989e+01,5.000000000000000000e-01
1.101200000000000934e+01,5.000000000000000000e-01
1.101300000000001056e+01,5.000000000000000000e-01
1.101400000000001000e+01,5.000000000000000000e-01
1.101500000000000945e+01,5.000000000000000000e-01
1.101600000000000890e+01,5.000000000000000000e-01
1.101700000000001012e+01,5.000000000000000000e-01
1.101800000000000956e+01,5.000000000000000000e-01
1.101900000000000901e+01,5.000000000000000000e-01
1.102000000000001023e+01,5.000000000000000000e-01
1.102100000000000968e+01,5.000000000000000000e-01
1.102200000000000912e+01,5.000000000000000000e-01
1.102300000000001035e+01,5.000000000000000000e-01
1.102400000000000979e+01,5.000000000000000000e-01
1.102500000000000924e+01,5.000000000000000000e-01
1.102600000000001046e+01,5.000000000000000000e-01
1.102700000000000990e+01,5.000000000000000000e-01
1.102800000000000935e+01,5.000000000000000000e-01
1.102900000000000880e+01,5.000000000000000000e-01
1.103000000000001002e+01,5.000000000000000000e-01
1.103100000000000946e+01,5.000000000000000000e-01
1.103200000000000891e+01,5.000000000000000000e-01
1.103300000000001013e+01,5.000000000000000000e-01
1.103400000000000958e+01,5.000000000000000000e-01
1.103500000000000902e+01,5.000000000000000000e-01
1.103600000000001025e+01,5.000000000000000000e-01
1.103700000000000969e+01,5.000000000000000000e-01
1.103800000000000914e+01,5.000000000000000000e-01
1.103900000000001036e+01,5.000000000000000000e-01
1.104000000000000981e+01,5.000000000000000000e-01
1.104100000000000925e+01,5.000000000000000000e-01
1.104200000000001047e+01,5.000000000000000000e-01
1.104300000000000992e+01,5.000000000000000000e-01
1.104400000000000936e+01,5.000000000000000000e-01
1.104500000000001059e+01,5.000000000000000000e-01
1.104600000000001003e+01,5.000000000000000000e-01
1.104700000000000948e+01,5.000000000000000000e-01
1.104800000000000892e+01,5.000000000000000000e-01
1.104900000000001015e+01,5.000000000000000000e-01
1.105000000000000959e+01,5.000000000000000000e-01
1.105100000000000904e+01,5.000000000000000000e-01
1.105200000000001026e+01,5.000000000000000000e-01
1.105300000000000971e+01,5.000000000000000000e-01
1.105400000000000915e+01,5.000000000000000000e-01
1.105500000000001037e+01,5.000000000000000000e-01
1.105600000000000982e+01,5.000000000000000000e-01
1.105700000000000927e+01,5.000000000000000000e-01
1.105800000000001049e+01,5.000000000000000000e-01
1.105900000000000993e+01,5.000000000000000000e-01
1.106000000000000938e+01,5.000000000000000000e-01
1.106100000000000882e+01,5.000000000000000000e-01
1.106200000000001005e+01,5.000000000000000000e-01
1.106300000000000949e+01,5.000000000000000000e-01
1.106400000000000894e+01,5.000000000000000000e-01
1.106500000000001016e+01,5.000000000000000000e-01
1.106600000000000961e+01,5.000000000000000000e-01
1.106700000000000905e+01,5.000000000000000000e-01
1.106800000000001027e+01,5.000000000000000000e-01
1.106900000000000972e+01,5.000000000000000000e-01
1.107000000000000917e+01,5.000000000000000000e-01
1.107100000000001039e+01,5.000000000000000000e-01
1.107200000000000983e+01,5.000000000000000000e-01
1.107300000000000928e+01,5.000000000000000000e-01
1.107400000000001050e+01,5.000000000000000000e-01
1.107500000000000995e+01,5.000000000000000000e-01
1.107600000000000939e+01,5.000000000000000000e-01
1.107700000000001062e+01,5.000000000000000000e-01
1.107800000000001006e+01,5.000000000000000000e-01
1.107900000000000951e+01,5.000000000000000000e-01
1.108000000000000895e+01,5.000000000000000000e-01
1.108100000000001017e+01,5.000000000000000000e-01
1.108200000000000962e+01,5.000000000000000000e-01
1.108300000000000907e+01,5.000000000000000000e-01
1.108400000000001029e+01,5.000000000000000000e-01
1.108500000000000973e+01,5.000000000000000000e-01
1.108600000000000918e+01,5.000000000000000000e-01
1.108700000000001040e+01,5.000000000000000000e-01
1.108800000000000985e+01,5.000000000000000000e-01
1.108900000000000929e+01,5.000000000000000000e-01
1.109000000000001052e+01,5.000000000000000000e-01
1.109100000000000996e+01,5.000000000000000000e-01
1.109200000000000941e+01,5.000000000000000000e-01
1.109300000000000885e+01,5.000000000000000000e-01
1.109400000000001008e+01,5.000000000000000000e-01
1.109500000000000952e+01,5.000000000000000000e-01
1.109600000000000897e+01,5.000000000000000000e-01
1.109700000000001019e+01,5.000000000000000000e-01
1.109800000000000963e+01,5.000000000000000000e-01
1.109900000000000908e+01,5.000000000000000000e-01
1.110000000000001030e+01,5.000000000000000000e-01
1.110100000000000975e+01,5.000000000000000000e-01
1.110200000000000919e+01,5.000000000000000000e-01
1.110300000000001042e+01,5.000000000000000000e-01
1.110400000000000986e+01,5.000000000000000000e-01
1.110500000000000931e+01,5.000000000000000000e-01
1.110600000000001053e+01,5.000000000000000000e-01
1.110700000000000998e+01,5.000000000000000000e-01
1.110800000000000942e+01,5.000000000000000000e-01
1.110900000000001064e+01,5.000000000000000000e-01
1.111000000000001009e+01,5.000000000000000000e-01
1.111100000000000954e+01,5.000000000000000000e-01
1.111200000000000898e+01,5.000000000000000000e-01
1.111300000000001020e+01,5.000000000000000000e-01
1.111400000000000965e+01,5.000000000000000000e-01
1.111500000000000909e+01,5.000000000000000000e-01
1.111600000000001032e+01,5.000000000000000000e-01
1.111700000000000976e+01,5.000000000000000000e-01
1.111800000000000921e+01,5.000000000000000000e-01
1.111900000000001043e+01,5.000000000000000000e-01
1.112000000000000988e+01,5.000000000000000000e-01
1.112100000000000932e+01,5.000000000000000000e-01
1.112200000000001054e+01,5.000000000000000000e-01
1.112300000000000999e+01,5.000000000000000000e-01
1.112400000000000944e+01,5.000000000000000000e-01
1.112500000000000888e+01,5.000000000000000000e-01
1.112600000000001010e+01,5.000000000000000000e-01
1.112700000000000955e+01,5.000000000000000000e-01
1.112800000000000900e+01,5.000000000000000000e-01
1.112900000000001022e+01,5.000000000000000000e-01
1.113000000000000966e+01,5.000000000000000000e-01
1.113100000000000911e+01,5.000000000000000000e-01
1.113200000000001033e+01,5.000000000000000000e-01
1.113300000000000978e+01,5.000000000000000000e-01
1.113400000000000922e+01,5.000000000000000000e-01
1.113500000000001044e+01,5.000000000000000000e-01
1.113600000000000989e+01,5.000000000000000000e-01
1.113700000000000934e+01,5.000000000000000000e-01
1.113800000000001056e+01,5.000000000000000000e-01
1.113900000000001000e+01,5.000000000000000000e-01
1.114000000000000945e+01,5.000000000000000000e-01
1.114100000000001067e+01,5.000000000000000000e-01
1.114200000000001012e+01,5.000000000000000000e-01
1.114300000000000956e+01,5.000000000000000000e-01
1.114400000000000901e+01,5.000000000000000000e-01
1.114500000000001023e+01,5.000000000000000000e-01
1.114600000000000968e+01,5.000000000000000000e-01
1.114700000000000912e+01,5.000000000000000000e-01
1.114800000000001035e+01,5.000000000000000000e-01
1.114900000000000979e+01,5.000000000000000000e-01
1.115000000000000924e+01,5.000000000000000000e-01
1.115100000000001046e+01,5.000000000000000000e-01
1.115200000000000990e+01,5.000000000000000000e-01
1.115300000000000935e+01,5.000000000000000000e-01
1.115400000000001057e+01,5.000000000000000000e-01
1.115500000000001002e+01,5.000000000000000000e-01
1.115600000000000946e+01,5.000000000000000000e-01
1.115700000000000891e+01,5.000000000000000000e-01
1.115800000000001013e+01,5.000000000000000000e-01
1.115900000000000958e+01,5.000000000000000000e-01
1.116000000000000902e+01,5.000000000000000000e-01
1.116100000000001025e+01,5.000000000000000000e-01
1.116200000000000969e+01,5.000000000000000000e-01
1.116300000000000914e+01,5.000000000000000000e-01
1.116400000000001036e+01,5.000000000000000000e-01
1.116500000000000981e+01,5.000000000000000000e-01
1.116600000000000925e+01,5.000000000000000000e-01
1.116700000000001047e+01,5.000000000000000000e-01
1.116800000000000992e+01,5.000000000000000000e-01
1.116900000000000936e+01,5.000000000000000000e-01
1.117000000000001059e+01,5.000000000000000000e-01
1.117100000000001003e+01,5.000000000000000000e-01
1.117200000000000948e+01,5.000000000000000000e-01
1.117300000000001070e+01,5.000000000000000000e-01
1.117400000000001015e+01,5.000000000000000000e-01
1.117500000000000959e+01,5.000000000000000000e-01
1.117600000000000904e+01,5.000000000000000000e-01
1.117700000000001026e+01,5.000000000000000000e-01
1.117800000000000971e+01,5.000000000000000000e-01
1.117900000000000915e+01,5.000000000000000000e-01
1.118000000000001037e+01,5.000000000000000000e-01
1.118100000000000982e+01,5.000000000000000000e-01
1.118200000000000927e+01,5.000000000000000000e-01
1.118300000000001049e+01,5.000000000000000000e-01
1.118400000000000993e+01,5.000000000000000000e-01
1.118500000000000938e+01,5.000000000000000000e-01
1.118600000000001060e+01,5.000000000000000000e-01
1.118700000000001005e+01,5.000000000000000000e-01
1.118800000000000949e+01,5.000000000000000000e-01
1.118900000000000894e+01,5.000000000000000000e-01
1.119000000000001016e+01,5.000000000000000000e-01
1.119100000000000961e+01,5.000000000000000000e-01
1.119200000000000905e+01,5.000000000000000000e-01
1.119300000000001027e+01,5.000000000000000000e-01
1.119400000000000972e+01,5.000000000000000000e-01
1.119500000000000917e+01,5.000000000000000000e-01
1.119600000000001039e+01,5.000000000000000000e-01
1.119700000000000983e+01,5.000000000000000000e-01
1.119800000000000928e+01,5.000000000000000000e-01
1.119900000000001050e+01,5.000000000000000000e-01
1.120000000000000995e+01,5.000000000000000000e-01
1.120100000000000939e+01,5.000000000000000000e-01
1.120200000000001062e+01,5.000000000000000000e-01
1.120300000000001006e+01,5.000000000000000000e-01
1.120400000000000951e+01,5.000000000000000000e-01
1.120500000000001073e+01,5.000000000000000000e-01
1.120600000000001017e+01,5.000000000000000000e-01
1.120700000000000962e+01,5.000000000000000000e-01
1.120800000000000907e+01,5.000000000000000000e-01
1.120900000000001029e+01,5.000000000000000000e-01
1.121000000000000973e+01,5.000000000000000000e-01
1.121100000000000918e+01,5.000000000000000000e-01
1.121200000000001040e+01,5.000000000000000000e-01
1.121300000000000985e+01,5.000000000000000000e-01
1.121400000000000929e+01,5.000000000000000000e-01
1.121500000000001052e+01,5.000000000000000000e-01
1.121600000000000996e+01,5.000000000000000000e-01
1.121700000000000941e+01,5.000000000000000000e-01
1.121800000000001063e+01,5.000000000000000000e-01
1.121900000000001008e+01,5.000000000000000000e-01
1.122000000000000952e+01,5.000000000000000000e-01
1.122100000000000897e+01,5.000000000000000000e-01
1.122200000000001019e+01,5.000000000000000000e-01
1.122300000000000963e+01,5.000000000000000000e-01
1.122400000000000908e+01,5.000000000000000000e-01
1.122500000000001030e+01,5.000000000000000000e-01
1.122600000000000975e+01,5.000000000000000000e-01
1.122700000000000919e+01,5.000000000000000000e-01
1.122800000000001042e+01,5.000000000000000000e-01
1.122900000000000986e+01,5.000000000000000000e-01
1.123000000000000931e+01,5.000000000000000000e-01
1.123100000000001053e+01,5.000000000000000000e-01
1.123200000000000998e+01,5.000000000000000000e-01
1.123300000000000942e+01,5.000000000000000000e-01
1.123400000000001064e+01,5.000000000000000000e-01
1.123500000000001009e+01,5.000000000000000000e-01
1.123600000000000954e+01,5.000000000000000000e-01
1.123700000000001076e+01,5.000000000000000000e-01
1.123800000000001020e+01,5.000000000000000000e-01
1.123900000000000965e+01,5.000000000000000000e-01
1.124000000000000909e+01,5.000000000000000000e-01
1.124100000000001032e+01,5.000000000000000000e-01
1.124200000000000976e+01,5.000000000000000000e-01
1.124300000000000921e+01,5.000000000000000000e-01
1.124400000000001043e+01,5.000000000000000000e-01
1.124500000000000988e+01,5.000000000000000000e-01
1.124600000000000932e+01,5.000000000000000000e-01
1.124700000000001054e+01,5.000000000000000000e-01
1.124800000000000999e+01,5.000000000000000000e-01
1.124900000000000944e+01,5.000000000000000000e-01
1.125000000000001066e+01,5.000000000000000000e-01
1.125100000000001010e+01,5.000000000000000000e-01
1.125200000000000955e+01,5.000000000000000000e-01
1.125300000000000900e+01,5.000000000000000000e-01
1.125400000000001022e+01,5.000000000000000000e-01
1.125500000000000966e+01,5.000000000000000000e-01
1.125600000000000911e+01,5.000000000000000000e-01
1.125700000000001033e+01,5.000000000000000000e-01
1.125800000000000978e+01,5.000000000000000000e-01
1.125900000000000922e+01,5.000000000000000000e-01
1.126000000000001044e+01,5.000000000000000000e-01
1.126100000000000989e+01,5.000000000000000000e-01
1.126200000000000934e+01,5.000000000000000000e-01
1.126300000000001056e+01,5.000000000000000000e-01
1.126400000000001000e+01,5.000000000000000000e-01
1.126500000000000945e+01,5.000000000000000000e-01
1.126600000000001067e+01,5.000000000000000000e-01
1.126700000000001012e+01,5.000000000000000000e-01
1.126800000000000956e+01,5.000000000000000000e-01
1.126900000000001079e+01,5.000000000000000000e-01
1.127000000000001023e+01,5.000000000000000000e-01
1.127100000000000968e+01,5.000000000000000000e-01
1.127200000000000912e+01,5.000000000000000000e-01
1.127300000000001035e+01,5.000000000000000000e-01
1.127400000000000979e+01,5.000000000000000000e-01
1.127500000000000924e+01,5.000000000000000000e-01
1.127600000000001046e+01,5.000000000000000000e-01
1.127700000000000990e+01,5.000000000000000000e-01
1.127800000000000935e+01,5.000000000000000000e-01
1.127900000000001057e+01,5.000000000000000000e-01
1.128000000000001002e+01,5.000000000000000000e-01
1.128100000000000946e+01,5.000000000000000000e-01
1.128200000000001069e+01,5.000000000000000000e-01
1.128300000000001013e+01,5.000000000000000000e-01
1.128400000000000958e+01,5.000000000000000000e-01
1.128500000000000902e+01,5.000000000000000000e-01
1.128600000000001025e+01,5.000000000000000000e-01
1.128700000000000969e+01,5.000000000000000000e-01
1.128800000000000914e+01,5.000000000000000000e-01
1.128900000000001036e+01,5.000000000000000000e-01
1.129000000000000981e+01,5.000000000000000000e-01
1.129100000000000925e+01,5.000000000000000000e-01
1.129200000000001047e+01,5.000000000000000000e-01
1.129300000000000992e+01,5.000000000000000000e-01
1.129400000000000936e+01,5.000000000000000000e-01
1.129500000000001059e+01,5.000000000000000000e-01
1.129600000000001003e+01,5.000000000000000000e-01
1.129700000000000948e+01,5.000000000000000000e-01
1.129800000000001070e+01,5.000000000000000000e-01
1.129900000000001015e+01,5.000000000000000000e-01
1.130000000000000959e+01,5.000000000000000000e-01
1.130100000000001081e+01,5.000000000000000000e-01
1.130200000000001026e+01,5.000000000000000000e-01
1.130300000000000971e+01,5.000000000000000000e-01
1.130400000000000915e+01,5.000000000000000000e-01
1.130500000000001037e+01,5.000000000000000000e-01
1.130600000000000982e+01,5.000000000000000000e-01
1.130700000000000927e+01,5.000000000000000000e-01
1.130800000000001049e+01,5.000000000000000000e-01
1.130900000000000993e+01,5.000000000000000000e-01
1.131000000000000938e+01,5.000000000000000000e-01
1.131100000000001060e+01,5.000000000000000000e-01
1.131200000000001005e+01,5.000000000000000000e-01
1.131300000000000949e+01,5.000000000000000000e-01
1.131400000000001071e+01,5.000000000000000000e-01
1.131500000000001016e+01,5.000000000000000000e-01
1.131600000000000961e+01,5.000000000000000000e-01
1.131700000000000905e+01,5.000000000000000000e-01
1.131800000000001027e+01,5.000000000000000000e-01
1.131900000000000972e+01,5.000000000000000000e-01
1.132000000000000917e+01,5.000000000000000000e-01
1.132100000000001039e+01,5.000000000000000000e-01
1.132200000000000983e+01,5.000000000000000000e-01
1.132300000000000928e+01,5.000000000000000000e-01
1.132400000000001050e+01,5.000000000000000000e-01
1.132500000000000995e+01,5.000000000000000000e-01
1.132600000000000939e+01,5.000000000000000000e-01
1.132700000000001062e+01,5.000000000000000000e-01
1.132800000000001006e+01,5.000000000000000000e-01
1.132900000000000951e+01,5.000000000000000000e-01
1.133000000000001073e+01,5.000000000000000000e-01
1.133100000000001017e+01,5.000000000000000000e-01
1.133200000000000962e+01,5.000000000000000000e-01
1.133300000000001084e+01,5.000000000000000000e-01
1.133400000000001029e+01,5.000000000000000000e-01
1.133500000000000973e+01,5.000000000000000000e-01
1.133600000000000918e+01,5.000000000000000000e-01
1.133700000000001040e+01,5.000000000000000000e-01
1.133800000000000985e+01,5.000000000000000000e-01
1.133900000000000929e+01,5.000000000000000000e-01
1.134000000000001052e+01,5.000000000000000000e-01
1.134100000000000996e+01,5.000000000000000000e-01
1.134200000000000941e+01,5.000000000000000000e-01
1.134300000000001063e+01,5.000000000000000000e-01
1.134400000000001008e+01,5.000000000000000000e-01
1.134500000000000952e+01,5.000000000000000000e-01
1.134600000000001074e+01,5.000000000000000000e-01
1.134700000000001019e+01,5.000000000000000000e-01
1.134800000000000963e+01,5.000000000000000000e-01
1.134900000000000908e+01,5.000000000000000000e-01
1.135000000000001030e+01,5.000000000000000000e-01
1.135100000000000975e+01,5.000000000000000000e-01
1.135200000000000919e+01,5.000000000000000000e-01
1.135300000000001042e+01,5.000000000000000000e-01
1.135400000000000986e+01,5.000000000000000000e-01
1.135500000000000931e+01,5.000000000000000000e-01
1.135600000000001053e+01,5.000000000000000000e-01
1.135700000000000998e+01,5.000000000000000000e-01
1.135800000000000942e+01,5.000000000000000000e-01
1.135900000000001064e+01,5.000000000000000000e-01
1.136000000000001009e+01,5.000000000000000000e-01
1.136100000000000954e+01,5.000000000000000000e-01
1.136200000000001076e+01,5.000000000000000000e-01
1.136300000000001020e+01,5.000000000000000000e-01
1.136400000000000965e+01,5.000000000000000000e-01
1.136500000000001087e+01,5.000000000000000000e-01
1.136600000000001032e+01,5.000000000000000000e-01
1.136700000000000976e+01,5.000000000000000000e-01
1.136800000000000921e+01,5.000000000000000000e-01
1.136900000000001043e+01,5.000000000000000000e-01
1.137000000000000988e+01,5.000000000000000000e-01
1.137100000000000932e+01,5.000000000000000000e-01
1.137200000000001054e+01,5.000000000000000000e-01
1.137300000000000999e+01,5.000000000000000000e-01
1.137400000000000944e+01,5.000000000000000000e-01
1.137500000000001066e+01,5.000000000000000000e-01
1.137600000000001010e+01,5.000000000000000000e-01
1.137700000000000955e+01,5.000000000000000000e-01
1.137800000000001077e+01,5.000000000000000000e-01
1.137900000000001022e+01,5.000000000000000000e-01
1.138000000000000966e+01,5.000000000000000000e-01
1.138100000000000911e+01,5.000000000000000000e-01
1.138200000000001033e+01,5.000000000000000000e-01
1.138300000000000978e+01,5.000000000000000000e-01
1.138400000000000922e+01,5.000000000000000000e-01
1.138500000000001044e+01,5.000000000000000000e-01
1.138600000000000989e+01,5.000000000000000000e-01
1.138700000000000934e+01,5.000000000000000000e-01
1.138800000000001056e+01,5.000000000000000000e-01
1.138900000000001000e+01,5.000000000000000000e-01
1.139000000000000945e+01,5.000000000000000000e-01
1.139100000000001067e+01,5.000000000000000000e-01
1.139200000000001012e+01,5.000000000000000000e-01
1.139300000000000956e+01,5.000000000000000000e-01
1.139400000000001079e+01,5.000000000000000000e-01
1.139500000000001023e+01,5.000000000000000000e-01
1.139600000000000968e+01,5.000000000000000000e-01
1.139700000000001090e+01,5.000000000000000000e-01
1.139800000000001035e+01,5.000000000000000000e-01
1.139900000000000979e+01,5.000000000000000000e-01
1.140000000000000924e+01,5.000000000000000000e-01
1.140100000000001046e+01,5.000000000000000000e-01
1.140200000000000990e+01,5.000000000000000000e-01
1.140300000000000935e+01,5.000000000000000000e-01
1.140400000000001057e+01,5.000000000000000000e-01
1.140500000000001002e+01,5.000000000000000000e-01
1.140600000000000946e+01,5.000000000000000000e-01
1.140700000000001069e+01,5.000000000000000000e-01
1.140800000000001013e+01,5.000000000000000000e-01
1.140900000000000958e+01,5.000000000000000000e-01
1.141000000000001080e+01,5.000000000000000000e-01
1.141100000000001025e+01,5.000000000000000000e-01
1.141200000000000969e+01,5.000000000000000000e-01
1.141300000000000914e+01,5.000000000000000000e-01
1.141400000000001036e+01,5.000000000000000000e-01
1.141500000000000981e+01,5.000000000000000000e-01
1.141600000000000925e+01,5.000000000000000000e-01
1.141700000000001047e+01,5.000000000000000000e-01
1.141800000000000992e+01,5.000000000000000000e-01
1.141900000000000936e+01,5.000000000000000000e-01
1.142000000000001059e+01,5.000000000000000000e-01
1.142100000000001003e+01,5.000000000000000000e-01
1.142200000000000948e+01,5.000000000000000000e-01
1.142300000000001070e+01,5.000000000000000000e-01
1.142400000000001015e+01,5.000000000000000000e-01
1.142500000000000959e+01,5.000000000000000000e-01
1.142600000000001081e+01,5.000000000000000000e-01
1.142700000000001026e+01,5.000000000000000000e-01
1.142800000000000971e+01,5.000000000000000000e-01
1.142900000000001093e+01,5.000000000000000000e-01
1.143000000000001037e+01,5.000000000000000000e-01
1.143100000000000982e+01,5.000000000000000000e-01
1.143200000000000927e+01,5.000000000000000000e-01
1.143300000000001049e+01,5.000000000000000000e-01
1.143400000000000993e+01,5.000000000000000000e-01
1.143500000000000938e+01,5.000000000000000000e-01
1.143600000000001060e+01,5.000000000000000000e-01
1.143700000000001005e+01,5.000000000000000000e-01
1.143800000000000949e+01,5.000000000000000000e-01
1.143900000000001071e+01,5.000000000000000000e-01
1.144000000000001016e+01,5.000000000000000000e-01
1.144100000000000961e+01,5.000000000000000000e-01
1.144200000000001083e+01,5.000000000000000000e-01
1.144300000000001027e+01,5.000000000000000000e-01
1.144400000000000972e+01,5.000000000000000000e-01
1.144500000000000917e+01,5.000000000000000000e-01
1.144600000000001039e+01,5.000000000000000000e-01
1.144700000000000983e+01,5.000000000000000000e-01
1.144800000000000928e+01,5.000000000000000000e-01
1.144900000000001050e+01,5.000000000000000000e-01
1.145000000000000995e+01,5.000000000000000000e-01
1.145100000000000939e+01,5.000000000000000000e-01
1.145200000000001062e+01,5.000000000000000000e-01
1.145300000000001006e+01,5.000000000000000000e-01
1.145400000000000951e+01,5.000000000000000000e-01
1.145500000000001073e+01,5.000000000000000000e-01
1.145600000000001017e+01,5.000000000000000000e-01
1.145700000000000962e+01,5.000000000000000000e-01
1.145800000000001084e+01,5.000000000000000000e-01
1.145900000000001029e+01,5.000000000000000000e-01
1.146000000000000973e+01,5.000000000000000000e-01
1.146100000000001096e+01,5.000000000000000000e-01
1.146200000000001040e+01,5.000000000000000000e-01
1.146300000000000985e+01,5.000000000000000000e-01
1.146400000000000929e+01,5.000000000000000000e-01
1.146500000000001052e+01,5.000000000000000000e-01
1.146600000000000996e+01,5.000000000000000000e-01
1.146700000000000941e+01,5.000000000000000000e-01
1.146800000000001063e+01,5.000000000000000000e-01
1.146900000000001008e+01,5.000000000000000000e-01
1.147000000000000952e+01,5.000000000000000000e-01
1.147100000000001074e+01,5.000000000000000000e-01
1.147200000000001019e+01,5.000000000000000000e-01
1.147300000000000963e+01,5.000000000000000000e-01
1.147400000000001086e+01,5.000000000000000000e-01
1.147500000000001030e+01,5.000000000000000000e-01
1.147600000000000975e+01,5.000000000000000000e-01
1.147700000000000919e+01,5.000000000000000000e-01
1.147800000000001042e+01,5.000000000000000000e-01
1.147900000000000986e+01,5.000000000000000000e-01
1.148000000000000931e+01,5.000000000000000000e-01
1.148100000000001053e+01,5.000000000000000000e-01
1.148200000000000998e+01,5.000000000000000000e-01
1.148300000000000942e+01,5.000000000000000000e-01
1.148400000000001064e+01,5.000000000000000000e-01
1.148500000000001009e+01,5.000000000000000000e-01
1.148600000000000954e+01,5.000000000000000000e-01
1.148700000000001076e+01,5.000000000000000000e-01
1.148800000000001020e+01,5.000000000000000000e-01
1.148900000000000965e+01,5.000000000000000000e-01
1.149000000000001087e+01,5.000000000000000000e-01
1.149100000000001032e+01,5.000000000000000000e-01
1.149200000000000976e+01,5.000000000000000000e-01
1.149300000000001098e+01,5.000000000000000000e-01
1.149400000000001043e+01,5.000000000000000000e-01
1.149500000000000988e+01,5.000000000000000000e-01
1.149600000000000932e+01,5.000000000000000000e-01
1.149700000000001054e+01,5.000000000000000000e-01
1.149800000000000999e+01,5.000000000000000000e-01
1.149900000000000944e+01,5.000000000000000000e-01
1.150000000000001066e+01,5.000000000000000000e-01
1.150100000000001010e+01,5.000000000000000000e-01
1.150200000000000955e+01,5.000000000000000000e-01
1.150300000000001077e+01,5.000000000000000000e-01
1.150400000000001022e+01,5.000000000000000000e-01
1.150500000000000966e+01,5.000000000000000000e-01
1.150600000000001089e+01,5.000000000000000000e-01
1.150700000000001033e+01,5.000000000000000000e-01
1.150800000000000978e+01,5.000000000000000000e-01
1.150900000000000922e+01,5.000000000000000000e-01
1.151000000000001044e+01,5.000000000000000000e-01
1.151100000000000989e+01,5.000000000000000000e-01
1.151200000000000934e+01,5.000000000000000000e-01
1.151300000000001056e+01,5.000000000000000000e-01
1.151400000000001000e+01,5.000000000000000000e-01
1.151500000000000945e+01,5.000000000000000000e-01
1.151600000000001067e+01,5.000000000000000000e-01
1.151700000000001012e+01,5.000000000000000000e-01
1.151800000000000956e+01,5.000000000000000000e-01
1.151900000000001079e+01,5.000000000000000000e-01
1.152000000000001023e+01,5.000000000000000000e-01
1.152100000000000968e+01,5.000000000000000000e-01
1.152200000000001090e+01,5.000000000000000000e-01
1.152300000000001035e+01,5.000000000000000000e-01
1.152400000000000979e+01,5.000000000000000000e-01
1.152500000000001101e+01,5.000000000000000000e-01
1.152600000000001046e+01,5.000000000000000000e-01
1.152700000000000990e+01,5.000000000000000000e-01
1.152800000000000935e+01,5.000000000000000000e-01
1.152900000000001057e+01,5.000000000000000000e-01
1.153000000000001002e+01,5.000000000000000000e-01
1.153100000000000946e+01,5.000000000000000000e-01
1.153200000000001069e+01,5.000000000000000000e-01
1.153300000000001013e+01,5.000000000000000000e-01
1.153400000000000958e+01,5.000000000000000000e-01
1.153500000000001080e+01,5.000000000000000000e-01
1.153600000000001025e+01,5.000000000000000000e-01
1.153700000000000969e+01,5.000000000000000000e-01
1.153800000000001091e+01,5.000000000000000000e-01
1.153900000000001036e+01,5.000000000000000000e-01
1.154000000000000981e+01,5.000000000000000000e-01
1.154100000000000925e+01,5.000000000000000000e-01
1.154200000000001047e+01,5.000000000000000000e-01
1.154300000000000992e+01,5.000000000000000000e-01
1.154400000000000936e+01,5.000000000000000000e-01
1.154500000000001059e+01,5.000000000000000000e-01
1.154600000000001003e+01,5.000000000000000000e-01
1.154700000000000948e+01,5.000000000000000000e-01
1.154800000000001070e+01,5.000000000000000000e-01
1.154900000000001015e+01,5.000000000000000000e-01
1.155000000000000959e+01,5.000000000000000000e-01
1.155100000000001081e+01,5.000000000000000000e-01
1.155200000000001026e+01,5.000000000000000000e-01
1.155300000000000971e+01,5.000000000000000000e-01
1.155400000000001093e+01,5.000000000000000000e-01
1.155500000000001037e+01,5.000000000000000000e-01
1.155600000000000982e+01,5.000000000000000000e-01
1.155700000000001104e+01,5.000000000000000000e-01
1.155800000000001049e+01,5.000000000000000000e-01
1.155900000000000993e+01,5.000000000000000000e-01
1.156000000000000938e+01,5.000000000000000000e-01
1.156100000000001060e+01,5.000000000000000000e-01
1.156200000000001005e+01,5.000000000000000000e-01
1.156300000000000949e+01,5.000000000000000000e-01
1.156400000000001071e+01,5.000000000000000000e-01
1.156500000000001016e+01,5.000000000000000000e-01
1.156600000000000961e+01,5.000000000000000000e-01
1.156700000000001083e+01,5.000000000000000000e-01
1.156800000000001027e+01,5.000000000000000000e-01
1.156900000000000972e+01,5.000000000000000000e-01
1.157000000000001094e+01,5.000000000000000000e-01
1.157100000000001039e+01,5.000000000000000000e-01
1.157200000000000983e+01,5.000000000000000000e-01
1.157300000000000928e+01,5.000000000000000000e-01
1.157400000000001050e+01,5.000000000000000000e-01
1.157500000000000995e+01,5.000000000000000000e-01
1.157600000000000939e+01,5.000000000000000000e-01
1.157700000000001062e+01,5.000000000000000000e-01
1.157800000000001006e+01,5.000000000000000000e-01
1.157900000000000951e+01,5.000000000000000000e-01
1.158000000000001073e+01,5.000000000000000000e-01
1.158100000000001017e+01,5.000000000000000000e-01
1.158200000000000962e+01,5.000000000000000000e-01
1.158300000000001084e+01,5.000000000000000000e-01
1.158400000000001029e+01,5.000000000000000000e-01
1.158500000000000973e+01,5.000000000000000000e-01
1.158600000000001096e+01,5.000000000000000000e-01
1.158700000000001040e+01,5.000000000000000000e-01
1.158800000000000985e+01,5.000000000000000000e-01
1.158900000000001107e+01,5.000000000000000000e-01
1.159000000000001052e+01,5.000000000000000000e-01
1.159100000000000996e+01,5.000000000000000000e-01
1.159200000000000941e+01,5.000000000000000000e-01
1.159300000000001063e+01,5.000000000000000000e-01
1.159400000000001008e+01,5.000000000000000000e-01
1.159500000000000952e+01,5.000000000000000000e-01
1.159600000000001074e+01,5.000000000000000000e-01
1.159700000000001019e+01,5.000000000000000000e-01
1.159800000000000963e+01,5.000000000000000000e-01
1.159900000000001086e+01,5.000000000000000000e-01
1.160000000000001030e+01,5.000000000000000000e-01
1.160100000000000975e+01,5.000000000000000000e-01
1.160200000000001097e+01,5.000000000000000000e-01
1.160300000000001042e+01,5.000000000000000000e-01
1.160400000000000986e+01,5.000000000000000000e-01
1.160500000000000931e+01,5.000000000000000000e-01
1.160600000000001053e+01,5.000000000000000000e-01
1.160700000000000998e+01,5.000000000000000000e-01
1.160800000000000942e+01,5.000000000000000000e-01
1.160900000000001064e+01,5.000000000000000000e-01
1.161000000000001009e+01,5.000000000000000000e-01
1.161100000000000954e+01,5.000000000000000000e-01
1.161200000000001076e+01,5.000000000000000000e-01
1.161300000000001020e+01,5.000000000000000000e-01
1.161400000000000965e+01,5.000000000000000000e-01
1.161500000000001087e+01,5.000000000000000000e-01
1.161600000000001032e+01,5.000000000000000000e-01
1.161700000000000976e+01,5.000000000000000000e-01
1.161800000000001098e+01,5.000000000000000000e-01
1.161900000000001043e+01,5.000000000000000000e-01
1.162000000000000988e+01,5.000000000000000000e-01
1.162100000000001110e+01,5.000000000000000000e-01
1.162200000000001054e+01,5.000000000000000000e-01
1.162300000000000999e+01,5.000000000000000000e-01
1.162400000000000944e+01,5.000000000000000000e-01
1.162500000000001066e+01,5.000000000000000000e-01
1.162600000000001010e+01,5.000000000000000000e-01
1.162700000000000955e+01,5.000000000000000000e-01
1.162800000000001077e+01,5.000000000000000000e-01
1.162900000000001022e+01,5.000000000000000000e-01
1.163000000000000966e+01,5.000000000000000000e-01
1.163100000000001089e+01,5.000000000000000000e-01
1.163200000000001033e+01,5.000000000000000000e-01
1.163300000000000978e+01,5.000000000000000000e-01
1.163400000000001100e+01,5.000000000000000000e-01
1.163500000000001044e+01,5.000000000000000000e-01
1.163600000000000989e+01,5.000000000000000000e-01
1.163700000000000934e+01,5.000000000000000000e-01
1.163800000000001056e+01,5.000000000000000000e-01
1.163900000000001000e+01,5.000000000000000000e-01
1.164000000000000945e+01,5.000000000000000000e-01
1.164100000000001067e+01,5.000000000000000000e-01
1.164200000000001012e+01,5.000000000000000000e-01
1.164300000000000956e+01,5.000000000000000000e-01
1.164400000000001079e+01,5.000000000000000000e-01
1.164500000000001023e+01,5.000000000000000000e-01
1.164600000000000968e+01,5.000000000000000000e-01
1.164700000000001090e+01,5.000000000000000000e-01
1.164800000000001035e+01,5.000000000000000000e-01
1.164900000000000979e+01,5.000000000000000000e-01
1.165000000000001101e+01,5.000000000000000000e-01
1.165100000000001046e+01,5.000000000000000000e-01
1.165200000000000990e+01,5.000000000000000000e-01
1.165300000000001113e+01,5.000000000000000000e-01
1.165400000000001057e+01,5.000000000000000000e-01
1.165500000000001002e+01,5.000000000000000000e-01
1.165600000000000946e+01,5.000000000000000000e-01
1.165700000000001069e+01,5.000000000000000000e-01
1.165800000000001013e+01,5.000000000000000000e-01
1.165900000000000958e+01,5.000000000000000000e-01
1.166000000000001080e+01,5.000000000000000000e-01
1.166100000000001025e+01,5.000000000000000000e-01
1.166200000000000969e+01,5.000000000000000000e-01
1.166300000000001091e+01,5.000000000000000000e-01
1.166400000000001036e+01,5.000000000000000000e-01
1.166500000000000981e+01,5.000000000000000000e-01
1.166600000000001103e+01,5.000000000000000000e-01
1.166700000000001047e+01,5.000000000000000000e-01
1.166800000000000992e+01,5.000000000000000000e-01
1.166900000000000936e+01,5.000000000000000000e-01
1.167000000000001059e+01,5.000000000000000000e-01
1.167100000000001003e+01,5.000000000000000000e-01
1.167200000000000948e+01,5.000000000000000000e-01
1.167300000000001070e+01,5.000000000000000000e-01
1.167400000000001015e+01,5.000000000000000000e-01
1.167500000000000959e+01,5.000000000000000000e-01
1.167600000000001081e+01,5.000000000000000000e-01
1.167700000000001026e+01,5.000000000000000000e-01
1.167800000000000971e+01,5.000000000000000000e-01
1.167900000000001093e+01,5.000000000000000000e-01
1.168000000000001037e+01,5.000000000000000000e-01
1.168100000000000982e+01,5.000000000000000000e-01
1.168200000000001104e+01,5.000000000000000000e-01
1.168300000000001049e+01,5.000000000000000000e-01
1.168400000000000993e+01,5.000000000000000000e-01
1.168500000000001116e+01,5.000000000000000000e-01
1.168600000000001060e+01,5.000000000000000000e-01
1.168700000000001005e+01,5.000000000000000000e-01
1.168800000000000949e+01,5.000000000000000000e-01
1.168900000000001071e+01,5.000000000000000000e-01
1.169000000000001016e+01,5.000000000000000000e-01
1.169100000000000961e+01,5.000000000000000000e-01
1.169200000000001083e+01,5.000000000000000000e-01
1.169300000000001027e+01,5.000000000000000000e-01
1.169400000000000972e+01,5.000000000000000000e-01
1.169500000000001094e+01,5.000000000000000000e-01
1.169600000000001039e+01,5.000000000000000000e-01
1.169700000000000983e+01,5.000000000000000000e-01
1.169800000000001106e+01,5.000000000000000000e-01
1.169900000000001050e+01,5.000000000000000000e-01
1.170000000000000995e+01,5.000000000000000000e-01
1.170100000000000939e+01,5.000000000000000000e-01
1.170200000000001062e+01,5.000000000000000000e-01
1.170300000000001006e+01,5.000000000000000000e-01
1.170400000000000951e+01,5.000000000000000000e-01
1.170500000000001073e+01,5.000000000000000000e-01
1.170600000000001017e+01,5.000000000000000000e-01
1.170700000000000962e+01,5.000000000000000000e-01
1.170800000000001084e+01,5.000000000000000000e-01
1.170900000000001029e+01,5.000000000000000000e-01
1.171000000000000973e+01,5.000000000000000000e-01
1.171100000000001096e+01,5.000000000000000000e-01
1.171200000000001040e+01,5.000000000000000000e-01
1.171300000000000985e+01,5.000000000000000000e-01
1.171400000000001107e+01,5.000000000000000000e-01
1.171500000000001052e+01,5.000000000000000000e-01
1.171600000000000996e+01,5.000000000000000000e-01
1.171700000000001118e+01,5.000000000000000000e-01
1.171800000000001063e+01,5.000000000000000000e-01
1.171900000000001008e+01,5.000000000000000000e-01
1.172000000000000952e+01,5.000000000000000000e-01
1.172100000000001074e+01,5.000000000000000000e-01
1.172200000000001019e+01,5.000000000000000000e-01
1.172300000000000963e+01,5.000000000000000000e-01
1.172400000000001086e+01,5.000000000000000000e-01
1.172500000000001030e+01,5.000000000000000000e-01
1.172600000000000975e+01,5.000000000000000000e-01
1.172700000000001097e+01,5.000000000000000000e-01
1.172800000000001042e+01,5.000000000000000000e-01
1.172900000000000986e+01,5.000000000000000000e-01
1.173000000000001108e+01,5.000000000000000000e-01
1.173100000000001053e+01,5.000000000000000000e-01
1.173200000000000998e+01,5.000000000000000000e-01
1.173300000000000942e+01,5.000000000000000000e-01
1.173400000000001064e+01,5.000000000000000000e-01
1.173500000000001009e+01,5.000000000000000000e-01
1.173600000000000954e+01,5.000000000000000000e-01
1.173700000000001076e+01,5.000000000000000000e-01
1.173800000000001020e+01,5.000000000000000000e-01
1.173900000000000965e+01,5.000000000000000000e-01
1.174000000000001087e+01,5.000000000000000000e-01
1.174100000000001032e+01,5.000000000000000000e-01
1.174200000000000976e+01,5.000000000000000000e-01
1.174300000000001098e+01,5.000000000000000000e-01
1.174400000000001043e+01,5.000000000000000000e-01
1.174500000000000988e+01,5.000000000000000000e-01
1.174600000000001110e+01,5.000000000000000000e-01
1.174700000000001054e+01,5.000000000000000000e-01
1.174800000000000999e+01,5.000000000000000000e-01
1.174900000000001121e+01,5.000000000000000000e-01
1.175000000000001066e+01,5.000000000000000000e-01
1.175100000000001010e+01,5.000000000000000000e-01
1.175200000000000955e+01,5.000000000000000000e-01
1.175300000000001077e+01,5.000000000000000000e-01
1.175400000000001022e+01,5.000000000000000000e-01
1.175500000000000966e+01,5.000000000000000000e-01
1.175600000000001089e+01,5.000000000000000000e-01
1.175700000000001033e+01,5.000000000000000000e-01
1.175800000000000978e+01,5.000000000000000000e-01
1.175900000000001100e+01,5.000000000000000000e-01
1.176000000000001044e+01,5.000000000000000000e-01
1.176100000000000989e+01,5.000000000000000000e-01
1.176200000000001111e+01,5.000000000000000000e-01
1.176300000000001056e+01,5.000000000000000000e-01
1.176400000000001000e+01,5.000000000000000000e-01
1.176500000000000945e+01,5.000000000000000000e-01
1.176600000000001067e+01,5.000000000000000000e-01
1.176700000000001012e+01,5.000000000000000000e-01
1.176800000000000956e+01,5.000000000000000000e-01
1.176900000000001079e+01,5.000000000000000000e-01
1.177000000000001023e+01,5.000000000000000000e-01
1.177100000000000968e+01,5.000000000000000000e-01
1.177200000000001090e+01,5.000000000000000000e-01
1.177300000000001035e+01,5.000000000000000000e-01
1.177400000000000979e+01,5.000000000000000000e-01
1.177500000000001101e+01,5.000000000000000000e-01
1.177600000000001046e+01,5.000000000000000000e-01
1.177700000000000990e+01,5.000000000000000000e-01
1.177800000000001113e+01,5.000000000000000000e-01
1.177900000000001057e+01,5.000000000000000000e-01
1.178000000000001002e+01,5.000000000000000000e-01
1.178100000000001124e+01,5.000000000000000000e-01
1.178200000000001069e+01,5.000000000000000000e-01
1.178300000000001013e+01,5.000000000000000000e-01
1.178400000000000958e+01,5.000000000000000000e-01
1.178500000000001080e+01,5.000000000000000000e-01
1.178600000000001025e+01,5.000000000000000000e-01
1.178700000000000969e+01,5.000000000000000000e-01
1.178800000000001091e+01,5.000000000000000000e-01
1.178900000000001036e+01,5.000000000000000000e-01
1.179000000000000981e+01,5.000000000000000000e-01
1.179100000000001103e+01,5.000000000000000000e-01
1.179200000000001047e+01,5.000000000000000000e-01
1.179300000000000992e+01,5.000000000000000000e-01
1.179400000000001114e+01,5.000000000000000000e-01
1.179500000000001059e+01,5.000000000000000000e-01
1.179600000000001003e+01,5.000000000000000000e-01
1.179700000000000948e+01,5.000000000000000000e-01
1.179800000000001070e+01,5.000000000000000000e-01
1.179900000000001015e+01,5.000000000000000000e-01
1.180000000000000959e+01,5.000000000000000000e-01
1.180100000000001081e+01,5.000000000000000000e-01
1.180200000000001026e+01,5.000000000000000000e-01
1.180300000000000971e+01,5.000000000000000000e-01
1.180400000000001093e+01,5.000000000000000000e-01
1.180500000000001037e+01,5.000000000000000000e-01
1.180600000000000982e+01,5.000000000000000000e-01
1.180700000000001104e+01,5.000000000000000000e-01
1.180800000000001049e+01,5.000000000000000000e-01
1.180900000000000993e+01,5.000000000000000000e-01
1.181000000000001116e+01,5.000000000000000000e-01
1.181100000000001060e+01,5.000000000000000000e-01
1.181200000000001005e+01,5.000000000000000000e-01
1.181300000000001127e+01,5.000000000000000000e-01
1.181400000000001071e+01,5.000000000000000000e-01
1.181500000000001016e+01,5.000000000000000000e-01
1.181600000000000961e+01,5.000000000000000000e-01
1.181700000000001083e+01,5.000000000000000000e-01
1.181800000000001027e+01,5.000000000000000000e-01
1.181900000000000972e+01,5.000000000000000000e-01
1.182000000000001094e+01,5.000000000000000000e-01
1.182100000000001039e+01,5.000000000000000000e-01
1.182200000000000983e+01,5.000000000000000000e-01
1.182300000000001106e+01,5.000000000000000000e-01
1.182400000000001050e+01,5.000000000000000000e-01
1.182500000000000995e+01,5.000000000000000000e-01
1.182600000000001117e+01,5.000000000000000000e-01
1.182700000000001062e+01,5.000000000000000000e-01
1.182800000000001006e+01,5.000000000000000000e-01
1.182900000000000951e+01,5.000000000000000000e-01
1.183000000000001073e+01,5.000000000000000000e-01
1.183100000000001017e+01,5.000000000000000000e-01
1.183200000000000962e+01,5.000000000000000000e-01
1.183300000000001084e+01,5.000000000000000000e-01
1.183400000000001029e+01,5.000000000000000000e-01
1.183500000000000973e+01,5.000000000000000000e-01
1.183600000000001096e+01,5.000000000000000000e-01
1.183700000000001040e+01,5.000000000000000000e-01
1.183800000000000985e+01,5.000000000000000000e-01
1.183900000000001107e+01,5.000000000000000000e-01
1.184000000000001052e+01,5.000000000000000000e-01
1.184100000000000996e+01,5.000000000000000000e-01
1.184200000000001118e+01,5.000000000000000000e-01
1.184300000000001063e+01,5.000000000000000000e-01
1.184400000000001008e+01,5.000000000000000000e-01
1.184500000000001130e+01,5.000000000000000000e-01
1.184600000000001074e+01,5.000000000000000000e-01
1.184700000000001019e+01,5.000000000000000000e-01
1.184800000000000963e+01,5.000000000000000000e-01
1.184900000000001086e+01,5.000000000000000000e-01
1.185000000000001030e+01,5.000000000000000000e-01
1.185100000000000975e+01,5.000000000000000000e-01
1.185200000000001097e+01,5.000000000000000000e-01
1.185300000000001042e+01,5.000000000000000000e-01
1.185400000000000986e+01,5.000000000000000000e-01
1.185500000000001108e+01,5.000000000000000000e-01
1.185600000000001053e+01,5.000000000000000000e-01
1.185700000000000998e+01,5.000000000000000000e-01
1.185800000000001120e+01,5.000000000000000000e-01
1.185900000000001064e+01,5.000000000000000000e-01
1.186000000000001009e+01,5.000000000000000000e-01
1.186100000000000954e+01,5.000000000000000000e-01
1.186200000000001076e+01,5.000000000000000000e-01
1.186300000000001020e+01,5.000000000000000000e-01
1.186400000000000965e+01,5.000000000000000000e-01
1.186500000000001087e+01,5.000000000000000000e-01
1.186600000000001032e+01,5.000000000000000000e-01
1.186700000000000976e+01,5.000000000000000000e-01
1.186800000000001098e+01,5.000000000000000000e-01
1.186900000000001043e+01,5.000000000000000000e-01
1.187000000000000988e+01,5.000000000000000000e-01
1.187100000000001110e+01,5.000000000000000000e-01
1.187200000000001054e+01,5.000000000000000000e-01
1.187300000000000999e+01,5.000000000000000000e-01
1.187400000000001121e+01,5.000000000000000000e-01
1.187500000000001066e+01,5.000000000000000000e-01
1.187600000000001010e+01,5.000000000000000000e-01
1.187700000000001133e+01,5.000000000000000000e-01
1.187800000000001077e+01,5.000000000000000000e-01
1.187900000000001022e+01,5.000000000000000000e-01
1.188000000000000966e+01,5.000000000000000000e-01
1.188100000000001089e+01,5.000000000000000000e-01
1.188200000000001033e+01,5.000000000000000000e-01
1.188300000000000978e+01,5.000000000000000000e-01
1.188400000000001100e+01,5.000000000000000000e-01
1.188500000000001044e+01,5.000000000000000000e-01
1.188600000000000989e+01,5.000000000000000000e-01
1.188700000000001111e+01,5.000000000000000000e-01
1.188800000000001056e+01,5.000000000000000000e-01
1.188900000000001000e+01,5.000000000000000000e-01
1.189000000000001123e+01,5.000000000000000000e-01
1.189100000000001067e+01,5.000000000000000000e-01
1.189200000000001012e+01,5.000000000000000000e-01
1.189300000000000956e+01,5.000000000000000000e-01
1.189400000000001079e+01,5.000000000000000000e-01
1.189500000000001023e+01,5.000000000000000000e-01
1.189600000000000968e+01,5.000000000000000000e-01
1.189700000000001090e+01,5.000000000000000000e-01
1.189800000000001035e+01,5.000000000000000000e-01
1.189900000000000979e+01,5.000000000000000000e-01
1.190000000000001101e+01,5.000000000000000000e-01
1.190100000000001046e+01,5.000000000000000000e-01
1.190200000000000990e+01,5.000000000000000000e-01
1.190300000000001113e+01,5.000000000000000000e-01
1.190400000000001057e+01,5.000000000000000000e-01
1.190500000000001002e+01,5.000000000000000000e-01
1.190600000000001124e+01,5.000000000000000000e-01
1.190700000000001069e+01,5.000000000000000000e-01
1.190800000000001013e+01,5.000000000000000000e-01
1.190900000000001135e+01,5.000000000000000000e-01
1.191000000000001080e+01,5.000000000000000000e-01
1.191100000000001025e+01,5.000000000000000000e-01
1.191200000000000969e+01,5.000000000000000000e-01
1.191300000000001091e+01,5.000000000000000000e-01
1.191400000000001036e+01,5.000000000000000000e-01
1.191500000000000981e+01,5.000000000000000000e-01
1.191600000000001103e+01,5.000000000000000000e-01
1.191700000000001047e+01,5.000000000000000000e-01
1.191800000000000992e+01,5.000000000000000000e-01
1.191900000000001114e+01,5.000000000000000000e-01
1.192000000000001059e+01,5.000000000000000000e-01
1.192100000000001003e+01,5.000000000000000000e-01
1.192200000000001125e+01,5.000000000000000000e-01
1.192300000000001070e+01,5.000000000000000000e-01
1.192400000000001015e+01,5.000000000000000000e-01
1.192500000000000959e+01,5.000000000000000000e-01
1.192600000000001081e+01,5.000000000000000000e-01
1.192700000000001026e+01,5.000000000000000000e-01
1.192800000000000971e+01,5.000000000000000000e-01
1.192900000000001093e+01,5.000000000000000000e-01
1.193000000000001037e+01,5.000000000000000000e-01
1.193100000000000982e+01,5.000000000000000000e-01
1.193200000000001104e+01,5.000000000000000000e-01
1.193300000000001049e+01,5.000000000000000000e-01
1.193400000000000993e+01,5.000000000000000000e-01
1.193500000000001116e+01,5.000000000000000000e-01
1.193600000000001060e+01,5.000000000000000000e-01
1.193700000000001005e+01,5.000000000000000000e-01
1.193800000000001127e+01,5.000000000000000000e-01
1.193900000000001071e+01,5.000000000000000000e-01
1.194000000000001016e+01,5.000000000000000000e-01
1.194100000000001138e+01,5.000000000000000000e-01
1.194200000000001083e+01,5.000000000000000000e-01
1.194300000000001027e+01,5.000000000000000000e-01
1.194400000000000972e+01,5.000000000000000000e-01
1.194500000000001094e+01,5.000000000000000000e-01
1.194600000000001039e+01,5.000000000000000000e-01
1.194700000000000983e+01,5.000000000000000000e-01
1.194800000000001106e+01,5.000000000000000000e-01
1.194900000000001050e+01,5.000000000000000000e-01
1.195000000000000995e+01,5.000000000000000000e-01
1.195100000000001117e+01,5.000000000000000000e-01
1.195200000000001062e+01,5.000000000000000000e-01
1.195300000000001006e+01,5.000000000000000000e-01
1.195400000000001128e+01,5.000000000000000000e-01
1.195500000000001073e+01,5.000000000000000000e-01
1.195600000000001017e+01,5.000000000000000000e-01
1.195700000000000962e+01,5.000000000000000000e-01
1.195800000000001084e+01,5.000000000000000000e-01
1.195900000000001029e+01,5.000000000000000000e-01
1.196000000000000973e+01,5.000000000000000000e-01
1.196100000000001096e+01,5.000000000000000000e-01
1.196200000000001040e+01,5.000000000000000000e-01
1.196300000000000985e+01,5.000000000000000000e-01
1.196400000000001107e+01,5.000000000000000000e-01
1.196500000000001052e+01,5.000000000000000000e-01
1.196600000000000996e+01,5.000000000000000000e-01
1.196700000000001118e+01,5.000000000000000000e-01
1.196800000000001063e+01,5.000000000000000000e-01
1.196900000000001008e+01,5.000000000000000000e-01
1.197000000000001130e+01,5.000000000000000000e-01
1.197100000000001074e+01,5.000000000000000000e-01
1.197200000000001019e+01,5.000000000000000000e-01
1.197300000000001141e+01,5.000000000000000000e-01
1.197400000000001086e+01,5.000000000000000000e-01
1.197500000000001030e+01,5.000000000000000000e-01
1.197600000000000975e+01,5.000000000000000000e-01
1.197700000000001097e+01,5.000000000000000000e-01
1.197800000000001042e+01,5.000000000000000000e-01
1.197900000000000986e+01,5.000000000000000000e-01
1.198000000000001108e+01,5.000000000000000000e-01
1.198100000000001053e+01,5.000000000000000000e-01
1.198200000000000998e+01,5.000000000000000000e-01
1.198300000000001120e+01,5.000000000000000000e-01
1.198400000000001064e+01,5.000000000000000000e-01
1.198500000000001009e+01,5.000000000000000000e-01
1.198600000000001131e+01,5.000000000000000000e-01
1.198700000000001076e+01,5.000000000000000000e-01
1.198800000000001020e+01,5.000000000000000000e-01
1.198900000000000965e+01,5.000000000000000000e-01
1.199000000000001087e+01,5.000000000000000000e-01
1.199100000000001032e+01,5.000000000000000000e-01
1.199200000000000976e+01,5.000000000000000000e-01
1.199300000000001098e+01,5.000000000000000000e-01
1.199400000000001043e+01,5.000000000000000000e-01
1.199500000000000988e+01,5.000000000000000000e-01
1.199600000000001110e+01,5.000000000000000000e-01
1.199700000000001054e+01,5.000000000000000000e-01
1.199800000000000999e+01,5.000000000000000000e-01
1.199900000000001121e+01,5.000000000000000000e-01
1.200000000000001066e+01,5.000000000000000000e-01
1.200100000000001010e+01,5.000000000000000000e-01
1.200200000000001133e+01,5.000000000000000000e-01
1.200300000000001077e+01,5.000000000000000000e-01
1.200400000000001022e+01,5.000000000000000000e-01
1.200500000000001144e+01,5.000000000000000000e-01
1.200600000000001089e+01,5.000000000000000000e-01
1.200700000000001033e+01,5.000000000000000000e-01
1.200800000000000978e+01,5.000000000000000000e-01
1.200900000000001100e+01,5.000000000000000000e-01
1.201000000000001044e+01,5.000000000000000000e-01
1.201100000000000989e+01,5.000000000000000000e-01
1.201200000000001111e+01,5.000000000000000000e-01
1.201300000000001056e+01,5.000000000000000000e-01
1.201400000000001000e+01,5.000000000000000000e-01
1.201500000000001123e+01,5.000000000000000000e-01
1.201600000000001067e+01,5.000000000000000000e-01
1.201700000000001012e+01,5.000000000000000000e-01
1.201800000000001134e+01,5.000000000000000000e-01
1.201900000000001079e+01,5.000000000000000000e-01
1.202000000000001023e+01,5.000000000000000000e-01
1.202100000000000968e+01,5.000000000000000000e-01
1.202200000000001090e+01,5.000000000000000000e-01
1.202300000000001035e+01,5.000000000000000000e-01
1.202400000000000979e+01,5.000000000000000000e-01
1.202500000000001101e+01,5.000000000000000000e-01
1.202600000000001046e+01,5.000000000000000000e-01
1.202700000000000990e+01,5.000000000000000000e-01
1.202800000000001113e+01,5.000000000000000000e-01
1.202900000000001057e+01,5.000000000000000000e-01
1.203000000000001002e+01,5.000000000000000000e-01
1.203100000000001124e+01,5.000000000000000000e-01
1.203200000000001069e+01,5.000000000000000000e-01
1.203300000000001013e+01,5.000000000000000000e-01
1.203400000000001135e+01,5.000000000000000000e-01
1.203500000000001080e+01,5.000000000000000000e-01
1.203600000000001025e+01,5.000000000000000000e-01
1.203700000000001147e+01,5.000000000000000000e-01
1.203800000000001091e+01,5.000000000000000000e-01
1.203900000000001036e+01,5.000000000000000000e-01
1.204000000000000981e+01,5.000000000000000000e-01
1.204100000000001103e+01,5.000000000000000000e-01
1.204200000000001047e+01,5.000000000000000000e-01
1.204300000000000992e+01,5.000000000000000000e-01
1.204400000000001114e+01,5.000000000000000000e-01
1.204500000000001059e+01,5.000000000000000000e-01
1.204600000000001003e+01,5.000000000000000000e-01
1.204700000000001125e+01,5.000000000000000000e-01
1.204800000000001070e+01,5.000000000000000000e-01
1.204900000000001015e+01,5.000000000000000000e-01
1.205000000000001137e+01,5.000000000000000000e-01
1.205100000000001081e+01,5.000000000000000000e-01
1.205200000000001026e+01,5.000000000000000000e-01
1.205300000000000971e+01,5.000000000000000000e-01
1.205400000000001093e+01,5.000000000000000000e-01
1.205500000000001037e+01,5.000000000000000000e-01
1.205600000000000982e+01,5.000000000000000000e-01
1.205700000000001104e+01,5.000000000000000000e-01
1.205800000000001049e+01,5.000000000000000000e-01
1.205900000000000993e+01,5.000000000000000000e-01
1.206000000000001116e+01,5.000000000000000000e-01
1.206100000000001060e+01,5.000000000000000000e-01
1.206200000000001005e+01,5.000000000000000000e-01
1.206300000000001127e+01,5.000000000000000000e-01
1.206400000000001071e+01,5.000000000000000000e-01
1.206500000000001016e+01,5.000000000000000000e-01
1.206600000000001138e+01,5.000000000000000000e-01
1.206700000000001083e+01,5.000000000000000000e-01
1.206800000000001027e+01,5.000000000000000000e-01
1.206900000000001150e+01,5.000000000000000000e-01
1.207000000000001094e+01,5.000000000000000000e-01
1.207100000000001039e+01,5.000000000000000000e-01
1.207200000000000983e+01,5.000000000000000000e-01
1.207300000000001106e+01,5.000000000000000000e-01
1.207400000000001050e+01,5.000000000000000000e-01
1.207500000000000995e+01,5.000000000000000000e-01
1.207600000000001117e+01,5.000000000000000000e-01
1.207700000000001062e+01,5.000000000000000000e-01
1.207800000000001006e+01,5.000000000000000000e-01
1.207900000000001128e+01,5.000000000000000000e-01
1.208000000000001073e+01,5.000000000000000000e-01
1.208100000000001017e+01,5.000000000000000000e-01
1.208200000000001140e+01,5.000000000000000000e-01
1.208300000000001084e+01,5.000000000000000000e-01
1.208400000000001029e+01,5.000000000000000000e-01
1.208500000000000973e+01,5.000000000000000000e-01
1.208600000000001096e+01,5.000000000000000000e-01
1.208700000000001040e+01,5.000000000000000000e-01
1.208800000000000985e+01,5.000000000000000000e-01
1.208900000000001107e+01,5.000000000000000000e-01
1.209000000000001052e+01,5.000000000000000000e-01
1.209100000000000996e+01,5.000000000000000000e-01
1.209200000000001118e+01,5.000000000000000000e-01
1.209300000000001063e+01,5.000000000000000000e-01
1.209400000000001008e+01,5.000000000000000000e-01
1.209500000000001130e+01,5.000000000000000000e-01
1.209600000000001074e+01,5.000000000000000000e-01
1.209700000000001019e+01,5.000000000000000000e-01
1.209800000000001141e+01,5.000000000000000000e-01
1.209900000000001086e+01,5.000000000000000000e-01
1.210000000000001030e+01,5.000000000000000000e-01
1.210100000000001153e+01,5.000000000000000000e-01
1.210200000000001097e+01,5.000000000000000000e-01
1.210300000000001042e+01,5.000000000000000000e-01
1.210400000000000986e+01,5.000000000000000000e-01
1.210500000000001108e+01,5.000000000000000000e-01
1.210600000000001053e+01,5.000000000000000000e-01
1.210700000000000998e+01,5.000000000000000000e-01
1.210800000000001120e+01,5.000000000000000000e-01
1.210900000000001064e+01,5.000000000000000000e-01
1.211000000000001009e+01,5.000000000000000000e-01
1.211100000000001131e+01,5.000000000000000000e-01
1.211200000000001076e+01,5.000000000000000000e-01
1.211300000000001020e+01,5.000000000000000000e-01
1.211400000000001143e+01,5.000000000000000000e-01
1.211500000000001087e+01,5.000000000000000000e-01
1.211600000000001032e+01,5.000000000000000000e-01
1.211700000000000976e+01,5.000000000000000000e-01
1.211800000000001098e+01,5.000000000000000000e-01
1.211900000000001043e+01,5.000000000000000000e-01
1.212000000000000988e+01,5.000000000000000000e-01
1.212100000000001110e+01,5.000000000000000000e-01
1.212200000000001054e+01,5.000000000000000000e-01
1.212300000000000999e+01,5.000000000000000000e-01
1.212400000000001121e+01,5.000000000000000000e-01
1.212500000000001066e+01,5.000000000000000000e-01
1.212600000000001010e+01,5.000000000000000000e-01
1.212700000000001133e+01,5.000000000000000000e-01
1.212800000000001077e+01,5.000000000000000000e-01
1.212900000000001022e+01,5.000000000000000000e-01
1.213000000000001144e+01,5.000000000000000000e-01
1.213100000000001089e+01,5.000000000000000000e-01
1.213200000000001033e+01,5.000000000000000000e-01
1.213300000000001155e+01,5.000000000000000000e-01
1.213400000000001100e+01,5.000000000000000000e-01
1.213500000000001044e+01,5.000000000000000000e-01
1.213600000000000989e+01,5.000000000000000000e-01
1.213700000000001111e+01,5.000000000000000000e-01
1.213800000000001056e+01,5.000000000000000000e-01
1.213900000000001000e+01,5.000000000000000000e-01
1.214000000000001123e+01,5.000000000000000000e-01
1.214100000000001067e+01,5.000000000000000000e-01
1.214200000000001012e+01,5.000000000000000000e-01
1.214300000000001134e+01,5.000000000000000000e-01
1.214400000000001079e+01,5.000000000000000000e-01
1.214500000000001023e+01,5.000000000000000000e-01
1.214600000000001145e+01,5.000000000000000000e-01
1.214700000000001090e+01,5.000000000000000000e-01
1.214800000000001035e+01,5.000000000000000000e-01
1.214900000000000979e+01,5.000000000000000000e-01
1.215000000000001101e+01,5.000000000000000000e-01
1.215100000000001046e+01,5.000000000000000000e-01
1.215200000000000990e+01,5.000000000000000000e-01
1.215300000000001113e+01,5.000000000000000000e-01
1.215400000000001057e+01,5.000000000000000000e-01
1.215500000000001002e+01,5.000000000000000000e-01
1.215600000000001124e+01,5.000000000000000000e-01
1.215700000000001069e+01,5.000000000000000000e-01
1.215800000000001013e+01,5.000000000000000000e-01
1.215900000000001135e+01,5.000000000000000000e-01
1.216000000000001080e+01,5.000000000000000000e-01
1.216100000000001025e+01,5.000000000000000000e-01
1.216200000000001147e+01,5.000000000000000000e-01
1.216300000000001091e+01,5.000000000000000000e-01
1.216400000000001036e+01,5.000000000000000000e-01
1.216500000000001158e+01,5.000000000000000000e-01
1.216600000000001103e+01,5.000000000000000000e-01
1.216700000000001047e+01,5.000000000000000000e-01
1.216800000000000992e+01,5.000000000000000000e-01
1.216900000000001114e+01,5.000000000000000000e-01
1.217000000000001059e+01,5.000000000000000000e-01
1.217100000000001003e+01,5.000000000000000000e-01
1.217200000000001125e+01,5.000000000000000000e-01
1.217300000000001070e+01,5.000000000000000000e-01
1.217400000000001015e+01,5.000000000000000000e-01
1.217500000000001137e+01,5.000000000000000000e-01
1.217600000000001081e+01,5.000000000000000000e-01
1.217700000000001026e+01,5.000000000000000000e-01
1.217800000000001148e+01,5.000000000000000000e-01
1.217900000000001093e+01,5.000000000000000000e-01
1.218000000000001037e+01,5.000000000000000000e-01
1.218100000000000982e+01,5.000000000000000000e-01
1.218200000000001104e+01,5.000000000000000000e-01
1.218300000000001049e+01,5.000000000000000000e-01
1.218400000000000993e+01,5.000000000000000000e-01
1.218500000000001116e+01,5.000000000000000000e-01
1.218600000000001060e+01,5.000000000000000000e-01
1.218700000000001005e+01,5.000000000000000000e-01
1.218800000000001127e+01,5.000000000000000000e-01
1.218900000000001071e+01,5.000000000000000000e-01
1.219000000000001016e+01,5.000000000000000000e-01
1.219100000000001138e+01,5.000000000000000000e-01
1.219200000000001083e+01,5.000000000000000000e-01
1.219300000000001027e+01,5.000000000000000000e-01
1.219400000000001150e+01,5.000000000000000000e-01
1.219500000000001094e+01,5.000000000000000000e-01
1.219600000000001039e+01,5.000000000000000000e-01
1.219700000000001161e+01,5.000000000000000000e-01
1.219800000000001106e+01,5.000000000000000000e-01
1.219900000000001050e+01,5.000000000000000000e-01
1.220000000000000995e+01,5.000000000000000000e-01
1.220100000000001117e+01,5.000000000000000000e-01
1.220200000000001062e+01,5.000000000000000000e-01
1.220300000000001006e+01,5.000000000000000000e-01
1.220400000000001128e+01,5.000000000000000000e-01
1.220500000000001073e+01,5.000000000000000000e-01
1.220600000000001017e+01,5.000000000000000000e-01
1.220700000000001140e+01,5.000000000000000000e-01
1.220800000000001084e+01,5.000000000000000000e-01
1.220900000000001029e+01,5.000000000000000000e-01
1.221000000000001151e+01,5.000000000000000000e-01
1.221100000000001096e+01,5.000000000000000000e-01
1.221200000000001040e+01,5.000000000000000000e-01
1.221300000000000985e+01,5.000000000000000000e-01
1.221400000000001107e+01,5.000000000000000000e-01
1.221500000000001052e+01,5.000000000000000000e-01
1.221600000000000996e+01,5.000000000000000000e-01
1.221700000000001118e+01,5.000000000000000000e-01
1.221800000000001063e+01,5.000000000000000000e-01
1.221900000000001008e+01,5.000000000000000000e-01
1.222000000000001130e+01,5.000000000000000000e-01
1.222100000000001074e+01,5.000000000000000000e-01
1.222200000000001019e+01,5.000000000000000000e-01
1.222300000000001141e+01,5.000000000000000000e-01
1.222400000000001086e+01,5.000000000000000000e-01
1.222500000000001030e+01,5.000000000000000000e-01
1.222600000000001153e+01,5.000000000000000000e-01
1.222700000000001097e+01,5.000000000000000000e-01
1.222800000000001042e+01,5.000000000000000000e-01
1.222900000000001164e+01,5.000000000000000000e-01
1.223000000000001108e+01,5.000000000000000000e-01
1.223100000000001053e+01,5.000000000000000000e-01
1.223200000000000998e+01,5.000000000000000000e-01
1.223300000000001120e+01,5.000000000000000000e-01
1.223400000000001064e+01,5.000000000000000000e-01
1.223500000000001009e+01,5.000000000000000000e-01
1.223600000000001131e+01,5.000000000000000000e-01
1.223700000000001076e+01,5.000000000000000000e-01
1.223800000000001020e+01,5.000000000000000000e-01
1.223900000000001143e+01,5.000000000000000000e-01
1.224000000000001087e+01,5.000000000000000000e-01
1.224100000000001032e+01,5.000000000000000000e-01
1.224200000000001154e+01,5.000000000000000000e-01
1.224300000000001098e+01,5.000000000000000000e-01
1.224400000000001043e+01,5.000000000000000000e-01
1.224500000000000988e+01,5.000000000000000000e-01
1.224600000000001110e+01,5.000000000000000000e-01
1.224700000000001054e+01,5.000000000000000000e-01
1.224800000000000999e+01,5.000000000000000000e-01
1.224900000000001121e+01,5.000000000000000000e-01
1.225000000000001066e+01,5.000000000000000000e-01
1.225100000000001010e+01,5.000000000000000000e-01
1.225200000000001133e+01,5.000000000000000000e-01
1.225300000000001077e+01,5.000000000000000000e-01
1.225400000000001022e+01,5.000000000000000000e-01
1.225500000000001144e+01,5.000000000000000000e-01
1.225600000000001089e+01,5.000000000000000000e-01
1.225700000000001033e+01,5.000000000000000000e-01
1.225800000000001155e+01,5.000000000000000000e-01
1.225900000000001100e+01,5.000000000000000000e-01
1.226000000000001044e+01,5.000000000000000000e-01
1.226100000000001167e+01,5.000000000000000000e-01
1.226200000000001111e+01,5.000000000000000000e-01
1.226300000000001056e+01,5.000000000000000000e-01
1.226400000000001000e+01,5.000000000000000000e-01
1.226500000000001123e+01,5.000000000000000000e-01
1.226600000000001067e+01,5.000000000000000000e-01
1.226700000000001012e+01,5.000000000000000000e-01
1.226800000000001134e+01,5.000000000000000000e-01
1.226900000000001079e+01,5.000000000000000000e-01
1.227000000000001023e+01,5.000000000000000000e-01
1.227100000000001145e+01,5.000000000000000000e-01
1.227200000000001090e+01,5.000000000000000000e-01
1.227300000000001035e+01,5.000000000000000000e-01
1.227400000000001157e+01,5.000000000000000000e-01
1.227500000000001101e+01,5.000000000000000000e-01
1.227600000000001046e+01,5.000000000000000000e-01
1.227700000000000990e+01,5.000000000000000000e-01
1.227800000000001113e+01,5.000000000000000000e-01
1.227900000000001057e+01,5.000000000000000000e-01
1.228000000000001002e+01,5.000000000000000000e-01
1.228100000000001124e+01,5.000000000000000000e-01
1.228200000000001069e+01,5.000000000000000000e-01
1.228300000000001013e+01,5.000000000000000000e-01
1.228400000000001135e+01,5.000000000000000000e-01
1.228500000000001080e+01,5.000000000000000000e-01
1.228600000000001025e+01,5.000000000000000000e-01
1.228700000000001147e+01,5.000000000000000000e-01
1.228800000000001091e+01,5.000000000000000000e-01
1.228900000000001036e+01,5.000000000000000000e-01
1.229000000000001158e+01,5.000000000000000000e-01
1.229100000000001103e+01,5.000000000000000000e-01
1.229200000000001047e+01,5.000000000000000000e-01
1.229300000000001170e+01,5.000000000000000000e-01
1.229400000000001114e+01,5.000000000000000000e-01
1.229500000000001059e+01,5.000000000000000000e-01
1.229600000000001003e+01,5.000000000000000000e-01
1.229700000000001125e+01,5.000000000000000000e-01
1.229800000000001070e+01,5.000000000000000000e-01
1.229900000000001015e+01,5.000000000000000000e-01
1.230000000000001137e+01,5.000000000000000000e-01
1.230100000000001081e+01,5.000000000000000000e-01
1.230200000000001026e+01,5.000000000000000000e-01
1.230300000000001148e+01,5.000000000000000000e-01
1.230400000000001093e+01,5.000000000000000000e-01
1.230500000000001037e+01,5.000000000000000000e-01
1.230600000000001160e+01,5.000000000000000000e-01
1.230700000000001104e+01,5.000000000000000000e-01
1.230800000000001049e+01,5.000000000000000000e-01
1.230900000000000993e+01,5.000000000000000000e-01
1.231000000000001116e+01,5.000000000000000000e-01
1.231100000000001060e+01,5.000000000000000000e-01
1.231200000000001005e+01,5.000000000000000000e-01
1.231300000000001127e+01,5.000000000000000000e-01
1.231400000000001071e+01,5.000000000000000000e-01
1.231500000000001016e+01,5.000000000000000000e-01
1.231600000000001138e+01,5.000000000000000000e-01
1.231700000000001083e+01,5.000000000000000000e-01
1.231800000000001027e+01,5.000000000000000000e-01
1.231900000000001150e+01,5.000000000000000000e-01
1.232000000000001094e+01,5.000000000000000000e-01
1.232100000000001039e+01,5.000000000000000000e-01
1.232200000000001161e+01,5.000000000000000000e-01
1.232300000000001106e+01,5.000000000000000000e-01
1.232400000000001050e+01,5.000000000000000000e-01
1.232500000000001172e+01,5.000000000000000000e-01
1.232600000000001117e+01,5.000000000000000000e-01
1.232700000000001062e+01,5.000000000000000000e-01
1.232800000000001006e+01,5.000000000000000000e-01
1.232900000000001128e+01,5.000000000000000000e-01
1.233000000000001073e+01,5.000000000000000000e-01
1.233100000000001017e+01,5.000000000000000000e-01
1.233200000000001140e+01,5.000000000000000000e-01
1.233300000000001084e+01,5.000000000000000000e-01
1.233400000000001029e+01,5.000000000000000000e-01
1.233500000000001151e+01,5.000000000000000000e-01
1.233600000000001096e+01,5.000000000000000000e-01
1.233700000000001040e+01,5.000000000000000000e-01
1.233800000000001162e+01,5.000000000000000000e-01
1.233900000000001107e+01,5.000000000000000000e-01
1.234000000000001052e+01,5.000000000000000000e-01
1.234100000000000996e+01,5.000000000000000000e-01
1.234200000000001118e+01,5.000000000000000000e-01
1.234300000000001063e+01,5.000000000000000000e-01
1.234400000000001008e+01,5.000000000000000000e-01
1.234500000000001130e+01,5.000000000000000000e-01
1.234600000000001074e+01,5.000000000000000000e-01
1.234700000000001019e+01,5.000000000000000000e-01
1.234800000000001141e+01,5.000000000000000000e-01
1.234900000000001086e+01,5.000000000000000000e-01
1.235000000000001030e+01,5.000000000000000000e-01
1.235100000000001153e+01,5.000000000000000000e-01
1.235200000000001097e+01,5.000000000000000000e-01
1.235300000000001042e+01,5.000000000000000000e-01
1.235400000000001164e+01,5.000000000000000000e-01
1.235500000000001108e+01,5.000000000000000000e-01
1.235600000000001053e+01,5.000000000000000000e-01
1.235700000000001175e+01,5.000000000000000000e-01
1.235800000000001120e+01,5.000000000000000000e-01
1.235900000000001064e+01,5.000000000000000000e-01
1.236000000000001009e+01,5.000000000000000000e-01
1.236100000000001131e+01,5.000000000000000000e-01
1.236200000000001076e+01,5.000000000000000000e-01
1.236300000000001020e+01,5.000000000000000000e-01
1.236400000000001143e+01,5.000000000000000000e-01
1.236500000000001087e+01,5.000000000000000000e-01
1.236600000000001032e+01,5.000000000000000000e-01
1.236700000000001154e+01,5.000000000000000000e-01
1.236800000000001098e+01,5.000000000000000000e-01
1.236900000000001043e+01,5.000000000000000000e-01
1.237000000000001165e+01,5.000000000000000000e-01
1.237100000000001110e+01,5.000000000000000000e-01
1.237200000000001054e+01,5.000000000000000000e-01
1.237300000000000999e+01,5.000000000000000000e-01
1.237400000000001121e+01,5.000000000000000000e-01
1.237500000000001066e+01,5.000000000000000000e-01
1.237600000000001010e+01,5.000000000000000000e-01
1.237700000000001133e+01,5.000000000000000000e-01
1.237800000000001077e+01,5.000000000000000000e-01
1.237900000000001022e+01,5.000000000000000000e-01
1.238000000000001144e+01,5.000000000000000000e-01
1.238100000000001089e+01,5.000000000000000000e-01
1.238200000000001033e+01,5.000000000000000000e-01
1.238300000000001155e+01,5.000000000000000000e-01
1.238400000000001100e+01,5.000000000000000000e-01
1.238500000000001044e+01,5.000000000000000000e-01
1.238600000000001167e+01,5.000000000000000000e-01
1.238700000000001111e+01,5.000000000000000000e-01
1.238800000000001056e+01,5.000000000000000000e-01
1.238900000000001178e+01,5.000000000000000000e-01
1.239000000000001123e+01,5.000000000000000000e-01
1.239100000000001067e+01,5.000000000000000000e-01
1.239200000000001012e+01,5.000000000000000000e-01
1.239300000000001134e+01,5.000000000000000000e-01
1.239400000000001079e+01,5.000000000000000000e-01
1.239500000000001023e+01,5.000000000000000000e-01
1.239600000000001145e+01,5.000000000000000000e-01
1.239700000000001090e+01,5.000000000000000000e-01
1.239800000000001035e+01,5.000000000000000000e-01
1.239900000000001157e+01,5.000000000000000000e-01
1.240000000000001101e+01,5.000000000000000000e-01
1.240100000000001046e+01,5.000000000000000000e-01
1.240200000000001168e+01,5.000000000000000000e-01
1.240300000000001113e+01,5.000000000000000000e-01
1.240400000000001057e+01,5.000000000000000000e-01
1.240500000000001002e+01,5.000000000000000000e-01
1.240600000000001124e+01,5.000000000000000000e-01
1.240700000000001069e+01,5.000000000000000000e-01
1.240800000000001013e+01,5.000000000000000000e-01
1.240900000000001135e+01,5.000000000000000000e-01
1.241000000000001080e+01,5.000000000000000000e-01
1.241100000000001025e+01,5.000000000000000000e-01
1.241200000000001147e+01,5.000000000000000000e-01
1.241300000000001091e+01,5.000000000000000000e-01
1.241400000000001036e+01,5.000000000000000000e-01
1.241500000000001158e+01,5.000000000000000000e-01
1.241600000000001103e+01,5.000000000000000000e-01
1.241700000000001047e+01,5.000000000000000000e-01
1.241800000000001170e+01,5.000000000000000000e-01
1.241900000000001114e+01,5.000000000000000000e-01
1.242000000000001059e+01,5.000000000000000000e-01
1.242100000000001181e+01,5.000000000000000000e-01
1.242200000000001125e+01,5.000000000000000000e-01
1.242300000000001070e+01,5.000000000000000000e-01
1.242400000000001015e+01,5.000000000000000000e-01
1.242500000000001137e+01,5.000000000000000000e-01
1.242600000000001081e+01,5.000000000000000000e-01
1.242700000000001026e+01,5.000000000000000000e-01
1.242800000000001148e+01,5.000000000000000000e-01
1.242900000000001093e+01,5.000000000000000000e-01
1.243000000000001037e+01,5.000000000000000000e-01
1.243100000000001160e+01,5.000000000000000000e-01
1.243200000000001104e+01,5.000000000000000000e-01
1.243300000000001049e+01,5.000000000000000000e-01
1.243400000000001171e+01,5.000000000000000000e-01
1.243500000000001116e+01,5.000000000000000000e-01
1.243600000000001060e+01,5.000000000000000000e-01
1.243700000000001005e+01,5.000000000000000000e-01
1.243800000000001127e+01,5.000000000000000000e-01
1.243900000000001071e+01,5.000000000000000000e-01
1.244000000000001016e+01,5.000000000000000000e-01
1.244100000000001138e+01,5.000000000000000000e-01
1.244200000000001083e+01,5.000000000000000000e-01
1.244300000000001027e+01,5.000000000000000000e-01
1.244400000000001150e+01,5.000000000000000000e-01
1.244500000000001094e+01,5.000000000000000000e-01
1.244600000000001039e+01,5.000000000000000000e-01
1.244700000000001161e+01,5.000000000000000000e-01
1.244800000000001106e+01,5.000000000000000000e-01
1.244900000000001050e+01,5.000000000000000000e-01
1.245000000000001172e+01,5.000000000000000000e-01
1.245100000000001117e+01,5.000000000000000000e-01
1.245200000000001062e+01,5.000000000000000000e-01
1.245300000000001184e+01,5.000000000000000000e-01
1.245400000000001128e+01,5.000000000000000000e-01
1.245500000000001073e+01,5.000000000000000000e-01
1.245600000000001017e+01,5.000000000000000000e-01
1.245700000000001140e+01,5.000000000000000000e-01
1.245800000000001084e+01,5.000000000000000000e-01
1.245900000000001029e+01,5.000000000000000000e-01
1.246000000000001151e+01,5.000000000000000000e-01
1.246100000000001096e+01,5.000000000000000000e-01
1.246200000000001040e+01,5.000000000000000000e-01
1.246300000000001162e+01,5.000000000000000000e-01
1.246400000000001107e+01,5.000000000000000000e-01
1.246500000000001052e+01,5.000000000000000000e-01
1.246600000000001174e+01,5.000000000000000000e-01
1.246700000000001118e+01,5.000000000000000000e-01
1.246800000000001063e+01,5.000000000000000000e-01
1.246900000000001008e+01,5.000000000000000000e-01
1.247000000000001130e+01,5.000000000000000000e-01
1.247100000000001074e+01,5.000000000000000000e-01
1.247200000000001019e+01,5.000000000000000000e-01
1.247300000000001141e+01,5.000000000000000000e-01
1.247400000000001086e+01,5.000000000000000000e-01
1.247500000000001030e+01,5.000000000000000000e-01
1.247600000000001153e+01,5.000000000000000000e-01
1.247700000000001097e+01,5.000000000000000000e-01
1.247800000000001042e+01,5.000000000000000000e-01
1.247900000000001164e+01,5.000000000000000000e-01
1.248000000000001108e+01,5.000000000000000000e-01
1.248100000000001053e+01,5.000000000000000000e-01
1.248200000000001175e+01,5.000000000000000000e-01
1.248300000000001120e+01,5.000000000000000000e-01
1.248400000000001064e+01,5.000000000000000000e-01
1.248500000000001187e+01,5.000000000000000000e-01
1.248600000000001131e+01,5.000000000000000000e-01
1.248700000000001076e+01,5.000000000000000000e-01
1.248800000000001020e+01,5.000000000000000000e-01
1.248900000000001143e+01,5.000000000000000000e-01
1.249000000000001087e+01,5.000000000000000000e-01
1.249100000000001032e+01,5.000000000000000000e-01
1.249200000000001154e+01,5.000000000000000000e-01
1.249300000000001098e+01,5.000000000000000000e-01
1.249400000000001043e+01,5.000000000000000000e-01
1.249500000000001165e+01,5.000000000000000000e-01
1.249600000000001110e+01,5.000000000000000000e-01
1.249700000000001054e+01,5.000000000000000000e-01
1.249800000000001177e+01,5.000000000000000000e-01
1.249900000000001121e+01,5.000000000000000000e-01
1.250000000000001066e+01,5.000000000000000000e-01
1.250100000000001010e+01,5.000000000000000000e-01
1.250200000000001133e+01,5.000000000000000000e-01
1.250300000000001077e+01,5.000000000000000000e-01
1.250400000000001022e+01,5.000000000000000000e-01
1.250500000000001144e+01,5.000000000000000000e-01
1.250600000000001089e+01,5.000000000000000000e-01
1.250700000000001033e+01,5.000000000000000000e-01
1.250800000000001155e+01,5.000000000000000000e-01
1.250900000000001100e+01,5.000000000000000000e-01
1.251000000000001044e+01,5.000000000000000000e-01
1.251100000000001167e+01,5.000000000000000000e-01
1.251200000000001111e+01,5.000000000000000000e-01
1.251300000000001056e+01,5.000000000000000000e-01
1.251400000000001178e+01,5.000000000000000000e-01
1.251500000000001123e+01,5.000000000000000000e-01
1.251600000000001067e+01,5.000000000000000000e-01
1.251700000000001189e+01,5.000000000000000000e-01
1.251800000000001134e+01,5.000000000000000000e-01
1.251900000000001079e+01,5.000000000000000000e-01
1.252000000000001023e+01,5.000000000000000000e-01
1.252100000000001145e+01,5.000000000000000000e-01
1.252200000000001090e+01,5.000000000000000000e-01
1.252300000000001035e+01,5.000000000000000000e-01
1.252400000000001157e+01,5.000000000000000000e-01
1.252500000000001101e+01,5.000000000000000000e-01
1.252600000000001046e+01,5.000000000000000000e-01
1.252700000000001168e+01,5.000000000000000000e-01
1.252800000000001113e+01,5.000000000000000000e-01
1.252900000000001057e+01,5.000000000000000000e-01
1.253000000000001180e+01,5.000000000000000000e-01
1.253100000000001124e+01,5.000000000000000000e-01
1.253200000000001069e+01,5.000000000000000000e-01
1.253300000000001013e+01,5.000000000000000000e-01
1.253400000000001135e+01,5.000000000000000000e-01
1.253500000000001080e+01,5.000000000000000000e-01
1.253600000000001025e+01,5.000000000000000000e-01
1.253700000000001147e+01,5.000000000000000000e-01
1.253800000000001091e+01,5.000000000000000000e-01
1.253900000000001036e+01,5.000000000000000000e-01
1.254000000000001158e+01,5.000000000000000000e-01
1.254100000000001103e+01,5.000000000000000000e-01
1.254200000000001047e+01,5.000000000000000000e-01
1.254300000000001170e+01,5.000000000000000000e-01
1.254400000000001114e+01,5.000000000000000000e-01
1.254500000000001059e+01,5.000000000000000000e-01
1.254600000000001181e+01,5.000000000000000000e-01
1.254700000000001125e+01,5.000000000000000000e-01
1.254800000000001070e+01,5.000000000000000000e-01
1.254900000000001192e+01,5.000000000000000000e-01
1.255000000000001137e+01,5.000000000000000000e-01
1.255100000000001081e+01,5.000000000000000000e-01
1.255200000000001026e+01,5.000000000000000000e-01
1.255300000000001148e+01,5.000000000000000000e-01
1.255400000000001093e+01,5.000000000000000000e-01
1.255500000000001037e+01,5.000000000000000000e-01
1.255600000000001160e+01,5.000000000000000000e-01
1.255700000000001104e+01,5.000000000000000000e-01
1.255800000000001049e+01,5.000000000000000000e-01
1.255900000000001171e+01,5.000000000000000000e-01
1.256000000000001116e+01,5.000000000000000000e-01
1.256100000000001060e+01,5.000000000000000000e-01
1.256200000000001182e+01,5.000000000000000000e-01
1.256300000000001127e+01,5.000000000000000000e-01
1.256400000000001071e+01,5.000000000000000000e-01
1.256500000000001016e+01,5.000000000000000000e-01
1.256600000000001138e+01,5.000000000000000000e-01
1.256700000000001083e+01,5.000000000000000000e-01
1.256800000000001027e+01,5.000000000000000000e-01
1.256900000000001150e+01,5.000000000000000000e-01
1.257000000000001094e+01,5.000000000000000000e-01
1.257100000000001039e+01,5.000000000000000000e-01
1.257200000000001161e+01,5.000000000000000000e-01
1.257300000000001106e+01,5.000000000000000000e-01
1.257400000000001050e+01,5.000000000000000000e-01
1.257500000000001172e+01,5.000000000000000000e-01
1.257600000000001117e+01,5.000000000000000000e-01
1.257700000000001062e+01,5.000000000000000000e-01
1.257800000000001184e+01,5.000000000000000000e-01
1.257900000000001128e+01,5.000000000000000000e-01
1.258000000000001073e+01,5.000000000000000000e-01
1.258100000000001195e+01,5.000000000000000000e-01
1.258200000000001140e+01,5.000000000000000000e-01
1.258300000000001084e+01,5.000000000000000000e-01
1.258400000000001029e+01,5.000000000000000000e-01
1.258500000000001151e+01,5.000000000000000000e-01
1.258600000000001096e+01,5.000000000000000000e-01
1.258700000000001040e+01,5.000000000000000000e-01
1.258800000000001162e+01,5.000000000000000000e-01
1.258900000000001107e+01,5.000000000000000000e-01
1.259000000000001052e+01,5.000000000000000000e-01
1.259100000000001174e+01,5.000000000000000000e-01
1.259200000000001118e+01,5.000000000000000000e-01
1.259300000000001063e+01,5.000000000000000000e-01
1.259400000000001185e+01,5.000000000000000000e-01
1.259500000000001130e+01,5.000000000000000000e-01
1.259600000000001074e+01,5.000000000000000000e-01
1.259700000000001019e+01,5.000000000000000000e-01
1.259800000000001141e+01,5.000000000000000000e-01
1.259900000000001086e+01,5.000000000000000000e-01
1.260000000000001030e+01,5.000000000000000000e-01
1.260100000000001153e+01,5.000000000000000000e-01
1.260200000000001097e+01,5.000000000000000000e-01
1.260300000000001042e+01,5.000000000000000000e-01
1.260400000000001164e+01,5.000000000000000000e-01
1.260500000000001108e+01,5.000000000000000000e-01
1.260600000000001053e+01,5.000000000000000000e-01
1.260700000000001175e+01,5.000000000000000000e-01
1.260800000000001120e+01,5.000000000000000000e-01
1.260900000000001064e+01,5.000000000000000000e-01
1.261000000000001187e+01,5.000000000000000000e-01
1.261100000000001131e+01,5.000000000000000000e-01
1.261200000000001076e+01,5.000000000000000000e-01
1.261300000000001198e+01,5.000000000000000000e-01
1.261400000000001143e+01,5.000000000000000000e-01
1.261500000000001087e+01,5.000000000000000000e-01
1.261600000000001032e+01,5.000000000000000000e-01
1.261700000000001154e+01,5.000000000000000000e-01
1.261800000000001098e+01,5.000000000000000000e-01
1.261900000000001043e+01,5.000000000000000000e-01
1.262000000000001165e+01,5.000000000000000000e-01
1.262100000000001110e+01,5.000000000000000000e-01
1.262200000000001054e+01,5.000000000000000000e-01
1.262300000000001177e+01,5.000000000000000000e-01
1.262400000000001121e+01,5.000000000000000000e-01
1.262500000000001066e+01,5.000000000000000000e-01
1.262600000000001188e+01,5.000000000000000000e-01
1.262700000000001133e+01,5.000000000000000000e-01
1.262800000000001077e+01,5.000000000000000000e-01
1.262900000000001022e+01,5.000000000000000000e-01
1.263000000000001144e+01,5.000000000000000000e-01
1.263100000000001089e+01,5.000000000000000000e-01
1.263200000000001033e+01,5.000000000000000000e-01
1.263300000000001155e+01,5.000000000000000000e-01
1.263400000000001100e+01,5.000000000000000000e-01
1.263500000000001044e+01,5.000000000000000000e-01
1.263600000000001167e+01,5.000000000000000000e-01
1.263700000000001111e+01,5.000000000000000000e-01
1.263800000000001056e+01,5.000000000000000000e-01
1.263900000000001178e+01,5.000000000000000000e-01
1.264000000000001123e+01,5.000000000000000000e-01
1.264100000000001067e+01,5.000000000000000000e-01
1.264200000000001189e+01,5.000000000000000000e-01
1.264300000000001134e+01,5.000000000000000000e-01
1.264400000000001079e+01,5.000000000000000000e-01
1.264500000000001201e+01,5.000000000000000000e-01
1.264600000000001145e+01,5.000000000000000000e-01
1.264700000000001090e+01,5.000000000000000000e-01
1.264800000000001035e+01,5.000000000000000000e-01
1.264900000000001157e+01,5.000000000000000000e-01
1.265000000000001101e+01,5.000000000000000000e-01
1.265100000000001046e+01,5.000000000000000000e-01
1.265200000000001168e+01,5.000000000000000000e-01
1.265300000000001113e+01,5.000000000000000000e-01
1.265400000000001057e+01,5.000000000000000000e-01
1.265500000000001180e+01,5.000000000000000000e-01
1.265600000000001124e+01,5.000000000000000000e-01
1.265700000000001069e+01,5.000000000000000000e-01
1.265800000000001191e+01,5.000000000000000000e-01
1.265900000000001135e+01,5.000000000000000000e-01
1.266000000000001080e+01,5.000000000000000000e-01
1.266100000000001025e+01,5.000000000000000000e-01
1.266200000000001147e+01,5.000000000000000000e-01
1.266300000000001091e+01,5.000000000000000000e-01
1.266400000000001036e+01,5.000000000000000000e-01
1.266500000000001158e+01,5.000000000000000000e-01
1.266600000000001103e+01,5.000000000000000000e-01
1.266700000000001047e+01,5.000000000000000000e-01
1.266800000000001170e+01,5.000000000000000000e-01
1.266900000000001114e+01,5.000000000000000000e-01
1.267000000000001059e+01,5.000000000000000000e-01
1.267100000000001181e+01,5.000000000000000000e-01
1.267200000000001125e+01,5.000000000000000000e-01
1.267300000000001070e+01,5.000000000000000000e-01
1.267400000000001192e+01,5.000000000000000000e-01
1.267500000000001137e+01,5.000000000000000000e-01
1.267600000000001081e+01,5.000000000000000000e-01
1.267700000000001204e+01,5.000000000000000000e-01
1.267800000000001148e+01,5.000000000000000000e-01
1.267900000000001093e+01,5.000000000000000000e-01
1.268000000000001037e+01,5.000000000000000000e-01
1.268100000000001160e+01,5.000000000000000000e-01
1.268200000000001104e+01,5.000000000000000000e-01
1.268300000000001049e+01,5.000000000000000000e-01
1.268400000000001171e+01,5.000000000000000000e-01
1.268500000000001116e+01,5.000000000000000000e-01
1.268600000000001060e+01,5.000000000000000000e-01
1.268700000000001182e+01,5.000000000000000000e-01
1.268800000000001127e+01,5.000000000000000000e-01
1.268900000000001071e+01,5.000000000000000000e-01
1.269000000000001194e+01,5.000000000000000000e-01
1.269100000000001138e+01,5.000000000000000000e-01
1.269200000000001083e+01,5.000000000000000000e-01
1.269300000000001027e+01,5.000000000000000000e-01
1.269400000000001150e+01,5.000000000000000000e-01
1.269500000000001094e+01,5.000000000000000000e-01
1.269600000000001039e+01,5.000000000000000000e-01
1.269700000000001161e+01,5.000000000000000000e-01
1.269800000000001106e+01,5.000000000000000000e-01
1.269900000000001050e+01,5.000000000000000000e-01
1.270000000000001172e+01,5.000000000000000000e-01
1.270100000000001117e+01,5.000000000000000000e-01
1.270200000000001062e+01,5.000000000000000000e-01
1.270300000000001184e+01,5.000000000000000000e-01
1.270400000000001128e+01,5.000000000000000000e-01
1.270500000000001073e+01,5.000000000000000000e-01
1.270600000000001195e+01,5.000000000000000000e-01
1.270700000000001140e+01,5.000000000000000000e-01
1.270800000000001084e+01,5.000000000000000000e-01
1.270900000000001207e+01,5.000000000000000000e-01
1.271000000000001151e+01,5.000000000000000000e-01
1.271100000000001096e+01,5.000000000000000000e-01
1.271200000000001040e+01,5.000000000000000000e-01
1.271300000000001162e+01,5.000000000000000000e-01
1.271400000000001107e+01,5.000000000000000000e-01
1.271500000000001052e+01,5.000000000000000000e-01
1.271600000000001174e+01,5.000000000000000000e-01
1.271700000000001118e+01,5.000000000000000000e-01
1.271800000000001063e+01,5.000000000000000000e-01
1.271900000000001185e+01,5.000000000000000000e-01
1.272000000000001130e+01,5.000000000000000000e-01
1.272100000000001074e+01,5.000000000000000000e-01
1.272200000000001197e+01,5.000000000000000000e-01
1.272300000000001141e+01,5.000000000000000000e-01
1.272400000000001086e+01,5.000000000000000000e-01
1.272500000000001030e+01,5.000000000000000000e-01
1.272600000000001153e+01,5.000000000000000000e-01
1.272700000000001097e+01,5.000000000000000000e-01
1.272800000000001042e+01,5.000000000000000000e-01
1.272900000000001164e+01,5.000000000000000000e-01
1.273000000000001108e+01,5.000000000000000000e-01
1.273100000000001053e+01,5.000000000000000000e-01
1.273200000000001175e+01,5.000000000000000000e-01
1.273300000000001120e+01,5.000000000000000000e-01
1.273400000000001064e+01,5.000000000000000000e-01
1.273500000000001187e+01,5.000000000000000000e-01
1.273600000000001131e+01,5.000000000000000000e-01
1.273700000000001076e+01,5.000000000000000000e-01
1.273800000000001198e+01,5.000000000000000000e-01
1.273900000000001143e+01,5.000000000000000000e-01
1.274000000000001087e+01,5.000000000000000000e-01
1.274100000000001209e+01,5.000000000000000000e-01
1.274200000000001154e+01,5.000000000000000000e-01
1.274300000000001098e+01,5.000000000000000000e-01
1.274400000000001043e+01,5.000000000000000000e-01
1.274500000000001165e+01,5.000000000000000000e-01
1.274600000000001110e+01,5.000000000000000000e-01
1.274700000000001054e+01,5.000000000000000000e-01
1.274800000000001177e+01,5.000000000000000000e-01
1.274900000000001121e+01,5.000000000000000000e-01
1.275000000000001066e+01,5.000000000000000000e-01
1.275100000000001188e+01,5.000000000000000000e-01
1.275200000000001133e+01,5.000000000000000000e-01
1.275300000000001077e+01,5.000000000000000000e-01
1.275400000000001199e+01,5.000000000000000000e-01
1.275500000000001144e+01,5.000000000000000000e-01
1.275600000000001089e+01,5.000000000000000000e-01
1.275700000000001033e+01,5.000000000000000000e-01
1.275800000000001155e+01,5.000000000000000000e-01
1.275900000000001100e+01,5.000000000000000000e-01
1.276000000000001044e+01,5.000000000000000000e-01
1.276100000000001167e+01,5.000000000000000000e-01
1.276200000000001111e+01,5.000000000000000000e-01
1.276300000000001056e+01,5.000000000000000000e-01
1.276400000000001178e+01,5.000000000000000000e-01
1.276500000000001123e+01,5.000000000000000000e-01
1.276600000000001067e+01,5.000000000000000000e-01
1.276700000000001189e+01,5.000000000000000000e-01
1.276800000000001134e+01,5.000000000000000000e-01
1.276900000000001079e+01,5.000000000000000000e-01
1.277000000000001201e+01,5.000000000000000000e-01
1.277100000000001145e+01,5.000000000000000000e-01
1.277200000000001090e+01,5.000000000000000000e-01
1.277300000000001212e+01,5.000000000000000000e-01
1.277400000000001157e+01,5.000000000000000000e-01
1.277500000000001101e+01,5.000000000000000000e-01
1.277600000000001046e+01,5.000000000000000000e-01
1.277700000000001168e+01,5.000000000000000000e-01
1.277800000000001113e+01,5.000000000000000000e-01
1.277900000000001057e+01,5.000000000000000000e-01
1.278000000000001180e+01,5.000000000000000000e-01
1.278100000000001124e+01,5.000000000000000000e-01
1.278200000000001069e+01,5.000000000000000000e-01
1.278300000000001191e+01,5.000000000000000000e-01
1.278400000000001135e+01,5.000000000000000000e-01
1.278500000000001080e+01,5.000000000000000000e-01
1.278600000000001202e+01,5.000000000000000000e-01
1.278700000000001147e+01,5.000000000000000000e-01
1.278800000000001091e+01,5.000000000000000000e-01
1.278900000000001036e+01,5.000000000000000000e-01
1.279000000000001158e+01,5.000000000000000000e-01
1.279100000000001103e+01,5.000000000000000000e-01
1.279200000000001047e+01,5.000000000000000000e-01
1.279300000000001170e+01,5.000000000000000000e-01
1.279400000000001114e+01,5.000000000000000000e-01
1.279500000000001059e+01,5.000000000000000000e-01
1.279600000000001181e+01,5.000000000000000000e-01
1.279700000000001125e+01,5.000000000000000000e-01
1.279800000000001070e+01,5.000000000000000000e-01
1.279900000000001192e+01,5.000000000000000000e-01
1.280000000000001137e+01,5.000000000000000000e-01
1.280100000000001081e+01,5.000000000000000000e-01
1.280200000000001204e+01,5.000000000000000000e-01
1.280300000000001148e+01,5.000000000000000000e-01
1.280400000000001093e+01,5.000000000000000000e-01
1.280500000000001215e+01,5.000000000000000000e-01
1.280600000000001160e+01,5.000000000000000000e-01
1.280700000000001104e+01,5.000000000000000000e-01
1.280800000000001049e+01,5.000000000000000000e-01
1.280900000000001171e+01,5.000000000000000000e-01
1.281000000000001116e+01,5.000000000000000000e-01
1.281100000000001060e+01,5.000000000000000000e-01
1.281200000000001182e+01,5.000000000000000000e-01
1.281300000000001127e+01,5.000000000000000000e-01
1.281400000000001071e+01,5.000000000000000000e-01
1.281500000000001194e+01,5.000000000000000000e-01
1.281600000000001138e+01,5.000000000000000000e-01
1.281700000000001083e+01,5.000000000000000000e-01
1.281800000000001205e+01,5.000000000000000000e-01
1.281900000000001150e+01,5.000000000000000000e-01
1.282000000000001094e+01,5.000000000000000000e-01
1.282100000000001039e+01,5.000000000000000000e-01
1.282200000000001161e+01,5.000000000000000000e-01
1.282300000000001106e+01,5.000000000000000000e-01
1.282400000000001050e+01,5.000000000000000000e-01
1.282500000000001172e+01,5.000000000000000000e-01
1.282600000000001117e+01,5.000000000000000000e-01
1.282700000000001062e+01,5.000000000000000000e-01
1.282800000000001184e+01,5.000000000000000000e-01
1.282900000000001128e+01,5.000000000000000000e-01
1.283000000000001073e+01,5.000000000000000000e-01
1.283100000000001195e+01,5.000000000000000000e-01
1.283200000000001140e+01,5.000000000000000000e-01
1.283300000000001084e+01,5.000000000000000000e-01
1.283400000000001207e+01,5.000000000000000000e-01
1.283500000000001151e+01,5.000000000000000000e-01
1.283600000000001096e+01,5.000000000000000000e-01
1.283700000000001218e+01,5.000000000000000000e-01
1.283800000000001162e+01,5.000000000000000000e-01
1.283900000000001107e+01,5.000000000000000000e-01
1.284000000000001052e+01,5.000000000000000000e-01
1.284100000000001174e+01,5.000000000000000000e-01
1.284200000000001118e+01,5.000000000000000000e-01
1.284300000000001063e+01,5.000000000000000000e-01
1.284400000000001185e+01,5.000000000000000000e-01
1.284500000000001130e+01,5.000000000000000000e-01
1.284600000000001074e+01,5.000000000000000000e-01
1.284700000000001197e+01,5.000000000000000000e-01
1.284800000000001141e+01,5.000000000000000000e-01
1.284900000000001086e+01,5.000000000000000000e-01
1.285000000000001208e+01,5.000000000000000000e-01
1.285100000000001153e+01,5.000000000000000000e-01
1.285200000000001097e+01,5.000000000000000000e-01
1.285300000000001042e+01,5.000000000000000000e-01
1.285400000000001164e+01,5.000000000000000000e-01
1.285500000000001108e+01,5.000000000000000000e-01
1.285600000000001053e+01,5.000000000000000000e-01
1.285700000000001175e+01,5.000000000000000000e-01
1.285800000000001120e+01,5.000000000000000000e-01
1.285900000000001064e+01,5.000000000000000000e-01
1.286000000000001187e+01,5.000000000000000000e-01
1.286100000000001131e+01,5.000000000000000000e-01
1.286200000000001076e+01,5.000000000000000000e-01
1.286300000000001198e+01,5.000000000000000000e-01
1.286400000000001143e+01,5.000000000000000000e-01
1.286500000000001087e+01,5.000000000000000000e-01
1.286600000000001209e+01,5.000000000000000000e-01
1.286700000000001154e+01,5.000000000000000000e-01
1.286800000000001098e+01,5.000000000000000000e-01
1.286900000000001221e+01,5.000000000000000000e-01
1.287000000000001165e+01,5.000000000000000000e-01
1.287100000000001110e+01,5.000000000000000000e-01
1.287200000000001054e+01,5.000000000000000000e-01
1.287300000000001177e+01,5.000000000000000000e-01
1.287400000000001121e+01,5.000000000000000000e-01
1.287500000000001066e+01,5.000000000000000000e-01
1.287600000000001188e+01,5.000000000000000000e-01
1.287700000000001133e+01,5.000000000000000000e-01
1.287800000000001077e+01,5.000000000000000000e-01
1.287900000000001199e+01,5.000000000000000000e-01
1.288000000000001144e+01,5.000000000000000000e-01
1.288100000000001089e+01,5.000000000000000000e-01
1.288200000000001211e+01,5.000000000000000000e-01
1.288300000000001155e+01,5.000000000000000000e-01
1.288400000000001100e+01,5.000000000000000000e-01
1.288500000000001044e+01,5.000000000000000000e-01
1.288600000000001167e+01,5.000000000000000000e-01
1.288700000000001111e+01,5.000000000000000000e-01
1.288800000000001056e+01,5.000000000000000000e-01
1.288900000000001178e+01,5.000000000000000000e-01
1.289000000000001123e+01,5.000000000000000000e-01
1.289100000000001067e+01,5.000000000000000000e-01
1.289200000000001189e+01,5.000000000000000000e-01
1.289300000000001134e+01,5.000000000000000000e-01
1.289400000000001079e+01,5.000000000000000000e-01
1.289500000000001201e+01,5.000000000000000000e-01
1.289600000000001145e+01,5.000000000000000000e-01
1.289700000000001090e+01,5.000000000000000000e-01
1.289800000000001212e+01,5.000000000000000000e-01
1.289900000000001157e+01,5.000000000000000000e-01
1.290000000000001101e+01,5.000000000000000000e-01
1.290100000000001224e+01,5.000000000000000000e-01
1.290200000000001168e+01,5.000000000000000000e-01
1.290300000000001113e+01,5.000000000000000000e-01
1.290400000000001057e+01,5.000000000000000000e-01
1.290500000000001180e+01,5.000000000000000000e-01
1.290600000000001124e+01,5.000000000000000000e-01
1.290700000000001069e+01,5.000000000000000000e-01
1.290800000000001191e+01,5.000000000000000000e-01
1.290900000000001135e+01,5.000000000000000000e-01
1.291000000000001080e+01,5.000000000000000000e-01
1.291100000000001202e+01,5.000000000000000000e-01
1.291200000000001147e+01,5.000000000000000000e-01
1.291300000000001091e+01,5.000000000000000000e-01
1.291400000000001214e+01,5.000000000000000000e-01
1.291500000000001158e+01,5.000000000000000000e-01
1.291600000000001103e+01,5.000000000000000000e-01
1.291700000000001047e+01,5.000000000000000000e-01
1.291800000000001170e+01,5.000000000000000000e-01
1.291900000000001114e+01,5.000000000000000000e-01
1.292000000000001059e+01,5.000000000000000000e-01
1.292100000000001181e+01,5.000000000000000000e-01
1.292200000000001125e+01,5.000000000000000000e-01
1.292300000000001070e+01,5.000000000000000000e-01
1.292400000000001192e+01,5.000000000000000000e-01
1.292500000000001137e+01,5.000000000000000000e-01
1.292600000000001081e+01,5.000000000000000000e-01
1.292700000000001204e+01,5.000000000000000000e-01
1.292800000000001148e+01,5.000000000000000000e-01
1.292900000000001093e+01,5.000000000000000000e-01
1.293000000000001215e+01,5.000000000000000000e-01
1.293100000000001160e+01,5.000000000000000000e-01
1.293200000000001104e+01,5.000000000000000000e-01
1.293300000000001226e+01,5.000000000000000000e-01
1.293400000000001171e+01,5.000000000000000000e-01
1.293500000000001116e+01,5.000000000000000000e-01
1.293600000000001060e+01,5.000000000000000000e-01
1.293700000000001182e+01,5.000000000000000000e-01
1.293800000000001127e+01,5.000000000000000000e-01
1.293900000000001071e+01,5.000000000000000000e-01
1.294000000000001194e+01,5.000000000000000000e-01
1.294100000000001138e+01,5.000000000000000000e-01
1.294200000000001083e+01,5.000000000000000000e-01
1.294300000000001205e+01,5.000000000000000000e-01
1.294400000000001150e+01,5.000000000000000000e-01
1.294500000000001094e+01,5.000000000000000000e-01
1.294600000000001216e+01,5.000000000000000000e-01
1.294700000000001161e+01,5.000000000000000000e-01
1.294800000000001106e+01,5.000000000000000000e-01
1.294900000000001050e+01,5.000000000000000000e-01
1.295000000000001172e+01,5.000000000000000000e-01
1.295100000000001117e+01,5.000000000000000000e-01
1.295200000000001062e+01,5.000000000000000000e-01
1.295300000000001184e+01,5.000000000000000000e-01
1.295400000000001128e+01,5.000000000000000000e-01
1.295500000000001073e+01,5.000000000000000000e-01
1.295600000000001195e+01,5.000000000000000000e-01
1.295700000000001140e+01,5.000000000000000000e-01
1.295800000000001084e+01,5.000000000000000000e-01
1.295900000000001207e+01,5.000000000000000000e-01
1.296000000000001151e+01,5.000000000000000000e-01
1.296100000000001096e+01,5.000000000000000000e-01
1.296200000000001218e+01,5.000000000000000000e-01
1.296300000000001162e+01,5.000000000000000000e-01
1.296400000000001107e+01,5.000000000000000000e-01
1.296500000000001229e+01,5.000000000000000000e-01
1.296600000000001174e+01,5.000000000000000000e-01
1.296700000000001118e+01,5.000000000000000000e-01
1.296800000000001063e+01,5.000000000000000000e-01
1.296900000000001185e+01,5.000000000000000000e-01
1.297000000000001130e+01,5.000000000000000000e-01
1.297100000000001074e+01,5.000000000000000000e-01
1.297200000000001197e+01,5.000000000000000000e-01
1.297300000000001141e+01,5.000000000000000000e-01
1.297400000000001086e+01,5.000000000000000000e-01
1.297500000000001208e+01,5.000000000000000000e-01
1.297600000000001153e+01,5.000000000000000000e-01
1.297700000000001097e+01,5.000000000000000000e-01
1.297800000000001219e+01,5.000000000000000000e-01
1.297900000000001164e+01,5.000000000000000000e-01
1.298000000000001108e+01,5.000000000000000000e-01
1.298100000000001053e+01,5.000000000000000000e-01
1.298200000000001175e+01,5.000000000000000000e-01
1.298300000000001120e+01,5.000000000000000000e-01
1.298400000000001064e+01,5.000000000000000000e-01
1.298500000000001187e+01,5.000000000000000000e-01
1.298600000000001131e+01,5.000000000000000000e-01
1.298700000000001076e+01,5.000000000000000000e-01
1.298800000000001198e+01,5.000000000000000000e-01
1.298900000000001143e+01,5.000000000000000000e-01
1.299000000000001087e+01,5.000000000000000000e-01
1.299100000000001209e+01,5.000000000000000000e-01
1.299200000000001154e+01,5.000000000000000000e-01
1.299300000000001098e+01,5.000000000000000000e-01
1.299400000000001221e+01,5.000000000000000000e-01
1.299500000000001165e+01,5.000000000000000000e-01
1.299600000000001110e+01,5.000000000000000000e-01
1.299700000000001232e+01,5.000000000000000000e-01
1.299800000000001177e+01,5.000000000000000000e-01
1.299900000000001121e+01,5.000000000000000000e-01
1.300000000000001066e+01,5.000000000000000000e-01
1.300100000000001188e+01,5.000000000000000000e-01
1.300200000000001133e+01,5.000000000000000000e-01
1.300300000000001077e+01,5.000000000000000000e-01
1.300400000000001199e+01,5.000000000000000000e-01
1.300500000000001144e+01,5.000000000000000000e-01
1.300600000000001089e+01,5.000000000000000000e-01
1.300700000000001211e+01,5.000000000000000000e-01
1.300800000000001155e+01,5.000000000000000000e-01
1.300900000000001100e+01,5.000000000000000000e-01
1.301000000000001222e+01,5.000000000000000000e-01
1.301100000000001167e+01,5.000000000000000000e-01
1.301200000000001111e+01,5.000000000000000000e-01
1.301300000000001056e+01,5.000000000000000000e-01
1.301400000000001178e+01,5.000000000000000000e-01
1.301500000000001123e+01,5.000000000000000000e-01
1.301600000000001067e+01,5.000000000000000000e-01
1.301700000000001189e+01,5.000000000000000000e-01
1.301800000000001134e+01,5.000000000000000000e-01
1.301900000000001079e+01,5.000000000000000000e-01
1.302000000000001201e+01,5.000000000000000000e-01
1.302100000000001145e+01,5.000000000000000000e-01
1.302200000000001090e+01,5.000000000000000000e-01
1.302300000000001212e+01,5.000000000000000000e-01
1.302400000000001157e+01,5.000000000000000000e-01
1.302500000000001101e+01,5.000000000000000000e-01
1.302600000000001224e+01,5.000000000000000000e-01
1.302700000000001168e+01,5.000000000000000000e-01
1.302800000000001113e+01,5.000000000000000000e-01
1.302900000000001235e+01,5.000000000000000000e-01
1.303000000000001180e+01,5.000000000000000000e-01
1.303100000000001124e+01,5.000000000000000000e-01
1.303200000000001069e+01,5.000000000000000000e-01
1.303300000000001191e+01,5.000000000000000000e-01
1.303400000000001135e+01,5.000000000000000000e-01
1.303500000000001080e+01,5.000000000000000000e-01
1.303600000000001202e+01,5.000000000000000000e-01
1.303700000000001147e+01,5.000000000000000000e-01
1.303800000000001091e+01,5.000000000000000000e-01
1.303900000000001214e+01,5.000000000000000000e-01
1.304000000000001158e+01,5.000000000000000000e-01
1.304100000000001103e+01,5.000000000000000000e-01
1.304200000000001225e+01,5.000000000000000000e-01
1.304300000000001170e+01,5.000000000000000000e-01
1.304400000000001114e+01,5.000000000000000000e-01
1.304500000000001059e+01,5.000000000000000000e-01
1.304600000000001181e+01,5.000000000000000000e-01
1.304700000000001125e+01,5.000000000000000000e-01
1.304800000000001070e+01,5.000000000000000000e-01
1.304900000000001192e+01,5.000000000000000000e-01
1.305000000000001137e+01,5.000000000000000000e-01
1.305100000000001081e+01,5.000000000000000000e-01
1.305200000000001204e+01,5.000000000000000000e-01
1.305300000000001148e+01,5.000000000000000000e-01
1.305400000000001093e+01,5.000000000000000000e-01
1.305500000000001215e+01,5.000000000000000000e-01
1.305600000000001160e+01,5.000000000000000000e-01
1.305700000000001104e+01,5.000000000000000000e-01
1.305800000000001226e+01,5.000000000000000000e-01
1.305900000000001171e+01,5.000000000000000000e-01
1.306000000000001116e+01,5.000000000000000000e-01
1.306100000000001238e+01,5.000000000000000000e-01
1.306200000000001182e+01,5.000000000000000000e-01
1.306300000000001127e+01,5.000000000000000000e-01
1.306400000000001071e+01,5.000000000000000000e-01
1.306500000000001194e+01,5.000000000000000000e-01
1.306600000000001138e+01,5.000000000000000000e-01
1.306700000000001083e+01,5.000000000000000000e-01
1.306800000000001205e+01,5.000000000000000000e-01
1.306900000000001150e+01,5.000000000000000000e-01
1.307000000000001094e+01,5.000000000000000000e-01
1.307100000000001216e+01,5.000000000000000000e-01
1.307200000000001161e+01,5.000000000000000000e-01
1.307300000000001106e+01,5.000000000000000000e-01
1.307400000000001228e+01,5.000000000000000000e-01
1.307500000000001172e+01,5.000000000000000000e-01
1.307600000000001117e+01,5.000000000000000000e-01
1.307700000000001062e+01,5.000000000000000000e-01
1.307800000000001184e+01,5.000000000000000000e-01
1.307900000000001128e+01,5.000000000000000000e-01
1.308000000000001073e+01,5.000000000000000000e-01
1.308100000000001195e+01,5.000000000000000000e-01
1.308200000000001140e+01,5.000000000000000000e-01
1.308300000000001084e+01,5.000000000000000000e-01
1.308400000000001207e+01,5.000000000000000000e-01
1.308500000000001151e+01,5.000000000000000000e-01
1.308600000000001096e+01,5.000000000000000000e-01
1.308700000000001218e+01,5.000000000000000000e-01
1.308800000000001162e+01,5.000000000000000000e-01
1.308900000000001107e+01,5.000000000000000000e-01
1.309000000000001229e+01,5.000000000000000000e-01
1.309100000000001174e+01,5.000000000000000000e-01
1.309200000000001118e+01,5.000000000000000000e-01
1.309300000000001241e+01,5.000000000000000000e-01
1.309400000000001185e+01,5.000000000000000000e-01
1.309500000000001130e+01,5.000000000000000000e-01
1.309600000000001074e+01,5.000000000000000000e-01
1.309700000000001197e+01,5.000000000000000000e-01
1.309800000000001141e+01,5.000000000000000000e-01
1.309900000000001086e+01,5.000000000000000000e-01
1.310000000000001208e+01,5.000000000000000000e-01
1.310100000000001153e+01,5.000000000000000000e-01
1.310200000000001097e+01,5.000000000000000000e-01
1.310300000000001219e+01,5.000000000000000000e-01
1.310400000000001164e+01,5.000000000000000000e-01
1.310500000000001108e+01,5.000000000000000000e-01
1.310600000000001231e+01,5.000000000000000000e-01
1.310700000000001175e+01,5.000000000000000000e-01
1.310800000000001120e+01,5.000000000000000000e-01
1.310900000000001064e+01,5.000000000000000000e-01
1.311000000000001187e+01,5.000000000000000000e-01
1.311100000000001131e+01,5.000000000000000000e-01
1.311200000000001076e+01,5.000000000000000000e-01
1.311300000000001198e+01,5.000000000000000000e-01
1.311400000000001143e+01,5.000000000000000000e-01
1.311500000000001087e+01,5.000000000000000000e-01
1.311600000000001209e+01,5.000000000000000000e-01
1.311700000000001154e+01,5.000000000000000000e-01
1.311800000000001098e+01,5.000000000000000000e-01
1.311900000000001221e+01,5.000000000000000000e-01
1.312000000000001165e+01,5.000000000000000000e-01
1.312100000000001110e+01,5.000000000000000000e-01
1.312200000000001232e+01,5.000000000000000000e-01
1.312300000000001177e+01,5.000000000000000000e-01
1.312400000000001121e+01,5.000000000000000000e-01
1.312500000000001243e+01,5.000000000000000000e-01
1.312600000000001188e+01,5.000000000000000000e-01
1.312700000000001133e+01,5.000000000000000000e-01
1.312800000000001077e+01,5.000000000000000000e-01
1.312900000000001199e+01,5.000000000000000000e-01
1.313000000000001144e+01,5.000000000000000000e-01
1.313100000000001089e+01,5.000000000000000000e-01
1.313200000000001211e+01,5.000000000000000000e-01
1.313300000000001155e+01,5.000000000000000000e-01
1.313400000000001100e+01,5.000000000000000000e-01
1.313500000000001222e+01,5.000000000000000000e-01
1.313600000000001167e+01,5.000000000000000000e-01
1.313700000000001111e+01,5.000000000000000000e-01
1.313800000000001234e+01,5.000000000000000000e-01
1.313900000000001178e+01,5.000000000000000000e-01
1.314000000000001123e+01,5.000000000000000000e-01
1.314100000000001067e+01,5.000000000000000000e-01
1.314200000000001189e+01,5.000000000000000000e-01
1.314300000000001134e+01,5.000000000000000000e-01
1.314400000000001079e+01,5.000000000000000000e-01
1.314500000000001201e+01,5.000000000000000000e-01
1.314600000000001145e+01,5.000000000000000000e-01
1.314700000000001090e+01,5.000000000000000000e-01
1.314800000000001212e+01,5.000000000000000000e-01
1.314900000000001157e+01,5.000000000000000000e-01
1.315000000000001101e+01,5.000000000000000000e-01
1.315100000000001224e+01,5.000000000000000000e-01
1.315200000000001168e+01,5.000000000000000000e-01
1.315300000000001113e+01,5.000000000000000000e-01
1.315400000000001235e+01,5.000000000000000000e-01
1.315500000000001180e+01,5.000000000000000000e-01
1.315600000000001124e+01,5.000000000000000000e-01
1.315700000000001246e+01,5.000000000000000000e-01
1.315800000000001191e+01,5.000000000000000000e-01
1.315900000000001135e+01,5.000000000000000000e-01
1.316000000000001080e+01,5.000000000000000000e-01
1.316100000000001202e+01,5.000000000000000000e-01
1.316200000000001147e+01,5.000000000000000000e-01
1.316300000000001091e+01,5.000000000000000000e-01
1.316400000000001214e+01,5.000000000000000000e-01
1.316500000000001158e+01,5.000000000000000000e-01
1.316600000000001103e+01,5.000000000000000000e-01
1.316700000000001225e+01,5.000000000000000000e-01
1.316800000000001170e+01,5.000000000000000000e-01
1.316900000000001114e+01,5.000000000000000000e-01
1.317000000000001236e+01,5.000000000000000000e-01
1.317100000000001181e+01,5.000000000000000000e-01
1.317200000000001125e+01,5.000000000000000000e-01
1.317300000000001070e+01,5.000000000000000000e-01
1.317400000000001192e+01,5.000000000000000000e-01
1.317500000000001137e+01,5.000000000000000000e-01
1.317600000000001081e+01,5.000000000000000000e-01
1.317700000000001204e+01,5.000000000000000000e-01
1.317800000000001148e+01,5.000000000000000000e-01
1.317900000000001093e+01,5.000000000000000000e-01
1.318000000000001215e+01,5.000000000000000000e-01
1.318100000000001160e+01,5.000000000000000000e-01
1.318200000000001104e+01,5.000000000000000000e-01
1.318300000000001226e+01,5.000000000000000000e-01
1.318400000000001171e+01,5.000000000000000000e-01
1.318500000000001116e+01,5.000000000000000000e-01
1.318600000000001238e+01,5.000000000000000000e-01
1.318700000000001182e+01,5.000000000000000000e-01
1.318800000000001127e+01,5.000000000000000000e-01
1.318900000000001249e+01,5.000000000000000000e-01
1.319000000000001194e+01,5.000000000000000000e-01
1.319100000000001138e+01,5.000000000000000000e-01
1.319200000000001083e+01,5.000000000000000000e-01
1.319300000000001205e+01,5.000000000000000000e-01
1.319400000000001150e+01,5.000000000000000000e-01
1.319500000000001094e+01,5.000000000000000000e-01
1.319600000000001216e+01,5.000000000000000000e-01
1.319700000000001161e+01,5.000000000000000000e-01
1.319800000000001106e+01,5.000000000000000000e-01
1.319900000000001228e+01,5.000000000000000000e-01
1.320000000000001172e+01,5.000000000000000000e-01
1.320100000000001117e+01,5.000000000000000000e-01
1.320200000000001239e+01,5.000000000000000000e-01
1.320300000000001184e+01,5.000000000000000000e-01
1.320400000000001128e+01,5.000000000000000000e-01
1.320500000000001073e+01,5.000000000000000000e-01
1.320600000000001195e+01,5.000000000000000000e-01
1.320700000000001140e+01,5.000000000000000000e-01
1.320800000000001084e+01,5.000000000000000000e-01
1.320900000000001207e+01,5.000000000000000000e-01
1.321000000000001151e+01,5.000000000000000000e-01
1.321100000000001096e+01,5.000000000000000000e-01
1.321200000000001218e+01,5.000000000000000000e-01
1.321300000000001162e+01,5.000000000000000000e-01
1.321400000000001107e+01,5.000000000000000000e-01
1.321500000000001229e+01,5.000000000000000000e-01
1.321600000000001174e+01,5.000000000000000000e-01
1.321700000000001118e+01,5.000000000000000000e-01
1.321800000000001241e+01,5.000000000000000000e-01
1.321900000000001185e+01,5.000000000000000000e-01
1.322000000000001130e+01,5.000000000000000000e-01
1.322100000000001252e+01,5.000000000000000000e-01
1.322200000000001197e+01,5.000000000000000000e-01
1.322300000000001141e+01,5.000000000000000000e-01
1.322400000000001086e+01,5.000000000000000000e-01
1.322500000000001208e+01,5.000000000000000000e-01
1.322600000000001153e+01,5.000000000000000000e-01
1.322700000000001097e+01,5.000000000000000000e-01
1.322800000000001219e+01,5.000000000000000000e-01
1.322900000000001164e+01,5.000000000000000000e-01
1.323000000000001108e+01,5.000000000000000000e-01
1.323100000000001231e+01,5.000000000000000000e-01
1.323200000000001175e+01,5.000000000000000000e-01
1.323300000000001120e+01,5.000000000000000000e-01
1.323400000000001242e+01,5.000000000000000000e-01
1.323500000000001187e+01,5.000000000000000000e-01
1.323600000000001131e+01,5.000000000000000000e-01
1.323700000000001076e+01,5.000000000000000000e-01
1.323800000000001198e+01,5.000000000000000000e-01
1.323900000000001143e+01,5.000000000000000000e-01
1.324000000000001087e+01,5.000000000000000000e-01
1.324100000000001209e+01,5.000000000000000000e-01
1.324200000000001154e+01,5.000000000000000000e-01
1.324300000000001098e+01,5.000000000000000000e-01
1.324400000000001221e+01,5.000000000000000000e-01
1.324500000000001165e+01,5.000000000000000000e-01
1.324600000000001110e+01,5.000000000000000000e-01
1.324700000000001232e+01,5.000000000000000000e-01
1.324800000000001177e+01,5.000000000000000000e-01
1.324900000000001121e+01,5.000000000000000000e-01
1.325000000000001243e+01,5.000000000000000000e-01
1.325100000000001188e+01,5.000000000000000000e-01
1.325200000000001133e+01,5.000000000000000000e-01
1.325300000000001255e+01,5.000000000000000000e-01
1.325400000000001199e+01,5.000000000000000000e-01
1.325500000000001144e+01,5.000000000000000000e-01
1.325600000000001089e+01,5.000000000000000000e-01
1.325700000000001211e+01,5.000000000000000000e-01
1.325800000000001155e+01,5.000000000000000000e-01
1.325900000000001100e+01,5.000000000000000000e-01
1.326000000000001222e+01,5.000000000000000000e-01
1.326100000000001167e+01,5.000000000000000000e-01
1.326200000000001111e+01,5.000000000000000000e-01
1.326300000000001234e+01,5.000000000000000000e-01
1.326400000000001178e+01,5.000000000000000000e-01
1.326500000000001123e+01,5.000000000000000000e-01
1.326600000000001245e+01,5.000000000000000000e-01
1.326700000000001189e+01,5.000000000000000000e-01
1.326800000000001134e+01,5.000000000000000000e-01
1.326900000000001079e+01,5.000000000000000000e-01
1.327000000000001201e+01,5.000000000000000000e-01
1.327100000000001145e+01,5.000000000000000000e-01
1.327200000000001090e+01,5.000000000000000000e-01
1.327300000000001212e+01,5.000000000000000000e-01
1.327400000000001157e+01,5.000000000000000000e-01
1.327500000000001101e+01,5.000000000000000000e-01
1.327600000000001224e+01,5.000000000000000000e-01
1.327700000000001168e+01,5.000000000000000000e-01
1.327800000000001113e+01,5.000000000000000000e-01
1.327900000000001235e+01,5.000000000000000000e-01
1.328000000000001180e+01,5.000000000000000000e-01
1.328100000000001124e+01,5.000000000000000000e-01
1.328200000000001246e+01,5.000000000000000000e-01
1.328300000000001191e+01,5.000000000000000000e-01
1.328400000000001135e+01,5.000000000000000000e-01
1.328500000000001258e+01,5.000000000000000000e-01
1.328600000000001202e+01,5.000000000000000000e-01
1.328700000000001147e+01,5.000000000000000000e-01
1.328800000000001091e+01,5.000000000000000000e-01
1.328900000000001214e+01,5.000000000000000000e-01
1.329000000000001158e+01,5.000000000000000000e-01
1.329100000000001103e+01,5.000000000000000000e-01
1.329200000000001225e+01,5.000000000000000000e-01
1.329300000000001170e+01,5.000000000000000000e-01
1.329400000000001114e+01,5.000000000000000000e-01
1.329500000000001236e+01,5.000000000000000000e-01
1.329600000000001181e+01,5.000000000000000000e-01
1.329700000000001125e+01,5.000000000000000000e-01
1.329800000000001248e+01,5.000000000000000000e-01
1.329900000000001192e+01,5.000000000000000000e-01
1.330000000000001137e+01,5.000000000000000000e-01
1.330100000000001081e+01,5.000000000000000000e-01
1.330200000000001204e+01,5.000000000000000000e-01
1.330300000000001148e+01,5.000000000000000000e-01
1.330400000000001093e+01,5.000000000000000000e-01
1.330500000000001215e+01,5.000000000000000000e-01
1.330600000000001160e+01,5.000000000000000000e-01
1.330700000000001104e+01,5.000000000000000000e-01
1.330800000000001226e+01,5.000000000000000000e-01
1.330900000000001171e+01,5.000000000000000000e-01
1.331000000000001116e+01,5.000000000000000000e-01
1.331100000000001238e+01,5.000000000000000000e-01
1.331200000000001182e+01,5.000000000000000000e-01
1.331300000000001127e+01,5.000000000000000000e-01
1.331400000000001249e+01,5.000000000000000000e-01
1.331500000000001194e+01,5.000000000000000000e-01
1.331600000000001138e+01,5.000000000000000000e-01
1.331700000000001261e+01,5.000000000000000000e-01
1.331800000000001205e+01,5.000000000000000000e-01
1.331900000000001150e+01,5.000000000000000000e-01
1.332000000000001094e+01,5.000000000000000000e-01
1.332100000000001216e+01,5.000000000000000000e-01
1.332200000000001161e+01,5.000000000000000000e-01
1.332300000000001106e+01,5.000000000000000000e-01
1.332400000000001228e+01,5.000000000000000000e-01
1.332500000000001172e+01,5.000000000000000000e-01
1.332600000000001117e+01,5.000000000000000000e-01
1.332700000000001239e+01,5.000000000000000000e-01
1.332800000000001184e+01,5.000000000000000000e-01
1.332900000000001128e+01,5.000000000000000000e-01
1.333000000000001251e+01,5.000000000000000000e-01
1.333100000000001195e+01,5.000000000000000000e-01
1.333200000000001140e+01,5.000000000000000000e-01
1.333300000000001084e+01,5.000000000000000000e-01
1.333400000000001207e+01,5.000000000000000000e-01
1.333500000000001151e+01,5.000000000000000000e-01
1.333600000000001096e+01,5.000000000000000000e-01
1.333700000000001218e+01,5.000000000000000000e-01
1.333800000000001162e+01,5.000000000000000000e-01
1.333900000000001107e+01,5.000000000000000000e-01
1.334000000000001229e+01,5.000000000000000000e-01
1.334100000000001174e+01,5.000000000000000000e-01
1.334200000000001118e+01,5.000000000000000000e-01
1.334300000000001241e+01,5.000000000000000000e-01
1.334400000000001185e+01,5.000000000000000000e-01
1.334500000000001130e+01,5.000000000000000000e-01
1.334600000000001252e+01,5.000000000000000000e-01
1.334700000000001197e+01,5.000000000000000000e-01
1.334800000000001141e+01,5.000000000000000000e-01
1.334900000000001263e+01,5.000000000000000000e-01
1.335000000000001208e+01,5.000000000000000000e-01
1.335100000000001153e+01,5.000000000000000000e-01
1.335200000000001097e+01,5.000000000000000000e-01
1.335300000000001219e+01,5.000000000000000000e-01
1.335400000000001164e+01,5.000000000000000000e-01
1.335500000000001108e+01,5.000000000000000000e-01
1.335600000000001231e+01,5.000000000000000000e-01
1.335700000000001175e+01,5.000000000000000000e-01
1.335800000000001120e+01,5.000000000000000000e-01
1.335900000000001242e+01,5.000000000000000000e-01
1.336000000000001187e+01,5.000000000000000000e-01
1.336100000000001131e+01,5.000000000000000000e-01
1.336200000000001253e+01,5.000000000000000000e-01
1.336300000000001198e+01,5.000000000000000000e-01
1.336400000000001143e+01,5.000000000000000000e-01
1.336500000000001087e+01,5.000000000000000000e-01
1.336600000000001209e+01,5.000000000000000000e-01
1.336700000000001154e+01,5.000000000000000000e-01
1.336800000000001098e+01,5.000000000000000000e-01
1.336900000000001221e+01,5.000000000000000000e-01
1.337000000000001165e+01,5.000000000000000000e-01
1.337100000000001110e+01,5.000000000000000000e-01
1.337200000000001232e+01,5.000000000000000000e-01
1.337300000000001177e+01,5.000000000000000000e-01
1.337400000000001121e+01,5.000000000000000000e-01
1.337500000000001243e+01,5.000000000000000000e-01
1.337600000000001188e+01,5.000000000000000000e-01
1.337700000000001133e+01,5.000000000000000000e-01
1.337800000000001255e+01,5.000000000000000000e-01
1.337900000000001199e+01,5.000000000000000000e-01
1.338000000000001144e+01,5.000000000000000000e-01
1.338100000000001266e+01,5.000000000000000000e-01
1.338200000000001211e+01,5.000000000000000000e-01
1.338300000000001155e+01,5.000000000000000000e-01
1.338400000000001100e+01,5.000000000000000000e-01
1.338500000000001222e+01,5.000000000000000000e-01
1.338600000000001167e+01,5.000000000000000000e-01
1.338700000000001111e+01,5.000000000000000000e-01
1.338800000000001234e+01,5.000000000000000000e-01
1.338900000000001178e+01,5.000000000000000000e-01
1.339000000000001123e+01,5.000000000000000000e-01
1.339100000000001245e+01,5.000000000000000000e-01
1.339200000000001189e+01,5.000000000000000000e-01
1.339300000000001134e+01,5.000000000000000000e-01
1.339400000000001256e+01,5.000000000000000000e-01
1.339500000000001201e+01,5.000000000000000000e-01
1.339600000000001145e+01,5.000000000000000000e-01
1.339700000000001090e+01,5.000000000000000000e-01
1.339800000000001212e+01,5.000000000000000000e-01
1.339900000000001157e+01,5.000000000000000000e-01
1.340000000000001101e+01,5.000000000000000000e-01
1.340100000000001224e+01,5.000000000000000000e-01
1.340200000000001168e+01,5.000000000000000000e-01
1.340300000000001113e+01,5.000000000000000000e-01
1.340400000000001235e+01,5.000000000000000000e-01
1.340500000000001180e+01,5.000000000000000000e-01
1.340600000000001124e+01,5.000000000000000000e-01
1.340700000000001246e+01,5.000000000000000000e-01
1.340800000000001191e+01,5.000000000000000000e-01
1.340900000000001135e+01,5.000000000000000000e-01
1.341000000000001258e+01,5.000000000000000000e-01
1.341100000000001202e+01,5.000000000000000000e-01
1.341200000000001147e+01,5.000000000000000000e-01
1.341300000000001269e+01,5.000000000000000000e-01
1.341400000000001214e+01,5.000000000000000000e-01
1.341500000000001158e+01,5.000000000000000000e-01
1.341600000000001103e+01,5.000000000000000000e-01
1.341700000000001225e+01,5.000000000000000000e-01
1.341800000000001170e+01,5.000000000000000000e-01
1.341900000000001114e+01,5.000000000000000000e-01
1.342000000000001236e+01,5.000000000000000000e-01
1.342100000000001181e+01,5.000000000000000000e-01
1.342200000000001125e+01,5.000000000000000000e-01
1.342300000000001248e+01,5.000000000000000000e-01
1.342400000000001192e+01,5.000000000000000000e-01
1.342500000000001137e+01,5.000000000000000000e-01
1.342600000000001259e+01,5.000000000000000000e-01
1.342700000000001204e+01,5.000000000000000000e-01
1.342800000000001148e+01,5.000000000000000000e-01
1.342900000000001093e+01,5.000000000000000000e-01
1.343000000000001215e+01,5.000000000000000000e-01
1.343100000000001160e+01,5.000000000000000000e-01
1.343200000000001104e+01,5.000000000000000000e-01
1.343300000000001226e+01,5.000000000000000000e-01
1.343400000000001171e+01,5.000000000000000000e-01
1.343500000000001116e+01,5.000000000000000000e-01
1.343600000000001238e+01,5.000000000000000000e-01
1.343700000000001182e+01,5.000000000000000000e-01
1.343800000000001127e+01,5.000000000000000000e-01
1.343900000000001249e+01,5.000000000000000000e-01
1.344000000000001194e+01,5.000000000000000000e-01
1.344100000000001138e+01,5.000000000000000000e-01
1.344200000000001261e+01,5.000000000000000000e-01
1.344300000000001205e+01,5.000000000000000000e-01
1.344400000000001150e+01,5.000000000000000000e-01
1.344500000000001272e+01,5.000000000000000000e-01
1.344600000000001216e+01,5.000000000000000000e-01
1.344700000000001161e+01,5.000000000000000000e-01
1.344800000000001106e+01,5.000000000000000000e-01
1.344900000000001228e+01,5.000000000000000000e-01
1.345000000000001172e+01,5.000000000000000000e-01
1.345100000000001117e+01,5.000000000000000000e-01
1.345200000000001239e+01,5.000000000000000000e-01
1.345300000000001184e+01,5.000000000000000000e-01
1.345400000000001128e+01,5.000000000000000000e-01
1.345500000000001251e+01,5.000000000000000000e-01
1.345600000000001195e+01,5.000000000000000000e-01
1.345700000000001140e+01,5.000000000000000000e-01
1.345800000000001262e+01,5.000000000000000000e-01
1.345900000000001207e+01,5.000000000000000000e-01
1.346000000000001151e+01,5.000000000000000000e-01
1.346100000000001096e+01,5.000000000000000000e-01
1.346200000000001218e+01,5.000000000000000000e-01
1.346300000000001162e+01,5.000000000000000000e-01
1.346400000000001107e+01,5.000000000000000000e-01
1.346500000000001229e+01,5.000000000000000000e-01
1.346600000000001174e+01,5.000000000000000000e-01
1.346700000000001118e+01,5.000000000000000000e-01
1.346800000000001241e+01,5.000000000000000000e-01
1.346900000000001185e+01,5.000000000000000000e-01
1.347000000000001130e+01,5.000000000000000000e-01
1.347100000000001252e+01,5.000000000000000000e-01
1.347200000000001197e+01,5.000000000000000000e-01
1.347300000000001141e+01,5.000000000000000000e-01
1.347400000000001263e+01,5.000000000000000000e-01
1.347500000000001208e+01,5.000000000000000000e-01
1.347600000000001153e+01,5.000000000000000000e-01
1.347700000000001275e+01,5.000000000000000000e-01
1.347800000000001219e+01,5.000000000000000000e-01
1.347900000000001164e+01,5.000000000000000000e-01
1.348000000000001108e+01,5.000000000000000000e-01
1.348100000000001231e+01,5.000000000000000000e-01
1.348200000000001175e+01,5.000000000000000000e-01
1.348300000000001120e+01,5.000000000000000000e-01
1.348400000000001242e+01,5.000000000000000000e-01
1.348500000000001187e+01,5.000000000000000000e-01
1.348600000000001131e+01,5.000000000000000000e-01
1.348700000000001253e+01,5.000000000000000000e-01
1.348800000000001198e+01,5.000000000000000000e-01
1.348900000000001143e+01,5.000000000000000000e-01
1.349000000000001265e+01,5.000000000000000000e-01
1.349100000000001209e+01,5.000000000000000000e-01
1.349200000000001154e+01,5.000000000000000000e-01
1.349300000000001098e+01,5.000000000000000000e-01
1.349400000000001221e+01,5.000000000000000000e-01
1.349500000000001165e+01,5.000000000000000000e-01
1.349600000000001110e+01,5.000000000000000000e-01
1.349700000000001232e+01,5.000000000000000000e-01
1.349800000000001177e+01,5.000000000000000000e-01
1.349900000000001121e+01,5.000000000000000000e-01
1.350000000000001243e+01,5.000000000000000000e-01
1.350100000000001188e+01,5.000000000000000000e-01
1.350200000000001133e+01,5.000000000000000000e-01
1.350300000000001255e+01,5.000000000000000000e-01
1.350400000000001199e+01,5.000000000000000000e-01
1.350500000000001144e+01,5.000000000000000000e-01
1.350600000000001266e+01,5.000000000000000000e-01
1.350700000000001211e+01,5.000000000000000000e-01
1.350800000000001155e+01,5.000000000000000000e-01
1.350900000000001278e+01,5.000000000000000000e-01
1.351000000000001222e+01,5.000000000000000000e-01
1.351100000000001167e+01,5.000000000000000000e-01
1.351200000000001111e+01,5.000000000000000000e-01
1.351300000000001234e+01,5.000000000000000000e-01
1.351400000000001178e+01,5.000000000000000000e-01
1.351500000000001123e+01,5.000000000000000000e-01
1.351600000000001245e+01,5.000000000000000000e-01
1.351700000000001189e+01,5.000000000000000000e-01
1.351800000000001134e+01,5.000000000000000000e-01
1.351900000000001256e+01,5.000000000000000000e-01
1.352000000000001201e+01,5.000000000000000000e-01
1.352100000000001145e+01,5.000000000000000000e-01
1.352200000000001268e+01,5.000000000000000000e-01
1.352300000000001212e+01,5.000000000000000000e-01
1.352400000000001157e+01,5.000000000000000000e-01
1.352500000000001101e+01,5.000000000000000000e-01
1.352600000000001224e+01,5.000000000000000000e-01
1.352700000000001168e+01,5.000000000000000000e-01
1.352800000000001113e+01,5.000000000000000000e-01
1.352900000000001235e+01,5.000000000000000000e-01
1.353000000000001180e+01,5.000000000000000000e-01
1.353100000000001124e+01,5.000000000000000000e-01
1.353200000000001246e+01,5.000000000000000000e-01
1.353300000000001191e+01,5.000000000000000000e-01
1.353400000000001135e+01,5.000000000000000000e-01
1.353500000000001258e+01,5.000000000000000000e-01
1.353600000000001202e+01,5.000000000000000000e-01
1.353700000000001147e+01,5.000000000000000000e-01
1.353800000000001269e+01,5.000000000000000000e-01
1.353900000000001214e+01,5.000000000000000000e-01
1.354000000000001158e+01,5.000000000000000000e-01
1.354100000000001280e+01,5.000000000000000000e-01
1.354200000000001225e+01,5.000000000000000000e-01
1.354300000000001170e+01,5.000000000000000000e-01
1.354400000000001114e+01,5.000000000000000000e-01
1.354500000000001236e+01,5.000000000000000000e-01
1.354600000000001181e+01,5.000000000000000000e-01
1.354700000000001125e+01,5.000000000000000000e-01
1.354800000000001248e+01,5.000000000000000000e-01
1.354900000000001192e+01,5.000000000000000000e-01
1.355000000000001137e+01,5.000000000000000000e-01
1.355100000000001259e+01,5.000000000000000000e-01
1.355200000000001204e+01,5.000000000000000000e-01
1.355300000000001148e+01,5.000000000000000000e-01
1.355400000000001270e+01,5.000000000000000000e-01
1.355500000000001215e+01,5.000000000000000000e-01
1.355600000000001160e+01,5.000000000000000000e-01
1.355700000000001104e+01,5.000000000000000000e-01
1.355800000000001226e+01,5.000000000000000000e-01
1.355900000000001171e+01,5.000000000000000000e-01
1.356000000000001116e+01,5.000000000000000000e-01
1.356100000000001238e+01,5.000000000000000000e-01
1.356200000000001182e+01,5.000000000000000000e-01
1.356300000000001127e+01,5.000000000000000000e-01
1.356400000000001249e+01,5.000000000000000000e-01
1.356500000000001194e+01,5.000000000000000000e-01
1.356600000000001138e+01,5.000000000000000000e-01
1.356700000000001261e+01,5.000000000000000000e-01
1.356800000000001205e+01,5.000000000000000000e-01
1.356900000000001150e+01,5.000000000000000000e-01
1.357000000000001272e+01,5.000000000000000000e-01
1.357100000000001216e+01,5.000000000000000000e-01
1.357200000000001161e+01,5.000000000000000000e-01
1.357300000000001283e+01,5.000000000000000000e-01
1.357400000000001228e+01,5.000000000000000000e-01
1.357500000000001172e+01,5.000000000000000000e-01
1.357600000000001117e+01,5.000000000000000000e-01
1.357700000000001239e+01,5.000000000000000000e-01
1.357800000000001184e+01,5.000000000000000000e-01
1.357900000000001128e+01,5.000000000000000000e-01
1.358000000000001251e+01,5.000000000000000000e-01
1.358100000000001195e+01,5.000000000000000000e-01
1.358200000000001140e+01,5.000000000000000000e-01
1.358300000000001262e+01,5.000000000000000000e-01
1.358400000000001207e+01,5.000000000000000000e-01
1.358500000000001151e+01,5.000000000000000000e-01
1.358600000000001273e+01,5.000000000000000000e-01
1.358700000000001218e+01,5.000000000000000000e-01
1.358800000000001162e+01,5.000000000000000000e-01
1.358900000000001107e+01,5.000000000000000000e-01
1.359000000000001229e+01,5.000000000000000000e-01
1.359100000000001174e+01,5.000000000000000000e-01
1.359200000000001118e+01,5.000000000000000000e-01
1.359300000000001241e+01,5.000000000000000000e-01
1.359400000000001185e+01,5.000000000000000000e-01
1.359500000000001130e+01,5.000000000000000000e-01
1.359600000000001252e+01,5.000000000000000000e-01
1.359700000000001197e+01,5.000000000000000000e-01
1.359800000000001141e+01,5.000000000000000000e-01
1.359900000000001263e+01,5.000000000000000000e-01
1.360000000000001208e+01,5.000000000000000000e-01
1.360100000000001153e+01,5.000000000000000000e-01
1.360200000000001275e+01,5.000000000000000000e-01
1.360300000000001219e+01,5.000000000000000000e-01
1.360400000000001164e+01,5.000000000000000000e-01
1.360500000000001286e+01,5.000000000000000000e-01
1.360600000000001231e+01,5.000000000000000000e-01
1.360700000000001175e+01,5.000000000000000000e-01
1.360800000000001120e+01,5.000000000000000000e-01
1.360900000000001242e+01,5.000000000000000000e-01
1.361000000000001187e+01,5.000000000000000000e-01
1.361100000000001131e+01,5.000000000000000000e-01
1.361200000000001253e+01,5.000000000000000000e-01
1.361300000000001198e+01,5.000000000000000000e-01
1.361400000000001143e+01,5.000000000000000000e-01
1.361500000000001265e+01,5.000000000000000000e-01
1.361600000000001209e+01,5.000000000000000000e-01
1.361700000000001154e+01,5.000000000000000000e-01
1.361800000000001276e+01,5.000000000000000000e-01
1.361900000000001221e+01,5.000000000000000000e-01
1.362000000000001165e+01,5.000000000000000000e-01
1.362100000000001110e+01,5.000000000000000000e-01
1.362200000000001232e+01,5.000000000000000000e-01
1.362300000000001177e+01,5.000000000000000000e-01
1.362400000000001121e+01,5.000000000000000000e-01
1.362500000000001243e+01,5.000000000000000000e-01
1.362600000000001188e+01,5.000000000000000000e-01
1.362700000000001133e+01,5.000000000000000000e-01
1.362800000000001255e+01,5.000000000000000000e-01
1.362900000000001199e+01,5.000000000000000000e-01
1.363000000000001144e+01,5.000000000000000000e-01
1.363100000000001266e+01,5.000000000000000000e-01
1.363200000000001211e+01,5.000000000000000000e-01
1.363300000000001155e+01,5.000000000000000000e-01
1.363400000000001278e+01,5.000000000000000000e-01
1.363500000000001222e+01,5.000000000000000000e-01
1.363600000000001167e+01,5.000000000000000000e-01
1.363700000000001289e+01,5.000000000000000000e-01
1.363800000000001234e+01,5.000000000000000000e-01
1.363900000000001178e+01,5.000000000000000000e-01
1.364000000000001123e+01,5.000000000000000000e-01
1.364100000000001245e+01,5.000000000000000000e-01
1.364200000000001189e+01,5.000000000000000000e-01
1.364300000000001134e+01,5.000000000000000000e-01
1.364400000000001256e+01,5.000000000000000000e-01
1.364500000000001201e+01,5.000000000000000000e-01
1.364600000000001145e+01,5.000000000000000000e-01
1.364700000000001268e+01,5.000000000000000000e-01
1.364800000000001212e+01,5.000000000000000000e-01
1.364900000000001157e+01,5.000000000000000000e-01
1.365000000000001279e+01,5.000000000000000000e-01
1.365100000000001224e+01,5.000000000000000000e-01
1.365200000000001168e+01,5.000000000000000000e-01
1.365300000000001113e+01,5.000000000000000000e-01
1.365400000000001235e+01,5.000000000000000000e-01
1.365500000000001180e+01,5.000000000000000000e-01
1.365600000000001124e+01,5.000000000000000000e-01
1.365700000000001246e+01,5.000000000000000000e-01
1.365800000000001191e+01,5.000000000000000000e-01
1.365900000000001135e+01,5.000000000000000000e-01
1.366000000000001258e+01,5.000000000000000000e-01
1.366100000000001202e+01,5.000000000000000000e-01
1.366200000000001147e+01,5.000000000000000000e-01
1.366300000000001269e+01,5.000000000000000000e-01
1.366400000000001214e+01,5.000000000000000000e-01
1.366500000000001158e+01,5.000000000000000000e-01
1.366600000000001280e+01,5.000000000000000000e-01
1.366700000000001225e+01,5.000000000000000000e-01
1.366800000000001170e+01,5.000000000000000000e-01
1.366900000000001292e+01,5.000000000000000000e-01
1.367000000000001236e+01,5.000000000000000000e-01
1.367100000000001181e+01,5.000000000000000000e-01
1.367200000000001125e+01,5.000000000000000000e-01
1.367300000000001248e+01,5.000000000000000000e-01
1.367400000000001192e+01,5.000000000000000000e-01
1.367500000000001137e+01,5.000000000000000000e-01
1.367600000000001259e+01,5.000000000000000000e-01
1.367700000000001204e+01,5.000000000000000000e-01
1.367800000000001148e+01,5.000000000000000000e-01
1.367900000000001270e+01,5.000000000000000000e-01
1.368000000000001215e+01,5.000000000000000000e-01
1.368100000000001160e+01,5.000000000000000000e-01
1.368200000000001282e+01,5.000000000000000000e-01
1.368300000000001226e+01,5.000000000000000000e-01
1.368400000000001171e+01,5.000000000000000000e-01
1.368500000000001116e+01,5.000000000000000000e-01
1.368600000000001238e+01,5.000000000000000000e-01
1.368700000000001182e+01,5.000000000000000000e-01
1.368800000000001127e+01,5.000000000000000000e-01
1.368900000000001249e+01,5.000000000000000000e-01
1.369000000000001194e+01,5.000000000000000000e-01
1.369100000000001138e+01,5.000000000000000000e-01
1.369200000000001261e+01,5.000000000000000000e-01
1.369300000000001205e+01,5.000000000000000000e-01
1.369400000000001150e+01,5.000000000000000000e-01
1.369500000000001272e+01,5.000000000000000000e-01
1.369600000000001216e+01,5.000000000000000000e-01
1.369700000000001161e+01,5.000000000000000000e-01
1.369800000000001283e+01,5.000000000000000000e-01
1.369900000000001228e+01,5.000000000000000000e-01
1.370000000000001172e+01,5.000000000000000000e-01
1.370100000000001295e+01,5.000000000000000000e-01
1.370200000000001239e+01,5.000000000000000000e-01
1.370300000000001184e+01,5.000000000000000000e-01
1.370400000000001128e+01,5.000000000000000000e-01
1.370500000000001251e+01,5.000000000000000000e-01
1.370600000000001195e+01,5.000000000000000000e-01
1.370700000000001140e+01,5.000000000000000000e-01
1.370800000000001262e+01,5.000000000000000000e-01
1.370900000000001207e+01,5.000000000000000000e-01
1.371000000000001151e+01,5.000000000000000000e-01
1.371100000000001273e+01,5.000000000000000000e-01
1.371200000000001218e+01,5.000000000000000000e-01
1.371300000000001162e+01,5.000000000000000000e-01
1.371400000000001285e+01,5.000000000000000000e-01
1.371500000000001229e+01,5.000000000000000000e-01
1.371600000000001174e+01,5.000000000000000000e-01
1.371700000000001118e+01,5.000000000000000000e-01
1.371800000000001241e+01,5.000000000000000000e-01
1.371900000000001185e+01,5.000000000000000000e-01
1.372000000000001130e+01,5.000000000000000000e-01
1.372100000000001252e+01,5.000000000000000000e-01
1.372200000000001197e+01,5.000000000000000000e-01
1.372300000000001141e+01,5.000000000000000000e-01
1.372400000000001263e+01,5.000000000000000000e-01
1.372500000000001208e+01,5.000000000000000000e-01
1.372600000000001153e+01,5.000000000000000000e-01
1.372700000000001275e+01,5.000000000000000000e-01
1.372800000000001219e+01,5.000000000000000000e-01
1.372900000000001164e+01,5.000000000000000000e-01
1.373000000000001286e+01,5.000000000000000000e-01
1.373100000000001231e+01,5.000000000000000000e-01
1.373200000000001175e+01,5.000000000000000000e-01
1.373300000000001297e+01,5.000000000000000000e-01
1.373400000000001242e+01,5.000000000000000000e-01
1.373500000000001187e+01,5.000000000000000000e-01
1.373600000000001131e+01,5.000000000000000000e-01
1.373700000000001253e+01,5.000000000000000000e-01
1.373800000000001198e+01,5.000000000000000000e-01
1.373900000000001143e+01,5.000000000000000000e-01
1.374000000000001265e+01,5.000000000000000000e-01
1.374100000000001209e+01,5.000000000000000000e-01
1.374200000000001154e+01,5.000000000000000000e-01
1.374300000000001276e+01,5.000000000000000000e-01
1.374400000000001221e+01,5.000000000000000000e-01
1.374500000000001165e+01,5.000000000000000000e-01
1.374600000000001288e+01,5.000000000000000000e-01
1.374700000000001232e+01,5.000000000000000000e-01
1.374800000000001177e+01,5.000000000000000000e-01
1.374900000000001121e+01,5.000000000000000000e-01
1.375000000000001243e+01,5.000000000000000000e-01
1.375100000000001188e+01,5.000000000000000000e-01
1.375200000000001133e+01,5.000000000000000000e-01
1.375300000000001255e+01,5.000000000000000000e-01
1.375400000000001199e+01,5.000000000000000000e-01
1.375500000000001144e+01,5.000000000000000000e-01
1.375600000000001266e+01,5.000000000000000000e-01
1.375700000000001211e+01,5.000000000000000000e-01
1.375800000000001155e+01,5.000000000000000000e-01
1.375900000000001278e+01,5.000000000000000000e-01
1.376000000000001222e+01,5.000000000000000000e-01
1.376100000000001167e+01,5.000000000000000000e-01
1.376200000000001289e+01,5.000000000000000000e-01
1.376300000000001234e+01,5.000000000000000000e-01
1.376400000000001178e+01,5.000000000000000000e-01
1.376500000000001300e+01,5.000000000000000000e-01
1.376600000000001245e+01,5.000000000000000000e-01
1.376700000000001189e+01,5.000000000000000000e-01
1.376800000000001134e+01,5.000000000000000000e-01
1.376900000000001256e+01,5.000000000000000000e-01
1.377000000000001201e+01,5.000000000000000000e-01
1.377100000000001145e+01,5.000000000000000000e-01
1.377200000000001268e+01,5.000000000000000000e-01
1.377300000000001212e+01,5.000000000000000000e-01
1.377400000000001157e+01,5.000000000000000000e-01
1.377500000000001279e+01,5.000000000000000000e-01
1.377600000000001224e+01,5.000000000000000000e-01
1.377700000000001168e+01,5.000000000000000000e-01
1.377800000000001290e+01,5.000000000000000000e-01
1.377900000000001235e+01,5.000000000000000000e-01
1.378000000000001180e+01,5.000000000000000000e-01
1.378100000000001124e+01,5.000000000000000000e-01
1.378200000000001246e+01,5.000000000000000000e-01
1.378300000000001191e+01,5.000000000000000000e-01
1.378400000000001135e+01,5.000000000000000000e-01
1.378500000000001258e+01,5.000000000000000000e-01
1.378600000000001202e+01,5.000000000000000000e-01
1.378700000000001147e+01,5.000000000000000000e-01
1.378800000000001269e+01,5.000000000000000000e-01
1.378900000000001214e+01,5.000000000000000000e-01
1.379000000000001158e+01,5.000000000000000000e-01
1.379100000000001280e+01,5.000000000000000000e-01
1.379200000000001225e+01,5.000000000000000000e-01
1.379300000000001170e+01,5.000000000000000000e-01
1.379400000000001292e+01,5.000000000000000000e-01
1.379500000000001236e+01,5.000000000000000000e-01
1.379600000000001181e+01,5.000000000000000000e-01
1.379700000000001303e+01,5.000000000000000000e-01
1.379800000000001248e+01,5.000000000000000000e-01
1.379900000000001192e+01,5.000000000000000000e-01
1.380000000000001137e+01,5.000000000000000000e-01
1.380100000000001259e+01,5.000000000000000000e-01
1.380200000000001204e+01,5.000000000000000000e-01
1.380300000000001148e+01,5.000000000000000000e-01
1.380400000000001270e+01,5.000000000000000000e-01
1.380500000000001215e+01,5.000000000000000000e-01
1.380600000000001160e+01,5.000000000000000000e-01
1.380700000000001282e+01,5.000000000000000000e-01
1.380800000000001226e+01,5.000000000000000000e-01
1.380900000000001171e+01,5.000000000000000000e-01
1.381000000000001293e+01,5.000000000000000000e-01
1.381100000000001238e+01,5.000000000000000000e-01
1.381200000000001182e+01,5.000000000000000000e-01
1.381300000000001127e+01,5.000000000000000000e-01
1.381400000000001249e+01,5.000000000000000000e-01
1.381500000000001194e+01,5.000000000000000000e-01
1.381600000000001138e+01,5.000000000000000000e-01
1.381700000000001261e+01,5.000000000000000000e-01
1.381800000000001205e+01,5.000000000000000000e-01
1.381900000000001150e+01,5.000000000000000000e-01
1.382000000000001272e+01,5.000000000000000000e-01
1.382100000000001216e+01,5.000000000000000000e-01
1.382200000000001161e+01,5.000000000000000000e-01
1.382300000000001283e+01,5.000000000000000000e-01
1.382400000000001228e+01,5.000000000000000000e-01
1.382500000000001172e+01,5.000000000000000000e-01
1.382600000000001295e+01,5.000000000000000000e-01
1.382700000000001239e+01,5.000000000000000000e-01
1.382800000000001184e+01,5.000000000000000000e-01
1.382900000000001306e+01,5.000000000000000000e-01
1.383000000000001251e+01,5.000000000000000000e-01
1.383100000000001195e+01,5.000000000000000000e-01
1.383200000000001140e+01,5.000000000000000000e-01
1.383300000000001262e+01,5.000000000000000000e-01
1.383400000000001207e+01,5.000000000000000000e-01
1.383500000000001151e+01,5.000000000000000000e-01
1.383600000000001273e+01,5.000000000000000000e-01
1.383700000000001218e+01,5.000000000000000000e-01
1.383800000000001162e+01,5.000000000000000000e-01
1.383900000000001285e+01,5.000000000000000000e-01
1.384000000000001229e+01,5.000000000000000000e-01
1.384100000000001174e+01,5.000000000000000000e-01
1.384200000000001296e+01,5.000000000000000000e-01
1.384300000000001241e+01,5.000000000000000000e-01
1.384400000000001185e+01,5.000000000000000000e-01
1.384500000000001130e+01,5.000000000000000000e-01
1.384600000000001252e+01,5.000000000000000000e-01
1.384700000000001197e+01,5.000000000000000000e-01
1.384800000000001141e+01,5.000000000000000000e-01
1.384900000000001263e+01,5.000000000000000000e-01
1.385000000000001208e+01,5.000000000000000000e-01
1.385100000000001153e+01,5.000000000000000000e-01
1.385200000000001275e+01,5.000000000000000000e-01
1.385300000000001219e+01,5.000000000000000000e-01
1.385400000000001164e+01,5.000000000000000000e-01
1.385500000000001286e+01,5.000000000000000000e-01
1.385600000000001231e+01,5.000000000000000000e-01
1.385700000000001175e+01,5.000000000000000000e-01
1.385800000000001297e+01,5.000000000000000000e-01
1.385900000000001242e+01,5.000000000000000000e-01
1.386000000000001187e+01,5.000000000000000000e-01
1.386100000000001309e+01,5.000000000000000000e-01
1.386200000000001253e+01,5.000000000000000000e-01
1.386300000000001198e+01,5.000000000000000000e-01
1.386400000000001143e+01,5.000000000000000000e-01
1.386500000000001265e+01,5.000000000000000000e-01
1.386600000000001209e+01,5.000000000000000000e-01
1.386700000000001154e+01,5.000000000000000000e-01
1.386800000000001276e+01,5.000000000000000000e-01
1.386900000000001221e+01,5.000000000000000000e-01
1.387000000000001165e+01,5.000000000000000000e-01
1.387100000000001288e+01,5.000000000000000000e-01
1.387200000000001232e+01,5.000000000000000000e-01
1.387300000000001177e+01,5.000000000000000000e-01
1.387400000000001299e+01,5.000000000000000000e-01
1.387500000000001243e+01,5.000000000000000000e-01
1.387600000000001188e+01,5.000000000000000000e-01
1.387700000000001133e+01,5.000000000000000000e-01
1.387800000000001255e+01,5.000000000000000000e-01
1.387900000000001199e+01,5.000000000000000000e-01
1.388000000000001144e+01,5.000000000000000000e-01
1.388100000000001266e+01,5.000000000000000000e-01
1.388200000000001211e+01,5.000000000000000000e-01
1.388300000000001155e+01,5.000000000000000000e-01
1.388400000000001278e+01,5.000000000000000000e-01
1.388500000000001222e+01,5.000000000000000000e-01
1.388600000000001167e+01,5.000000000000000000e-01
1.388700000000001289e+01,5.000000000000000000e-01
1.388800000000001234e+01,5.000000000000000000e-01
1.388900000000001178e+01,5.000000000000000000e-01
1.389000000000001300e+01,5.000000000000000000e-01
1.389100000000001245e+01,5.000000000000000000e-01
1.389200000000001189e+01,5.000000000000000000e-01
1.389300000000001312e+01,5.000000000000000000e-01
1.389400000000001256e+01,5.000000000000000000e-01
1.389500000000001201e+01,5.000000000000000000e-01
1.389600000000001145e+01,5.000000000000000000e-01
1.389700000000001268e+01,5.000000000000000000e-01
1.389800000000001212e+01,5.000000000000000000e-01
1.389900000000001157e+01,5.000000000000000000e-01
1.390000000000001279e+01,5.000000000000000000e-01
1.390100000000001224e+01,5.000000000000000000e-01
1.390200000000001168e+01,5.000000000000000000e-01
1.390300000000001290e+01,5.000000000000000000e-01
1.390400000000001235e+01,5.000000000000000000e-01
1.390500000000001180e+01,5.000000000000000000e-01
1.390600000000001302e+01,5.000000000000000000e-01
1.390700000000001246e+01,5.000000000000000000e-01
1.390800000000001191e+01,5.000000000000000000e-01
1.390900000000001135e+01,5.000000000000000000e-01
1.391000000000001258e+01,5.000000000000000000e-01
1.391100000000001202e+01,5.000000000000000000e-01
1.391200000000001147e+01,5.000000000000000000e-01
1.391300000000001269e+01,5.000000000000000000e-01
1.391400000000001214e+01,5.000000000000000000e-01
1.391500000000001158e+01,5.000000000000000000e-01
1.391600000000001280e+01,5.000000000000000000e-01
1.391700000000001225e+01,5.000000000000000000e-01
1.391800000000001170e+01,5.000000000000000000e-01
1.391900000000001292e+01,5.000000000000000000e-01
1.392000000000001236e+01,5.000000000000000000e-01
1.392100000000001181e+01,5.000000000000000000e-01
1.392200000000001303e+01,5.000000000000000000e-01
1.392300000000001248e+01,5.000000000000000000e-01
1.392400000000001192e+01,5.000000000000000000e-01
1.392500000000001315e+01,5.000000000000000000e-01
1.392600000000001259e+01,5.000000000000000000e-01
1.392700000000001204e+01,5.000000000000000000e-01
1.392800000000001148e+01,5.000000000000000000e-01
1.392900000000001270e+01,5.000000000000000000e-01
1.393000000000001215e+01,5.000000000000000000e-01
1.393100000000001160e+01,5.000000000000000000e-01
1.393200000000001282e+01,5.000000000000000000e-01
1.393300000000001226e+01,5.000000000000000000e-01
1.393400000000001171e+01,5.000000000000000000e-01
1.393500000000001293e+01,5.000000000000000000e-01
1.393600000000001238e+01,5.000000000000000000e-01
1.393700000000001182e+01,5.000000000000000000e-01
1.393800000000001305e+01,5.000000000000000000e-01
1.393900000000001249e+01,5.000000000000000000e-01
1.394000000000001194e+01,5.000000000000000000e-01
1.394100000000001138e+01,5.000000000000000000e-01
1.394200000000001261e+01,5.000000000000000000e-01
1.394300000000001205e+01,5.000000000000000000e-01
1.394400000000001150e+01,5.000000000000000000e-01
1.394500000000001272e+01,5.000000000000000000e-01
1.394600000000001216e+01,5.000000000000000000e-01
1.394700000000001161e+01,5.000000000000000000e-01
1.394800000000001283e+01,5.000000000000000000e-01
1.394900000000001228e+01,5.000000000000000000e-01
1.395000000000001172e+01,5.000000000000000000e-01
1.395100000000001295e+01,5.000000000000000000e-01
1.395200000000001239e+01,5.000000000000000000e-01
1.395300000000001184e+01,5.000000000000000000e-01
1.395400000000001306e+01,5.000000000000000000e-01
1.395500000000001251e+01,5.000000000000000000e-01
1.395600000000001195e+01,5.000000000000000000e-01
1.395700000000001317e+01,5.000000000000000000e-01
1.395800000000001262e+01,5.000000000000000000e-01
1.395900000000001207e+01,5.000000000000000000e-01
1.396000000000001151e+01,5.000000000000000000e-01
1.396100000000001273e+01,5.000000000000000000e-01
1.396200000000001218e+01,5.000000000000000000e-01
1.396300000000001162e+01,5.000000000000000000e-01
1.396400000000001285e+01,5.000000000000000000e-01
1.396500000000001229e+01,5.000000000000000000e-01
1.396600000000001174e+01,5.000000000000000000e-01
1.396700000000001296e+01,5.000000000000000000e-01
1.396800000000001241e+01,5.000000000000000000e-01
1.396900000000001185e+01,5.000000000000000000e-01
1.397000000000001307e+01,5.000000000000000000e-01
1.397100000000001252e+01,5.000000000000000000e-01
1.397200000000001197e+01,5.000000000000000000e-01
1.397300000000001141e+01,5.000000000000000000e-01
1.397400000000001263e+01,5.000000000000000000e-01
1.397500000000001208e+01,5.000000000000000000e-01
1.397600000000001153e+01,5.000000000000000000e-01
1.397700000000001275e+01,5.000000000000000000e-01
1.397800000000001219e+01,5.000000000000000000e-01
1.397900000000001164e+01,5.000000000000000000e-01
1.398000000000001286e+01,5.000000000000000000e-01
1.398100000000001231e+01,5.000000000000000000e-01
1.398200000000001175e+01,5.000000000000000000e-01
1.398300000000001297e+01,5.000000000000000000e-01
1.398400000000001242e+01,5.000000000000000000e-01
1.398500000000001187e+01,5.000000000000000000e-01
1.398600000000001309e+01,5.000000000000000000e-01
1.398700000000001253e+01,5.000000000000000000e-01
1.398800000000001198e+01,5.000000000000000000e-01
1.398900000000001320e+01,5.000000000000000000e-01
1.399000000000001265e+01,5.000000000000000000e-01
1.399100000000001209e+01,5.000000000000000000e-01
1.399200000000001154e+01,5.000000000000000000e-01
1.399300000000001276e+01,5.000000000000000000e-01
1.399400000000001221e+01,5.000000000000000000e-01
1.399500000000001165e+01,5.000000000000000000e-01
1.399600000000001288e+01,5.000000000000000000e-01
1.399700000000001232e+01,5.000000000000000000e-01
1.399800000000001177e+01,5.000000000000000000e-01
1.399900000000001299e+01,5.000000000000000000e-01
1.400000000000001243e+01,5.000000000000000000e-01
1.400100000000001188e+01,5.000000000000000000e-01
1.400200000000001310e+01,5.000000000000000000e-01
1.400300000000001255e+01,5.000000000000000000e-01
1.400400000000001199e+01,5.000000000000000000e-01
1.400500000000001144e+01,5.000000000000000000e-01
1.400600000000001266e+01,5.000000000000000000e-01
1.400700000000001211e+01,5.000000000000000000e-01
1.400800000000001155e+01,5.000000000000000000e-01
1.400900000000001278e+01,5.000000000000000000e-01
1.401000000000001222e+01,5.000000000000000000e-01
1.401100000000001167e+01,5.000000000000000000e-01
1.401200000000001289e+01,5.000000000000000000e-01
1.401300000000001234e+01,5.000000000000000000e-01
1.401400000000001178e+01,5.000000000000000000e-01
1.401500000000001300e+01,5.000000000000000000e-01
1.401600000000001245e+01,5.000000000000000000e-01
1.401700000000001189e+01,5.000000000000000000e-01
1.401800000000001312e+01,5.000000000000000000e-01
1.401900000000001256e+01,5.000000000000000000e-01
1.402000000000001201e+01,5.000000000000000000e-01
1.402100000000001323e+01,5.000000000000000000e-01
1.402200000000001268e+01,5.000000000000000000e-01
1.402300000000001212e+01,5.000000000000000000e-01
1.402400000000001157e+01,5.000000000000000000e-01
1.402500000000001279e+01,5.000000000000000000e-01
1.402600000000001224e+01,5.000000000000000000e-01
1.402700000000001168e+01,5.000000000000000000e-01
1.402800000000001290e+01,5.000000000000000000e-01
1.402900000000001235e+01,5.000000000000000000e-01
1.403000000000001180e+01,5.000000000000000000e-01
1.403100000000001302e+01,5.000000000000000000e-01
1.403200000000001246e+01,5.000000000000000000e-01
1.403300000000001191e+01,5.000000000000000000e-01
1.403400000000001313e+01,5.000000000000000000e-01
1.403500000000001258e+01,5.000000000000000000e-01
1.403600000000001202e+01,5.000000000000000000e-01
1.403700000000001147e+01,5.000000000000000000e-01
1.403800000000001269e+01,5.000000000000000000e-01
1.403900000000001214e+01,5.000000000000000000e-01
1.404000000000001158e+01,5.000000000000000000e-01
1.404100000000001280e+01,5.000000000000000000e-01
1.404200000000001225e+01,5.000000000000000000e-01
1.404300000000001170e+01,5.000000000000000000e-01
1.404400000000001292e+01,5.000000000000000000e-01
1.404500000000001236e+01,5.000000000000000000e-01
1.404600000000001181e+01,5.000000000000000000e-01
1.404700000000001303e+01,5.000000000000000000e-01
1.404800000000001248e+01,5.000000000000000000e-01
1.404900000000001192e+01,5.000000000000000000e-01
1.405000000000001315e+01,5.000000000000000000e-01
1.405100000000001259e+01,5.000000000000000000e-01
1.405200000000001204e+01,5.000000000000000000e-01
1.405300000000001326e+01,5.000000000000000000e-01
1.405400000000001270e+01,5.000000000000000000e-01
1.405500000000001215e+01,5.000000000000000000e-01
1.405600000000001160e+01,5.000000000000000000e-01
1.405700000000001282e+01,5.000000000000000000e-01
1.405800000000001226e+01,5.000000000000000000e-01
1.405900000000001171e+01,5.000000000000000000e-01
1.406000000000001293e+01,5.000000000000000000e-01
1.406100000000001238e+01,5.000000000000000000e-01
1.406200000000001182e+01,5.000000000000000000e-01
1.406300000000001305e+01,5.000000000000000000e-01
1.406400000000001249e+01,5.000000000000000000e-01
1.406500000000001194e+01,5.000000000000000000e-01
1.406600000000001316e+01,5.000000000000000000e-01
1.406700000000001261e+01,5.000000000000000000e-01
1.406800000000001205e+01,5.000000000000000000e-01
1.406900000000001150e+01,5.000000000000000000e-01
1.407000000000001272e+01,5.000000000000000000e-01
1.407100000000001216e+01,5.000000000000000000e-01
1.407200000000001161e+01,5.000000000000000000e-01
1.407300000000001283e+01,5.000000000000000000e-01
1.407400000000001228e+01,5.000000000000000000e-01
1.407500000000001172e+01,5.000000000000000000e-01
1.407600000000001295e+01,5.000000000000000000e-01
1.407700000000001239e+01,5.000000000000000000e-01
1.407800000000001184e+01,5.000000000000000000e-01
1.407900000000001306e+01,5.000000000000000000e-01
1.408000000000001251e+01,5.000000000000000000e-01
1.408100000000001195e+01,5.000000000000000000e-01
1.408200000000001317e+01,5.000000000000000000e-01
1.408300000000001262e+01,5.000000000000000000e-01
1.408400000000001207e+01,5.000000000000000000e-01
1.408500000000001329e+01,5.000000000000000000e-01
1.408600000000001273e+01,5.000000000000000000e-01
1.408700000000001218e+01,5.000000000000000000e-01
1.408800000000001162e+01,5.000000000000000000e-01
1.408900000000001285e+01,5.000000000000000000e-01
1.409000000000001229e+01,5.000000000000000000e-01
1.409100000000001174e+01,5.000000000000000000e-01
1.409200000000001296e+01,5.000000000000000000e-01
1.409300000000001241e+01,5.000000000000000000e-01
1.409400000000001185e+01,5.000000000000000000e-01
1.409500000000001307e+01,5.000000000000000000e-01
1.409600000000001252e+01,5.000000000000000000e-01
1.409700000000001197e+01,5.000000000000000000e-01
1.409800000000001319e+01,5.000000000000000000e-01
1.409900000000001263e+01,5.000000000000000000e-01
1.410000000000001208e+01,5.000000000000000000e-01
1.410100000000001153e+01,5.000000000000000000e-01
1.410200000000001275e+01,5.000000000000000000e-01
1.410300000000001219e+01,5.000000000000000000e-01
1.410400000000001164e+01,5.000000000000000000e-01
1.410500000000001286e+01,5.000000000000000000e-01
1.410600000000001231e+01,5.000000000000000000e-01
1.410700000000001175e+01,5.000000000000000000e-01
1.410800000000001297e+01,5.000000000000000000e-01
1.410900000000001242e+01,5.000000000000000000e-01
1.411000000000001187e+01,5.000000000000000000e-01
1.411100000000001309e+01,5.000000000000000000e-01
1.411200000000001253e+01,5.000000000000000000e-01
1.411300000000001198e+01,5.000000000000000000e-01
1.411400000000001320e+01,5.000000000000000000e-01
1.411500000000001265e+01,5.000000000000000000e-01
1.411600000000001209e+01,5.000000000000000000e-01
1.411700000000001332e+01,5.000000000000000000e-01
1.411800000000001276e+01,5.000000000000000000e-01
1.411900000000001221e+01,5.000000000000000000e-01
1.412000000000001165e+01,5.000000000000000000e-01
1.412100000000001288e+01,5.000000000000000000e-01
1.412200000000001232e+01,5.000000000000000000e-01
1.412300000000001177e+01,5.000000000000000000e-01
1.412400000000001299e+01,5.000000000000000000e-01
1.412500000000001243e+01,5.000000000000000000e-01
1.412600000000001188e+01,5.000000000000000000e-01
1.412700000000001310e+01,5.000000000000000000e-01
1.412800000000001255e+01,5.000000000000000000e-01
1.412900000000001199e+01,5.000000000000000000e-01
1.413000000000001322e+01,5.000000000000000000e-01
1.413100000000001266e+01,5.000000000000000000e-01
1.413200000000001211e+01,5.000000000000000000e-01
1.413300000000001155e+01,5.000000000000000000e-01
1.413400000000001278e+01,5.000000000000000000e-01
1.413500000000001222e+01,5.000000000000000000e-01
1.413600000000001167e+01,5.000000000000000000e-01
1.413700000000001289e+01,5.000000000000000000e-01
1.413800000000001234e+01,5.000000000000000000e-01
1.413900000000001178e+01,5.000000000000000000e-01
1.414000000000001300e+01,5.000000000000000000e-01
1.414100000000001245e+01,5.000000000000000000e-01
1.414200000000001189e+01,5.000000000000000000e-01
1.414300000000001312e+01,5.000000000000000000e-01
1.414400000000001256e+01,5.000000000000000000e-01
1.414500000000001201e+01,5.000000000000000000e-01
1.414600000000001323e+01,5.000000000000000000e-01
1.414700000000001268e+01,5.000000000000000000e-01
1.414800000000001212e+01,5.000000000000000000e-01
1.414900000000001334e+01,5.000000000000000000e-01
1.415000000000001279e+01,5.000000000000000000e-01
1.415100000000001224e+01,5.000000000000000000e-01
1.415200000000001168e+01,5.000000000000000000e-01
1.415300000000001290e+01,5.000000000000000000e-01
1.415400000000001235e+01,5.000000000000000000e-01
1.415500000000001180e+01,5.000000000000000000e-01
1.415600000000001302e+01,5.000000000000000000e-01
1.415700000000001246e+01,5.000000000000000000e-01
1.415800000000001191e+01,5.000000000000000000e-01
1.415900000000001313e+01,5.000000000000000000e-01
1.416000000000001258e+01,5.000000000000000000e-01
1.416100000000001202e+01,5.000000000000000000e-01
1.416200000000001324e+01,5.000000000000000000e-01
1.416300000000001269e+01,5.000000000000000000e-01
1.416400000000001214e+01,5.000000000000000000e-01
1.416500000000001158e+01,5.000000000000000000e-01
1.416600000000001280e+01,5.000000000000000000e-01
1.416700000000001225e+01,5.000000000000000000e-01
1.416800000000001170e+01,5.000000000000000000e-01
1.416900000000001292e+01,5.000000000000000000e-01
1.417000000000001236e+01,5.000000000000000000e-01
1.417100000000001181e+01,5.000000000000000000e-01
1.417200000000001303e+01,5.000000000000000000e-01
1.417300000000001248e+01,5.000000000000000000e-01
1.417400000000001192e+01,5.000000000000000000e-01
1.417500000000001315e+01,5.000000000000000000e-01
1.417600000000001259e+01,5.000000000000000000e-01
1.417700000000001204e+01,5.000000000000000000e-01
1.417800000000001326e+01,5.000000000000000000e-01
1.417900000000001270e+01,5.000000000000000000e-01
1.418000000000001215e+01,5.000000000000000000e-01
1.418100000000001337e+01,5.000000000000000000e-01
1.418200000000001282e+01,5.000000000000000000e-01
1.418300000000001226e+01,5.000000000000000000e-01
1.418400000000001171e+01,5.000000000000000000e-01
1.418500000000001293e+01,5.000000000000000000e-01
1.418600000000001238e+01,5.000000000000000000e-01
1.418700000000001182e+01,5.000000000000000000e-01
1.418800000000001305e+01,5.000000000000000000e-01
1.418900000000001249e+01,5.000000000000000000e-01
1.419000000000001194e+01,5.000000000000000000e-01
1.419100000000001316e+01,5.000000000000000000e-01
1.419200000000001261e+01,5.000000000000000000e-01
1.419300000000001205e+01,5.000000000000000000e-01
1.419400000000001327e+01,5.000000000000000000e-01
1.419500000000001272e+01,5.000000000000000000e-01
1.419600000000001216e+01,5.000000000000000000e-01
1.419700000000001161e+01,5.000000000000000000e-01
1.419800000000001283e+01,5.000000000000000000e-01
1.419900000000001228e+01,5.000000000000000000e-01
1.420000000000001172e+01,5.000000000000000000e-01
1.420100000000001295e+01,5.000000000000000000e-01
1.420200000000001239e+01,5.000000000000000000e-01
1.420300000000001184e+01,5.000000000000000000e-01
1.420400000000001306e+01,5.000000000000000000e-01
1.420500000000001251e+01,5.000000000000000000e-01
1.420600000000001195e+01,5.000000000000000000e-01
1.420700000000001317e+01,5.000000000000000000e-01
1.420800000000001262e+01,5.000000000000000000e-01
1.420900000000001207e+01,5.000000000000000000e-01
1.421000000000001329e+01,5.000000000000000000e-01
1.421100000000001273e+01,5.000000000000000000e-01
1.421200000000001218e+01,5.000000000000000000e-01
1.421300000000001340e+01,5.000000000000000000e-01
1.421400000000001285e+01,5.000000000000000000e-01
1.421500000000001229e+01,5.000000000000000000e-01
1.421600000000001174e+01,5.000000000000000000e-01
1.421700000000001296e+01,5.000000000000000000e-01
1.421800000000001241e+01,5.000000000000000000e-01
1.421900000000001185e+01,5.000000000000000000e-01
1.422000000000001307e+01,5.000000000000000000e-01
1.422100000000001252e+01,5.000000000000000000e-01
1.422200000000001197e+01,5.000000000000000000e-01
1.422300000000001319e+01,5.000000000000000000e-01
1.422400000000001263e+01,5.000000000000000000e-01
1.422500000000001208e+01,5.000000000000000000e-01
1.422600000000001330e+01,5.000000000000000000e-01
1.422700000000001275e+01,5.000000000000000000e-01
1.422800000000001219e+01,5.000000000000000000e-01
1.422900000000001164e+01,5.000000000000000000e-01
1.423000000000001286e+01,5.000000000000000000e-01
1.423100000000001231e+01,5.000000000000000000e-01
1.423200000000001175e+01,5.000000000000000000e-01
1.423300000000001297e+01,5.000000000000000000e-01
1.423400000000001242e+01,5.000000000000000000e-01
1.423500000000001187e+01,5.000000000000000000e-01
1.423600000000001309e+01,5.000000000000000000e-01
1.423700000000001253e+01,5.000000000000000000e-01
1.423800000000001198e+01,5.000000000000000000e-01
1.423900000000001320e+01,5.000000000000000000e-01
1.424000000000001265e+01,5.000000000000000000e-01
1.424100000000001209e+01,5.000000000000000000e-01
1.424200000000001332e+01,5.000000000000000000e-01
1.424300000000001276e+01,5.000000000000000000e-01
1.424400000000001221e+01,5.000000000000000000e-01
1.424500000000001343e+01,5.000000000000000000e-01
1.424600000000001288e+01,5.000000000000000000e-01
1.424700000000001232e+01,5.000000000000000000e-01
1.424800000000001177e+01,5.000000000000000000e-01
1.424900000000001299e+01,5.000000000000000000e-01
1.425000000000001243e+01,5.000000000000000000e-01
1.425100000000001188e+01,5.000000000000000000e-01
1.425200000000001310e+01,5.000000000000000000e-01
1.425300000000001255e+01,5.000000000000000000e-01
1.425400000000001199e+01,5.000000000000000000e-01
1.425500000000001322e+01,5.000000000000000000e-01
1.425600000000001266e+01,5.000000000000000000e-01
1.425700000000001211e+01,5.000000000000000000e-01
1.425800000000001333e+01,5.000000000000000000e-01
1.425900000000001278e+01,5.000000000000000000e-01
1.426000000000001222e+01,5.000000000000000000e-01
1.426100000000001167e+01,5.000000000000000000e-01
1.426200000000001289e+01,5.000000000000000000e-01
1.426300000000001234e+01,5.000000000000000000e-01
1.426400000000001178e+01,5.000000000000000000e-01
1.426500000000001300e+01,5.000000000000000000e-01
1.426600000000001245e+01,5.000000000000000000e-01
1.426700000000001189e+01,5.000000000000000000e-01
1.426800000000001312e+01,5.000000000000000000e-01
1.426900000000001256e+01,5.000000000000000000e-01
1.427000000000001201e+01,5.000000000000000000e-01
1.427100000000001323e+01,5.000000000000000000e-01
1.427200000000001268e+01,5.000000000000000000e-01
1.427300000000001212e+01,5.000000000000000000e-01
1.427400000000001334e+01,5.000000000000000000e-01
1.427500000000001279e+01,5.000000000000000000e-01
1.427600000000001224e+01,5.000000000000000000e-01
1.427700000000001346e+01,5.000000000000000000e-01
1.427800000000001290e+01,5.000000000000000000e-01
1.427900000000001235e+01,5.000000000000000000e-01
1.428000000000001180e+01,5.000000000000000000e-01
1.428100000000001302e+01,5.000000000000000000e-01
1.428200000000001246e+01,5.000000000000000000e-01
1.428300000000001191e+01,5.000000000000000000e-01
1.428400000000001313e+01,5.000000000000000000e-01
1.428500000000001258e+01,5.000000000000000000e-01
1.428600000000001202e+01,5.000000000000000000e-01
1.428700000000001324e+01,5.000000000000000000e-01
1.428800000000001269e+01,5.000000000000000000e-01
1.428900000000001214e+01,5.000000000000000000e-01
1.429000000000001336e+01,5.000000000000000000e-01
1.429100000000001280e+01,5.000000000000000000e-01
1.429200000000001225e+01,5.000000000000000000e-01
1.429300000000001170e+01,5.000000000000000000e-01
1.429400000000001292e+01,5.000000000000000000e-01
1.429500000000001236e+01,5.000000000000000000e-01
1.429600000000001181e+01,5.000000000000000000e-01
1.429700000000001303e+01,5.000000000000000000e-01
1.429800000000001248e+01,5.000000000000000000e-01
1.429900000000001192e+01,5.000000000000000000e-01
1.430000000000001315e+01,5.000000000000000000e-01
1.430100000000001259e+01,5.000000000000000000e-01
1.430200000000001204e+01,5.000000000000000000e-01
1.430300000000001326e+01,5.000000000000000000e-01
1.430400000000001270e+01,5.000000000000000000e-01
1.430500000000001215e+01,5.000000000000000000e-01
1.430600000000001337e+01,5.000000000000000000e-01
1.430700000000001282e+01,5.000000000000000000e-01
1.430800000000001226e+01,5.000000000000000000e-01
1.430900000000001349e+01,5.000000000000000000e-01
1.431000000000001293e+01,5.000000000000000000e-01
1.431100000000001238e+01,5.000000000000000000e-01
1.431200000000001182e+01,5.000000000000000000e-01
1.431300000000001305e+01,5.000000000000000000e-01
1.431400000000001249e+01,5.000000000000000000e-01
1.431500000000001194e+01,5.000000000000000000e-01
1.431600000000001316e+01,5.000000000000000000e-01
1.431700000000001261e+01,5.000000000000000000e-01
1.431800000000001205e+01,5.000000000000000000e-01
1.431900000000001327e+01,5.000000000000000000e-01
1.432000000000001272e+01,5.000000000000000000e-01
1.432100000000001216e+01,5.000000000000000000e-01
1.432200000000001339e+01,5.000000000000000000e-01
1.432300000000001283e+01,5.000000000000000000e-01
1.432400000000001228e+01,5.000000000000000000e-01
1.432500000000001172e+01,5.000000000000000000e-01
1.432600000000001295e+01,5.000000000000000000e-01
1.432700000000001239e+01,5.000000000000000000e-01
1.432800000000001184e+01,5.000000000000000000e-01
1.432900000000001306e+01,5.000000000000000000e-01
1.433000000000001251e+01,5.000000000000000000e-01
1.433100000000001195e+01,5.000000000000000000e-01
1.433200000000001317e+01,5.000000000000000000e-01
1.433300000000001262e+01,5.000000000000000000e-01
1.433400000000001207e+01,5.000000000000000000e-01
1.433500000000001329e+01,5.000000000000000000e-01
1.433600000000001273e+01,5.000000000000000000e-01
1.433700000000001218e+01,5.000000000000000000e-01
1.433800000000001340e+01,5.000000000000000000e-01
1.433900000000001285e+01,5.000000000000000000e-01
1.434000000000001229e+01,5.000000000000000000e-01
1.434100000000001351e+01,5.000000000000000000e-01
1.434200000000001296e+01,5.000000000000000000e-01
1.434300000000001241e+01,5.000000000000000000e-01
1.434400000000001185e+01,5.000000000000000000e-01
1.434500000000001307e+01,5.000000000000000000e-01
1.434600000000001252e+01,5.000000000000000000e-01
1.434700000000001197e+01,5.000000000000000000e-01
1.434800000000001319e+01,5.000000000000000000e-01
1.434900000000001263e+01,5.000000000000000000e-01
1.435000000000001208e+01,5.000000000000000000e-01
1.435100000000001330e+01,5.000000000000000000e-01
1.435200000000001275e+01,5.000000000000000000e-01
1.435300000000001219e+01,5.000000000000000000e-01
1.435400000000001342e+01,5.000000000000000000e-01
1.435500000000001286e+01,5.000000000000000000e-01
1.435600000000001231e+01,5.000000000000000000e-01
1.435700000000001175e+01,5.000000000000000000e-01
1.435800000000001297e+01,5.000000000000000000e-01
1.435900000000001242e+01,5.000000000000000000e-01
1.436000000000001187e+01,5.000000000000000000e-01
1.436100000000001309e+01,5.000000000000000000e-01
1.436200000000001253e+01,5.000000000000000000e-01
1.436300000000001198e+01,5.000000000000000000e-01
1.436400000000001320e+01,5.000000000000000000e-01
1.436500000000001265e+01,5.000000000000000000e-01
1.436600000000001209e+01,5.000000000000000000e-01
1.436700000000001332e+01,5.000000000000000000e-01
1.436800000000001276e+01,5.000000000000000000e-01
1.436900000000001221e+01,5.000000000000000000e-01
1.437000000000001343e+01,5.000000000000000000e-01
1.437100000000001288e+01,5.000000000000000000e-01
1.437200000000001232e+01,5.000000000000000000e-01
1.437300000000001354e+01,5.000000000000000000e-01
1.437400000000001299e+01,5.000000000000000000e-01
1.437500000000001243e+01,5.000000000000000000e-01
1.437600000000001188e+01,5.000000000000000000e-01
1.437700000000001310e+01,5.000000000000000000e-01
1.437800000000001255e+01,5.000000000000000000e-01
1.437900000000001199e+01,5.000000000000000000e-01
1.438000000000001322e+01,5.000000000000000000e-01
1.438100000000001266e+01,5.000000000000000000e-01
1.438200000000001211e+01,5.000000000000000000e-01
1.438300000000001333e+01,5.000000000000000000e-01
1.438400000000001278e+01,5.000000000000000000e-01
1.438500000000001222e+01,5.000000000000000000e-01
1.438600000000001344e+01,5.000000000000000000e-01
1.438700000000001289e+01,5.000000000000000000e-01
1.438800000000001234e+01,5.000000000000000000e-01
1.438900000000001178e+01,5.000000000000000000e-01
1.439000000000001300e+01,5.000000000000000000e-01
1.439100000000001245e+01,5.000000000000000000e-01
1.439200000000001189e+01,5.000000000000000000e-01
1.439300000000001312e+01,5.000000000000000000e-01
1.439400000000001256e+01,5.000000000000000000e-01
1.439500000000001201e+01,5.000000000000000000e-01
1.439600000000001323e+01,5.000000000000000000e-01
1.439700000000001268e+01,5.000000000000000000e-01
1.439800000000001212e+01,5.000000000000000000e-01
1.439900000000001334e+01,5.000000000000000000e-01
1.440000000000001279e+01,5.000000000000000000e-01
1.440100000000001224e+01,5.000000000000000000e-01
1.440200000000001346e+01,5.000000000000000000e-01
1.440300000000001290e+01,5.000000000000000000e-01
1.440400000000001235e+01,5.000000000000000000e-01
1.440500000000001357e+01,5.000000000000000000e-01
1.440600000000001302e+01,5.000000000000000000e-01
1.440700000000001246e+01,5.000000000000000000e-01
1.440800000000001191e+01,5.000000000000000000e-01
1.440900000000001313e+01,5.000000000000000000e-01
1.441000000000001258e+01,5.000000000000000000e-01
1.441100000000001202e+01,5.000000000000000000e-01
1.441200000000001324e+01,5.000000000000000000e-01
1.441300000000001269e+01,5.000000000000000000e-01
1.441400000000001214e+01,5.000000000000000000e-01
1.441500000000001336e+01,5.000000000000000000e-01
1.441600000000001280e+01,5.000000000000000000e-01
1.441700000000001225e+01,5.000000000000000000e-01
1.441800000000001347e+01,5.000000000000000000e-01
1.441900000000001292e+01,5.000000000000000000e-01
1.442000000000001236e+01,5.000000000000000000e-01
1.442100000000001181e+01,5.000000000000000000e-01
1.442200000000001303e+01,5.000000000000000000e-01
1.442300000000001248e+01,5.000000000000000000e-01
1.442400000000001192e+01,5.000000000000000000e-01
1.442500000000001315e+01,5.000000000000000000e-01
1.442600000000001259e+01,5.000000000000000000e-01
1.442700000000001204e+01,5.000000000000000000e-01
1.442800000000001326e+01,5.000000000000000000e-01
1.442900000000001270e+01,5.000000000000000000e-01
1.443000000000001215e+01,5.000000000000000000e-01
1.443100000000001337e+01,5.000000000000000000e-01
1.443200000000001282e+01,5.000000000000000000e-01
1.443300000000001226e+01,5.000000000000000000e-01
1.443400000000001349e+01,5.000000000000000000e-01
1.443500000000001293e+01,5.000000000000000000e-01
1.443600000000001238e+01,5.000000000000000000e-01
1.443700000000001360e+01,5.000000000000000000e-01
1.443800000000001305e+01,5.000000000000000000e-01
1.443900000000001249e+01,5.000000000000000000e-01
1.444000000000001194e+01,5.000000000000000000e-01
1.444100000000001316e+01,5.000000000000000000e-01
1.444200000000001261e+01,5.000000000000000000e-01
1.444300000000001205e+01,5.000000000000000000e-01
1.444400000000001327e+01,5.000000000000000000e-01
1.444500000000001272e+01,5.000000000000000000e-01
1.444600000000001216e+01,5.000000000000000000e-01
1.444700000000001339e+01,5.000000000000000000e-01
1.444800000000001283e+01,5.000000000000000000e-01
1.444900000000001228e+01,5.000000000000000000e-01
1.445000000000001350e+01,5.000000000000000000e-01
1.445100000000001295e+01,5.000000000000000000e-01
1.445200000000001239e+01,5.000000000000000000e-01
1.445300000000001184e+01,5.000000000000000000e-01
1.445400000000001306e+01,5.000000000000000000e-01
1.445500000000001251e+01,5.000000000000000000e-01
1.445600000000001195e+01,5.000000000000000000e-01
1.445700000000001317e+01,5.000000000000000000e-01
1.445800000000001262e+01,5.000000000000000000e-01
1.445900000000001207e+01,5.000000000000000000e-01
1.446000000000001329e+01,5.000000000000000000e-01
1.446100000000001273e+01,5.000000000000000000e-01
1.446200000000001218e+01,5.000000000000000000e-01
1.446300000000001340e+01,5.000000000000000000e-01
1.446400000000001285e+01,5.000000000000000000e-01
1.446500000000001229e+01,5.000000000000000000e-01
1.446600000000001351e+01,5.000000000000000000e-01
1.446700000000001296e+01,5.000000000000000000e-01
1.446800000000001241e+01,5.000000000000000000e-01
1.446900000000001363e+01,5.000000000000000000e-01
1.447000000000001307e+01,5.000000000000000000e-01
1.447100000000001252e+01,5.000000000000000000e-01
1.447200000000001197e+01,5.000000000000000000e-01
1.447300000000001319e+01,5.000000000000000000e-01
1.447400000000001263e+01,5.000000000000000000e-01
1.447500000000001208e+01,5.000000000000000000e-01
1.447600000000001330e+01,5.000000000000000000e-01
1.447700000000001275e+01,5.000000000000000000e-01
1.447800000000001219e+01,5.000000000000000000e-01
1.447900000000001342e+01,5.000000000000000000e-01
1.448000000000001286e+01,5.000000000000000000e-01
1.448100000000001231e+01,5.000000000000000000e-01
1.448200000000001353e+01,5.000000000000000000e-01
1.448300000000001297e+01,5.000000000000000000e-01
1.448400000000001242e+01,5.000000000000000000e-01
1.448500000000001187e+01,5.000000000000000000e-01
1.448600000000001309e+01,5.000000000000000000e-01
1.448700000000001253e+01,5.000000000000000000e-01
1.448800000000001198e+01,5.000000000000000000e-01
1.448900000000001320e+01,5.000000000000000000e-01
1.449000000000001265e+01,5.000000000000000000e-01
1.449100000000001209e+01,5.000000000000000000e-01
1.449200000000001332e+01,5.000000000000000000e-01
1.449300000000001276e+01,5.000000000000000000e-01
1.449400000000001221e+01,5.000000000000000000e-01
1.449500000000001343e+01,5.000000000000000000e-01
1.449600000000001288e+01,5.000000000000000000e-01
1.449700000000001232e+01,5.000000000000000000e-01
1.449800000000001354e+01,5.000000000000000000e-01
1.449900000000001299e+01,5.000000000000000000e-01
1.450000000000001243e+01,5.000000000000000000e-01
1.450100000000001366e+01,5.000000000000000000e-01
1.450200000000001310e+01,5.000000000000000000e-01
1.450300000000001255e+01,5.000000000000000000e-01
1.450400000000001199e+01,5.000000000000000000e-01
1.450500000000001322e+01,5.000000000000000000e-01
1.450600000000001266e+01,5.000000000000000000e-01
1.450700000000001211e+01,5.000000000000000000e-01
1.450800000000001333e+01,5.000000000000000000e-01
1.450900000000001278e+01,5.000000000000000000e-01
1.451000000000001222e+01,5.000000000000000000e-01
1.451100000000001344e+01,5.000000000000000000e-01
1.451200000000001289e+01,5.000000000000000000e-01
1.451300000000001234e+01,5.000000000000000000e-01
1.451400000000001356e+01,5.000000000000000000e-01
1.451500000000001300e+01,5.000000000000000000e-01
1.451600000000001245e+01,5.000000000000000000e-01
1.451700000000001189e+01,5.000000000000000000e-01
1.451800000000001312e+01,5.000000000000000000e-01
1.451900000000001256e+01,5.000000000000000000e-01
1.452000000000001201e+01,5.000000000000000000e-01
1.452100000000001323e+01,5.000000000000000000e-01
1.452200000000001268e+01,5.000000000000000000e-01
1.452300000000001212e+01,5.000000000000000000e-01
1.452400000000001334e+01,5.000000000000000000e-01
1.452500000000001279e+01,5.000000000000000000e-01
1.452600000000001224e+01,5.000000000000000000e-01
1.452700000000001346e+01,5.000000000000000000e-01
1.452800000000001290e+01,5.000000000000000000e-01
1.452900000000001235e+01,5.000000000000000000e-01
1.453000000000001357e+01,5.000000000000000000e-01
1.453100000000001302e+01,5.000000000000000000e-01
1.453200000000001246e+01,5.000000000000000000e-01
1.453300000000001369e+01,5.000000000000000000e-01
1.453400000000001313e+01,5.000000000000000000e-01
1.453500000000001258e+01,5.000000000000000000e-01
1.453600000000001202e+01,5.000000000000000000e-01
1.453700000000001324e+01,5.000000000000000000e-01
1.453800000000001269e+01,5.000000000000000000e-01
1.453900000000001214e+01,5.000000000000000000e-01
1.454000000000001336e+01,5.000000000000000000e-01
1.454100000000001280e+01,5.000000000000000000e-01
1.454200000000001225e+01,5.000000000000000000e-01
1.454300000000001347e+01,5.000000000000000000e-01
1.454400000000001292e+01,5.000000000000000000e-01
1.454500000000001236e+01,5.000000000000000000e-01
1.454600000000001359e+01,5.000000000000000000e-01
1.454700000000001303e+01,5.000000000000000000e-01
1.454800000000001248e+01,5.000000000000000000e-01
1.454900000000001192e+01,5.000000000000000000e-01
1.455000000000001315e+01,5.000000000000000000e-01
1.455100000000001259e+01,5.000000000000000000e-01
1.455200000000001204e+01,5.000000000000000000e-01
1.455300000000001326e+01,5.000000000000000000e-01
1.455400000000001270e+01,5.000000000000000000e-01
1.455500000000001215e+01,5.000000000000000000e-01
1.455600000000001337e+01,5.000000000000000000e-01
1.455700000000001282e+01,5.000000000000000000e-01
1.455800000000001226e+01,5.000000000000000000e-01
1.455900000000001349e+01,5.000000000000000000e-01
1.456000000000001293e+01,5.000000000000000000e-01
1.456100000000001238e+01,5.000000000000000000e-01
1.456200000000001360e+01,5.000000000000000000e-01
1.456300000000001305e+01,5.000000000000000000e-01
1.456400000000001249e+01,5.000000000000000000e-01
1.456500000000001371e+01,5.000000000000000000e-01
1.456600000000001316e+01,5.000000000000000000e-01
1.456700000000001261e+01,5.000000000000000000e-01
1.456800000000001205e+01,5.000000000000000000e-01
1.456900000000001327e+01,5.000000000000000000e-01
1.457000000000001272e+01,5.000000000000000000e-01
1.457100000000001216e+01,5.000000000000000000e-01
1.457200000000001339e+01,5.000000000000000000e-01
1.457300000000001283e+01,5.000000000000000000e-01
1.457400000000001228e+01,5.000000000000000000e-01
1.457500000000001350e+01,5.000000000000000000e-01
1.457600000000001295e+01,5.000000000000000000e-01
1.457700000000001239e+01,5.000000000000000000e-01
1.457800000000001361e+01,5.000000000000000000e-01
1.457900000000001306e+01,5.000000000000000000e-01
1.458000000000001251e+01,5.000000000000000000e-01
1.458100000000001195e+01,5.000000000000000000e-01
1.458200000000001317e+01,5.000000000000000000e-01
1.458300000000001262e+01,5.000000000000000000e-01
1.458400000000001207e+01,5.000000000000000000e-01
1.458500000000001329e+01,5.000000000000000000e-01
1.458600000000001273e+01,5.000000000000000000e-01
1.458700000000001218e+01,5.000000000000000000e-01
1.458800000000001340e+01,5.000000000000000000e-01
1.458900000000001285e+01,5.000000000000000000e-01
1.459000000000001229e+01,5.000000000000000000e-01
1.459100000000001351e+01,5.000000000000000000e-01
1.459200000000001296e+01,5.000000000000000000e-01
1.459300000000001241e+01,5.000000000000000000e-01
1.459400000000001363e+01,5.000000000000000000e-01
1.459500000000001307e+01,5.000000000000000000e-01
1.459600000000001252e+01,5.000000000000000000e-01
1.459700000000001374e+01,5.000000000000000000e-01
1.459800000000001319e+01,5.000000000000000000e-01
1.459900000000001263e+01,5.000000000000000000e-01
1.460000000000001208e+01,5.000000000000000000e-01
1.460100000000001330e+01,5.000000000000000000e-01
1.460200000000001275e+01,5.000000000000000000e-01
1.460300000000001219e+01,5.000000000000000000e-01
1.460400000000001342e+01,5.000000000000000000e-01
1.460500000000001286e+01,5.000000000000000000e-01
1.460600000000001231e+01,5.000000000000000000e-01
1.460700000000001353e+01,5.000000000000000000e-01
1.460800000000001297e+01,5.000000000000000000e-01
1.460900000000001242e+01,5.000000000000000000e-01
1.461000000000001364e+01,5.000000000000000000e-01
1.461100000000001309e+01,5.000000000000000000e-01
1.461200000000001253e+01,5.000000000000000000e-01
1.461300000000001198e+01,5.000000000000000000e-01
1.461400000000001320e+01,5.000000000000000000e-01
1.461500000000001265e+01,5.000000000000000000e-01
1.461600000000001209e+01,5.000000000000000000e-01
1.461700000000001332e+01,5.000000000000000000e-01
1.461800000000001276e+01,5.000000000000000000e-01
1.461900000000001221e+01,5.000000000000000000e-01
1.462000000000001343e+01,5.000000000000000000e-01
1.462100000000001288e+01,5.000000000000000000e-01
1.462200000000001232e+01,5.000000000000000000e-01
1.462300000000001354e+01,5.000000000000000000e-01
1.462400000000001299e+01,5.000000000000000000e-01
1.462500000000001243e+01,5.000000000000000000e-01
1.462600000000001366e+01,5.000000000000000000e-01
1.462700000000001310e+01,5.000000000000000000e-01
1.462800000000001255e+01,5.000000000000000000e-01
1.462900000000001377e+01,5.000000000000000000e-01
1.463000000000001322e+01,5.000000000000000000e-01
1.463100000000001266e+01,5.000000000000000000e-01
1.463200000000001211e+01,5.000000000000000000e-01
1.463300000000001333e+01,5.000000000000000000e-01
1.463400000000001278e+01,5.000000000000000000e-01
1.463500000000001222e+01,5.000000000000000000e-01
1.463600000000001344e+01,5.000000000000000000e-01
1.463700000000001289e+01,5.000000000000000000e-01
1.463800000000001234e+01,5.000000000000000000e-01
1.463900000000001356e+01,5.000000000000000000e-01
1.464000000000001300e+01,5.000000000000000000e-01
1.464100000000001245e+01,5.000000000000000000e-01
1.464200000000001367e+01,5.000000000000000000e-01
1.464300000000001312e+01,5.000000000000000000e-01
1.464400000000001256e+01,5.000000000000000000e-01
1.464500000000001201e+01,5.000000000000000000e-01
1.464600000000001323e+01,5.000000000000000000e-01
1.464700000000001268e+01,5.000000000000000000e-01
1.464800000000001212e+01,5.000000000000000000e-01
1.464900000000001334e+01,5.000000000000000000e-01
1.465000000000001279e+01,5.000000000000000000e-01
1.465100000000001224e+01,5.000000000000000000e-01
1.465200000000001346e+01,5.000000000000000000e-01
1.465300000000001290e+01,5.000000000000000000e-01
1.465400000000001235e+01,5.000000000000000000e-01
1.465500000000001357e+01,5.000000000000000000e-01
1.465600000000001302e+01,5.000000000000000000e-01
1.465700000000001246e+01,5.000000000000000000e-01
1.465800000000001369e+01,5.000000000000000000e-01
1.465900000000001313e+01,5.000000000000000000e-01
1.466000000000001258e+01,5.000000000000000000e-01
1.466100000000001380e+01,5.000000000000000000e-01
1.466200000000001324e+01,5.000000000000000000e-01
1.466300000000001269e+01,5.000000000000000000e-01
1.466400000000001214e+01,5.000000000000000000e-01
1.466500000000001336e+01,5.000000000000000000e-01
1.466600000000001280e+01,5.000000000000000000e-01
1.466700000000001225e+01,5.000000000000000000e-01
1.466800000000001347e+01,5.000000000000000000e-01
1.466900000000001292e+01,5.000000000000000000e-01
1.467000000000001236e+01,5.000000000000000000e-01
1.467100000000001359e+01,5.000000000000000000e-01
1.467200000000001303e+01,5.000000000000000000e-01
1.467300000000001248e+01,5.000000000000000000e-01
1.467400000000001370e+01,5.000000000000000000e-01
1.467500000000001315e+01,5.000000000000000000e-01
1.467600000000001259e+01,5.000000000000000000e-01
1.467700000000001204e+01,5.000000000000000000e-01
1.467800000000001326e+01,5.000000000000000000e-01
1.467900000000001270e+01,5.000000000000000000e-01
1.468000000000001215e+01,5.000000000000000000e-01
1.468100000000001337e+01,5.000000000000000000e-01
1.468200000000001282e+01,5.000000000000000000e-01
1.468300000000001226e+01,5.000000000000000000e-01
1.468400000000001349e+01,5.000000000000000000e-01
1.468500000000001293e+01,5.000000000000000000e-01
1.468600000000001238e+01,5.000000000000000000e-01
1.468700000000001360e+01,5.000000000000000000e-01
1.468800000000001305e+01,5.000000000000000000e-01
1.468900000000001249e+01,5.000000000000000000e-01
1.469000000000001371e+01,5.000000000000000000e-01
1.469100000000001316e+01,5.000000000000000000e-01
1.469200000000001261e+01,5.000000000000000000e-01
1.469300000000001383e+01,5.000000000000000000e-01
1.469400000000001327e+01,5.000000000000000000e-01
1.469500000000001272e+01,5.000000000000000000e-01
1.469600000000001216e+01,5.000000000000000000e-01
1.469700000000001339e+01,5.000000000000000000e-01
1.469800000000001283e+01,5.000000000000000000e-01
1.469900000000001228e+01,5.000000000000000000e-01
1.470000000000001350e+01,5.000000000000000000e-01
1.470100000000001295e+01,5.000000000000000000e-01
1.470200000000001239e+01,5.000000000000000000e-01
1.470300000000001361e+01,5.000000000000000000e-01
1.470400000000001306e+01,5.000000000000000000e-01
1.470500000000001251e+01,5.000000000000000000e-01
1.470600000000001373e+01,5.000000000000000000e-01
1.470700000000001317e+01,5.000000000000000000e-01
1.470800000000001262e+01,5.000000000000000000e-01
1.470900000000001207e+01,5.000000000000000000e-01
1.471000000000001329e+01,5.000000000000000000e-01
1.471100000000001273e+01,5.000000000000000000e-01
1.471200000000001218e+01,5.000000000000000000e-01
1.471300000000001340e+01,5.000000000000000000e-01
1.471400000000001285e+01,5.000000000000000000e-01
1.471500000000001229e+01,5.000000000000000000e-01
1.471600000000001351e+01,5.000000000000000000e-01
1.471700000000001296e+01,5.000000000000000000e-01
1.471800000000001241e+01,5.000000000000000000e-01
1.471900000000001363e+01,5.000000000000000000e-01
1.472000000000001307e+01,5.000000000000000000e-01
1.472100000000001252e+01,5.000000000000000000e-01
1.472200000000001374e+01,5.000000000000000000e-01
1.472300000000001319e+01,5.000000000000000000e-01
1.472400000000001263e+01,5.000000000000000000e-01
1.472500000000001386e+01,5.000000000000000000e-01
1.472600000000001330e+01,5.000000000000000000e-01
1.472700000000001275e+01,5.000000000000000000e-01
1.472800000000001219e+01,5.000000000000000000e-01
1.472900000000001342e+01,5.000000000000000000e-01
1.473000000000001286e+01,5.000000000000000000e-01
1.473100000000001231e+01,5.000000000000000000e-01
1.473200000000001353e+01,5.000000000000000000e-01
1.473300000000001297e+01,5.000000000000000000e-01
1.473400000000001242e+01,5.000000000000000000e-01
1.473500000000001364e+01,5.000000000000000000e-01
1.473600000000001309e+01,5.000000000000000000e-01
1.473700000000001253e+01,5.000000000000000000e-01
1.473800000000001376e+01,5.000000000000000000e-01
1.473900000000001320e+01,5.000000000000000000e-01
1.474000000000001265e+01,5.000000000000000000e-01
1.474100000000001209e+01,5.000000000000000000e-01
1.474200000000001332e+01,5.000000000000000000e-01
1.474300000000001276e+01,5.000000000000000000e-01
1.474400000000001221e+01,5.000000000000000000e-01
1.474500000000001343e+01,5.000000000000000000e-01
1.474600000000001288e+01,5.000000000000000000e-01
1.474700000000001232e+01,5.000000000000000000e-01
1.474800000000001354e+01,5.000000000000000000e-01
1.474900000000001299e+01,5.000000000000000000e-01
1.475000000000001243e+01,5.000000000000000000e-01
1.475100000000001366e+01,5.000000000000000000e-01
1.475200000000001310e+01,5.000000000000000000e-01
1.475300000000001255e+01,5.000000000000000000e-01
1.475400000000001377e+01,5.000000000000000000e-01
1.475500000000001322e+01,5.000000000000000000e-01
1.475600000000001266e+01,5.000000000000000000e-01
1.475700000000001388e+01,5.000000000000000000e-01
1.475800000000001333e+01,5.000000000000000000e-01
1.475900000000001278e+01,5.000000000000000000e-01
1.476000000000001222e+01,5.000000000000000000e-01
1.476100000000001344e+01,5.000000000000000000e-01
1.476200000000001289e+01,5.000000000000000000e-01
1.476300000000001234e+01,5.000000000000000000e-01
1.476400000000001356e+01,5.000000000000000000e-01
1.476500000000001300e+01,5.000000000000000000e-01
1.476600000000001245e+01,5.000000000000000000e-01
1.476700000000001367e+01,5.000000000000000000e-01
1.476800000000001312e+01,5.000000000000000000e-01
1.476900000000001256e+01,5.000000000000000000e-01
1.477000000000001378e+01,5.000000000000000000e-01
1.477100000000001323e+01,5.000000000000000000e-01
1.477200000000001268e+01,5.000000000000000000e-01
1.477300000000001212e+01,5.000000000000000000e-01
1.477400000000001334e+01,5.000000000000000000e-01
1.477500000000001279e+01,5.000000000000000000e-01
1.477600000000001224e+01,5.000000000000000000e-01
1.477700000000001346e+01,5.000000000000000000e-01
1.477800000000001290e+01,5.000000000000000000e-01
1.477900000000001235e+01,5.000000000000000000e-01
1.478000000000001357e+01,5.000000000000000000e-01
1.478100000000001302e+01,5.000000000000000000e-01
1.478200000000001246e+01,5.000000000000000000e-01
1.478300000000001369e+01,5.000000000000000000e-01
1.478400000000001313e+01,5.000000000000000000e-01
1.478500000000001258e+01,5.000000000000000000e-01
1.478600000000001380e+01,5.000000000000000000e-01
1.478700000000001324e+01,5.000000000000000000e-01
1.478800000000001269e+01,5.000000000000000000e-01
1.478900000000001391e+01,5.000000000000000000e-01
1.479000000000001336e+01,5.000000000000000000e-01
1.479100000000001280e+01,5.000000000000000000e-01
1.479200000000001225e+01,5.000000000000000000e-01
1.479300000000001347e+01,5.000000000000000000e-01
1.479400000000001292e+01,5.000000000000000000e-01
1.479500000000001236e+01,5.000000000000000000e-01
1.479600000000001359e+01,5.000000000000000000e-01
1.479700000000001303e+01,5.000000000000000000e-01
1.479800000000001248e+01,5.000000000000000000e-01
1.479900000000001370e+01,5.000000000000000000e-01
1.480000000000001315e+01,5.000000000000000000e-01
1.480100000000001259e+01,5.000000000000000000e-01
1.480200000000001381e+01,5.000000000000000000e-01
1.480300000000001326e+01,5.000000000000000000e-01
1.480400000000001270e+01,5.000000000000000000e-01
1.480500000000001215e+01,5.000000000000000000e-01
1.480600000000001337e+01,5.000000000000000000e-01
1.480700000000001282e+01,5.000000000000000000e-01
1.480800000000001226e+01,5.000000000000000000e-01
1.480900000000001349e+01,5.000000000000000000e-01
1.481000000000001293e+01,5.000000000000000000e-01
1.481100000000001238e+01,5.000000000000000000e-01
1.481200000000001360e+01,5.000000000000000000e-01
1.481300000000001305e+01,5.000000000000000000e-01
1.481400000000001249e+01,5.000000000000000000e-01
1.481500000000001371e+01,5.000000000000000000e-01
1.481600000000001316e+01,5.000000000000000000e-01
1.481700000000001261e+01,5.000000000000000000e-01
1.481800000000001383e+01,5.000000000000000000e-01
1.481900000000001327e+01,5.000000000000000000e-01
1.482000000000001272e+01,5.000000000000000000e-01
1.482100000000001394e+01,5.000000000000000000e-01
1.482200000000001339e+01,5.000000000000000000e-01
1.482300000000001283e+01,5.000000000000000000e-01
1.482400000000001228e+01,5.000000000000000000e-01
1.482500000000001350e+01,5.000000000000000000e-01
1.482600000000001295e+01,5.000000000000000000e-01
1.482700000000001239e+01,5.000000000000000000e-01
1.482800000000001361e+01,5.000000000000000000e-01
1.482900000000001306e+01,5.000000000000000000e-01
1.483000000000001251e+01,5.000000000000000000e-01
1.483100000000001373e+01,5.000000000000000000e-01
1.483200000000001317e+01,5.000000000000000000e-01
1.483300000000001262e+01,5.000000000000000000e-01
1.483400000000001384e+01,5.000000000000000000e-01
1.483500000000001329e+01,5.000000000000000000e-01
1.483600000000001273e+01,5.000000000000000000e-01
1.483700000000001218e+01,5.000000000000000000e-01
1.483800000000001340e+01,5.000000000000000000e-01
1.483900000000001285e+01,5.000000000000000000e-01
1.484000000000001229e+01,5.000000000000000000e-01
1.484100000000001351e+01,5.000000000000000000e-01
1.484200000000001296e+01,5.000000000000000000e-01
1.484300000000001241e+01,5.000000000000000000e-01
1.484400000000001363e+01,5.000000000000000000e-01
1.484500000000001307e+01,5.000000000000000000e-01
1.484600000000001252e+01,5.000000000000000000e-01
1.484700000000001374e+01,5.000000000000000000e-01
1.484800000000001319e+01,5.000000000000000000e-01
1.484900000000001263e+01,5.000000000000000000e-01
1.485000000000001386e+01,5.000000000000000000e-01
1.485100000000001330e+01,5.000000000000000000e-01
1.485200000000001275e+01,5.000000000000000000e-01
1.485300000000001397e+01,5.000000000000000000e-01
1.485400000000001342e+01,5.000000000000000000e-01
1.485500000000001286e+01,5.000000000000000000e-01
1.485600000000001231e+01,5.000000000000000000e-01
1.485700000000001353e+01,5.000000000000000000e-01
1.485800000000001297e+01,5.000000000000000000e-01
1.485900000000001242e+01,5.000000000000000000e-01
1.486000000000001364e+01,5.000000000000000000e-01
1.486100000000001309e+01,5.000000000000000000e-01
1.486200000000001253e+01,5.000000000000000000e-01
1.486300000000001376e+01,5.000000000000000000e-01
1.486400000000001320e+01,5.000000000000000000e-01
1.486500000000001265e+01,5.000000000000000000e-01
1.486600000000001387e+01,5.000000000000000000e-01
1.486700000000001332e+01,5.000000000000000000e-01
1.486800000000001276e+01,5.000000000000000000e-01
1.486900000000001221e+01,5.000000000000000000e-01
1.487000000000001343e+01,5.000000000000000000e-01
1.487100000000001288e+01,5.000000000000000000e-01
1.487200000000001232e+01,5.000000000000000000e-01
1.487300000000001354e+01,5.000000000000000000e-01
1.487400000000001299e+01,5.000000000000000000e-01
1.487500000000001243e+01,5.000000000000000000e-01
1.487600000000001366e+01,5.000000000000000000e-01
1.487700000000001310e+01,5.000000000000000000e-01
1.487800000000001255e+01,5.000000000000000000e-01
1.487900000000001377e+01,5.000000000000000000e-01
1.488000000000001322e+01,5.000000000000000000e-01
1.488100000000001266e+01,5.000000000000000000e-01
1.488200000000001388e+01,5.000000000000000000e-01
1.488300000000001333e+01,5.000000000000000000e-01
1.488400000000001278e+01,5.000000000000000000e-01
1.488500000000001400e+01,5.000000000000000000e-01
1.488600000000001344e+01,5.000000000000000000e-01
1.488700000000001289e+01,5.000000000000000000e-01
1.488800000000001234e+01,5.000000000000000000e-01
1.488900000000001356e+01,5.000000000000000000e-01
1.489000000000001300e+01,5.000000000000000000e-01
1.489100000000001245e+01,5.000000000000000000e-01
1.489200000000001367e+01,5.000000000000000000e-01
1.489300000000001312e+01,5.000000000000000000e-01
1.489400000000001256e+01,5.000000000000000000e-01
1.489500000000001378e+01,5.000000000000000000e-01
1.489600000000001323e+01,5.000000000000000000e-01
1.489700000000001268e+01,5.000000000000000000e-01
1.489800000000001390e+01,5.000000000000000000e-01
1.489900000000001334e+01,5.000000000000000000e-01
1.490000000000001279e+01,5.000000000000000000e-01
1.490100000000001224e+01,5.000000000000000000e-01
1.490200000000001346e+01,5.000000000000000000e-01
1.490300000000001290e+01,5.000000000000000000e-01
1.490400000000001235e+01,5.000000000000000000e-01
1.490500000000001357e+01,5.000000000000000000e-01
1.490600000000001302e+01,5.000000000000000000e-01
1.490700000000001246e+01,5.000000000000000000e-01
1.490800000000001369e+01,5.000000000000000000e-01
1.490900000000001313e+01,5.000000000000000000e-01
1.491000000000001258e+01,5.000000000000000000e-01
1.491100000000001380e+01,5.000000000000000000e-01
1.491200000000001324e+01,5.000000000000000000e-01
1.491300000000001269e+01,5.000000000000000000e-01
1.491400000000001391e+01,5.000000000000000000e-01
1.491500000000001336e+01,5.000000000000000000e-01
1.491600000000001280e+01,5.000000000000000000e-01
1.491700000000001403e+01,5.000000000000000000e-01
1.491800000000001347e+01,5.000000000000000000e-01
1.491900000000001292e+01,5.000000000000000000e-01
1.492000000000001236e+01,5.000000000000000000e-01
1.492100000000001359e+01,5.000000000000000000e-01
1.492200000000001303e+01,5.000000000000000000e-01
1.492300000000001248e+01,5.000000000000000000e-01
1.492400000000001370e+01,5.000000000000000000e-01
1.492500000000001315e+01,5.000000000000000000e-01
1.492600000000001259e+01,5.000000000000000000e-01
1.492700000000001381e+01,5.000000000000000000e-01
1.492800000000001326e+01,5.000000000000000000e-01
1.492900000000001270e+01,5.000000000000000000e-01
1.493000000000001393e+01,5.000000000000000000e-01
1.493100000000001337e+01,5.000000000000000000e-01
1.493200000000001282e+01,5.000000000000000000e-01
1.493300000000001226e+01,5.000000000000000000e-01
1.493400000000001349e+01,5.000000000000000000e-01
1.493500000000001293e+01,5.000000000000000000e-01
1.493600000000001238e+01,5.000000000000000000e-01
1.493700000000001360e+01,5.000000000000000000e-01
1.493800000000001305e+01,5.000000000000000000e-01
1.493900000000001249e+01,5.000000000000000000e-01
1.494000000000001371e+01,5.000000000000000000e-01
1.494100000000001316e+01,5.000000000000000000e-01
1.494200000000001261e+01,5.000000000000000000e-01
1.494300000000001383e+01,5.000000000000000000e-01
1.494400000000001327e+01,5.000000000000000000e-01
1.494500000000001272e+01,5.000000000000000000e-01
1.494600000000001394e+01,5.000000000000000000e-01
1.494700000000001339e+01,5.000000000000000000e-01
1.494800000000001283e+01,5.000000000000000000e-01
1.494900000000001405e+01,5.000000000000000000e-01
1.495000000000001350e+01,5.000000000000000000e-01
1.495100000000001295e+01,5.000000000000000000e-01
1.495200000000001239e+01,5.000000000000000000e-01
1.495300000000001361e+01,5.000000000000000000e-01
1.495400000000001306e+01,5.000000000000000000e-01
1.495500000000001251e+01,5.000000000000000000e-01
1.495600000000001373e+01,5.000000000000000000e-01
1.495700000000001317e+01,5.000000000000000000e-01
1.495800000000001262e+01,5.000000000000000000e-01
1.495900000000001384e+01,5.000000000000000000e-01
1.496000000000001329e+01,5.000000000000000000e-01
1.496100000000001273e+01,5.000000000000000000e-01
1.496200000000001396e+01,5.000000000000000000e-01
1.496300000000001340e+01,5.000000000000000000e-01
1.496400000000001285e+01,5.000000000000000000e-01
1.496500000000001229e+01,5.000000000000000000e-01
1.496600000000001351e+01,5.000000000000000000e-01
1.496700000000001296e+01,5.000000000000000000e-01
1.496800000000001241e+01,5.000000000000000000e-01
1.496900000000001363e+01,5.000000000000000000e-01
1.497000000000001307e+01,5.000000000000000000e-01
1.497100000000001252e+01,5.000000000000000000e-01
1.497200000000001374e+01,5.000000000000000000e-01
1.497300000000001319e+01,5.000000000000000000e-01
1.497400000000001263e+01,5.000000000000000000e-01
1.497500000000001386e+01,5.000000000000000000e-01
1.497600000000001330e+01,5.000000000000000000e-01
1.497700000000001275e+01,5.000000000000000000e-01
1.497800000000001397e+01,5.000000000000000000e-01
1.497900000000001342e+01,5.000000000000000000e-01
1.498000000000001286e+01,5.000000000000000000e-01
1.498100000000001408e+01,5.000000000000000000e-01
1.498200000000001353e+01,5.000000000000000000e-01
1.498300000000001297e+01,5.000000000000000000e-01
1.498400000000001242e+01,5.000000000000000000e-01
1.498500000000001364e+01,5.000000000000000000e-01
1.498600000000001309e+01,5.000000000000000000e-01
1.498700000000001253e+01,5.000000000000000000e-01
1.498800000000001376e+01,5.000000000000000000e-01
1.498900000000001320e+01,5.000000000000000000e-01
1.499000000000001265e+01,5.000000000000000000e-01
1.499100000000001387e+01,5.000000000000000000e-01
1.499200000000001332e+01,5.000000000000000000e-01
1.499300000000001276e+01,5.000000000000000000e-01
1.499400000000001398e+01,5.000000000000000000e-01
1.499500000000001343e+01,5.000000000000000000e-01
1.499600000000001288e+01,5.000000000000000000e-01
1.499700000000001232e+01,5.000000000000000000e-01
1.499800000000001354e+01,5.000000000000000000e-01
1.499900000000001299e+01,5.000000000000000000e-01
1.500000000000001243e+01,5.000000000000000000e-01
1.500100000000001366e+01,5.000000000000000000e-01
1.500200000000001310e+01,5.000000000000000000e-01
1.500300000000001255e+01,5.000000000000000000e-01
1.500400000000001377e+01,5.000000000000000000e-01
1.500500000000001322e+01,5.000000000000000000e-01
1.500600000000001266e+01,5.000000000000000000e-01
1.500700000000001388e+01,5.000000000000000000e-01
1.500800000000001333e+01,5.000000000000000000e-01
1.500900000000001278e+01,5.000000000000000000e-01
1.501000000000001400e+01,5.000000000000000000e-01
1.501100000000001344e+01,5.000000000000000000e-01
1.501200000000001289e+01,5.000000000000000000e-01
1.501300000000001411e+01,5.000000000000000000e-01
1.501400000000001356e+01,5.000000000000000000e-01
1.501500000000001300e+01,5.000000000000000000e-01
1.501600000000001245e+01,5.000000000000000000e-01
1.501700000000001367e+01,5.000000000000000000e-01
1.501800000000001312e+01,5.000000000000000000e-01
1.501900000000001256e+01,5.000000000000000000e-01
1.502000000000001378e+01,5.000000000000000000e-01
1.502100000000001323e+01,5.000000000000000000e-01
1.502200000000001268e+01,5.000000000000000000e-01
1.502300000000001390e+01,5.000000000000000000e-01
1.502400000000001334e+01,5.000000000000000000e-01
1.502500000000001279e+01,5.000000000000000000e-01
1.502600000000001401e+01,5.000000000000000000e-01
1.502700000000001346e+01,5.000000000000000000e-01
1.502800000000001290e+01,5.000000000000000000e-01
1.502900000000001235e+01,5.000000000000000000e-01
1.503000000000001357e+01,5.000000000000000000e-01
1.503100000000001302e+01,5.000000000000000000e-01
1.503200000000001246e+01,5.000000000000000000e-01
1.503300000000001369e+01,5.000000000000000000e-01
1.503400000000001313e+01,5.000000000000000000e-01
1.503500000000001258e+01,5.000000000000000000e-01
1.503600000000001380e+01,5.000000000000000000e-01
1.503700000000001324e+01,5.000000000000000000e-01
1.503800000000001269e+01,5.000000000000000000e-01
1.503900000000001391e+01,5.000000000000000000e-01
1.504000000000001336e+01,5.000000000000000000e-01
1.504100000000001280e+01,5.000000000000000000e-01
1.504200000000001403e+01,5.000000000000000000e-01
1.504300000000001347e+01,5.000000000000000000e-01
1.504400000000001292e+01,5.000000000000000000e-01
1.504500000000001414e+01,5.000000000000000000e-01
1.504600000000001359e+01,5.000000000000000000e-01
1.504700000000001303e+01,5.000000000000000000e-01
1.504800000000001248e+01,5.000000000000000000e-01
1.504900000000001370e+01,5.000000000000000000e-01
1.505000000000001315e+01,5.000000000000000000e-01
1.505100000000001259e+01,5.000000000000000000e-01
1.505200000000001381e+01,5.000000000000000000e-01
1.505300000000001326e+01,5.000000000000000000e-01
1.505400000000001270e+01,5.000000000000000000e-01
1.505500000000001393e+01,5.000000000000000000e-01
1.505600000000001337e+01,5.000000000000000000e-01
1.505700000000001282e+01,5.000000000000000000e-01
1.505800000000001404e+01,5.000000000000000000e-01
1.505900000000001349e+01,5.000000000000000000e-01
1.506000000000001293e+01,5.000000000000000000e-01
1.506100000000001238e+01,5.000000000000000000e-01
1.506200000000001360e+01,5.000000000000000000e-01
1.506300000000001305e+01,5.000000000000000000e-01
1.506400000000001249e+01,5.000000000000000000e-01
1.506500000000001371e+01,5.000000000000000000e-01
1.506600000000001316e+01,5.000000000000000000e-01
1.506700000000001261e+01,5.000000000000000000e-01
1.506800000000001383e+01,5.000000000000000000e-01
1.506900000000001327e+01,5.000000000000000000e-01
1.507000000000001272e+01,5.000000000000000000e-01
1.507100000000001394e+01,5.000000000000000000e-01
1.507200000000001339e+01,5.000000000000000000e-01
1.507300000000001283e+01,5.000000000000000000e-01
1.507400000000001405e+01,5.000000000000000000e-01
1.507500000000001350e+01,5.000000000000000000e-01
1.507600000000001295e+01,5.000000000000000000e-01
1.507700000000001417e+01,5.000000000000000000e-01
1.507800000000001361e+01,5.000000000000000000e-01
1.507900000000001306e+01,5.000000000000000000e-01
1.508000000000001251e+01,5.000000000000000000e-01
1.508100000000001373e+01,5.000000000000000000e-01
1.508200000000001317e+01,5.000000000000000000e-01
1.508300000000001262e+01,5.000000000000000000e-01
1.508400000000001384e+01,5.000000000000000000e-01
1.508500000000001329e+01,5.000000000000000000e-01
1.508600000000001273e+01,5.000000000000000000e-01
1.508700000000001396e+01,5.000000000000000000e-01
1.508800000000001340e+01,5.000000000000000000e-01
1.508900000000001285e+01,5.000000000000000000e-01
1.509000000000001407e+01,5.000000000000000000e-01
1.509100000000001351e+01,5.000000000000000000e-01
1.509200000000001296e+01,5.000000000000000000e-01
1.509300000000001241e+01,5.000000000000000000e-01
1.509400000000001363e+01,5.000000000000000000e-01
1.509500000000001307e+01,5.000000000000000000e-01
1.509600000000001252e+01,5.000000000000000000e-01
1.509700000000001374e+01,5.000000000000000000e-01
1.509800000000001319e+01,5.000000000000000000e-01
1.509900000000001263e+01,5.000000000000000000e-01
1.510000000000001386e+01,5.000000000000000000e-01
1.510100000000001330e+01,5.000000000000000000e-01
1.510200000000001275e+01,5.000000000000000000e-01
1.510300000000001397e+01,5.000000000000000000e-01
1.510400000000001342e+01,5.000000000000000000e-01
1.510500000000001286e+01,5.000000000000000000e-01
1.510600000000001408e+01,5.000000000000000000e-01
1.510700000000001353e+01,5.000000000000000000e-01
1.510800000000001297e+01,5.000000000000000000e-01
1.510900000000001420e+01,5.000000000000000000e-01
1.511000000000001364e+01,5.000000000000000000e-01
1.511100000000001309e+01,5.000000000000000000e-01
1.511200000000001253e+01,5.000000000000000000e-01
1.511300000000001376e+01,5.000000000000000000e-01
1.511400000000001320e+01,5.000000000000000000e-01
1.511500000000001265e+01,5.000000000000000000e-01
1.511600000000001387e+01,5.000000000000000000e-01
1.511700000000001332e+01,5.000000000000000000e-01
1.511800000000001276e+01,5.000000000000000000e-01
1.511900000000001398e+01,5.000000000000000000e-01
1.512000000000001343e+01,5.000000000000000000e-01
1.512100000000001288e+01,5.000000000000000000e-01
1.512200000000001410e+01,5.000000000000000000e-01
1.512300000000001354e+01,5.000000000000000000e-01
1.512400000000001299e+01,5.000000000000000000e-01
1.512500000000001243e+01,5.000000000000000000e-01
1.512600000000001366e+01,5.000000000000000000e-01
1.512700000000001310e+01,5.000000000000000000e-01
1.512800000000001255e+01,5.000000000000000000e-01
1.512900000000001377e+01,5.000000000000000000e-01
1.513000000000001322e+01,5.000000000000000000e-01
1.513100000000001266e+01,5.000000000000000000e-01
1.513200000000001388e+01,5.000000000000000000e-01
1.513300000000001333e+01,5.000000000000000000e-01
1.513400000000001278e+01,5.000000000000000000e-01
1.513500000000001400e+01,5.000000000000000000e-01
1.513600000000001344e+01,5.000000000000000000e-01
1.513700000000001289e+01,5.000000000000000000e-01
1.513800000000001411e+01,5.000000000000000000e-01
1.513900000000001356e+01,5.000000000000000000e-01
1.514000000000001300e+01,5.000000000000000000e-01
1.514100000000001423e+01,5.000000000000000000e-01
1.514200000000001367e+01,5.000000000000000000e-01
1.514300000000001312e+01,5.000000000000000000e-01
1.514400000000001256e+01,5.000000000000000000e-01
1.514500000000001378e+01,5.000000000000000000e-01
1.514600000000001323e+01,5.000000000000000000e-01
1.514700000000001268e+01,5.000000000000000000e-01
1.514800000000001390e+01,5.000000000000000000e-01
1.514900000000001334e+01,5.000000000000000000e-01
1.515000000000001279e+01,5.000000000000000000e-01
1.515100000000001401e+01,5.000000000000000000e-01
1.515200000000001346e+01,5.000000000000000000e-01
1.515300000000001290e+01,5.000000000000000000e-01
1.515400000000001413e+01,5.000000000000000000e-01
1.515500000000001357e+01,5.000000000000000000e-01
1.515600000000001302e+01,5.000000000000000000e-01
1.515700000000001246e+01,5.000000000000000000e-01
1.515800000000001369e+01,5.000000000000000000e-01
1.515900000000001313e+01,5.000000000000000000e-01
1.516000000000001258e+01,5.000000000000000000e-01
1.516100000000001380e+01,5.000000000000000000e-01
1.516200000000001324e+01,5.000000000000000000e-01
1.516300000000001269e+01,5.000000000000000000e-01
1.516400000000001391e+01,5.000000000000000000e-01
1.516500000000001336e+01,5.000000000000000000e-01
1.516600000000001280e+01,5.000000000000000000e-01
1.516700000000001403e+01,5.000000000000000000e-01
1.516800000000001347e+01,5.000000000000000000e-01
1.516900000000001292e+01,5.000000000000000000e-01
1.517000000000001414e+01,5.000000000000000000e-01
1.517100000000001359e+01,5.000000000000000000e-01
1.517200000000001303e+01,5.000000000000000000e-01
1.517300000000001425e+01,5.000000000000000000e-01
1.517400000000001370e+01,5.000000000000000000e-01
1.517500000000001315e+01,5.000000000000000000e-01
1.517600000000001259e+01,5.000000000000000000e-01
1.517700000000001381e+01,5.000000000000000000e-01
1.517800000000001326e+01,5.000000000000000000e-01
1.517900000000001270e+01,5.000000000000000000e-01
1.518000000000001393e+01,5.000000000000000000e-01
1.518100000000001337e+01,5.000000000000000000e-01
1.518200000000001282e+01,5.000000000000000000e-01
1.518300000000001404e+01,5.000000000000000000e-01
1.518400000000001349e+01,5.000000000000000000e-01
1.518500000000001293e+01,5.000000000000000000e-01
1.518600000000001415e+01,5.000000000000000000e-01
1.518700000000001360e+01,5.000000000000000000e-01
1.518800000000001305e+01,5.000000000000000000e-01
1.518900000000001249e+01,5.000000000000000000e-01
1.519000000000001371e+01,5.000000000000000000e-01
1.519100000000001316e+01,5.000000000000000000e-01
1.519200000000001261e+01,5.000000000000000000e-01
1.519300000000001383e+01,5.000000000000000000e-01
1.519400000000001327e+01,5.000000000000000000e-01
1.519500000000001272e+01,5.000000000000000000e-01
1.519600000000001394e+01,5.000000000000000000e-01
1.519700000000001339e+01,5.000000000000000000e-01
1.519800000000001283e+01,5.000000000000000000e-01
1.519900000000001405e+01,5.000000000000000000e-01
1.520000000000001350e+01,5.000000000000000000e-01
1.520100000000001295e+01,5.000000000000000000e-01
1.520200000000001417e+01,5.000000000000000000e-01
1.520300000000001361e+01,5.000000000000000000e-01
1.520400000000001306e+01,5.000000000000000000e-01
1.520500000000001428e+01,5.000000000000000000e-01
1.520600000000001373e+01,5.000000000000000000e-01
1.520700000000001317e+01,5.000000000000000000e-01
1.520800000000001262e+01,5.000000000000000000e-01
1.520900000000001384e+01,5.000000000000000000e-01
1.521000000000001329e+01,5.000000000000000000e-01
1.521100000000001273e+01,5.000000000000000000e-01
1.521200000000001396e+01,5.000000000000000000e-01
1.521300000000001340e+01,5.000000000000000000e-01
1.521400000000001285e+01,5.000000000000000000e-01
1.521500000000001407e+01,5.000000000000000000e-01
1.521600000000001351e+01,5.000000000000000000e-01
1.521700000000001296e+01,5.000000000000000000e-01
1.521800000000001418e+01,5.000000000000000000e-01
1.521900000000001363e+01,5.000000000000000000e-01
1.522000000000001307e+01,5.000000000000000000e-01
1.522100000000001252e+01,5.000000000000000000e-01
1.522200000000001374e+01,5.000000000000000000e-01
1.522300000000001319e+01,5.000000000000000000e-01
1.522400000000001263e+01,5.000000000000000000e-01
1.522500000000001386e+01,5.000000000000000000e-01
1.522600000000001330e+01,5.000000000000000000e-01
1.522700000000001275e+01,5.000000000000000000e-01
1.522800000000001397e+01,5.000000000000000000e-01
1.522900000000001342e+01,5.000000000000000000e-01
1.523000000000001286e+01,5.000000000000000000e-01
1.523100000000001408e+01,5.000000000000000000e-01
1.523200000000001353e+01,5.000000000000000000e-01
1.523300000000001297e+01,5.000000000000000000e-01
1.523400000000001420e+01,5.000000000000000000e-01
1.523500000000001364e+01,5.000000000000000000e-01
1.523600000000001309e+01,5.000000000000000000e-01
1.523700000000001431e+01,5.000000000000000000e-01
1.523800000000001376e+01,5.000000000000000000e-01
1.523900000000001320e+01,5.000000000000000000e-01
1.524000000000001265e+01,5.000000000000000000e-01
1.524100000000001387e+01,5.000000000000000000e-01
1.524200000000001332e+01,5.000000000000000000e-01
1.524300000000001276e+01,5.000000000000000000e-01
1.524400000000001398e+01,5.000000000000000000e-01
1.524500000000001343e+01,5.000000000000000000e-01
1.524600000000001288e+01,5.000000000000000000e-01
1.524700000000001410e+01,5.000000000000000000e-01
1.524800000000001354e+01,5.000000000000000000e-01
1.524900000000001299e+01,5.000000000000000000e-01
1.525000000000001421e+01,5.000000000000000000e-01
1.525100000000001366e+01,5.000000000000000000e-01
1.525200000000001310e+01,5.000000000000000000e-01
1.525300000000001255e+01,5.000000000000000000e-01
1.525400000000001377e+01,5.000000000000000000e-01
1.525500000000001322e+01,5.000000000000000000e-01
1.525600000000001266e+01,5.000000000000000000e-01
1.525700000000001388e+01,5.000000000000000000e-01
1.525800000000001333e+01,5.000000000000000000e-01
1.525900000000001278e+01,5.000000000000000000e-01
1.526000000000001400e+01,5.000000000000000000e-01
1.526100000000001344e+01,5.000000000000000000e-01
1.526200000000001289e+01,5.000000000000000000e-01
1.526300000000001411e+01,5.000000000000000000e-01
1.526400000000001356e+01,5.000000000000000000e-01
1.526500000000001300e+01,5.000000000000000000e-01
1.526600000000001423e+01,5.000000000000000000e-01
1.526700000000001367e+01,5.000000000000000000e-01
1.526800000000001312e+01,5.000000000000000000e-01
1.526900000000001434e+01,5.000000000000000000e-01
1.527000000000001378e+01,5.000000000000000000e-01
1.527100000000001323e+01,5.000000000000000000e-01
1.527200000000001268e+01,5.000000000000000000e-01
1.527300000000001390e+01,5.000000000000000000e-01
1.527400000000001334e+01,5.000000000000000000e-01
1.527500000000001279e+01,5.000000000000000000e-01
1.527600000000001401e+01,5.000000000000000000e-01
1.527700000000001346e+01,5.000000000000000000e-01
1.527800000000001290e+01,5.000000000000000000e-01
1.527900000000001413e+01,5.000000000000000000e-01
1.528000000000001357e+01,5.000000000000000000e-01
1.528100000000001302e+01,5.000000000000000000e-01
1.528200000000001424e+01,5.000000000000000000e-01
1.528300000000001369e+01,5.000000000000000000e-01
1.528400000000001313e+01,5.000000000000000000e-01
1.528500000000001258e+01,5.000000000000000000e-01
1.528600000000001380e+01,5.000000000000000000e-01
1.528700000000001324e+01,5.000000000000000000e-01
1.528800000000001269e+01,5.000000000000000000e-01
1.528900000000001391e+01,5.000000000000000000e-01
1.529000000000001336e+01,5.000000000000000000e-01
1.529100000000001280e+01,5.000000000000000000e-01
1.529200000000001403e+01,5.000000000000000000e-01
1.529300000000001347e+01,5.000000000000000000e-01
1.529400000000001292e+01,5.000000000000000000e-01
1.529500000000001414e+01,5.000000000000000000e-01
1.529600000000001359e+01,5.000000000000000000e-01
1.529700000000001303e+01,5.000000000000000000e-01
1.529800000000001425e+01,5.000000000000000000e-01
1.529900000000001370e+01,5.000000000000000000e-01
1.530000000000001315e+01,5.000000000000000000e-01
1.530100000000001437e+01,5.000000000000000000e-01
1.530200000000001381e+01,5.000000000000000000e-01
1.530300000000001326e+01,5.000000000000000000e-01
1.530400000000001270e+01,5.000000000000000000e-01
1.530500000000001393e+01,5.000000000000000000e-01
1.530600000000001337e+01,5.000000000000000000e-01
1.530700000000001282e+01,5.000000000000000000e-01
1.530800000000001404e+01,5.000000000000000000e-01
1.530900000000001349e+01,5.000000000000000000e-01
1.531000000000001293e+01,5.000000000000000000e-01
1.531100000000001415e+01,5.000000000000000000e-01
1.531200000000001360e+01,5.000000000000000000e-01
1.531300000000001305e+01,5.000000000000000000e-01
1.531400000000001427e+01,5.000000000000000000e-01
1.531500000000001371e+01,5.000000000000000000e-01
1.531600000000001316e+01,5.000000000000000000e-01
1.531700000000001261e+01,5.000000000000000000e-01
1.531800000000001383e+01,5.000000000000000000e-01
1.531900000000001327e+01,5.000000000000000000e-01
1.532000000000001272e+01,5.000000000000000000e-01
1.532100000000001394e+01,5.000000000000000000e-01
1.532200000000001339e+01,5.000000000000000000e-01
1.532300000000001283e+01,5.000000000000000000e-01
1.532400000000001405e+01,5.000000000000000000e-01
1.532500000000001350e+01,5.000000000000000000e-01
1.532600000000001295e+01,5.000000000000000000e-01
1.532700000000001417e+01,5.000000000000000000e-01
1.532800000000001361e+01,5.000000000000000000e-01
1.532900000000001306e+01,5.000000000000000000e-01
1.533000000000001428e+01,5.000000000000000000e-01
1.533100000000001373e+01,5.000000000000000000e-01
1.533200000000001317e+01,5.000000000000000000e-01
1.533300000000001440e+01,5.000000000000000000e-01
1.533400000000001384e+01,5.000000000000000000e-01
1.533500000000001329e+01,5.000000000000000000e-01
1.533600000000001273e+01,5.000000000000000000e-01
1.533700000000001396e+01,5.000000000000000000e-01
1.533800000000001340e+01,5.000000000000000000e-01
1.533900000000001285e+01,5.000000000000000000e-01
1.534000000000001407e+01,5.000000000000000000e-01
1.534100000000001351e+01,5.000000000000000000e-01
1.534200000000001296e+01,5.000000000000000000e-01
1.534300000000001418e+01,5.000000000000000000e-01
1.534400000000001363e+01,5.000000000000000000e-01
1.534500000000001307e+01,5.000000000000000000e-01
1.534600000000001430e+01,5.000000000000000000e-01
1.534700000000001374e+01,5.000000000000000000e-01
1.534800000000001319e+01,5.000000000000000000e-01
1.534900000000001263e+01,5.000000000000000000e-01
1.535000000000001386e+01,5.000000000000000000e-01
1.535100000000001330e+01,5.000000000000000000e-01
1.535200000000001275e+01,5.000000000000000000e-01
1.535300000000001397e+01,5.000000000000000000e-01
1.535400000000001342e+01,5.000000000000000000e-01
1.535500000000001286e+01,5.000000000000000000e-01
1.535600000000001408e+01,5.000000000000000000e-01
1.535700000000001353e+01,5.000000000000000000e-01
1.535800000000001297e+01,5.000000000000000000e-01
1.535900000000001420e+01,5.000000000000000000e-01
1.536000000000001364e+01,5.000000000000000000e-01
1.536100000000001309e+01,5.000000000000000000e-01
1.536200000000001431e+01,5.000000000000000000e-01
1.536300000000001376e+01,5.000000000000000000e-01
1.536400000000001320e+01,5.000000000000000000e-01
1.536500000000001442e+01,5.000000000000000000e-01
1.536600000000001387e+01,5.000000000000000000e-01
1.536700000000001332e+01,5.000000000000000000e-01
1.536800000000001276e+01,5.000000000000000000e-01
1.536900000000001398e+01,5.000000000000000000e-01
1.537000000000001343e+01,5.000000000000000000e-01
1.537100000000001288e+01,5.000000000000000000e-01
1.537200000000001410e+01,5.000000000000000000e-01
1.537300000000001354e+01,5.000000000000000000e-01
1.537400000000001299e+01,5.000000000000000000e-01
1.537500000000001421e+01,5.000000000000000000e-01
1.537600000000001366e+01,5.000000000000000000e-01
1.537700000000001310e+01,5.000000000000000000e-01
1.537800000000001432e+01,5.000000000000000000e-01
1.537900000000001377e+01,5.000000000000000000e-01
1.538000000000001322e+01,5.000000000000000000e-01
1.538100000000001266e+01,5.000000000000000000e-01
1.538200000000001388e+01,5.000000000000000000e-01
1.538300000000001333e+01,5.000000000000000000e-01
1.538400000000001278e+01,5.000000000000000000e-01
1.538500000000001400e+01,5.000000000000000000e-01
1.538600000000001344e+01,5.000000000000000000e-01
1.538700000000001289e+01,5.000000000000000000e-01
1.538800000000001411e+01,5.000000000000000000e-01
1.538900000000001356e+01,5.000000000000000000e-01
1.539000000000001300e+01,5.000000000000000000e-01
1.539100000000001423e+01,5.000000000000000000e-01
1.539200000000001367e+01,5.000000000000000000e-01
1.539300000000001312e+01,5.000000000000000000e-01
1.539400000000001434e+01,5.000000000000000000e-01
1.539500000000001378e+01,5.000000000000000000e-01
1.539600000000001323e+01,5.000000000000000000e-01
1.539700000000001445e+01,5.000000000000000000e-01
1.539800000000001390e+01,5.000000000000000000e-01
1.539900000000001334e+01,5.000000000000000000e-01
1.540000000000001279e+01,5.000000000000000000e-01
1.540100000000001401e+01,5.000000000000000000e-01
1.540200000000001346e+01,5.000000000000000000e-01
1.540300000000001290e+01,5.000000000000000000e-01
1.540400000000001413e+01,5.000000000000000000e-01
1.540500000000001357e+01,5.000000000000000000e-01
1.540600000000001302e+01,5.000000000000000000e-01
1.540700000000001424e+01,5.000000000000000000e-01
1.540800000000001369e+01,5.000000000000000000e-01
1.540900000000001313e+01,5.000000000000000000e-01
1.541000000000001435e+01,5.000000000000000000e-01
1.541100000000001380e+01,5.000000000000000000e-01
1.541200000000001324e+01,5.000000000000000000e-01
1.541300000000001269e+01,5.000000000000000000e-01
1.541400000000001391e+01,5.000000000000000000e-01
1.541500000000001336e+01,5.000000000000000000e-01
1.541600000000001280e+01,5.000000000000000000e-01
1.541700000000001403e+01,5.000000000000000000e-01
1.541800000000001347e+01,5.000000000000000000e-01
1.541900000000001292e+01,5.000000000000000000e-01
1.542000000000001414e+01,5.000000000000000000e-01
1.542100000000001359e+01,5.000000000000000000e-01
1.542200000000001303e+01,5.000000000000000000e-01
1.542300000000001425e+01,5.000000000000000000e-01
1.542400000000001370e+01,5.000000000000000000e-01
1.542500000000001315e+01,5.000000000000000000e-01
1.542600000000001437e+01,5.000000000000000000e-01
1.542700000000001381e+01,5.000000000000000000e-01
1.542800000000001326e+01,5.000000000000000000e-01
1.542900000000001448e+01,5.000000000000000000e-01
1.543000000000001393e+01,5.000000000000000000e-01
1.543100000000001337e+01,5.000000000000000000e-01
1.543200000000001282e+01,5.000000000000000000e-01
1.543300000000001404e+01,5.000000000000000000e-01
1.543400000000001349e+01,5.000000000000000000e-01
1.543500000000001293e+01,5.000000000000000000e-01
1.543600000000001415e+01,5.000000000000000000e-01
1.543700000000001360e+01,5.000000000000000000e-01
1.543800000000001305e+01,5.000000000000000000e-01
1.543900000000001427e+01,5.000000000000000000e-01
1.544000000000001371e+01,5.000000000000000000e-01
1.544100000000001316e+01,5.000000000000000000e-01
1.544200000000001438e+01,5.000000000000000000e-01
1.544300000000001383e+01,5.000000000000000000e-01
1.544400000000001327e+01,5.000000000000000000e-01
1.544500000000001272e+01,5.000000000000000000e-01
1.544600000000001394e+01,5.000000000000000000e-01
1.544700000000001339e+01,5.000000000000000000e-01
1.544800000000001283e+01,5.000000000000000000e-01
1.544900000000001405e+01,5.000000000000000000e-01
1.545000000000001350e+01,5.000000000000000000e-01
1.545100000000001295e+01,5.000000000000000000e-01
1.545200000000001417e+01,5.000000000000000000e-01
1.545300000000001361e+01,5.000000000000000000e-01
1.545400000000001306e+01,5.000000000000000000e-01
1.545500000000001428e+01,5.000000000000000000e-01
1.545600000000001373e+01,5.000000000000000000e-01
1.545700000000001317e+01,5.000000000000000000e-01
1.545800000000001440e+01,5.000000000000000000e-01
1.545900000000001384e+01,5.000000000000000000e-01
1.546000000000001329e+01,5.000000000000000000e-01
1.546100000000001451e+01,5.000000000000000000e-01
1.546200000000001396e+01,5.000000000000000000e-01
1.546300000000001340e+01,5.000000000000000000e-01
1.546400000000001285e+01,5.000000000000000000e-01
1.546500000000001407e+01,5.000000000000000000e-01
1.546600000000001351e+01,5.000000000000000000e-01
1.546700000000001296e+01,5.000000000000000000e-01
1.546800000000001418e+01,5.000000000000000000e-01
1.546900000000001363e+01,5.000000000000000000e-01
1.547000000000001307e+01,5.000000000000000000e-01
1.547100000000001430e+01,5.000000000000000000e-01
1.547200000000001374e+01,5.000000000000000000e-01
1.547300000000001319e+01,5.000000000000000000e-01
1.547400000000001441e+01,5.000000000000000000e-01
1.547500000000001386e+01,5.000000000000000000e-01
1.547600000000001330e+01,5.000000000000000000e-01
1.547700000000001275e+01,5.000000000000000000e-01
1.547800000000001397e+01,5.000000000000000000e-01
1.547900000000001342e+01,5.000000000000000000e-01
1.548000000000001286e+01,5.000000000000000000e-01
1.548100000000001408e+01,5.000000000000000000e-01
1.548200000000001353e+01,5.000000000000000000e-01
1.548300000000001297e+01,5.000000000000000000e-01
1.548400000000001420e+01,5.000000000000000000e-01
1.548500000000001364e+01,5.000000000000000000e-01
1.548600000000001309e+01,5.000000000000000000e-01
1.548700000000001431e+01,5.000000000000000000e-01
1.548800000000001376e+01,5.000000000000000000e-01
1.548900000000001320e+01,5.000000000000000000e-01
1.549000000000001442e+01,5.000000000000000000e-01
1.549100000000001387e+01,5.000000000000000000e-01
1.549200000000001332e+01,5.000000000000000000e-01
1.549300000000001454e+01,5.000000000000000000e-01
1.549400000000001398e+01,5.000000000000000000e-01
1.549500000000001343e+01,5.000000000000000000e-01
1.549600000000001288e+01,5.000000000000000000e-01
1.549700000000001410e+01,5.000000000000000000e-01
1.549800000000001354e+01,5.000000000000000000e-01
1.549900000000001299e+01,5.000000000000000000e-01
1.550000000000001421e+01,5.000000000000000000e-01
1.550100000000001366e+01,5.000000000000000000e-01
1.550200000000001310e+01,5.000000000000000000e-01
1.550300000000001432e+01,5.000000000000000000e-01
1.550400000000001377e+01,5.000000000000000000e-01
1.550500000000001322e+01,5.000000000000000000e-01
1.550600000000001444e+01,5.000000000000000000e-01
1.550700000000001388e+01,5.000000000000000000e-01
1.550800000000001333e+01,5.000000000000000000e-01
1.550900000000001278e+01,5.000000000000000000e-01
1.551000000000001400e+01,5.000000000000000000e-01
1.551100000000001344e+01,5.000000000000000000e-01
1.551200000000001289e+01,5.000000000000000000e-01
1.551300000000001411e+01,5.000000000000000000e-01
1.551400000000001356e+01,5.000000000000000000e-01
1.551500000000001300e+01,5.000000000000000000e-01
1.551600000000001423e+01,5.000000000000000000e-01
1.551700000000001367e+01,5.000000000000000000e-01
1.551800000000001312e+01,5.000000000000000000e-01
1.551900000000001434e+01,5.000000000000000000e-01
1.552000000000001378e+01,5.000000000000000000e-01
1.552100000000001323e+01,5.000000000000000000e-01
1.552200000000001445e+01,5.000000000000000000e-01
1.552300000000001390e+01,5.000000000000000000e-01
1.552400000000001334e+01,5.000000000000000000e-01
1.552500000000001457e+01,5.000000000000000000e-01
1.552600000000001401e+01,5.000000000000000000e-01
1.552700000000001346e+01,5.000000000000000000e-01
1.552800000000001290e+01,5.000000000000000000e-01
1.552900000000001413e+01,5.000000000000000000e-01
1.553000000000001357e+01,5.000000000000000000e-01
1.553100000000001302e+01,5.000000000000000000e-01
1.553200000000001424e+01,5.000000000000000000e-01
1.553300000000001369e+01,5.000000000000000000e-01
1.553400000000001313e+01,5.000000000000000000e-01
1.553500000000001435e+01,5.000000000000000000e-01
1.553600000000001380e+01,5.000000000000000000e-01
1.553700000000001324e+01,5.000000000000000000e-01
1.553800000000001447e+01,5.000000000000000000e-01
1.553900000000001391e+01,5.000000000000000000e-01
1.554000000000001336e+01,5.000000000000000000e-01
1.554100000000001280e+01,5.000000000000000000e-01
1.554200000000001403e+01,5.000000000000000000e-01
1.554300000000001347e+01,5.000000000000000000e-01
1.554400000000001292e+01,5.000000000000000000e-01
1.554500000000001414e+01,5.000000000000000000e-01
1.554600000000001359e+01,5.000000000000000000e-01
1.554700000000001303e+01,5.000000000000000000e-01
1.554800000000001425e+01,5.000000000000000000e-01
1.554900000000001370e+01,5.000000000000000000e-01
1.555000000000001315e+01,5.000000000000000000e-01
1.555100000000001437e+01,5.000000000000000000e-01
1.555200000000001381e+01,5.000000000000000000e-01
1.555300000000001326e+01,5.000000000000000000e-01
1.555400000000001448e+01,5.000000000000000000e-01
1.555500000000001393e+01,5.000000000000000000e-01
1.555600000000001337e+01,5.000000000000000000e-01
1.555700000000001459e+01,5.000000000000000000e-01
1.555800000000001404e+01,5.000000000000000000e-01
1.555900000000001349e+01,5.000000000000000000e-01
1.556000000000001293e+01,5.000000000000000000e-01
1.556100000000001415e+01,5.000000000000000000e-01
1.556200000000001360e+01,5.000000000000000000e-01
1.556300000000001305e+01,5.000000000000000000e-01
1.556400000000001427e+01,5.000000000000000000e-01
1.556500000000001371e+01,5.000000000000000000e-01
1.556600000000001316e+01,5.000000000000000000e-01
1.556700000000001438e+01,5.000000000000000000e-01
1.556800000000001383e+01,5.000000000000000000e-01
1.556900000000001327e+01,5.000000000000000000e-01
1.557000000000001450e+01,5.000000000000000000e-01
1.557100000000001394e+01,5.000000000000000000e-01
1.557200000000001339e+01,5.000000000000000000e-01
1.557300000000001283e+01,5.000000000000000000e-01
1.557400000000001405e+01,5.000000000000000000e-01
1.557500000000001350e+01,5.000000000000000000e-01
1.557600000000001295e+01,5.000000000000000000e-01
1.557700000000001417e+01,5.000000000000000000e-01
1.557800000000001361e+01,5.000000000000000000e-01
1.557900000000001306e+01,5.000000000000000000e-01
1.558000000000001428e+01,5.000000000000000000e-01
1.558100000000001373e+01,5.000000000000000000e-01
1.558200000000001317e+01,5.000000000000000000e-01
1.558300000000001440e+01,5.000000000000000000e-01
1.558400000000001384e+01,5.000000000000000000e-01
1.558500000000001329e+01,5.000000000000000000e-01
1.558600000000001451e+01,5.000000000000000000e-01
1.558700000000001396e+01,5.000000000000000000e-01
1.558800000000001340e+01,5.000000000000000000e-01
1.558900000000001462e+01,5.000000000000000000e-01
1.559000000000001407e+01,5.000000000000000000e-01
1.559100000000001351e+01,5.000000000000000000e-01
1.559200000000001296e+01,5.000000000000000000e-01
1.559300000000001418e+01,5.000000000000000000e-01
1.559400000000001363e+01,5.000000000000000000e-01
1.559500000000001307e+01,5.000000000000000000e-01
1.559600000000001430e+01,5.000000000000000000e-01
1.559700000000001374e+01,5.000000000000000000e-01
1.559800000000001319e+01,5.000000000000000000e-01
1.559900000000001441e+01,5.000000000000000000e-01
1.560000000000001386e+01,5.000000000000000000e-01
1.560100000000001330e+01,5.000000000000000000e-01
1.560200000000001452e+01,5.000000000000000000e-01
1.560300000000001397e+01,5.000000000000000000e-01
1.560400000000001342e+01,5.000000000000000000e-01
1.560500000000001286e+01,5.000000000000000000e-01
1.560600000000001408e+01,5.000000000000000000e-01
1.560700000000001353e+01,5.000000000000000000e-01
1.560800000000001297e+01,5.000000000000000000e-01
1.560900000000001420e+01,5.000000000000000000e-01
1.561000000000001364e+01,5.000000000000000000e-01
1.561100000000001309e+01,5.000000000000000000e-01
1.561200000000001431e+01,5.000000000000000000e-01
1.561300000000001376e+01,5.000000000000000000e-01
1.561400000000001320e+01,5.000000000000000000e-01
1.561500000000001442e+01,5.000000000000000000e-01
1.561600000000001387e+01,5.000000000000000000e-01
1.561700000000001332e+01,5.000000000000000000e-01
1.561800000000001454e+01,5.000000000000000000e-01
1.561900000000001398e+01,5.000000000000000000e-01
1.562000000000001343e+01,5.000000000000000000e-01
1.562100000000001465e+01,5.000000000000000000e-01
1.562200000000001410e+01,5.000000000000000000e-01
1.562300000000001354e+01,5.000000000000000000e-01
1.562400000000001299e+01,5.000000000000000000e-01
1.562500000000001421e+01,5.000000000000000000e-01
1.562600000000001366e+01,5.000000000000000000e-01
1.562700000000001310e+01,5.000000000000000000e-01
1.562800000000001432e+01,5.000000000000000000e-01
1.562900000000001377e+01,5.000000000000000000e-01
1.563000000000001322e+01,5.000000000000000000e-01
1.563100000000001444e+01,5.000000000000000000e-01
1.563200000000001388e+01,5.000000000000000000e-01
1.563300000000001333e+01,5.000000000000000000e-01
1.563400000000001455e+01,5.000000000000000000e-01
1.563500000000001400e+01,5.000000000000000000e-01
1.563600000000001344e+01,5.000000000000000000e-01
1.563700000000001289e+01,5.000000000000000000e-01
1.563800000000001411e+01,5.000000000000000000e-01
1.563900000000001356e+01,5.000000000000000000e-01
1.564000000000001300e+01,5.000000000000000000e-01
1.564100000000001423e+01,5.000000000000000000e-01
1.564200000000001367e+01,5.000000000000000000e-01
1.564300000000001312e+01,5.000000000000000000e-01
1.564400000000001434e+01,5.000000000000000000e-01
1.564500000000001378e+01,5.000000000000000000e-01
1.564600000000001323e+01,5.000000000000000000e-01
1.564700000000001445e+01,5.000000000000000000e-01
1.564800000000001390e+01,5.000000000000000000e-01
1.564900000000001334e+01,5.000000000000000000e-01
1.565000000000001457e+01,5.000000000000000000e-01
1.565100000000001401e+01,5.000000000000000000e-01
1.565200000000001346e+01,5.000000000000000000e-01
1.565300000000001468e+01,5.000000000000000000e-01
1.565400000000001413e+01,5.000000000000000000e-01
1.565500000000001357e+01,5.000000000000000000e-01
1.565600000000001302e+01,5.000000000000000000e-01
1.565700000000001424e+01,5.000000000000000000e-01
1.565800000000001369e+01,5.000000000000000000e-01
1.565900000000001313e+01,5.000000000000000000e-01
1.566000000000001435e+01,5.000000000000000000e-01
1.566100000000001380e+01,5.000000000000000000e-01
1.566200000000001324e+01,5.000000000000000000e-01
1.566300000000001447e+01,5.000000000000000000e-01
1.566400000000001391e+01,5.000000000000000000e-01
1.566500000000001336e+01,5.000000000000000000e-01
1.566600000000001458e+01,5.000000000000000000e-01
1.566700000000001403e+01,5.000000000000000000e-01
1.566800000000001347e+01,5.000000000000000000e-01
1.566900000000001292e+01,5.000000000000000000e-01
1.567000000000001414e+01,5.000000000000000000e-01
1.567100000000001359e+01,5.000000000000000000e-01
1.567200000000001303e+01,5.000000000000000000e-01
1.567300000000001425e+01,5.000000000000000000e-01
1.567400000000001370e+01,5.000000000000000000e-01
1.567500000000001315e+01,5.000000000000000000e-01
1.567600000000001437e+01,5.000000000000000000e-01
1.567700000000001381e+01,5.000000000000000000e-01
1.567800000000001326e+01,5.000000000000000000e-01
1.567900000000001448e+01,5.000000000000000000e-01
1.568000000000001393e+01,5.000000000000000000e-01
1.568100000000001337e+01,5.000000000000000000e-01
1.568200000000001459e+01,5.000000000000000000e-01
1.568300000000001404e+01,5.000000000000000000e-01
1.568400000000001349e+01,5.000000000000000000e-01
1.568500000000001471e+01,5.000000000000000000e-01
1.568600000000001415e+01,5.000000000000000000e-01
1.568700000000001360e+01,5.000000000000000000e-01
1.568800000000001305e+01,5.000000000000000000e-01
1.568900000000001427e+01,5.000000000000000000e-01
1.569000000000001371e+01,5.000000000000000000e-01
1.569100000000001316e+01,5.000000000000000000e-01
1.569200000000001438e+01,5.000000000000000000e-01
1.569300000000001383e+01,5.000000000000000000e-01
1.569400000000001327e+01,5.000000000000000000e-01
1.569500000000001450e+01,5.000000000000000000e-01
1.569600000000001394e+01,5.000000000000000000e-01
1.569700000000001339e+01,5.000000000000000000e-01
1.569800000000001461e+01,5.000000000000000000e-01
1.569900000000001405e+01,5.000000000000000000e-01
1.570000000000001350e+01,5.000000000000000000e-01
1.570100000000001295e+01,5.000000000000000000e-01
1.570200000000001417e+01,5.000000000000000000e-01
1.570300000000001361e+01,5.000000000000000000e-01
1.570400000000001306e+01,5.000000000000000000e-01
1.570500000000001428e+01,5.000000000000000000e-01
1.570600000000001373e+01,5.000000000000000000e-01
1.570700000000001317e+01,5.000000000000000000e-01
1.570800000000001440e+01,5.000000000000000000e-01
1.570900000000001384e+01,5.000000000000000000e-01
1.571000000000001329e+01,5.000000000000000000e-01
1.571100000000001451e+01,5.000000000000000000e-01
1.571200000000001396e+01,5.000000000000000000e-01
1.571300000000001340e+01,5.000000000000000000e-01
1.571400000000001462e+01,5.000000000000000000e-01
1.571500000000001407e+01,5.000000000000000000e-01
1.571600000000001351e+01,5.000000000000000000e-01
1.571700000000001474e+01,5.000000000000000000e-01
1.571800000000001418e+01,5.000000000000000000e-01
1.571900000000001363e+01,5.000000000000000000e-01
1.572000000000001307e+01,5.000000000000000000e-01
1.572100000000001430e+01,5.000000000000000000e-01
1.572200000000001374e+01,5.000000000000000000e-01
1.572300000000001319e+01,5.000000000000000000e-01
1.572400000000001441e+01,5.000000000000000000e-01
1.572500000000001386e+01,5.000000000000000000e-01
1.572600000000001330e+01,5.000000000000000000e-01
1.572700000000001452e+01,5.000000000000000000e-01
1.572800000000001397e+01,5.000000000000000000e-01
1.572900000000001342e+01,5.000000000000000000e-01
1.573000000000001464e+01,5.000000000000000000e-01
1.573100000000001408e+01,5.000000000000000000e-01
1.573200000000001353e+01,5.000000000000000000e-01
1.573300000000001297e+01,5.000000000000000000e-01
1.573400000000001420e+01,5.000000000000000000e-01
1.573500000000001364e+01,5.000000000000000000e-01
1.573600000000001309e+01,5.000000000000000000e-01
1.573700000000001431e+01,5.000000000000000000e-01
1.573800000000001376e+01,5.000000000000000000e-01
1.573900000000001320e+01,5.000000000000000000e-01
1.574000000000001442e+01,5.000000000000000000e-01
1.574100000000001387e+01,5.000000000000000000e-01
1.574200000000001332e+01,5.000000000000000000e-01
1.574300000000001454e+01,5.000000000000000000e-01
1.574400000000001398e+01,5.000000000000000000e-01
1.574500000000001343e+01,5.000000000000000000e-01
1.574600000000001465e+01,5.000000000000000000e-01
1.574700000000001410e+01,5.000000000000000000e-01
1.574800000000001354e+01,5.000000000000000000e-01
1.574900000000001477e+01,5.000000000000000000e-01
1.575000000000001421e+01,5.000000000000000000e-01
1.575100000000001366e+01,5.000000000000000000e-01
1.575200000000001310e+01,5.000000000000000000e-01
1.575300000000001432e+01,5.000000000000000000e-01
1.575400000000001377e+01,5.000000000000000000e-01
1.575500000000001322e+01,5.000000000000000000e-01
1.575600000000001444e+01,5.000000000000000000e-01
1.575700000000001388e+01,5.000000000000000000e-01
1.575800000000001333e+01,5.000000000000000000e-01
1.575900000000001455e+01,5.000000000000000000e-01
1.576000000000001400e+01,5.000000000000000000e-01
1.576100000000001344e+01,5.000000000000000000e-01
1.576200000000001467e+01,5.000000000000000000e-01
1.576300000000001411e+01,5.000000000000000000e-01
1.576400000000001356e+01,5.000000000000000000e-01
1.576500000000001300e+01,5.000000000000000000e-01
1.576600000000001423e+01,5.000000000000000000e-01
1.576700000000001367e+01,5.000000000000000000e-01
1.576800000000001312e+01,5.000000000000000000e-01
1.576900000000001434e+01,5.000000000000000000e-01
1.577000000000001378e+01,5.000000000000000000e-01
1.577100000000001323e+01,5.000000000000000000e-01
1.577200000000001445e+01,5.000000000000000000e-01
1.577300000000001390e+01,5.000000000000000000e-01
1.577400000000001334e+01,5.000000000000000000e-01
1.577500000000001457e+01,5.000000000000000000e-01
1.577600000000001401e+01,5.000000000000000000e-01
1.577700000000001346e+01,5.000000000000000000e-01
1.577800000000001468e+01,5.000000000000000000e-01
1.577900000000001413e+01,5.000000000000000000e-01
1.578000000000001357e+01,5.000000000000000000e-01
1.578100000000001479e+01,5.000000000000000000e-01
1.578200000000001424e+01,5.000000000000000000e-01
1.578300000000001369e+01,5.000000000000000000e-01
1.578400000000001313e+01,5.000000000000000000e-01
1.578500000000001435e+01,5.000000000000000000e-01
1.578600000000001380e+01,5.000000000000000000e-01
1.578700000000001324e+01,5.000000000000000000e-01
1.578800000000001447e+01,5.000000000000000000e-01
1.578900000000001391e+01,5.000000000000000000e-01
1.579000000000001336e+01,5.000000000000000000e-01
1.579100000000001458e+01,5.000000000000000000e-01
1.579200000000001403e+01,5.000000000000000000e-01
1.579300000000001347e+01,5.000000000000000000e-01
1.579400000000001469e+01,5.000000000000000000e-01
1.579500000000001414e+01,5.000000000000000000e-01
1.579600000000001359e+01,5.000000000000000000e-01
1.579700000000001303e+01,5.000000000000000000e-01
1.579800000000001425e+01,5.000000000000000000e-01
1.579900000000001370e+01,5.000000000000000000e-01
1.580000000000001315e+01,5.000000000000000000e-01
1.580100000000001437e+01,5.000000000000000000e-01
1.580200000000001381e+01,5.000000000000000000e-01
1.580300000000001326e+01,5.000000000000000000e-01
1.580400000000001448e+01,5.000000000000000000e-01
1.580500000000001393e+01,5.000000000000000000e-01
1.580600000000001337e+01,5.000000000000000000e-01
1.580700000000001459e+01,5.000000000000000000e-01
1.580800000000001404e+01,5.000000000000000000e-01
1.580900000000001349e+01,5.000000000000000000e-01
1.581000000000001471e+01,5.000000000000000000e-01
1.581100000000001415e+01,5.000000000000000000e-01
1.581200000000001360e+01,5.000000000000000000e-01
1.581300000000001482e+01,5.000000000000000000e-01
1.581400000000001427e+01,5.000000000000000000e-01
1.581500000000001371e+01,5.000000000000000000e-01
1.581600000000001316e+01,5.000000000000000000e-01
1.581700000000001438e+01,5.000000000000000000e-01
1.581800000000001383e+01,5.000000000000000000e-01
1.581900000000001327e+01,5.000000000000000000e-01
1.582000000000001450e+01,5.000000000000000000e-01
1.582100000000001394e+01,5.000000000000000000e-01
1.582200000000001339e+01,5.000000000000000000e-01
1.582300000000001461e+01,5.000000000000000000e-01
1.582400000000001405e+01,5.000000000000000000e-01
1.582500000000001350e+01,5.000000000000000000e-01
1.582600000000001472e+01,5.000000000000000000e-01
1.582700000000001417e+01,5.000000000000000000e-01
1.582800000000001361e+01,5.000000000000000000e-01
1.582900000000001306e+01,5.000000000000000000e-01
1.583000000000001428e+01,5.000000000000000000e-01
1.583100000000001373e+01,5.000000000000000000e-01
1.583200000000001317e+01,5.000000000000000000e-01
1.583300000000001440e+01,5.000000000000000000e-01
1.583400000000001384e+01,5.000000000000000000e-01
1.583500000000001329e+01,5.000000000000000000e-01
1.583600000000001451e+01,5.000000000000000000e-01
1.583700000000001396e+01,5.000000000000000000e-01
1.583800000000001340e+01,5.000000000000000000e-01
1.583900000000001462e+01,5.000000000000000000e-01
1.584000000000001407e+01,5.000000000000000000e-01
1.584100000000001351e+01,5.000000000000000000e-01
1.584200000000001474e+01,5.000000000000000000e-01
1.584300000000001418e+01,5.000000000000000000e-01
1.584400000000001363e+01,5.000000000000000000e-01
1.584500000000001485e+01,5.000000000000000000e-01
1.584600000000001430e+01,5.000000000000000000e-01
1.584700000000001374e+01,5.000000000000000000e-01
1.584800000000001319e+01,5.000000000000000000e-01
1.584900000000001441e+01,5.000000000000000000e-01
1.585000000000001386e+01,5.000000000000000000e-01
1.585100000000001330e+01,5.000000000000000000e-01
1.585200000000001452e+01,5.000000000000000000e-01
1.585300000000001397e+01,5.000000000000000000e-01
1.585400000000001342e+01,5.000000000000000000e-01
1.585500000000001464e+01,5.000000000000000000e-01
1.585600000000001408e+01,5.000000000000000000e-01
1.585700000000001353e+01,5.000000000000000000e-01
1.585800000000001475e+01,5.000000000000000000e-01
1.585900000000001420e+01,5.000000000000000000e-01
1.586000000000001364e+01,5.000000000000000000e-01
1.586100000000001309e+01,5.000000000000000000e-01
1.586200000000001431e+01,5.000000000000000000e-01
1.586300000000001376e+01,5.000000000000000000e-01
1.586400000000001320e+01,5.000000000000000000e-01
1.586500000000001442e+01,5.000000000000000000e-01
1.586600000000001387e+01,5.000000000000000000e-01
1.586700000000001332e+01,5.000000000000000000e-01
1.586800000000001454e+01,5.000000000000000000e-01
1.586900000000001398e+01,5.000000000000000000e-01
1.587000000000001343e+01,5.000000000000000000e-01
1.587100000000001465e+01,5.000000000000000000e-01
1.587200000000001410e+01,5.000000000000000000e-01
1.587300000000001354e+01,5.000000000000000000e-01
1.587400000000001477e+01,5.000000000000000000e-01
1.587500000000001421e+01,5.000000000000000000e-01
1.587600000000001366e+01,5.000000000000000000e-01
1.587700000000001488e+01,5.000000000000000000e-01
1.587800000000001432e+01,5.000000000000000000e-01
1.587900000000001377e+01,5.000000000000000000e-01
1.588000000000001322e+01,5.000000000000000000e-01
1.588100000000001444e+01,5.000000000000000000e-01
1.588200000000001388e+01,5.000000000000000000e-01
1.588300000000001333e+01,5.000000000000000000e-01
1.588400000000001455e+01,5.000000000000000000e-01
1.588500000000001400e+01,5.000000000000000000e-01
1.588600000000001344e+01,5.000000000000000000e-01
1.588700000000001467e+01,5.000000000000000000e-01
1.588800000000001411e+01,5.000000000000000000e-01
1.588900000000001356e+01,5.000000000000000000e-01
1.589000000000001478e+01,5.000000000000000000e-01
1.589100000000001423e+01,5.000000000000000000e-01
1.589200000000001367e+01,5.000000000000000000e-01
1.589300000000001312e+01,5.000000000000000000e-01
1.589400000000001434e+01,5.000000000000000000e-01
1.589500000000001378e+01,5.000000000000000000e-01
1.589600000000001323e+01,5.000000000000000000e-01
1.589700000000001445e+01,5.000000000000000000e-01
1.589800000000001390e+01,5.000000000000000000e-01
1.589900000000001334e+01,5.000000000000000000e-01
1.590000000000001457e+01,5.000000000000000000e-01
1.590100000000001401e+01,5.000000000000000000e-01
1.590200000000001346e+01,5.000000000000000000e-01
1.590300000000001468e+01,5.000000000000000000e-01
1.590400000000001413e+01,5.000000000000000000e-01
1.590500000000001357e+01,5.000000000000000000e-01
1.590600000000001479e+01,5.000000000000000000e-01
1.590700000000001424e+01,5.000000000000000000e-01
1.590800000000001369e+01,5.000000000000000000e-01
1.590900000000001491e+01,5.000000000000000000e-01
1.591000000000001435e+01,5.000000000000000000e-01
1.591100000000001380e+01,5.000000000000000000e-01
1.591200000000001324e+01,5.000000000000000000e-01
1.591300000000001447e+01,5.000000000000000000e-01
1.591400000000001391e+01,5.000000000000000000e-01
1.591500000000001336e+01,5.000000000000000000e-01
1.591600000000001458e+01,5.000000000000000000e-01
1.591700000000001403e+01,5.000000000000000000e-01
1.591800000000001347e+01,5.000000000000000000e-01
1.591900000000001469e+01,5.000000000000000000e-01
1.592000000000001414e+01,5.000000000000000000e-01
1.592100000000001359e+01,5.000000000000000000e-01
1.592200000000001481e+01,5.000000000000000000e-01
1.592300000000001425e+01,5.000000000000000000e-01
1.592400000000001370e+01,5.000000000000000000e-01
1.592500000000001315e+01,5.000000000000000000e-01
1.592600000000001437e+01,5.000000000000000000e-01
1.592700000000001381e+01,5.000000000000000000e-01
1.592800000000001326e+01,5.000000000000000000e-01
1.592900000000001448e+01,5.000000000000000000e-01
1.593000000000001393e+01,5.000000000000000000e-01
1.593100000000001337e+01,5.000000000000000000e-01
1.593200000000001459e+01,5.000000000000000000e-01
1.593300000000001404e+01,5.000000000000000000e-01
1.593400000000001349e+01,5.000000000000000000e-01
1.593500000000001471e+01,5.000000000000000000e-01
1.593600000000001415e+01,5.000000000000000000e-01
1.593700000000001360e+01,5.000000000000000000e-01
1.593800000000001482e+01,5.000000000000000000e-01
1.593900000000001427e+01,5.000000000000000000e-01
1.594000000000001371e+01,5.000000000000000000e-01
1.594100000000001494e+01,5.000000000000000000e-01
1.594200000000001438e+01,5.000000000000000000e-01
1.594300000000001383e+01,5.000000000000000000e-01
1.594400000000001327e+01,5.000000000000000000e-01
1.594500000000001450e+01,5.000000000000000000e-01
1.594600000000001394e+01,5.000000000000000000e-01
1.594700000000001339e+01,5.000000000000000000e-01
1.594800000000001461e+01,5.000000000000000000e-01
1.594900000000001405e+01,5.000000000000000000e-01
1.595000000000001350e+01,5.000000000000000000e-01
1.595100000000001472e+01,5.000000000000000000e-01
1.595200000000001417e+01,5.000000000000000000e-01
1.595300000000001361e+01,5.000000000000000000e-01
1.595400000000001484e+01,5.000000000000000000e-01
1.595500000000001428e+01,5.000000000000000000e-01
1.595600000000001373e+01,5.000000000000000000e-01
1.595700000000001317e+01,5.000000000000000000e-01
1.595800000000001440e+01,5.000000000000000000e-01
1.595900000000001384e+01,5.000000000000000000e-01
1.596000000000001329e+01,5.000000000000000000e-01
1.596100000000001451e+01,5.000000000000000000e-01
1.596200000000001396e+01,5.000000000000000000e-01
1.596300000000001340e+01,5.000000000000000000e-01
1.596400000000001462e+01,5.000000000000000000e-01
1.596500000000001407e+01,5.000000000000000000e-01
1.596600000000001351e+01,5.000000000000000000e-01
1.596700000000001474e+01,5.000000000000000000e-01
1.596800000000001418e+01,5.000000000000000000e-01
1.596900000000001363e+01,5.000000000000000000e-01
1.597000000000001485e+01,5.000000000000000000e-01
1.597100000000001430e+01,5.000000000000000000e-01
1.597200000000001374e+01,5.000000000000000000e-01
1.597300000000001496e+01,5.000000000000000000e-01
1.597400000000001441e+01,5.000000000000000000e-01
1.597500000000001386e+01,5.000000000000000000e-01
1.597600000000001330e+01,5.000000000000000000e-01
1.597700000000001452e+01,5.000000000000000000e-01
1.597800000000001397e+01,5.000000000000000000e-01
1.597900000000001342e+01,5.000000000000000000e-01
1.598000000000001464e+01,5.000000000000000000e-01
1.598100000000001408e+01,5.000000000000000000e-01
1.598200000000001531e+01,5.000000000000000000e-01
1.598300000000001297e+01,5.000000000000000000e-01
1.598400000000001420e+01,5.000000000000000000e-01
1.598500000000001542e+01,5.000000000000000000e-01
1.598600000000001309e+01,5.000000000000000000e-01
1.598700000000001431e+01,5.000000000000000000e-01
1.598800000000001553e+01,5.000000000000000000e-01
1.598900000000001320e+01,5.000000000000000000e-01
1.599000000000001442e+01,5.000000000000000000e-01
1.599100000000001565e+01,5.000000000000000000e-01
1.599200000000001332e+01,5.000000000000000000e-01
1.599300000000001454e+01,5.000000000000000000e-01
1.599400000000001576e+01,5.000000000000000000e-01
1.599500000000001343e+01,5.000000000000000000e-01
1.599600000000001465e+01,5.000000000000000000e-01
1.599700000000001232e+01,5.000000000000000000e-01
1.599800000000001354e+01,5.000000000000000000e-01
1.599900000000001477e+01,5.000000000000000000e-01
1.600000000000001421e+01,5.000000000000000000e-01
1.600100000000001543e+01,5.000000000000000000e-01
1.600200000000001666e+01,5.000000000000000000e-01
1.600300000000001432e+01,5.000000000000000000e-01
1.600400000000001555e+01,5.000000000000000000e-01
1.600500000000001677e+01,5.000000000000000000e-01
1.600600000000001444e+01,5.000000000000000000e-01
1.600700000000001566e+01,5.000000000000000000e-01
1.600800000000001688e+01,5.000000000000000000e-01
1.600900000000001455e+01,5.000000000000000000e-01
1.601000000000001577e+01,5.000000000000000000e-01
1.601100000000001700e+01,5.000000000000000000e-01
1.601200000000001467e+01,5.000000000000000000e-01
1.601300000000001589e+01,5.000000000000000000e-01
1.601400000000001711e+01,5.000000000000000000e-01
1.601500000000001478e+01,5.000000000000000000e-01
1.601600000000001600e+01,5.000000000000000000e-01
1.601700000000001722e+01,5.000000000000000000e-01
1.601800000000001489e+01,5.000000000000000000e-01
1.601900000000001612e+01,5.000000000000000000e-01
1.602000000000001734e+01,5.000000000000000000e-01
1.602100000000001501e+01,5.000000000000000000e-01
1.602200000000001623e+01,5.000000000000000000e-01
1.602300000000001745e+01,5.000000000000000000e-01
1.602400000000001512e+01,5.000000000000000000e-01
1.602500000000001634e+01,5.000000000000000000e-01
1.602600000000001756e+01,5.000000000000000000e-01
1.602700000000001523e+01,5.000000000000000000e-01
1.602800000000001646e+01,5.000000000000000000e-01
1.602900000000001768e+01,5.000000000000000000e-01
1.603000000000001535e+01,5.000000000000000000e-01
1.603100000000001657e+01,5.000000000000000000e-01
1.603200000000001424e+01,5.000000000000000000e-01
1.603300000000001546e+01,5.000000000000000000e-01
1.603400000000001668e+01,5.000000000000000000e-01
1.603500000000001435e+01,5.000000000000000000e-01
1.603600000000001558e+01,5.000000000000000000e-01
1.603700000000001680e+01,5.000000000000000000e-01
1.603800000000001447e+01,5.000000000000000000e-01
1.603900000000001569e+01,5.000000000000000000e-01
1.604000000000001691e+01,5.000000000000000000e-01
1.604100000000001458e+01,5.000000000000000000e-01
1.604200000000001580e+01,5.000000000000000000e-01
1.604300000000001702e+01,5.000000000000000000e-01
1.604400000000001469e+01,5.000000000000000000e-01
1.604500000000001592e+01,5.000000000000000000e-01
1.604600000000001714e+01,5.000000000000000000e-01
1.604700000000001481e+01,5.000000000000000000e-01
1.604800000000001603e+01,5.000000000000000000e-01
1.604900000000001725e+01,5.000000000000000000e-01
1.605000000000001492e+01,5.000000000000000000e-01
1.605100000000001614e+01,5.000000000000000000e-01
1.605200000000001737e+01,5.000000000000000000e-01
1.605300000000001504e+01,5.000000000000000000e-01
1.605400000000001626e+01,5.000000000000000000e-01
1.605500000000001748e+01,5.000000000000000000e-01
1.605600000000001515e+01,5.000000000000000000e-01
1.605700000000001637e+01,5.000000000000000000e-01
1.605800000000001759e+01,5.000000000000000000e-01
1.605900000000001526e+01,5.000000000000000000e-01
1.606000000000001648e+01,5.000000000000000000e-01
1.606100000000001415e+01,5.000000000000000000e-01
1.606200000000001538e+01,5.000000000000000000e-01
1.606300000000001660e+01,5.000000000000000000e-01
1.606400000000001427e+01,5.000000000000000000e-01
1.606500000000001549e+01,5.000000000000000000e-01
1.606600000000001671e+01,5.000000000000000000e-01
1.606700000000001438e+01,5.000000000000000000e-01
1.606800000000001560e+01,5.000000000000000000e-01
1.606900000000001683e+01,5.000000000000000000e-01
1.607000000000001450e+01,5.000000000000000000e-01
1.607100000000001572e+01,5.000000000000000000e-01
1.607200000000001694e+01,5.000000000000000000e-01
1.607300000000001461e+01,5.000000000000000000e-01
1.607400000000001583e+01,5.000000000000000000e-01
1.607500000000001705e+01,5.000000000000000000e-01
1.607600000000001472e+01,5.000000000000000000e-01
1.607700000000001594e+01,5.000000000000000000e-01
1.607800000000001717e+01,5.000000000000000000e-01
1.607900000000001484e+01,5.000000000000000000e-01
1.608000000000001606e+01,5.000000000000000000e-01
1.608100000000001728e+01,5.000000000000000000e-01
1.608200000000001495e+01,5.000000000000000000e-01
1.608300000000001617e+01,5.000000000000000000e-01
1.608400000000001739e+01,5.000000000000000000e-01
1.608500000000001506e+01,5.000000000000000000e-01
1.608600000000001629e+01,5.000000000000000000e-01
1.608700000000001751e+01,5.000000000000000000e-01
1.608800000000001518e+01,5.000000000000000000e-01
1.608900000000001640e+01,5.000000000000000000e-01
1.609000000000001762e+01,5.000000000000000000e-01
1.609100000000001529e+01,5.000000000000000000e-01
1.609200000000001651e+01,5.000000000000000000e-01
1.609300000000001774e+01,5.000000000000000000e-01
1.609400000000001540e+01,5.000000000000000000e-01
1.609500000000001663e+01,5.000000000000000000e-01
1.609600000000001430e+01,5.000000000000000000e-01
1.609700000000001552e+01,5.000000000000000000e-01
1.609800000000001674e+01,5.000000000000000000e-01
1.609900000000001441e+01,5.000000000000000000e-01
1.610000000000001563e+01,5.000000000000000000e-01
1.610100000000001685e+01,5.000000000000000000e-01
1.610200000000001452e+01,5.000000000000000000e-01
1.610300000000001575e+01,5.000000000000000000e-01
1.610400000000001697e+01,5.000000000000000000e-01
1.610500000000001464e+01,5.000000000000000000e-01
1.610600000000001586e+01,5.000000000000000000e-01
1.610700000000001708e+01,5.000000000000000000e-01
1.610800000000001475e+01,5.000000000000000000e-01
1.610900000000001597e+01,5.000000000000000000e-01
1.611000000000001720e+01,5.000000000000000000e-01
1.611100000000001486e+01,5.000000000000000000e-01
1.611200000000001609e+01,5.000000000000000000e-01
1.611300000000001731e+01,5.000000000000000000e-01
1.611400000000001498e+01,5.000000000000000000e-01
1.611500000000001620e+01,5.000000000000000000e-01
1.611600000000001742e+01,5.000000000000000000e-01
1.611700000000001509e+01,5.000000000000000000e-01
1.611800000000001631e+01,5.000000000000000000e-01
1.611900000000001754e+01,5.000000000000000000e-01
1.612000000000001521e+01,5.000000000000000000e-01
1.612100000000001643e+01,5.000000000000000000e-01
1.612200000000001765e+01,5.000000000000000000e-01
1.612300000000001532e+01,5.000000000000000000e-01
1.612400000000001654e+01,5.000000000000000000e-01
1.612500000000001421e+01,5.000000000000000000e-01
1.612600000000001543e+01,5.000000000000000000e-01
1.612700000000001666e+01,5.000000000000000000e-01
1.612800000000001432e+01,5.000000000000000000e-01
1.612900000000001555e+01,5.000000000000000000e-01
1.613000000000001677e+01,5.000000000000000000e-01
1.613100000000001444e+01,5.000000000000000000e-01
1.613200000000001566e+01,5.000000000000000000e-01
1.613300000000001688e+01,5.000000000000000000e-01
1.613400000000001455e+01,5.000000000000000000e-01
1.613500000000001577e+01,5.000000000000000000e-01
1.613600000000001700e+01,5.000000000000000000e-01
1.613700000000001467e+01,5.000000000000000000e-01
1.613800000000001589e+01,5.000000000000000000e-01
1.613900000000001711e+01,5.000000000000000000e-01
1.614000000000001478e+01,5.000000000000000000e-01
1.614100000000001600e+01,5.000000000000000000e-01
1.614200000000001722e+01,5.000000000000000000e-01
1.614300000000001489e+01,5.000000000000000000e-01
1.614400000000001612e+01,5.000000000000000000e-01
1.614500000000001734e+01,5.000000000000000000e-01
1.614600000000001501e+01,5.000000000000000000e-01
1.614700000000001623e+01,5.000000000000000000e-01
1.614800000000001745e+01,5.000000000000000000e-01
1.614900000000001512e+01,5.000000000000000000e-01
1.615000000000001634e+01,5.000000000000000000e-01
1.615100000000001756e+01,5.000000000000000000e-01
1.615200000000001523e+01,5.000000000000000000e-01
1.615300000000001646e+01,5.000000000000000000e-01
1.615400000000001768e+01,5.000000000000000000e-01
1.615500000000001535e+01,5.000000000000000000e-01
1.615600000000001657e+01,5.000000000000000000e-01
1.615700000000001779e+01,5.000000000000000000e-01
1.615800000000001546e+01,5.000000000000000000e-01
1.615900000000001668e+01,5.000000000000000000e-01
1.616000000000001435e+01,5.000000000000000000e-01
1.616100000000001558e+01,5.000000000000000000e-01
1.616200000000001680e+01,5.000000000000000000e-01
1.616300000000001447e+01,5.000000000000000000e-01
1.616400000000001569e+01,5.000000000000000000e-01
1.616500000000001691e+01,5.000000000000000000e-01
1.616600000000001458e+01,5.000000000000000000e-01
1.616700000000001580e+01,5.000000000000000000e-01
1.616800000000001702e+01,5.000000000000000000e-01
1.616900000000001469e+01,5.000000000000000000e-01
1.617000000000001592e+01,5.000000000000000000e-01
1.617100000000001714e+01,5.000000000000000000e-01
1.617200000000001481e+01,5.000000000000000000e-01
1.617300000000001603e+01,5.000000000000000000e-01
1.617400000000001725e+01,5.000000000000000000e-01
1.617500000000001492e+01,5.000000000000000000e-01
1.617600000000001614e+01,5.000000000000000000e-01
1.617700000000001737e+01,5.000000000000000000e-01
1.617800000000001504e+01,5.000000000000000000e-01
1.617900000000001626e+01,5.000000000000000000e-01
1.618000000000001748e+01,5.000000000000000000e-01
1.618100000000001515e+01,5.000000000000000000e-01
1.618200000000001637e+01,5.000000000000000000e-01
1.618300000000001759e+01,5.000000000000000000e-01
1.618400000000001526e+01,5.000000000000000000e-01
1.618500000000001648e+01,5.000000000000000000e-01
1.618600000000001771e+01,5.000000000000000000e-01
1.618700000000001538e+01,5.000000000000000000e-01
1.618800000000001660e+01,5.000000000000000000e-01
1.618900000000001427e+01,5.000000000000000000e-01
1.619000000000001549e+01,5.000000000000000000e-01
1.619100000000001671e+01,5.000000000000000000e-01
1.619200000000001438e+01,5.000000000000000000e-01
1.619300000000001560e+01,5.000000000000000000e-01
1.619400000000001683e+01,5.000000000000000000e-01
1.619500000000001450e+01,5.000000000000000000e-01
1.619600000000001572e+01,5.000000000000000000e-01
1.619700000000001694e+01,5.000000000000000000e-01
1.619800000000001461e+01,5.000000000000000000e-01
1.619900000000001583e+01,5.000000000000000000e-01
1.620000000000001705e+01,5.000000000000000000e-01
1.620100000000001472e+01,5.000000000000000000e-01
1.620200000000001594e+01,5.000000000000000000e-01
1.620300000000001717e+01,5.000000000000000000e-01
1.620400000000001484e+01,5.000000000000000000e-01
1.620500000000001606e+01,5.000000000000000000e-01
1.620600000000001728e+01,5.000000000000000000e-01
1.620700000000001495e+01,5.000000000000000000e-01
1.620800000000001617e+01,5.000000000000000000e-01
1.620900000000001739e+01,5.000000000000000000e-01
1.621000000000001506e+01,5.000000000000000000e-01
1.621100000000001629e+01,5.000000000000000000e-01
1.621200000000001751e+01,5.000000000000000000e-01
1.621300000000001518e+01,5.000000000000000000e-01
1.621400000000001640e+01,5.000000000000000000e-01
1.621500000000001762e+01,5.000000000000000000e-01
1.621600000000001529e+01,5.000000000000000000e-01
1.621700000000001651e+01,5.000000000000000000e-01
1.621800000000001774e+01,5.000000000000000000e-01
1.621900000000001540e+01,5.000000000000000000e-01
1.622000000000001663e+01,5.000000000000000000e-01
1.622100000000001785e+01,5.000000000000000000e-01
1.622200000000001552e+01,5.000000000000000000e-01
1.622300000000001674e+01,5.000000000000000000e-01
1.622400000000001441e+01,5.000000000000000000e-01
1.622500000000001563e+01,5.000000000000000000e-01
1.622600000000001685e+01,5.000000000000000000e-01
1.622700000000001452e+01,5.000000000000000000e-01
1.622800000000001575e+01,5.000000000000000000e-01
1.622900000000001697e+01,5.000000000000000000e-01
1.623000000000001464e+01,5.000000000000000000e-01
1.623100000000001586e+01,5.000000000000000000e-01
1.623200000000001708e+01,5.000000000000000000e-01
1.623300000000001475e+01,5.000000000000000000e-01
1.623400000000001597e+01,5.000000000000000000e-01
1.623500000000001720e+01,5.000000000000000000e-01
1.623600000000001486e+01,5.000000000000000000e-01
1.623700000000001609e+01,5.000000000000000000e-01
1.623800000000001731e+01,5.000000000000000000e-01
1.623900000000001498e+01,5.000000000000000000e-01
1.624000000000001620e+01,5.000000000000000000e-01
1.624100000000001742e+01,5.000000000000000000e-01
1.624200000000001509e+01,5.000000000000000000e-01
1.624300000000001631e+01,5.000000000000000000e-01
1.624400000000001754e+01,5.000000000000000000e-01
1.624500000000001521e+01,5.000000000000000000e-01
1.624600000000001643e+01,5.000000000000000000e-01
1.624700000000001765e+01,5.000000000000000000e-01
1.624800000000001532e+01,5.000000000000000000e-01
1.624900000000001654e+01,5.000000000000000000e-01
1.625000000000001776e+01,5.000000000000000000e-01
1.625100000000001543e+01,5.000000000000000000e-01
1.625200000000001666e+01,5.000000000000000000e-01
1.625300000000001432e+01,5.000000000000000000e-01
1.625400000000001555e+01,5.000000000000000000e-01
1.625500000000001677e+01,5.000000000000000000e-01
1.625600000000001444e+01,5.000000000000000000e-01
1.625700000000001566e+01,5.000000000000000000e-01
1.625800000000001688e+01,5.000000000000000000e-01
1.625900000000001455e+01,5.000000000000000000e-01
1.626000000000001577e+01,5.000000000000000000e-01
1.626100000000001700e+01,5.000000000000000000e-01
1.626200000000001467e+01,5.000000000000000000e-01
1.626300000000001589e+01,5.000000000000000000e-01
1.626400000000001711e+01,5.000000000000000000e-01
1.626500000000001478e+01,5.000000000000000000e-01
1.626600000000001600e+01,5.000000000000000000e-01
1.626700000000001722e+01,5.000000000000000000e-01
1.626800000000001489e+01,5.000000000000000000e-01
1.626900000000001612e+01,5.000000000000000000e-01
1.627000000000001734e+01,5.000000000000000000e-01
1.627100000000001501e+01,5.000000000000000000e-01
1.627200000000001623e+01,5.000000000000000000e-01
1.627300000000001745e+01,5.000000000000000000e-01
1.627400000000001512e+01,5.000000000000000000e-01
1.627500000000001634e+01,5.000000000000000000e-01
1.627600000000001756e+01,5.000000000000000000e-01
1.627700000000001523e+01,5.000000000000000000e-01
1.627800000000001646e+01,5.000000000000000000e-01
1.627900000000001768e+01,5.000000000000000000e-01
1.628000000000001535e+01,5.000000000000000000e-01
1.628100000000001657e+01,5.000000000000000000e-01
1.628200000000001779e+01,5.000000000000000000e-01
1.628300000000001546e+01,5.000000000000000000e-01
1.628400000000001668e+01,5.000000000000000000e-01
1.628500000000001791e+01,5.000000000000000000e-01
1.628600000000001558e+01,5.000000000000000000e-01
1.628700000000001680e+01,5.000000000000000000e-01
1.628800000000001447e+01,5.000000000000000000e-01
1.628900000000001569e+01,5.000000000000000000e-01
1.629000000000001691e+01,5.000000000000000000e-01
1.629100000000001458e+01,5.000000000000000000e-01
1.629200000000001580e+01,5.000000000000000000e-01
1.629300000000001702e+01,5.000000000000000000e-01
1.629400000000001469e+01,5.000000000000000000e-01
1.629500000000001592e+01,5.000000000000000000e-01
1.629600000000001714e+01,5.000000000000000000e-01
1.629700000000001481e+01,5.000000000000000000e-01
1.629800000000001603e+01,5.000000000000000000e-01
1.629900000000001725e+01,5.000000000000000000e-01
1.630000000000001492e+01,5.000000000000000000e-01
1.630100000000001614e+01,5.000000000000000000e-01
1.630200000000001737e+01,5.000000000000000000e-01
1.630300000000001504e+01,5.000000000000000000e-01
1.630400000000001626e+01,5.000000000000000000e-01
1.630500000000001748e+01,5.000000000000000000e-01
1.630600000000001515e+01,5.000000000000000000e-01
1.630700000000001637e+01,5.000000000000000000e-01
1.630800000000001759e+01,5.000000000000000000e-01
1.630900000000001526e+01,5.000000000000000000e-01
1.631000000000001648e+01,5.000000000000000000e-01
1.631100000000001771e+01,5.000000000000000000e-01
1.631200000000001538e+01,5.000000000000000000e-01
1.631300000000001660e+01,5.000000000000000000e-01
1.631400000000001782e+01,5.000000000000000000e-01
1.631500000000001549e+01,5.000000000000000000e-01
1.631600000000001671e+01,5.000000000000000000e-01
1.631700000000001438e+01,5.000000000000000000e-01
1.631800000000001560e+01,5.000000000000000000e-01
1.631900000000001683e+01,5.000000000000000000e-01
1.632000000000001450e+01,5.000000000000000000e-01
1.632100000000001572e+01,5.000000000000000000e-01
1.632200000000001694e+01,5.000000000000000000e-01
1.632300000000001461e+01,5.000000000000000000e-01
1.632400000000001583e+01,5.000000000000000000e-01
1.632500000000001705e+01,5.000000000000000000e-01
1.632600000000001472e+01,5.000000000000000000e-01
1.632700000000001594e+01,5.000000000000000000e-01
1.632800000000001717e+01,5.000000000000000000e-01
1.632900000000001484e+01,5.000000000000000000e-01
1.633000000000001606e+01,5.000000000000000000e-01
1.633100000000001728e+01,5.000000000000000000e-01
1.633200000000001495e+01,5.000000000000000000e-01
1.633300000000001617e+01,5.000000000000000000e-01
1.633400000000001739e+01,5.000000000000000000e-01
1.633500000000001506e+01,5.000000000000000000e-01
1.633600000000001629e+01,5.000000000000000000e-01
1.633700000000001751e+01,5.000000000000000000e-01
1.633800000000001518e+01,5.000000000000000000e-01
1.633900000000001640e+01,5.000000000000000000e-01
1.634000000000001762e+01,5.000000000000000000e-01
1.634100000000001529e+01,5.000000000000000000e-01
1.634200000000001651e+01,5.000000000000000000e-01
1.634300000000001774e+01,5.000000000000000000e-01
1.634400000000001540e+01,5.000000000000000000e-01
1.634500000000001663e+01,5.000000000000000000e-01
1.634600000000001785e+01,5.000000000000000000e-01
1.634700000000001552e+01,5.000000000000000000e-01
1.634800000000001674e+01,5.000000000000000000e-01
1.634900000000001796e+01,5.000000000000000000e-01
1.635000000000001563e+01,5.000000000000000000e-01
1.635100000000001685e+01,5.000000000000000000e-01
1.635200000000001452e+01,5.000000000000000000e-01
1.635300000000001575e+01,5.000000000000000000e-01
1.635400000000001697e+01,5.000000000000000000e-01
1.635500000000001464e+01,5.000000000000000000e-01
1.635600000000001586e+01,5.000000000000000000e-01
1.635700000000001708e+01,5.000000000000000000e-01
1.635800000000001475e+01,5.000000000000000000e-01
1.635900000000001597e+01,5.000000000000000000e-01
1.636000000000001720e+01,5.000000000000000000e-01
1.636100000000001486e+01,5.000000000000000000e-01
1.636200000000001609e+01,5.000000000000000000e-01
1.636300000000001731e+01,5.000000000000000000e-01
1.636400000000001498e+01,5.000000000000000000e-01
1.636500000000001620e+01,5.000000000000000000e-01
1.636600000000001742e+01,5.000000000000000000e-01
1.636700000000001509e+01,5.000000000000000000e-01
1.636800000000001631e+01,5.000000000000000000e-01
1.636900000000001754e+01,5.000000000000000000e-01
1.637000000000001521e+01,5.000000000000000000e-01
1.637100000000001643e+01,5.000000000000000000e-01
1.637200000000001765e+01,5.000000000000000000e-01
1.637300000000001532e+01,5.000000000000000000e-01
1.637400000000001654e+01,5.000000000000000000e-01
1.637500000000001776e+01,5.000000000000000000e-01
1.637600000000001543e+01,5.000000000000000000e-01
1.637700000000001666e+01,5.000000000000000000e-01
1.637800000000001788e+01,5.000000000000000000e-01
1.637900000000001555e+01,5.000000000000000000e-01
1.638000000000001677e+01,5.000000000000000000e-01
1.638100000000001444e+01,5.000000000000000000e-01
1.638200000000001566e+01,5.000000000000000000e-01
1.638300000000001688e+01,5.000000000000000000e-01
1.638400000000001455e+01,5.000000000000000000e-01
1.638500000000001577e+01,5.000000000000000000e-01
1.638600000000001700e+01,5.000000000000000000e-01
1.638700000000001467e+01,5.000000000000000000e-01
1.638800000000001589e+01,5.000000000000000000e-01
1.638900000000001711e+01,5.000000000000000000e-01
1.639000000000001478e+01,5.000000000000000000e-01
1.639100000000001600e+01,5.000000000000000000e-01
1.639200000000001722e+01,5.000000000000000000e-01
1.639300000000001489e+01,5.000000000000000000e-01
1.639400000000001612e+01,5.000000000000000000e-01
1.639500000000001734e+01,5.000000000000000000e-01
1.639600000000001501e+01,5.000000000000000000e-01
1.639700000000001623e+01,5.000000000000000000e-01
1.639800000000001745e+01,5.000000000000000000e-01
1.639900000000001512e+01,5.000000000000000000e-01
1.640000000000001634e+01,5.000000000000000000e-01
1.640100000000001756e+01,5.000000000000000000e-01
1.640200000000001523e+01,5.000000000000000000e-01
1.640300000000001646e+01,5.000000000000000000e-01
1.640400000000001768e+01,5.000000000000000000e-01
1.640500000000001535e+01,5.000000000000000000e-01
1.640600000000001657e+01,5.000000000000000000e-01
1.640700000000001779e+01,5.000000000000000000e-01
1.640800000000001546e+01,5.000000000000000000e-01
1.640900000000001668e+01,5.000000000000000000e-01
1.641000000000001791e+01,5.000000000000000000e-01
1.641100000000001558e+01,5.000000000000000000e-01
1.641200000000001680e+01,5.000000000000000000e-01
1.641300000000001802e+01,5.000000000000000000e-01
1.641400000000001569e+01,5.000000000000000000e-01
1.641500000000001691e+01,5.000000000000000000e-01
1.641600000000001458e+01,5.000000000000000000e-01
1.641700000000001580e+01,5.000000000000000000e-01
1.641800000000001702e+01,5.000000000000000000e-01
1.641900000000001469e+01,5.000000000000000000e-01
1.642000000000001592e+01,5.000000000000000000e-01
1.642100000000001714e+01,5.000000000000000000e-01
1.642200000000001481e+01,5.000000000000000000e-01
1.642300000000001603e+01,5.000000000000000000e-01
1.642400000000001725e+01,5.000000000000000000e-01
1.642500000000001492e+01,5.000000000000000000e-01
1.642600000000001614e+01,5.000000000000000000e-01
1.642700000000001737e+01,5.000000000000000000e-01
1.642800000000001504e+01,5.000000000000000000e-01
1.642900000000001626e+01,5.000000000000000000e-01
1.643000000000001748e+01,5.000000000000000000e-01
1.643100000000001515e+01,5.000000000000000000e-01
1.643200000000001637e+01,5.000000000000000000e-01
1.643300000000001759e+01,5.000000000000000000e-01
1.643400000000001526e+01,5.000000000000000000e-01
1.643500000000001648e+01,5.000000000000000000e-01
1.643600000000001771e+01,5.000000000000000000e-01
1.643700000000001538e+01,5.000000000000000000e-01
1.643800000000001660e+01,5.000000000000000000e-01
1.643900000000001782e+01,5.000000000000000000e-01
1.644000000000001549e+01,5.000000000000000000e-01
1.644100000000001671e+01,5.000000000000000000e-01
1.644200000000001793e+01,5.000000000000000000e-01
1.644300000000001560e+01,5.000000000000000000e-01
1.644400000000001683e+01,5.000000000000000000e-01
1.644500000000001450e+01,5.000000000000000000e-01
1.644600000000001572e+01,5.000000000000000000e-01
1.644700000000001694e+01,5.000000000000000000e-01
1.644800000000001461e+01,5.000000000000000000e-01
1.644900000000001583e+01,5.000000000000000000e-01
1.645000000000001705e+01,5.000000000000000000e-01
1.645100000000001472e+01,5.000000000000000000e-01
1.645200000000001594e+01,5.000000000000000000e-01
1.645300000000001717e+01,5.000000000000000000e-01
1.645400000000001484e+01,5.000000000000000000e-01
1.645500000000001606e+01,5.000000000000000000e-01
1.645600000000001728e+01,5.000000000000000000e-01
1.645700000000001495e+01,5.000000000000000000e-01
1.645800000000001617e+01,5.000000000000000000e-01
1.645900000000001739e+01,5.000000000000000000e-01
1.646000000000001506e+01,5.000000000000000000e-01
1.646100000000001629e+01,5.000000000000000000e-01
1.646200000000001751e+01,5.000000000000000000e-01
1.646300000000001518e+01,5.000000000000000000e-01
1.646400000000001640e+01,5.000000000000000000e-01
1.646500000000001762e+01,5.000000000000000000e-01
1.646600000000001529e+01,5.000000000000000000e-01
1.646700000000001651e+01,5.000000000000000000e-01
1.646800000000001774e+01,5.000000000000000000e-01
1.646900000000001540e+01,5.000000000000000000e-01
1.647000000000001663e+01,5.000000000000000000e-01
1.647100000000001785e+01,5.000000000000000000e-01
1.647200000000001552e+01,5.000000000000000000e-01
1.647300000000001674e+01,5.000000000000000000e-01
1.647400000000001796e+01,5.000000000000000000e-01
1.647500000000001563e+01,5.000000000000000000e-01
1.647600000000001685e+01,5.000000000000000000e-01
1.647700000000001808e+01,5.000000000000000000e-01
1.647800000000001575e+01,5.000000000000000000e-01
1.647900000000001697e+01,5.000000000000000000e-01
1.648000000000001464e+01,5.000000000000000000e-01
1.648100000000001586e+01,5.000000000000000000e-01
1.648200000000001708e+01,5.000000000000000000e-01
1.648300000000001475e+01,5.000000000000000000e-01
1.648400000000001597e+01,5.000000000000000000e-01
1.648500000000001720e+01,5.000000000000000000e-01
1.648600000000001486e+01,5.000000000000000000e-01
1.648700000000001609e+01,5.000000000000000000e-01
1.648800000000001731e+01,5.000000000000000000e-01
1.648900000000001498e+01,5.000000000000000000e-01
1.649000000000001620e+01,5.000000000000000000e-01
1.649100000000001742e+01,5.000000000000000000e-01
1.649200000000001509e+01,5.000000000000000000e-01
1.649300000000001631e+01,5.000000000000000000e-01
1.649400000000001754e+01,5.000000000000000000e-01
1.649500000000001521e+01,5.000000000000000000e-01
1.649600000000001643e+01,5.000000000000000000e-01
1.649700000000001765e+01,5.000000000000000000e-01
1.649800000000001532e+01,5.000000000000000000e-01
1.649900000000001654e+01,5.000000000000000000e-01
1.650000000000001776e+01,5.000000000000000000e-01
1.650100000000001543e+01,5.000000000000000000e-01
1.650200000000001666e+01,5.000000000000000000e-01
1.650300000000001788e+01,5.000000000000000000e-01
1.650400000000001555e+01,5.000000000000000000e-01
1.650500000000001677e+01,5.000000000000000000e-01
1.650600000000001799e+01,5.000000000000000000e-01
1.650700000000001566e+01,5.000000000000000000e-01
1.650800000000001688e+01,5.000000000000000000e-01
1.650900000000001455e+01,5.000000000000000000e-01
1.651000000000001577e+01,5.000000000000000000e-01
1.651100000000001700e+01,5.000000000000000000e-01
1.651200000000001467e+01,5.000000000000000000e-01
1.651300000000001589e+01,5.000000000000000000e-01
1.651400000000001711e+01,5.000000000000000000e-01
1.651500000000001478e+01,5.000000000000000000e-01
1.651600000000001600e+01,5.000000000000000000e-01
1.651700000000001722e+01,5.000000000000000000e-01
1.651800000000001489e+01,5.000000000000000000e-01
1.651900000000001612e+01,5.000000000000000000e-01
1.652000000000001734e+01,5.000000000000000000e-01
1.652100000000001501e+01,5.000000000000000000e-01
1.652200000000001623e+01,5.000000000000000000e-01
1.652300000000001745e+01,5.000000000000000000e-01
1.652400000000001512e+01,5.000000000000000000e-01
1.652500000000001634e+01,5.000000000000000000e-01
1.652600000000001756e+01,5.000000000000000000e-01
1.652700000000001523e+01,5.000000000000000000e-01
1.652800000000001646e+01,5.000000000000000000e-01
1.652900000000001768e+01,5.000000000000000000e-01
1.653000000000001535e+01,5.000000000000000000e-01
1.653100000000001657e+01,5.000000000000000000e-01
1.653200000000001779e+01,5.000000000000000000e-01
1.653300000000001546e+01,5.000000000000000000e-01
1.653400000000001668e+01,5.000000000000000000e-01
1.653500000000001791e+01,5.000000000000000000e-01
1.653600000000001558e+01,5.000000000000000000e-01
1.653700000000001680e+01,5.000000000000000000e-01
1.653800000000001802e+01,5.000000000000000000e-01
1.653900000000001569e+01,5.000000000000000000e-01
1.654000000000001691e+01,5.000000000000000000e-01
1.654100000000001813e+01,5.000000000000000000e-01
1.654200000000001580e+01,5.000000000000000000e-01
1.654300000000001702e+01,5.000000000000000000e-01
1.654400000000001469e+01,5.000000000000000000e-01
1.654500000000001592e+01,5.000000000000000000e-01
1.654600000000001714e+01,5.000000000000000000e-01
1.654700000000001481e+01,5.000000000000000000e-01
1.654800000000001603e+01,5.000000000000000000e-01
1.654900000000001725e+01,5.000000000000000000e-01
1.655000000000001492e+01,5.000000000000000000e-01
1.655100000000001614e+01,5.000000000000000000e-01
1.655200000000001737e+01,5.000000000000000000e-01
1.655300000000001504e+01,5.000000000000000000e-01
1.655400000000001626e+01,5.000000000000000000e-01
1.655500000000001748e+01,5.000000000000000000e-01
1.655600000000001515e+01,5.000000000000000000e-01
1.655700000000001637e+01,5.000000000000000000e-01
1.655800000000001759e+01,5.000000000000000000e-01
1.655900000000001526e+01,5.000000000000000000e-01
1.656000000000001648e+01,5.000000000000000000e-01
1.656100000000001771e+01,5.000000000000000000e-01
1.656200000000001538e+01,5.000000000000000000e-01
1.656300000000001660e+01,5.000000000000000000e-01
1.656400000000001782e+01,5.000000000000000000e-01
1.656500000000001549e+01,5.000000000000000000e-01
1.656600000000001671e+01,5.000000000000000000e-01
1.656700000000001793e+01,5.000000000000000000e-01
1.656800000000001560e+01,5.000000000000000000e-01
1.656900000000001683e+01,5.000000000000000000e-01
1.657000000000001805e+01,5.000000000000000000e-01
1.657100000000001572e+01,5.000000000000000000e-01
1.657200000000001694e+01,5.000000000000000000e-01
1.657300000000001461e+01,5.000000000000000000e-01
1.657400000000001583e+01,5.000000000000000000e-01
1.657500000000001705e+01,5.000000000000000000e-01
1.657600000000001472e+01,5.000000000000000000e-01
1.657700000000001594e+01,5.000000000000000000e-01
1.657800000000001717e+01,5.000000000000000000e-01
1.657900000000001484e+01,5.000000000000000000e-01
1.658000000000001606e+01,5.000000000000000000e-01
1.658100000000001728e+01,5.000000000000000000e-01
1.658200000000001495e+01,5.000000000000000000e-01
1.658300000000001617e+01,5.000000000000000000e-01
1.658400000000001739e+01,5.000000000000000000e-01
1.658500000000001506e+01,5.000000000000000000e-01
1.658600000000001629e+01,5.000000000000000000e-01
1.658700000000001751e+01,5.000000000000000000e-01
1.658800000000001518e+01,5.000000000000000000e-01
1.658900000000001640e+01,5.000000000000000000e-01
1.659000000000001762e+01,5.000000000000000000e-01
1.659100000000001529e+01,5.000000000000000000e-01
1.659200000000001651e+01,5.000000000000000000e-01
1.659300000000001774e+01,5.000000000000000000e-01
1.659400000000001540e+01,5.000000000000000000e-01
1.659500000000001663e+01,5.000000000000000000e-01
1.659600000000001785e+01,5.000000000000000000e-01
1.659700000000001552e+01,5.000000000000000000e-01
1.659800000000001674e+01,5.000000000000000000e-01
1.659900000000001796e+01,5.000000000000000000e-01
1.660000000000001563e+01,5.000000000000000000e-01
1.660100000000001685e+01,5.000000000000000000e-01
1.660200000000001808e+01,5.000000000000000000e-01
1.660300000000001575e+01,5.000000000000000000e-01
1.660400000000001697e+01,5.000000000000000000e-01
1.660500000000001819e+01,5.000000000000000000e-01
1.660600000000001586e+01,5.000000000000000000e-01
1.660700000000001708e+01,5.000000000000000000e-01
1.660800000000001475e+01,5.000000000000000000e-01
1.660900000000001597e+01,5.000000000000000000e-01
1.661000000000001720e+01,5.000000000000000000e-01
1.661100000000001486e+01,5.000000000000000000e-01
1.661200000000001609e+01,5.000000000000000000e-01
1.661300000000001731e+01,5.000000000000000000e-01
1.661400000000001498e+01,5.000000000000000000e-01
1.661500000000001620e+01,5.000000000000000000e-01
1.661600000000001742e+01,5.000000000000000000e-01
1.661700000000001509e+01,5.000000000000000000e-01
1.661800000000001631e+01,5.000000000000000000e-01
1.661900000000001754e+01,5.000000000000000000e-01
1.662000000000001521e+01,5.000000000000000000e-01
1.662100000000001643e+01,5.000000000000000000e-01
1.662200000000001765e+01,5.000000000000000000e-01
1.662300000000001532e+01,5.000000000000000000e-01
1.662400000000001654e+01,5.000000000000000000e-01
1.662500000000001776e+01,5.000000000000000000e-01
1.662600000000001543e+01,5.000000000000000000e-01
1.662700000000001666e+01,5.000000000000000000e-01
1.662800000000001788e+01,5.000000000000000000e-01
1.662900000000001555e+01,5.000000000000000000e-01
1.663000000000001677e+01,5.000000000000000000e-01
1.663100000000001799e+01,5.000000000000000000e-01
1.663200000000001566e+01,5.000000000000000000e-01
1.663300000000001688e+01,5.000000000000000000e-01
1.663400000000001810e+01,5.000000000000000000e-01
1.663500000000001577e+01,5.000000000000000000e-01
1.663600000000001700e+01,5.000000000000000000e-01
1.663700000000001467e+01,5.000000000000000000e-01
1.663800000000001589e+01,5.000000000000000000e-01
1.663900000000001711e+01,5.000000000000000000e-01
1.664000000000001478e+01,5.000000000000000000e-01
1.664100000000001600e+01,5.000000000000000000e-01
1.664200000000001722e+01,5.000000000000000000e-01
1.664300000000001489e+01,5.000000000000000000e-01
1.664400000000001612e+01,5.000000000000000000e-01
1.664500000000001734e+01,5.000000000000000000e-01
1.664600000000001501e+01,5.000000000000000000e-01
1.664700000000001623e+01,5.000000000000000000e-01
1.664800000000001745e+01,5.000000000000000000e-01
1.664900000000001512e+01,5.000000000000000000e-01
1.665000000000001634e+01,5.000000000000000000e-01
1.665100000000001756e+01,5.000000000000000000e-01
1.665200000000001523e+01,5.000000000000000000e-01
1.665300000000001646e+01,5.000000000000000000e-01
1.665400000000001768e+01,5.000000000000000000e-01
1.665500000000001535e+01,5.000000000000000000e-01
1.665600000000001657e+01,5.000000000000000000e-01
1.665700000000001779e+01,5.000000000000000000e-01
1.665800000000001546e+01,5.000000000000000000e-01
1.665900000000001668e+01,5.000000000000000000e-01
1.666000000000001791e+01,5.000000000000000000e-01
1.666100000000001558e+01,5.000000000000000000e-01
1.666200000000001680e+01,5.000000000000000000e-01
1.666300000000001802e+01,5.000000000000000000e-01
1.666400000000001569e+01,5.000000000000000000e-01
1.666500000000001691e+01,5.000000000000000000e-01
1.666600000000001813e+01,5.000000000000000000e-01
1.666700000000001580e+01,5.000000000000000000e-01
1.666800000000001702e+01,5.000000000000000000e-01
1.666900000000001825e+01,5.000000000000000000e-01
1.667000000000001592e+01,5.000000000000000000e-01
1.667100000000001714e+01,5.000000000000000000e-01
1.667200000000001481e+01,5.000000000000000000e-01
1.667300000000001603e+01,5.000000000000000000e-01
1.667400000000001725e+01,5.000000000000000000e-01
1.667500000000001492e+01,5.000000000000000000e-01
1.667600000000001614e+01,5.000000000000000000e-01
1.667700000000001737e+01,5.000000000000000000e-01
1.667800000000001504e+01,5.000000000000000000e-01
1.667900000000001626e+01,5.000000000000000000e-01
1.668000000000001748e+01,5.000000000000000000e-01
1.668100000000001515e+01,5.000000000000000000e-01
1.668200000000001637e+01,5.000000000000000000e-01
1.668300000000001759e+01,5.000000000000000000e-01
1.668400000000001526e+01,5.000000000000000000e-01
1.668500000000001648e+01,5.000000000000000000e-01
1.668600000000001771e+01,5.000000000000000000e-01
1.668700000000001538e+01,5.000000000000000000e-01
1.668800000000001660e+01,5.000000000000000000e-01
1.668900000000001782e+01,5.000000000000000000e-01
1.669000000000001549e+01,5.000000000000000000e-01
1.669100000000001671e+01,5.000000000000000000e-01
1.669200000000001793e+01,5.000000000000000000e-01
1.669300000000001560e+01,5.000000000000000000e-01
1.669400000000001683e+01,5.000000000000000000e-01
1.669500000000001805e+01,5.000000000000000000e-01
1.669600000000001572e+01,5.000000000000000000e-01
1.669700000000001694e+01,5.000000000000000000e-01
1.669800000000001816e+01,5.000000000000000000e-01
1.669900000000001583e+01,5.000000000000000000e-01
1.670000000000001705e+01,5.000000000000000000e-01
1.670100000000001472e+01,5.000000000000000000e-01
1.670200000000001594e+01,5.000000000000000000e-01
1.670300000000001717e+01,5.000000000000000000e-01
1.670400000000001484e+01,5.000000000000000000e-01
1.670500000000001606e+01,5.000000000000000000e-01
1.670600000000001728e+01,5.000000000000000000e-01
1.670700000000001495e+01,5.000000000000000000e-01
1.670800000000001617e+01,5.000000000000000000e-01
1.670900000000001739e+01,5.000000000000000000e-01
1.671000000000001506e+01,5.000000000000000000e-01
1.671100000000001629e+01,5.000000000000000000e-01
1.671200000000001751e+01,5.000000000000000000e-01
1.671300000000001518e+01,5.000000000000000000e-01
1.671400000000001640e+01,5.000000000000000000e-01
1.671500000000001762e+01,5.000000000000000000e-01
1.671600000000001529e+01,5.000000000000000000e-01
1.671700000000001651e+01,5.000000000000000000e-01
1.671800000000001774e+01,5.000000000000000000e-01
1.671900000000001540e+01,5.000000000000000000e-01
1.672000000000001663e+01,5.000000000000000000e-01
1.672100000000001785e+01,5.000000000000000000e-01
1.672200000000001552e+01,5.000000000000000000e-01
1.672300000000001674e+01,5.000000000000000000e-01
1.672400000000001796e+01,5.000000000000000000e-01
1.672500000000001563e+01,5.000000000000000000e-01
1.672600000000001685e+01,5.000000000000000000e-01
1.672700000000001808e+01,5.000000000000000000e-01
1.672800000000001575e+01,5.000000000000000000e-01
1.672900000000001697e+01,5.000000000000000000e-01
1.673000000000001819e+01,5.000000000000000000e-01
1.673100000000001586e+01,5.000000000000000000e-01
1.673200000000001708e+01,5.000000000000000000e-01
1.673300000000001830e+01,5.000000000000000000e-01
1.673400000000001597e+01,5.000000000000000000e-01
1.673500000000001720e+01,5.000000000000000000e-01
1.673600000000001486e+01,5.000000000000000000e-01
1.673700000000001609e+01,5.000000000000000000e-01
1.673800000000001731e+01,5.000000000000000000e-01
1.673900000000001498e+01,5.000000000000000000e-01
1.674000000000001620e+01,5.000000000000000000e-01
1.674100000000001742e+01,5.000000000000000000e-01
1.674200000000001509e+01,5.000000000000000000e-01
1.674300000000001631e+01,5.000000000000000000e-01
1.674400000000001754e+01,5.000000000000000000e-01
1.674500000000001521e+01,5.000000000000000000e-01
1.674600000000001643e+01,5.000000000000000000e-01
1.674700000000001765e+01,5.000000000000000000e-01
1.674800000000001532e+01,5.000000000000000000e-01
1.674900000000001654e+01,5.000000000000000000e-01
1.675000000000001776e+01,5.000000000000000000e-01
1.675100000000001543e+01,5.000000000000000000e-01
1.675200000000001666e+01,5.000000000000000000e-01
1.675300000000001788e+01,5.000000000000000000e-01
1.675400000000001555e+01,5.000000000000000000e-01
1.675500000000001677e+01,5.000000000000000000e-01
1.675600000000001799e+01,5.000000000000000000e-01
1.675700000000001566e+01,5.000000000000000000e-01
1.675800000000001688e+01,5.000000000000000000e-01
1.675900000000001810e+01,5.000000000000000000e-01
1.676000000000001577e+01,5.000000000000000000e-01
1.676100000000001700e+01,5.000000000000000000e-01
1.676200000000001822e+01,5.000000000000000000e-01
1.676300000000001589e+01,5.000000000000000000e-01
1.676400000000001711e+01,5.000000000000000000e-01
1.676500000000001478e+01,5.000000000000000000e-01
1.676600000000001600e+01,5.000000000000000000e-01
1.676700000000001722e+01,5.000000000000000000e-01
1.676800000000001489e+01,5.000000000000000000e-01
1.676900000000001612e+01,5.000000000000000000e-01
1.677000000000001734e+01,5.000000000000000000e-01
1.677100000000001501e+01,5.000000000000000000e-01
1.677200000000001623e+01,5.000000000000000000e-01
1.677300000000001745e+01,5.000000000000000000e-01
1.677400000000001512e+01,5.000000000000000000e-01
1.677500000000001634e+01,5.000000000000000000e-01
1.677600000000001756e+01,5.000000000000000000e-01
1.677700000000001523e+01,5.000000000000000000e-01
1.677800000000001646e+01,5.000000000000000000e-01
1.677900000000001768e+01,5.000000000000000000e-01
1.678000000000001535e+01,5.000000000000000000e-01
1.678100000000001657e+01,5.000000000000000000e-01
1.678200000000001779e+01,5.000000000000000000e-01
1.678300000000001546e+01,5.000000000000000000e-01
1.678400000000001668e+01,5.000000000000000000e-01
1.678500000000001791e+01,5.000000000000000000e-01
1.678600000000001558e+01,5.000000000000000000e-01
1.678700000000001680e+01,5.000000000000000000e-01
1.678800000000001802e+01,5.000000000000000000e-01
1.678900000000001569e+01,5.000000000000000000e-01
1.679000000000001691e+01,5.000000000000000000e-01
1.679100000000001813e+01,5.000000000000000000e-01
1.679200000000001580e+01,5.000000000000000000e-01
1.679300000000001702e+01,5.000000000000000000e-01
1.679400000000001825e+01,5.000000000000000000e-01
1.679500000000001592e+01,5.000000000000000000e-01
1.679600000000001714e+01,5.000000000000000000e-01
1.679700000000001836e+01,5.000000000000000000e-01
1.679800000000001603e+01,5.000000000000000000e-01
1.679900000000001725e+01,5.000000000000000000e-01
1.680000000000001492e+01,5.000000000000000000e-01
1.680100000000001614e+01,5.000000000000000000e-01
1.680200000000001737e+01,5.000000000000000000e-01
1.680300000000001504e+01,5.000000000000000000e-01
1.680400000000001626e+01,5.000000000000000000e-01
1.680500000000001748e+01,5.000000000000000000e-01
1.680600000000001515e+01,5.000000000000000000e-01
1.680700000000001637e+01,5.000000000000000000e-01
1.680800000000001759e+01,5.000000000000000000e-01
1.680900000000001526e+01,5.000000000000000000e-01
1.681000000000001648e+01,5.000000000000000000e-01
1.681100000000001771e+01,5.000000000000000000e-01
1.681200000000001538e+01,5.000000000000000000e-01
1.681300000000001660e+01,5.000000000000000000e-01
1.681400000000001782e+01,5.000000000000000000e-01
1.681500000000001549e+01,5.000000000000000000e-01
1.681600000000001671e+01,5.000000000000000000e-01
1.681700000000001793e+01,5.000000000000000000e-01
1.681800000000001560e+01,5.000000000000000000e-01
1.681900000000001683e+01,5.000000000000000000e-01
1.682000000000001805e+01,5.000000000000000000e-01
1.682100000000001572e+01,5.000000000000000000e-01
1.682200000000001694e+01,5.000000000000000000e-01
1.682300000000001816e+01,5.000000000000000000e-01
1.682400000000001583e+01,5.000000000000000000e-01
1.682500000000001705e+01,5.000000000000000000e-01
1.682600000000001828e+01,5.000000000000000000e-01
1.682700000000001594e+01,5.000000000000000000e-01
1.682800000000001717e+01,5.000000000000000000e-01
1.682900000000001484e+01,5.000000000000000000e-01
1.683000000000001606e+01,5.000000000000000000e-01
1.683100000000001728e+01,5.000000000000000000e-01
1.683200000000001495e+01,5.000000000000000000e-01
1.683300000000001617e+01,5.000000000000000000e-01
1.683400000000001739e+01,5.000000000000000000e-01
1.683500000000001506e+01,5.000000000000000000e-01
1.683600000000001629e+01,5.000000000000000000e-01
1.683700000000001751e+01,5.000000000000000000e-01
1.683800000000001518e+01,5.000000000000000000e-01
1.683900000000001640e+01,5.000000000000000000e-01
1.684000000000001762e+01,5.000000000000000000e-01
1.684100000000001529e+01,5.000000000000000000e-01
1.684200000000001651e+01,5.000000000000000000e-01
1.684300000000001774e+01,5.000000000000000000e-01
1.684400000000001540e+01,5.000000000000000000e-01
1.684500000000001663e+01,5.000000000000000000e-01
1.684600000000001785e+01,5.000000000000000000e-01
1.684700000000001552e+01,5.000000000000000000e-01
1.684800000000001674e+01,5.000000000000000000e-01
1.684900000000001796e+01,5.000000000000000000e-01
1.685000000000001563e+01,5.000000000000000000e-01
1.685100000000001685e+01,5.000000000000000000e-01
1.685200000000001808e+01,5.000000000000000000e-01
1.685300000000001575e+01,5.000000000000000000e-01
1.685400000000001697e+01,5.000000000000000000e-01
1.685500000000001819e+01,5.000000000000000000e-01
1.685600000000001586e+01,5.000000000000000000e-01
1.685700000000001708e+01,5.000000000000000000e-01
1.685800000000001830e+01,5.000000000000000000e-01
1.685900000000001597e+01,5.000000000000000000e-01
1.686000000000001720e+01,5.000000000000000000e-01
1.686100000000001842e+01,5.000000000000000000e-01
1.686200000000001609e+01,5.000000000000000000e-01
1.686300000000001731e+01,5.000000000000000000e-01
1.686400000000001498e+01,5.000000000000000000e-01
1.686500000000001620e+01,5.000000000000000000e-01
1.686600000000001742e+01,5.000000000000000000e-01
1.686700000000001509e+01,5.000000000000000000e-01
1.686800000000001631e+01,5.000000000000000000e-01
1.686900000000001754e+01,5.000000000000000000e-01
1.687000000000001521e+01,5.000000000000000000e-01
1.687100000000001643e+01,5.000000000000000000e-01
1.687200000000001765e+01,5.000000000000000000e-01
1.687300000000001532e+01,5.000000000000000000e-01
1.687400000000001654e+01,5.000000000000000000e-01
1.687500000000001776e+01,5.000000000000000000e-01
1.687600000000001543e+01,5.000000000000000000e-01
1.687700000000001666e+01,5.000000000000000000e-01
1.687800000000001788e+01,5.000000000000000000e-01
1.687900000000001555e+01,5.000000000000000000e-01
1.688000000000001677e+01,5.000000000000000000e-01
1.688100000000001799e+01,5.000000000000000000e-01
1.688200000000001566e+01,5.000000000000000000e-01
1.688300000000001688e+01,5.000000000000000000e-01
1.688400000000001810e+01,5.000000000000000000e-01
1.688500000000001577e+01,5.000000000000000000e-01
1.688600000000001700e+01,5.000000000000000000e-01
1.688700000000001822e+01,5.000000000000000000e-01
1.688800000000001589e+01,5.000000000000000000e-01
1.688900000000001711e+01,5.000000000000000000e-01
1.689000000000001833e+01,5.000000000000000000e-01
1.689100000000001600e+01,5.000000000000000000e-01
1.689200000000001722e+01,5.000000000000000000e-01
1.689300000000001489e+01,5.000000000000000000e-01
1.689400000000001612e+01,5.000000000000000000e-01
1.689500000000001734e+01,5.000000000000000000e-01
1.689600000000001501e+01,5.000000000000000000e-01
1.689700000000001623e+01,5.000000000000000000e-01
1.689800000000001745e+01,5.000000000000000000e-01
1.689900000000001512e+01,5.000000000000000000e-01
1.690000000000001634e+01,5.000000000000000000e-01
1.690100000000001756e+01,5.000000000000000000e-01
1.690200000000001523e+01,5.000000000000000000e-01
1.690300000000001646e+01,5.000000000000000000e-01
1.690400000000001768e+01,5.000000000000000000e-01
1.690500000000001535e+01,5.000000000000000000e-01
1.690600000000001657e+01,5.000000000000000000e-01
1.690700000000001779e+01,5.000000000000000000e-01
1.690800000000001546e+01,5.000000000000000000e-01
1.690900000000001668e+01,5.000000000000000000e-01
1.691000000000001791e+01,5.000000000000000000e-01
1.691100000000001558e+01,5.000000000000000000e-01
1.691200000000001680e+01,5.000000000000000000e-01
1.691300000000001802e+01,5.000000000000000000e-01
1.691400000000001569e+01,5.000000000000000000e-01
1.691500000000001691e+01,5.000000000000000000e-01
1.691600000000001813e+01,5.000000000000000000e-01
1.691700000000001580e+01,5.000000000000000000e-01
1.691800000000001702e+01,5.000000000000000000e-01
1.691900000000001825e+01,5.000000000000000000e-01
1.692000000000001592e+01,5.000000000000000000e-01
1.692100000000001714e+01,5.000000000000000000e-01
1.692200000000001836e+01,5.000000000000000000e-01
1.692300000000001603e+01,5.000000000000000000e-01
1.692400000000001725e+01,5.000000000000000000e-01
1.692500000000001847e+01,5.000000000000000000e-01
1.692600000000001614e+01,5.000000000000000000e-01
1.692700000000001737e+01,5.000000000000000000e-01
1.692800000000001504e+01,5.000000000000000000e-01
1.692900000000001626e+01,5.000000000000000000e-01
1.693000000000001748e+01,5.000000000000000000e-01
1.693100000000001515e+01,5.000000000000000000e-01
1.693200000000001637e+01,5.000000000000000000e-01
1.693300000000001759e+01,5.000000000000000000e-01
1.693400000000001526e+01,5.000000000000000000e-01
1.693500000000001648e+01,5.000000000000000000e-01
1.693600000000001771e+01,5.000000000000000000e-01
1.693700000000001538e+01,5.000000000000000000e-01
1.693800000000001660e+01,5.000000000000000000e-01
1.693900000000001782e+01,5.000000000000000000e-01
1.694000000000001549e+01,5.000000000000000000e-01
1.694100000000001671e+01,5.000000000000000000e-01
1.694200000000001793e+01,5.000000000000000000e-01
1.694300000000001560e+01,5.000000000000000000e-01
1.694400000000001683e+01,5.000000000000000000e-01
1.694500000000001805e+01,5.000000000000000000e-01
1.694600000000001572e+01,5.000000000000000000e-01
1.694700000000001694e+01,5.000000000000000000e-01
1.694800000000001816e+01,5.000000000000000000e-01
1.694900000000001583e+01,5.000000000000000000e-01
1.695000000000001705e+01,5.000000000000000000e-01
1.695100000000001828e+01,5.000000000000000000e-01
1.695200000000001594e+01,5.000000000000000000e-01
1.695300000000001717e+01,5.000000000000000000e-01
1.695400000000001839e+01,5.000000000000000000e-01
1.695500000000001606e+01,5.000000000000000000e-01
1.695600000000001728e+01,5.000000000000000000e-01
1.695700000000001495e+01,5.000000000000000000e-01
1.695800000000001617e+01,5.000000000000000000e-01
1.695900000000001739e+01,5.000000000000000000e-01
1.696000000000001506e+01,5.000000000000000000e-01
1.696100000000001629e+01,5.000000000000000000e-01
1.696200000000001751e+01,5.000000000000000000e-01
1.696300000000001518e+01,5.000000000000000000e-01
1.696400000000001640e+01,5.000000000000000000e-01
1.696500000000001762e+01,5.000000000000000000e-01
1.696600000000001529e+01,5.000000000000000000e-01
1.696700000000001651e+01,5.000000000000000000e-01
1.696800000000001774e+01,5.000000000000000000e-01
1.696900000000001540e+01,5.000000000000000000e-01
1.697000000000001663e+01,5.000000000000000000e-01
1.697100000000001785e+01,5.000000000000000000e-01
1.697200000000001552e+01,5.000000000000000000e-01
1.697300000000001674e+01,5.000000000000000000e-01
1.697400000000001796e+01,5.000000000000000000e-01
1.697500000000001563e+01,5.000000000000000000e-01
1.697600000000001685e+01,5.000000000000000000e-01
1.697700000000001808e+01,5.000000000000000000e-01
1.697800000000001575e+01,5.000000000000000000e-01
1.697900000000001697e+01,5.000000000000000000e-01
1.698000000000001819e+01,5.000000000000000000e-01
1.698100000000001586e+01,5.000000000000000000e-01
1.698200000000001708e+01,5.000000000000000000e-01
1.698300000000001830e+01,5.000000000000000000e-01
1.698400000000001597e+01,5.000000000000000000e-01
1.698500000000001720e+01,5.000000000000000000e-01
1.698600000000001842e+01,5.000000000000000000e-01
1.698700000000001609e+01,5.000000000000000000e-01
1.698800000000001731e+01,5.000000000000000000e-01
1.698900000000001853e+01,5.000000000000000000e-01
1.699000000000001620e+01,5.000000000000000000e-01
1.699100000000001742e+01,5.000000000000000000e-01
1.699200000000001509e+01,5.000000000000000000e-01
1.699300000000001631e+01,5.000000000000000000e-01
1.699400000000001754e+01,5.000000000000000000e-01
1.699500000000001521e+01,5.000000000000000000e-01
1.699600000000001643e+01,5.000000000000000000e-01
1.699700000000001765e+01,5.000000000000000000e-01
1.699800000000001532e+01,5.000000000000000000e-01
1.699900000000001654e+01,5.000000000000000000e-01
1.700000000000001776e+01,5.000000000000000000e-01
1.700100000000001543e+01,5.000000000000000000e-01
1.700200000000001666e+01,5.000000000000000000e-01
1.700300000000001788e+01,5.000000000000000000e-01
1.700400000000001555e+01,5.000000000000000000e-01
1.700500000000001677e+01,5.000000000000000000e-01
1.700600000000001799e+01,5.000000000000000000e-01
1.700700000000001566e+01,5.000000000000000000e-01
1.700800000000001688e+01,5.000000000000000000e-01
1.700900000000001810e+01,5.000000000000000000e-01
1.701000000000001577e+01,5.000000000000000000e-01
1.701100000000001700e+01,5.000000000000000000e-01
1.701200000000001822e+01,5.000000000000000000e-01
1.701300000000001589e+01,5.000000000000000000e-01
1.701400000000001711e+01,5.000000000000000000e-01
1.701500000000001833e+01,5.000000000000000000e-01
1.701600000000001600e+01,5.000000000000000000e-01
1.701700000000001722e+01,5.000000000000000000e-01
1.701800000000001845e+01,5.000000000000000000e-01
1.701900000000001612e+01,5.000000000000000000e-01
1.702000000000001734e+01,5.000000000000000000e-01
1.702100000000001501e+01,5.000000000000000000e-01
1.702200000000001623e+01,5.000000000000000000e-01
1.702300000000001745e+01,5.000000000000000000e-01
1.702400000000001512e+01,5.000000000000000000e-01
1.702500000000001634e+01,5.000000000000000000e-01
1.702600000000001756e+01,5.000000000000000000e-01
1.702700000000001523e+01,5.000000000000000000e-01
1.702800000000001646e+01,5.000000000000000000e-01
1.702900000000001768e+01,5.000000000000000000e-01
1.703000000000001535e+01,5.000000000000000000e-01
1.703100000000001657e+01,5.000000000000000000e-01
1.703200000000001779e+01,5.000000000000000000e-01
1.703300000000001546e+01,5.000000000000000000e-01
1.703400000000001668e+01,5.000000000000000000e-01
1.703500000000001791e+01,5.000000000000000000e-01
1.703600000000001558e+01,5.000000000000000000e-01
1.703700000000001680e+01,5.000000000000000000e-01
1.703800000000001802e+01,5.000000000000000000e-01
1.703900000000001569e+01,5.000000000000000000e-01
1.704000000000001691e+01,5.000000000000000000e-01
1.704100000000001813e+01,5.000000000000000000e-01
1.704200000000001580e+01,5.000000000000000000e-01
1.704300000000001702e+01,5.000000000000000000e-01
1.704400000000001825e+01,5.000000000000000000e-01
1.704500000000001592e+01,5.000000000000000000e-01
1.704600000000001714e+01,5.000000000000000000e-01
1.704700000000001836e+01,5.000000000000000000e-01
1.704800000000001603e+01,5.000000000000000000e-01
1.704900000000001725e+01,5.000000000000000000e-01
1.705000000000001847e+01,5.000000000000000000e-01
1.705100000000001614e+01,5.000000000000000000e-01
1.705200000000001737e+01,5.000000000000000000e-01
1.705300000000001859e+01,5.000000000000000000e-01
1.705400000000001626e+01,5.000000000000000000e-01
1.705500000000001748e+01,5.000000000000000000e-01
1.705600000000001515e+01,5.000000000000000000e-01
1.705700000000001637e+01,5.000000000000000000e-01
1.705800000000001759e+01,5.000000000000000000e-01
1.705900000000001526e+01,5.000000000000000000e-01
1.706000000000001648e+01,5.000000000000000000e-01
1.706100000000001771e+01,5.000000000000000000e-01
1.706200000000001538e+01,5.000000000000000000e-01
1.706300000000001660e+01,5.000000000000000000e-01
1.706400000000001782e+01,5.000000000000000000e-01
1.706500000000001549e+01,5.000000000000000000e-01
1.706600000000001671e+01,5.000000000000000000e-01
1.706700000000001793e+01,5.000000000000000000e-01
1.706800000000001560e+01,5.000000000000000000e-01
1.706900000000001683e+01,5.000000000000000000e-01
1.707000000000001805e+01,5.000000000000000000e-01
1.707100000000001572e+01,5.000000000000000000e-01
1.707200000000001694e+01,5.000000000000000000e-01
1.707300000000001816e+01,5.000000000000000000e-01
1.707400000000001583e+01,5.000000000000000000e-01
1.707500000000001705e+01,5.000000000000000000e-01
1.707600000000001828e+01,5.000000000000000000e-01
1.707700000000001594e+01,5.000000000000000000e-01
1.707800000000001717e+01,5.000000000000000000e-01
1.707900000000001839e+01,5.000000000000000000e-01
1.708000000000001606e+01,5.000000000000000000e-01
1.708100000000001728e+01,5.000000000000000000e-01
1.708200000000001850e+01,5.000000000000000000e-01
1.708300000000001617e+01,5.000000000000000000e-01
1.708400000000001739e+01,5.000000000000000000e-01
1.708500000000001506e+01,5.000000000000000000e-01
1.708600000000001629e+01,5.000000000000000000e-01
1.708700000000001751e+01,5.000000000000000000e-01
1.708800000000001518e+01,5.000000000000000000e-01
1.708900000000001640e+01,5.000000000000000000e-01
1.709000000000001762e+01,5.000000000000000000e-01
1.709100000000001529e+01,5.000000000000000000e-01
1.709200000000001651e+01,5.000000000000000000e-01
1.709300000000001774e+01,5.000000000000000000e-01
1.709400000000001540e+01,5.000000000000000000e-01
1.709500000000001663e+01,5.000000000000000000e-01
1.709600000000001785e+01,5.000000000000000000e-01
1.709700000000001552e+01,5.000000000000000000e-01
1.709800000000001674e+01,5.000000000000000000e-01
1.709900000000001796e+01,5.000000000000000000e-01
1.710000000000001563e+01,5.000000000000000000e-01
1.710100000000001685e+01,5.000000000000000000e-01
1.710200000000001808e+01,5.000000000000000000e-01
1.710300000000001575e+01,5.000000000000000000e-01
1.710400000000001697e+01,5.000000000000000000e-01
1.710500000000001819e+01,5.000000000000000000e-01
1.710600000000001586e+01,5.000000000000000000e-01
1.710700000000001708e+01,5.000000000000000000e-01
1.710800000000001830e+01,5.000000000000000000e-01
1.710900000000001597e+01,5.000000000000000000e-01
1.711000000000001720e+01,5.000000000000000000e-01
1.711100000000001842e+01,5.000000000000000000e-01
1.711200000000001609e+01,5.000000000000000000e-01
1.711300000000001731e+01,5.000000000000000000e-01
1.711400000000001853e+01,5.000000000000000000e-01
1.711500000000001620e+01,5.000000000000000000e-01
1.711600000000001742e+01,5.000000000000000000e-01
1.711700000000001864e+01,5.000000000000000000e-01
1.711800000000001631e+01,5.000000000000000000e-01
1.711900000000001754e+01,5.000000000000000000e-01
1.712000000000001521e+01,5.000000000000000000e-01
1.712100000000001643e+01,5.000000000000000000e-01
1.712200000000001765e+01,5.000000000000000000e-01
1.712300000000001532e+01,5.000000000000000000e-01
1.712400000000001654e+01,5.000000000000000000e-01
1.712500000000001776e+01,5.000000000000000000e-01
1.712600000000001543e+01,5.000000000000000000e-01
1.712700000000001666e+01,5.000000000000000000e-01
1.712800000000001788e+01,5.000000000000000000e-01
1.712900000000001555e+01,5.000000000000000000e-01
1.713000000000001677e+01,5.000000000000000000e-01
1.713100000000001799e+01,5.000000000000000000e-01
1.713200000000001566e+01,5.000000000000000000e-01
1.713300000000001688e+01,5.000000000000000000e-01
1.713400000000001810e+01,5.000000000000000000e-01
1.713500000000001577e+01,5.000000000000000000e-01
1.713600000000001700e+01,5.000000000000000000e-01
1.713700000000001822e+01,5.000000000000000000e-01
1.713800000000001589e+01,5.000000000000000000e-01
1.713900000000001711e+01,5.000000000000000000e-01
1.714000000000001833e+01,5.000000000000000000e-01
1.714100000000001600e+01,5.000000000000000000e-01
1.714200000000001722e+01,5.000000000000000000e-01
1.714300000000001845e+01,5.000000000000000000e-01
1.714400000000001612e+01,5.000000000000000000e-01
1.714500000000001734e+01,5.000000000000000000e-01
1.714600000000001856e+01,5.000000000000000000e-01
1.714700000000001623e+01,5.000000000000000000e-01
1.714800000000001745e+01,5.000000000000000000e-01
1.714900000000001512e+01,5.000000000000000000e-01
1.715000000000001634e+01,5.000000000000000000e-01
1.715100000000001756e+01,5.000000000000000000e-01
1.715200000000001523e+01,5.000000000000000000e-01
1.715300000000001646e+01,5.000000000000000000e-01
1.715400000000001768e+01,5.000000000000000000e-01
1.715500000000001535e+01,5.000000000000000000e-01
1.715600000000001657e+01,5.000000000000000000e-01
1.715700000000001779e+01,5.000000000000000000e-01
1.715800000000001546e+01,5.000000000000000000e-01
1.715900000000001668e+01,5.000000000000000000e-01
1.716000000000001791e+01,5.000000000000000000e-01
1.716100000000001558e+01,5.000000000000000000e-01
1.716200000000001680e+01,5.000000000000000000e-01
1.716300000000001802e+01,5.000000000000000000e-01
1.716400000000001569e+01,5.000000000000000000e-01
1.716500000000001691e+01,5.000000000000000000e-01
1.716600000000001813e+01,5.000000000000000000e-01
1.716700000000001580e+01,5.000000000000000000e-01
1.716800000000001702e+01,5.000000000000000000e-01
1.716900000000001825e+01,5.000000000000000000e-01
1.717000000000001592e+01,5.000000000000000000e-01
1.717100000000001714e+01,5.000000000000000000e-01
1.717200000000001836e+01,5.000000000000000000e-01
1.717300000000001603e+01,5.000000000000000000e-01
1.717400000000001725e+01,5.000000000000000000e-01
1.717500000000001847e+01,5.000000000000000000e-01
1.717600000000001614e+01,5.000000000000000000e-01
1.717700000000001737e+01,5.000000000000000000e-01
1.717800000000001859e+01,5.000000000000000000e-01
1.717900000000001626e+01,5.000000000000000000e-01
1.718000000000001748e+01,5.000000000000000000e-01
1.718100000000001870e+01,5.000000000000000000e-01
1.718200000000001637e+01,5.000000000000000000e-01
1.718300000000001759e+01,5.000000000000000000e-01
1.718400000000001526e+01,5.000000000000000000e-01
1.718500000000001648e+01,5.000000000000000000e-01
1.718600000000001771e+01,5.000000000000000000e-01
1.718700000000001538e+01,5.000000000000000000e-01
1.718800000000001660e+01,5.000000000000000000e-01
1.718900000000001782e+01,5.000000000000000000e-01
1.719000000000001549e+01,5.000000000000000000e-01
1.719100000000001671e+01,5.000000000000000000e-01
1.719200000000001793e+01,5.000000000000000000e-01
1.719300000000001560e+01,5.000000000000000000e-01
1.719400000000001683e+01,5.000000000000000000e-01
1.719500000000001805e+01,5.000000000000000000e-01
1.719600000000001572e+01,5.000000000000000000e-01
1.719700000000001694e+01,5.000000000000000000e-01
1.719800000000001816e+01,5.000000000000000000e-01
1.719900000000001583e+01,5.000000000000000000e-01
1.720000000000001705e+01,5.000000000000000000e-01
1.720100000000001828e+01,5.000000000000000000e-01
1.720200000000001594e+01,5.000000000000000000e-01
1.720300000000001717e+01,5.000000000000000000e-01
1.720400000000001839e+01,5.000000000000000000e-01
1.720500000000001606e+01,5.000000000000000000e-01
1.720600000000001728e+01,5.000000000000000000e-01
1.720700000000001850e+01,5.000000000000000000e-01
1.720800000000001617e+01,5.000000000000000000e-01
1.720900000000001739e+01,5.000000000000000000e-01
1.721000000000001862e+01,5.000000000000000000e-01
1.721100000000001629e+01,5.000000000000000000e-01
1.721200000000001751e+01,5.000000000000000000e-01
1.721300000000001518e+01,5.000000000000000000e-01
1.721400000000001640e+01,5.000000000000000000e-01
1.721500000000001762e+01,5.000000000000000000e-01
1.721600000000001529e+01,5.000000000000000000e-01
1.721700000000001651e+01,5.000000000000000000e-01
1.721800000000001774e+01,5.000000000000000000e-01
1.721900000000001540e+01,5.000000000000000000e-01
1.722000000000001663e+01,5.000000000000000000e-01
1.722100000000001785e+01,5.000000000000000000e-01
1.722200000000001552e+01,5.000000000000000000e-01
1.722300000000001674e+01,5.000000000000000000e-01
1.722400000000001796e+01,5.000000000000000000e-01
1.722500000000001563e+01,5.000000000000000000e-01
1.722600000000001685e+01,5.000000000000000000e-01
1.722700000000001808e+01,5.000000000000000000e-01
1.722800000000001575e+01,5.000000000000000000e-01
1.722900000000001697e+01,5.000000000000000000e-01
1.723000000000001819e+01,5.000000000000000000e-01
1.723100000000001586e+01,5.000000000000000000e-01
1.723200000000001708e+01,5.000000000000000000e-01
1.723300000000001830e+01,5.000000000000000000e-01
1.723400000000001597e+01,5.000000000000000000e-01
1.723500000000001720e+01,5.000000000000000000e-01
1.723600000000001842e+01,5.000000000000000000e-01
1.723700000000001609e+01,5.000000000000000000e-01
1.723800000000001731e+01,5.000000000000000000e-01
1.723900000000001853e+01,5.000000000000000000e-01
1.724000000000001620e+01,5.000000000000000000e-01
1.724100000000001742e+01,5.000000000000000000e-01
1.724200000000001864e+01,5.000000000000000000e-01
1.724300000000001631e+01,5.000000000000000000e-01
1.724400000000001754e+01,5.000000000000000000e-01
1.724500000000001876e+01,5.000000000000000000e-01
1.724600000000001643e+01,5.000000000000000000e-01
1.724700000000001765e+01,5.000000000000000000e-01
1.724800000000001532e+01,5.000000000000000000e-01
1.724900000000001654e+01,5.000000000000000000e-01
1.725000000000001776e+01,5.000000000000000000e-01
1.725100000000001543e+01,5.000000000000000000e-01
1.725200000000001666e+01,5.000000000000000000e-01
1.725300000000001788e+01,5.000000000000000000e-01
1.725400000000001555e+01,5.000000000000000000e-01
1.725500000000001677e+01,5.000000000000000000e-01
1.725600000000001799e+01,5.000000000000000000e-01
1.725700000000001566e+01,5.000000000000000000e-01
1.725800000000001688e+01,5.000000000000000000e-01
1.725900000000001810e+01,5.000000000000000000e-01
1.726000000000001577e+01,5.000000000000000000e-01
1.726100000000001700e+01,5.000000000000000000e-01
1.726200000000001822e+01,5.000000000000000000e-01
1.726300000000001589e+01,5.000000000000000000e-01
1.726400000000001711e+01,5.000000000000000000e-01
1.726500000000001833e+01,5.000000000000000000e-01
1.726600000000001600e+01,5.000000000000000000e-01
1.726700000000001722e+01,5.000000000000000000e-01
1.726800000000001845e+01,5.000000000000000000e-01
1.726900000000001612e+01,5.000000000000000000e-01
1.727000000000001734e+01,5.000000000000000000e-01
1.727100000000001856e+01,5.000000000000000000e-01
1.727200000000001623e+01,5.000000000000000000e-01
1.727300000000001745e+01,5.000000000000000000e-01
1.727400000000001867e+01,5.000000000000000000e-01
1.727500000000001634e+01,5.000000000000000000e-01
1.727600000000001756e+01,5.000000000000000000e-01
1.727700000000001523e+01,5.000000000000000000e-01
1.727800000000001646e+01,5.000000000000000000e-01
1.727900000000001768e+01,5.000000000000000000e-01
1.728000000000001535e+01,5.000000000000000000e-01
1.728100000000001657e+01,5.000000000000000000e-01
1.728200000000001779e+01,5.000000000000000000e-01
1.728300000000001546e+01,5.000000000000000000e-01
1.728400000000001668e+01,5.000000000000000000e-01
1.728500000000001791e+01,5.000000000000000000e-01
1.728600000000001558e+01,5.000000000000000000e-01
1.728700000000001680e+01,5.000000000000000000e-01
1.728800000000001802e+01,5.000000000000000000e-01
1.728900000000001569e+01,5.000000000000000000e-01
1.729000000000001691e+01,5.000000000000000000e-01
1.729100000000001813e+01,5.000000000000000000e-01
1.729200000000001580e+01,5.000000000000000000e-01
1.729300000000001702e+01,5.000000000000000000e-01
1.729400000000001825e+01,5.000000000000000000e-01
1.729500000000001592e+01,5.000000000000000000e-01
1.729600000000001714e+01,5.000000000000000000e-01
1.729700000000001836e+01,5.000000000000000000e-01
1.729800000000001603e+01,5.000000000000000000e-01
1.729900000000001725e+01,5.000000000000000000e-01
1.730000000000001847e+01,5.000000000000000000e-01
1.730100000000001614e+01,5.000000000000000000e-01
1.730200000000001737e+01,5.000000000000000000e-01
1.730300000000001859e+01,5.000000000000000000e-01
1.730400000000001626e+01,5.000000000000000000e-01
1.730500000000001748e+01,5.000000000000000000e-01
1.730600000000001870e+01,5.000000000000000000e-01
1.730700000000001637e+01,5.000000000000000000e-01
1.730800000000001759e+01,5.000000000000000000e-01
1.730900000000001882e+01,5.000000000000000000e-01
1.731000000000001648e+01,5.000000000000000000e-01
1.731100000000001771e+01,5.000000000000000000e-01
1.731200000000001538e+01,5.000000000000000000e-01
1.731300000000001660e+01,5.000000000000000000e-01
1.731400000000001782e+01,5.000000000000000000e-01
1.731500000000001549e+01,5.000000000000000000e-01
1.731600000000001671e+01,5.000000000000000000e-01
1.731700000000001793e+01,5.000000000000000000e-01
1.731800000000001560e+01,5.000000000000000000e-01
1.731900000000001683e+01,5.000000000000000000e-01
1.732000000000001805e+01,5.000000000000000000e-01
1.732100000000001572e+01,5.000000000000000000e-01
1.732200000000001694e+01,5.000000000000000000e-01
1.732300000000001816e+01,5.000000000000000000e-01
1.732400000000001583e+01,5.000000000000000000e-01
1.732500000000001705e+01,5.000000000000000000e-01
1.732600000000001828e+01,5.000000000000000000e-01
1.732700000000001594e+01,5.000000000000000000e-01
1.732800000000001717e+01,5.000000000000000000e-01
1.732900000000001839e+01,5.000000000000000000e-01
1.733000000000001606e+01,5.000000000000000000e-01
1.733100000000001728e+01,5.000000000000000000e-01
1.733200000000001850e+01,5.000000000000000000e-01
1.733300000000001617e+01,5.000000000000000000e-01
1.733400000000001739e+01,5.000000000000000000e-01
1.733500000000001862e+01,5.000000000000000000e-01
1.733600000000001629e+01,5.000000000000000000e-01
1.733700000000001751e+01,5.000000000000000000e-01
1.733800000000001873e+01,5.000000000000000000e-01
1.733900000000001640e+01,5.000000000000000000e-01
1.734000000000001762e+01,5.000000000000000000e-01
1.734100000000001529e+01,5.000000000000000000e-01
1.734200000000001651e+01,5.000000000000000000e-01
1.734300000000001774e+01,5.000000000000000000e-01
1.734400000000001540e+01,5.000000000000000000e-01
1.734500000000001663e+01,5.000000000000000000e-01
1.734600000000001785e+01,5.000000000000000000e-01
1.734700000000001552e+01,5.000000000000000000e-01
1.734800000000001674e+01,5.000000000000000000e-01
1.734900000000001796e+01,5.000000000000000000e-01
1.735000000000001563e+01,5.000000000000000000e-01
1.735100000000001685e+01,5.000000000000000000e-01
1.735200000000001808e+01,5.000000000000000000e-01
1.735300000000001575e+01,5.000000000000000000e-01
1.735400000000001697e+01,5.000000000000000000e-01
1.735500000000001819e+01,5.000000000000000000e-01
1.735600000000001586e+01,5.000000000000000000e-01
1.735700000000001708e+01,5.000000000000000000e-01
1.735800000000001830e+01,5.000000000000000000e-01
1.735900000000001597e+01,5.000000000000000000e-01
1.736000000000001720e+01,5.000000000000000000e-01
1.736100000000001842e+01,5.000000000000000000e-01
1.736200000000001609e+01,5.000000000000000000e-01
1.736300000000001731e+01,5.000000000000000000e-01
1.736400000000001853e+01,5.000000000000000000e-01
1.736500000000001620e+01,5.000000000000000000e-01
1.736600000000001742e+01,5.000000000000000000e-01
1.736700000000001864e+01,5.000000000000000000e-01
1.736800000000001631e+01,5.000000000000000000e-01
1.736900000000001754e+01,5.000000000000000000e-01
1.737000000000001876e+01,5.000000000000000000e-01
1.737100000000001643e+01,5.000000000000000000e-01
1.737200000000001765e+01,5.000000000000000000e-01
1.737300000000001887e+01,5.000000000000000000e-01
1.737400000000001654e+01,5.000000000000000000e-01
1.737500000000001776e+01,5.000000000000000000e-01
1.737600000000001543e+01,5.000000000000000000e-01
1.737700000000001666e+01,5.000000000000000000e-01
1.737800000000001788e+01,5.000000000000000000e-01
1.737900000000001555e+01,5.000000000000000000e-01
1.738000000000001677e+01,5.000000000000000000e-01
1.738100000000001799e+01,5.000000000000000000e-01
1.738200000000001566e+01,5.000000000000000000e-01
1.738300000000001688e+01,5.000000000000000000e-01
1.738400000000001810e+01,5.000000000000000000e-01
1.738500000000001577e+01,5.000000000000000000e-01
1.738600000000001700e+01,5.000000000000000000e-01
1.738700000000001822e+01,5.000000000000000000e-01
1.738800000000001589e+01,5.000000000000000000e-01
1.738900000000001711e+01,5.000000000000000000e-01
1.739000000000001833e+01,5.000000000000000000e-01
1.739100000000001600e+01,5.000000000000000000e-01
1.739200000000001722e+01,5.000000000000000000e-01
1.739300000000001845e+01,5.000000000000000000e-01
1.739400000000001612e+01,5.000000000000000000e-01
1.739500000000001734e+01,5.000000000000000000e-01
1.739600000000001856e+01,5.000000000000000000e-01
1.739700000000001623e+01,5.000000000000000000e-01
1.739800000000001745e+01,5.000000000000000000e-01
1.739900000000001867e+01,5.000000000000000000e-01
1.740000000000001634e+01,5.000000000000000000e-01
1.740100000000001756e+01,5.000000000000000000e-01
1.740200000000001879e+01,5.000000000000000000e-01
1.740300000000001646e+01,5.000000000000000000e-01
1.740400000000001768e+01,5.000000000000000000e-01
1.740500000000001535e+01,5.000000000000000000e-01
1.740600000000001657e+01,5.000000000000000000e-01
1.740700000000001779e+01,5.000000000000000000e-01
1.740800000000001546e+01,5.000000000000000000e-01
1.740900000000001668e+01,5.000000000000000000e-01
1.741000000000001791e+01,5.000000000000000000e-01
1.741100000000001558e+01,5.000000000000000000e-01
1.741200000000001680e+01,5.000000000000000000e-01
1.741300000000001802e+01,5.000000000000000000e-01
1.741400000000001569e+01,5.000000000000000000e-01
1.741500000000001691e+01,5.000000000000000000e-01
1.741600000000001813e+01,5.000000000000000000e-01
1.741700000000001580e+01,5.000000000000000000e-01
1.741800000000001702e+01,5.000000000000000000e-01
1.741900000000001825e+01,5.000000000000000000e-01
1.742000000000001592e+01,5.000000000000000000e-01
1.742100000000001714e+01,5.000000000000000000e-01
1.742200000000001836e+01,5.000000000000000000e-01
1.742300000000001603e+01,5.000000000000000000e-01
1.742400000000001725e+01,5.000000000000000000e-01
1.742500000000001847e+01,5.000000000000000000e-01
1.742600000000001614e+01,5.000000000000000000e-01
1.742700000000001737e+01,5.000000000000000000e-01
1.742800000000001859e+01,5.000000000000000000e-01
1.742900000000001626e+01,5.000000000000000000e-01
1.743000000000001748e+01,5.000000000000000000e-01
1.743100000000001870e+01,5.000000000000000000e-01
1.743200000000001637e+01,5.000000000000000000e-01
1.743300000000001759e+01,5.000000000000000000e-01
1.743400000000001882e+01,5.000000000000000000e-01
1.743500000000001648e+01,5.000000000000000000e-01
1.743600000000001771e+01,5.000000000000000000e-01
1.743700000000001893e+01,5.000000000000000000e-01
1.743800000000001660e+01,5.000000000000000000e-01
1.743900000000001782e+01,5.000000000000000000e-01
1.744000000000001549e+01,5.000000000000000000e-01
1.744100000000001671e+01,5.000000000000000000e-01
1.744200000000001793e+01,5.000000000000000000e-01
1.744300000000001560e+01,5.000000000000000000e-01
1.744400000000001683e+01,5.000000000000000000e-01
1.744500000000001805e+01,5.000000000000000000e-01
1.744600000000001572e+01,5.000000000000000000e-01
1.744700000000001694e+01,5.000000000000000000e-01
1.744800000000001816e+01,5.000000000000000000e-01
1.744900000000001583e+01,5.000000000000000000e-01
1.745000000000001705e+01,5.000000000000000000e-01
1.745100000000001828e+01,5.000000000000000000e-01
1.745200000000001594e+01,5.000000000000000000e-01
1.745300000000001717e+01,5.000000000000000000e-01
1.745400000000001839e+01,5.000000000000000000e-01
1.745500000000001606e+01,5.000000000000000000e-01
1.745600000000001728e+01,5.000000000000000000e-01
1.745700000000001850e+01,5.000000000000000000e-01
1.745800000000001617e+01,5.000000000000000000e-01
1.745900000000001739e+01,5.000000000000000000e-01
1.746000000000001862e+01,5.000000000000000000e-01
1.746100000000001629e+01,5.000000000000000000e-01
1.746200000000001751e+01,5.000000000000000000e-01
1.746300000000001873e+01,5.000000000000000000e-01
1.746400000000001640e+01,5.000000000000000000e-01
1.746500000000001762e+01,5.000000000000000000e-01
1.746600000000001884e+01,5.000000000000000000e-01
1.746700000000001651e+01,5.000000000000000000e-01
1.746800000000001774e+01,5.000000000000000000e-01
1.746900000000001540e+01,5.000000000000000000e-01
1.747000000000001663e+01,5.000000000000000000e-01
1.747100000000001785e+01,5.000000000000000000e-01
1.747200000000001552e+01,5.000000000000000000e-01
1.747300000000001674e+01,5.000000000000000000e-01
1.747400000000001796e+01,5.000000000000000000e-01
1.747500000000001563e+01,5.000000000000000000e-01
1.747600000000001685e+01,5.000000000000000000e-01
1.747700000000001808e+01,5.000000000000000000e-01
1.747800000000001575e+01,5.000000000000000000e-01
1.747900000000001697e+01,5.000000000000000000e-01
1.748000000000001819e+01,5.000000000000000000e-01
1.748100000000001586e+01,5.000000000000000000e-01
1.748200000000001708e+01,5.000000000000000000e-01
1.748300000000001830e+01,5.000000000000000000e-01
1.748400000000001597e+01,5.000000000000000000e-01
1.748500000000001720e+01,5.000000000000000000e-01
1.748600000000001842e+01,5.000000000000000000e-01
1.748700000000001609e+01,5.000000000000000000e-01
1.748800000000001731e+01,5.000000000000000000e-01
1.748900000000001853e+01,5.000000000000000000e-01
1.749000000000001620e+01,5.000000000000000000e-01
1.749100000000001742e+01,5.000000000000000000e-01
1.749200000000001864e+01,5.000000000000000000e-01
1.749300000000001631e+01,5.000000000000000000e-01
1.749400000000001754e+01,5.000000000000000000e-01
1.749500000000001876e+01,5.000000000000000000e-01
1.749600000000001643e+01,5.000000000000000000e-01
1.749700000000001765e+01,5.000000000000000000e-01
1.749800000000001887e+01,5.000000000000000000e-01
1.749900000000001654e+01,5.000000000000000000e-01
1.750000000000001776e+01,5.000000000000000000e-01
1.750100000000001899e+01,5.000000000000000000e-01
1.750200000000001666e+01,5.000000000000000000e-01
1.750300000000001788e+01,5.000000000000000000e-01
1.750400000000001555e+01,5.000000000000000000e-01
1.750500000000001677e+01,5.000000000000000000e-01
1.750600000000001799e+01,5.000000000000000000e-01
1.750700000000001566e+01,5.000000000000000000e-01
1.750800000000001688e+01,5.000000000000000000e-01
1.750900000000001810e+01,5.000000000000000000e-01
1.751000000000001577e+01,5.000000000000000000e-01
1.751100000000001700e+01,5.000000000000000000e-01
1.751200000000001822e+01,5.000000000000000000e-01
1.751300000000001589e+01,5.000000000000000000e-01
1.751400000000001711e+01,5.000000000000000000e-01
1.751500000000001833e+01,5.000000000000000000e-01
1.751600000000001600e+01,5.000000000000000000e-01
1.751700000000001722e+01,5.000000000000000000e-01
1.751800000000001845e+01,5.000000000000000000e-01
1.751900000000001612e+01,5.000000000000000000e-01
1.752000000000001734e+01,5.000000000000000000e-01
1.752100000000001856e+01,5.000000000000000000e-01
1.752200000000001623e+01,5.000000000000000000e-01
1.752300000000001745e+01,5.000000000000000000e-01
1.752400000000001867e+01,5.000000000000000000e-01
1.752500000000001634e+01,5.000000000000000000e-01
1.752600000000001756e+01,5.000000000000000000e-01
1.752700000000001879e+01,5.000000000000000000e-01
1.752800000000001646e+01,5.000000000000000000e-01
1.752900000000001768e+01,5.000000000000000000e-01
1.753000000000001890e+01,5.000000000000000000e-01
1.753100000000001657e+01,5.000000000000000000e-01
1.753200000000001779e+01,5.000000000000000000e-01
1.753300000000001546e+01,5.000000000000000000e-01
1.753400000000001668e+01,5.000000000000000000e-01
1.753500000000001791e+01,5.000000000000000000e-01
1.753600000000001558e+01,5.000000000000000000e-01
1.753700000000001680e+01,5.000000000000000000e-01
1.753800000000001802e+01,5.000000000000000000e-01
1.753900000000001569e+01,5.000000000000000000e-01
1.754000000000001691e+01,5.000000000000000000e-01
1.754100000000001813e+01,5.000000000000000000e-01
1.754200000000001580e+01,5.000000000000000000e-01
1.754300000000001702e+01,5.000000000000000000e-01
1.754400000000001825e+01,5.000000000000000000e-01
1.754500000000001592e+01,5.000000000000000000e-01
1.754600000000001714e+01,5.000000000000000000e-01
1.754700000000001836e+01,5.000000000000000000e-01
1.754800000000001603e+01,5.000000000000000000e-01
1.754900000000001725e+01,5.000000000000000000e-01
1.755000000000001847e+01,5.000000000000000000e-01
1.755100000000001614e+01,5.000000000000000000e-01
1.755200000000001737e+01,5.000000000000000000e-01
1.755300000000001859e+01,5.000000000000000000e-01
1.755400000000001626e+01,5.000000000000000000e-01
1.755500000000001748e+01,5.000000000000000000e-01
1.755600000000001870e+01,5.000000000000000000e-01
1.755700000000001637e+01,5.000000000000000000e-01
1.755800000000001759e+01,5.000000000000000000e-01
1.755900000000001882e+01,5.000000000000000000e-01
1.756000000000001648e+01,5.000000000000000000e-01
1.756100000000001771e+01,5.000000000000000000e-01
1.756200000000001893e+01,5.000000000000000000e-01
1.756300000000001660e+01,5.000000000000000000e-01
1.756400000000001782e+01,5.000000000000000000e-01
1.756500000000001904e+01,5.000000000000000000e-01
1.756600000000001671e+01,5.000000000000000000e-01
1.756700000000001793e+01,5.000000000000000000e-01
1.756800000000001560e+01,5.000000000000000000e-01
1.756900000000001683e+01,5.000000000000000000e-01
1.757000000000001805e+01,5.000000000000000000e-01
1.757100000000001572e+01,5.000000000000000000e-01
1.757200000000001694e+01,5.000000000000000000e-01
1.757300000000001816e+01,5.000000000000000000e-01
1.757400000000001583e+01,5.000000000000000000e-01
1.757500000000001705e+01,5.000000000000000000e-01
1.757600000000001828e+01,5.000000000000000000e-01
1.757700000000001594e+01,5.000000000000000000e-01
1.757800000000001717e+01,5.000000000000000000e-01
1.757900000000001839e+01,5.000000000000000000e-01
1.758000000000001606e+01,5.000000000000000000e-01
1.758100000000001728e+01,5.000000000000000000e-01
1.758200000000001850e+01,5.000000000000000000e-01
1.758300000000001617e+01,5.000000000000000000e-01
1.758400000000001739e+01,5.000000000000000000e-01
1.758500000000001862e+01,5.000000000000000000e-01
1.758600000000001629e+01,5.000000000000000000e-01
1.758700000000001751e+01,5.000000000000000000e-01
1.758800000000001873e+01,5.000000000000000000e-01
1.758900000000001640e+01,5.000000000000000000e-01
1.759000000000001762e+01,5.000000000000000000e-01
1.759100000000001884e+01,5.000000000000000000e-01
1.759200000000001651e+01,5.000000000000000000e-01
1.759300000000001774e+01,5.000000000000000000e-01
1.759400000000001896e+01,5.000000000000000000e-01
1.759500000000001663e+01,5.000000000000000000e-01
1.759600000000001785e+01,5.000000000000000000e-01
1.759700000000001552e+01,5.000000000000000000e-01
1.759800000000001674e+01,5.000000000000000000e-01
1.759900000000001796e+01,5.000000000000000000e-01
1.760000000000001563e+01,5.000000000000000000e-01
1.760100000000001685e+01,5.000000000000000000e-01
1.760200000000001808e+01,5.000000000000000000e-01
1.760300000000001575e+01,5.000000000000000000e-01
1.760400000000001697e+01,5.000000000000000000e-01
1.760500000000001819e+01,5.000000000000000000e-01
1.760600000000001586e+01,5.000000000000000000e-01
1.760700000000001708e+01,5.000000000000000000e-01
1.760800000000001830e+01,5.000000000000000000e-01
1.760900000000001597e+01,5.000000000000000000e-01
1.761000000000001720e+01,5.000000000000000000e-01
1.761100000000001842e+01,5.000000000000000000e-01
1.761200000000001609e+01,5.000000000000000000e-01
1.761300000000001731e+01,5.000000000000000000e-01
1.761400000000001853e+01,5.000000000000000000e-01
1.761500000000001620e+01,5.000000000000000000e-01
1.761600000000001742e+01,5.000000000000000000e-01
1.761700000000001864e+01,5.000000000000000000e-01
1.761800000000001631e+01,5.000000000000000000e-01
1.761900000000001754e+01,5.000000000000000000e-01
1.762000000000001876e+01,5.000000000000000000e-01
1.762100000000001643e+01,5.000000000000000000e-01
1.762200000000001765e+01,5.000000000000000000e-01
1.762300000000001887e+01,5.000000000000000000e-01
1.762400000000001654e+01,5.000000000000000000e-01
1.762500000000001776e+01,5.000000000000000000e-01
1.762600000000001899e+01,5.000000000000000000e-01
1.762700000000001666e+01,5.000000000000000000e-01
1.762800000000001788e+01,5.000000000000000000e-01
1.762900000000001910e+01,5.000000000000000000e-01
1.763000000000001677e+01,5.000000000000000000e-01
1.763100000000001799e+01,5.000000000000000000e-01
1.763200000000001566e+01,5.000000000000000000e-01
1.763300000000001688e+01,5.000000000000000000e-01
1.763400000000001810e+01,5.000000000000000000e-01
1.763500000000001577e+01,5.000000000000000000e-01
1.763600000000001700e+01,5.000000000000000000e-01
1.763700000000001822e+01,5.000000000000000000e-01
1.763800000000001589e+01,5.000000000000000000e-01
1.763900000000001711e+01,5.000000000000000000e-01
1.764000000000001833e+01,5.000000000000000000e-01
1.764100000000001600e+01,5.000000000000000000e-01
1.764200000000001722e+01,5.000000000000000000e-01
1.764300000000001845e+01,5.000000000000000000e-01
1.764400000000001612e+01,5.000000000000000000e-01
1.764500000000001734e+01,5.000000000000000000e-01
1.764600000000001856e+01,5.000000000000000000e-01
1.764700000000001623e+01,5.000000000000000000e-01
1.764800000000001745e+01,5.000000000000000000e-01
1.764900000000001867e+01,5.000000000000000000e-01
1.765000000000001634e+01,5.000000000000000000e-01
1.765100000000001756e+01,5.000000000000000000e-01
1.765200000000001879e+01,5.000000000000000000e-01
1.765300000000001646e+01,5.000000000000000000e-01
1.765400000000001768e+01,5.000000000000000000e-01
1.765500000000001890e+01,5.000000000000000000e-01
1.765600000000001657e+01,5.000000000000000000e-01
1.765700000000001779e+01,5.000000000000000000e-01
1.765800000000001901e+01,5.000000000000000000e-01
1.765900000000001668e+01,5.000000000000000000e-01
1.766000000000001791e+01,5.000000000000000000e-01
1.766100000000001558e+01,5.000000000000000000e-01
1.766200000000001680e+01,5.000000000000000000e-01
1.766300000000001802e+01,5.000000000000000000e-01
1.766400000000001569e+01,5.000000000000000000e-01
1.766500000000001691e+01,5.000000000000000000e-01
1.766600000000001813e+01,5.000000000000000000e-01
1.766700000000001580e+01,5.000000000000000000e-01
1.766800000000001702e+01,5.000000000000000000e-01
1.766900000000001825e+01,5.000000000000000000e-01
1.767000000000001592e+01,5.000000000000000000e-01
1.767100000000001714e+01,5.000000000000000000e-01
1.767200000000001836e+01,5.000000000000000000e-01
1.767300000000001603e+01,5.000000000000000000e-01
1.767400000000001725e+01,5.000000000000000000e-01
1.767500000000001847e+01,5.000000000000000000e-01
1.767600000000001614e+01,5.000000000000000000e-01
1.767700000000001737e+01,5.000000000000000000e-01
1.767800000000001859e+01,5.000000000000000000e-01
1.767900000000001626e+01,5.000000000000000000e-01
1.768000000000001748e+01,5.000000000000000000e-01
1.768100000000001870e+01,5.000000000000000000e-01
1.768200000000001637e+01,5.000000000000000000e-01
1.768300000000001759e+01,5.000000000000000000e-01
1.768400000000001882e+01,5.000000000000000000e-01
1.768500000000001648e+01,5.000000000000000000e-01
1.768600000000001771e+01,5.000000000000000000e-01
1.768700000000001893e+01,5.000000000000000000e-01
1.768800000000001660e+01,5.000000000000000000e-01
1.768900000000001782e+01,5.000000000000000000e-01
1.769000000000001904e+01,5.000000000000000000e-01
1.769100000000001671e+01,5.000000000000000000e-01
1.769200000000001793e+01,5.000000000000000000e-01
1.769300000000001916e+01,5.000000000000000000e-01
1.769400000000001683e+01,5.000000000000000000e-01
1.769500000000001805e+01,5.000000000000000000e-01
1.769600000000001572e+01,5.000000000000000000e-01
1.769700000000001694e+01,5.000000000000000000e-01
1.769800000000001816e+01,5.000000000000000000e-01
1.769900000000001583e+01,5.000000000000000000e-01
1.770000000000001705e+01,5.000000000000000000e-01
1.770100000000001828e+01,5.000000000000000000e-01
1.770200000000001594e+01,5.000000000000000000e-01
1.770300000000001717e+01,5.000000000000000000e-01
1.770400000000001839e+01,5.000000000000000000e-01
1.770500000000001606e+01,5.000000000000000000e-01
1.770600000000001728e+01,5.000000000000000000e-01
1.770700000000001850e+01,5.000000000000000000e-01
1.770800000000001617e+01,5.000000000000000000e-01
1.770900000000001739e+01,5.000000000000000000e-01
1.771000000000001862e+01,5.000000000000000000e-01
1.771100000000001629e+01,5.000000000000000000e-01
1.771200000000001751e+01,5.000000000000000000e-01
1.771300000000001873e+01,5.000000000000000000e-01
1.771400000000001640e+01,5.000000000000000000e-01
1.771500000000001762e+01,5.000000000000000000e-01
1.771600000000001884e+01,5.000000000000000000e-01
1.771700000000001651e+01,5.000000000000000000e-01
1.771800000000001774e+01,5.000000000000000000e-01
1.771900000000001896e+01,5.000000000000000000e-01
1.772000000000001663e+01,5.000000000000000000e-01
1.772100000000001785e+01,5.000000000000000000e-01
1.772200000000001907e+01,5.000000000000000000e-01
1.772300000000001674e+01,5.000000000000000000e-01
1.772400000000001796e+01,5.000000000000000000e-01
1.772500000000001563e+01,5.000000000000000000e-01
1.772600000000001685e+01,5.000000000000000000e-01
1.772700000000001808e+01,5.000000000000000000e-01
1.772800000000001575e+01,5.000000000000000000e-01
1.772900000000001697e+01,5.000000000000000000e-01
1.773000000000001819e+01,5.000000000000000000e-01
1.773100000000001586e+01,5.000000000000000000e-01
1.773200000000001708e+01,5.000000000000000000e-01
1.773300000000001830e+01,5.000000000000000000e-01
1.773400000000001597e+01,5.000000000000000000e-01
1.773500000000001720e+01,5.000000000000000000e-01
1.773600000000001842e+01,5.000000000000000000e-01
1.773700000000001609e+01,5.000000000000000000e-01
1.773800000000001731e+01,5.000000000000000000e-01
1.773900000000001853e+01,5.000000000000000000e-01
1.774000000000001620e+01,5.000000000000000000e-01
1.774100000000001742e+01,5.000000000000000000e-01
1.774200000000001864e+01,5.000000000000000000e-01
1.774300000000001631e+01,5.000000000000000000e-01
1.774400000000001754e+01,5.000000000000000000e-01
1.774500000000001876e+01,5.000000000000000000e-01
1.774600000000001643e+01,5.000000000000000000e-01
1.774700000000001765e+01,5.000000000000000000e-01
1.774800000000001887e+01,5.000000000000000000e-01
1.774900000000001654e+01,5.000000000000000000e-01
1.775000000000001776e+01,5.000000000000000000e-01
1.775100000000001899e+01,5.000000000000000000e-01
1.775200000000001666e+01,5.000000000000000000e-01
1.775300000000001788e+01,5.000000000000000000e-01
1.775400000000001910e+01,5.000000000000000000e-01
1.775500000000001677e+01,5.000000000000000000e-01
1.775600000000001799e+01,5.000000000000000000e-01
1.775700000000001921e+01,5.000000000000000000e-01
1.775800000000001688e+01,5.000000000000000000e-01
1.775900000000001810e+01,5.000000000000000000e-01
1.776000000000001577e+01,5.000000000000000000e-01
1.776100000000001700e+01,5.000000000000000000e-01
1.776200000000001822e+01,5.000000000000000000e-01
1.776300000000001589e+01,5.000000000000000000e-01
1.776400000000001711e+01,5.000000000000000000e-01
1.776500000000001833e+01,5.000000000000000000e-01
1.776600000000001600e+01,5.000000000000000000e-01
1.776700000000001722e+01,5.000000000000000000e-01
1.776800000000001845e+01,5.000000000000000000e-01
1.776900000000001612e+01,5.000000000000000000e-01
1.777000000000001734e+01,5.000000000000000000e-01
1.777100000000001856e+01,5.000000000000000000e-01
1.777200000000001623e+01,5.000000000000000000e-01
1.777300000000001745e+01,5.000000000000000000e-01
1.777400000000001867e+01,5.000000000000000000e-01
1.777500000000001634e+01,5.000000000000000000e-01
1.777600000000001756e+01,5.000000000000000000e-01
1.777700000000001879e+01,5.000000000000000000e-01
1.777800000000001646e+01,5.000000000000000000e-01
1.777900000000001768e+01,5.000000000000000000e-01
1.778000000000001890e+01,5.000000000000000000e-01
1.778100000000001657e+01,5.000000000000000000e-01
1.778200000000001779e+01,5.000000000000000000e-01
1.778300000000001901e+01,5.000000000000000000e-01
1.778400000000001668e+01,5.000000000000000000e-01
1.778500000000001791e+01,5.000000000000000000e-01
1.778600000000001913e+01,5.000000000000000000e-01
1.778700000000001680e+01,5.000000000000000000e-01
1.778800000000001802e+01,5.000000000000000000e-01
1.778900000000001569e+01,5.000000000000000000e-01
1.779000000000001691e+01,5.000000000000000000e-01
1.779100000000001813e+01,5.000000000000000000e-01
1.779200000000001580e+01,5.000000000000000000e-01
1.779300000000001702e+01,5.000000000000000000e-01
1.779400000000001825e+01,5.000000000000000000e-01
1.779500000000001592e+01,5.000000000000000000e-01
1.779600000000001714e+01,5.000000000000000000e-01
1.779700000000001836e+01,5.000000000000000000e-01
1.779800000000001603e+01,5.000000000000000000e-01
1.779900000000001725e+01,5.000000000000000000e-01
1.780000000000001847e+01,5.000000000000000000e-01
1.780100000000001614e+01,5.000000000000000000e-01
1.780200000000001737e+01,5.000000000000000000e-01
1.780300000000001859e+01,5.000000000000000000e-01
1.780400000000001626e+01,5.000000000000000000e-01
1.780500000000001748e+01,5.000000000000000000e-01
1.780600000000001870e+01,5.000000000000000000e-01
1.780700000000001637e+01,5.000000000000000000e-01
1.780800000000001759e+01,5.000000000000000000e-01
1.780900000000001882e+01,5.000000000000000000e-01
1.781000000000001648e+01,5.000000000000000000e-01
1.781100000000001771e+01,5.000000000000000000e-01
1.781200000000001893e+01,5.000000000000000000e-01
1.781300000000001660e+01,5.000000000000000000e-01
1.781400000000001782e+01,5.000000000000000000e-01
1.781500000000001904e+01,5.000000000000000000e-01
1.781600000000001671e+01,5.000000000000000000e-01
1.781700000000001793e+01,5.000000000000000000e-01
1.781800000000001916e+01,5.000000000000000000e-01
1.781900000000001683e+01,5.000000000000000000e-01
1.782000000000001805e+01,5.000000000000000000e-01
1.782100000000001927e+01,5.000000000000000000e-01
1.782200000000001694e+01,5.000000000000000000e-01
1.782300000000001816e+01,5.000000000000000000e-01
1.782400000000001583e+01,5.000000000000000000e-01
1.782500000000001705e+01,5.000000000000000000e-01
1.782600000000001828e+01,5.000000000000000000e-01
1.782700000000001594e+01,5.000000000000000000e-01
1.782800000000001717e+01,5.000000000000000000e-01
1.782900000000001839e+01,5.000000000000000000e-01
1.783000000000001606e+01,5.000000000000000000e-01
1.783100000000001728e+01,5.000000000000000000e-01
1.783200000000001850e+01,5.000000000000000000e-01
1.783300000000001617e+01,5.000000000000000000e-01
1.783400000000001739e+01,5.000000000000000000e-01
1.783500000000001862e+01,5.000000000000000000e-01
1.783600000000001629e+01,5.000000000000000000e-01
1.783700000000001751e+01,5.000000000000000000e-01
1.783800000000001873e+01,5.000000000000000000e-01
1.783900000000001640e+01,5.000000000000000000e-01
1.784000000000001762e+01,5.000000000000000000e-01
1.784100000000001884e+01,5.000000000000000000e-01
1.784200000000001651e+01,5.000000000000000000e-01
1.784300000000001774e+01,5.000000000000000000e-01
1.784400000000001896e+01,5.000000000000000000e-01
1.784500000000001663e+01,5.000000000000000000e-01
1.784600000000001785e+01,5.000000000000000000e-01
1.784700000000001907e+01,5.000000000000000000e-01
1.784800000000001674e+01,5.000000000000000000e-01
1.784900000000001796e+01,5.000000000000000000e-01
1.785000000000001918e+01,5.000000000000000000e-01
1.785100000000001685e+01,5.000000000000000000e-01
1.785200000000001808e+01,5.000000000000000000e-01
1.785300000000001575e+01,5.000000000000000000e-01
1.785400000000001697e+01,5.000000000000000000e-01
1.785500000000001819e+01,5.000000000000000000e-01
1.785600000000001586e+01,5.000000000000000000e-01
1.785700000000001708e+01,5.000000000000000000e-01
1.785800000000001830e+01,5.000000000000000000e-01
1.785900000000001597e+01,5.000000000000000000e-01
1.786000000000001720e+01,5.000000000000000000e-01
1.786100000000001842e+01,5.000000000000000000e-01
1.786200000000001609e+01,5.000000000000000000e-01
1.786300000000001731e+01,5.000000000000000000e-01
1.786400000000001853e+01,5.000000000000000000e-01
1.786500000000001620e+01,5.000000000000000000e-01
1.786600000000001742e+01,5.000000000000000000e-01
1.786700000000001864e+01,5.000000000000000000e-01
1.786800000000001631e+01,5.000000000000000000e-01
1.786900000000001754e+01,5.000000000000000000e-01
1.787000000000001876e+01,5.000000000000000000e-01
1.787100000000001643e+01,5.000000000000000000e-01
1.787200000000001765e+01,5.000000000000000000e-01
1.787300000000001887e+01,5.000000000000000000e-01
1.787400000000001654e+01,5.000000000000000000e-01
1.787500000000001776e+01,5.000000000000000000e-01
1.787600000000001899e+01,5.000000000000000000e-01
1.787700000000001666e+01,5.000000000000000000e-01
1.787800000000001788e+01,5.000000000000000000e-01
1.787900000000001910e+01,5.000000000000000000e-01
1.788000000000001677e+01,5.000000000000000000e-01
1.788100000000001799e+01,5.000000000000000000e-01
1.788200000000001921e+01,5.000000000000000000e-01
1.788300000000001688e+01,5.000000000000000000e-01
1.788400000000001810e+01,5.000000000000000000e-01
1.788500000000001933e+01,5.000000000000000000e-01
1.788600000000001700e+01,5.000000000000000000e-01
1.788700000000001822e+01,5.000000000000000000e-01
1.788800000000001589e+01,5.000000000000000000e-01
1.788900000000001711e+01,5.000000000000000000e-01
1.789000000000001833e+01,5.000000000000000000e-01
1.789100000000001600e+01,5.000000000000000000e-01
1.789200000000001722e+01,5.000000000000000000e-01
1.789300000000001845e+01,5.000000000000000000e-01
1.789400000000001612e+01,5.000000000000000000e-01
1.789500000000001734e+01,5.000000000000000000e-01
1.789600000000001856e+01,5.000000000000000000e-01
1.789700000000001623e+01,5.000000000000000000e-01
1.789800000000001745e+01,5.000000000000000000e-01
1.789900000000001867e+01,5.000000000000000000e-01
1.790000000000001634e+01,5.000000000000000000e-01
1.790100000000001756e+01,5.000000000000000000e-01
1.790200000000001879e+01,5.000000000000000000e-01
1.790300000000001646e+01,5.000000000000000000e-01
1.790400000000001768e+01,5.000000000000000000e-01
1.790500000000001890e+01,5.000000000000000000e-01
1.790600000000001657e+01,5.000000000000000000e-01
1.790700000000001779e+01,5.000000000000000000e-01
1.790800000000001901e+01,5.000000000000000000e-01
1.790900000000001668e+01,5.000000000000000000e-01
1.791000000000001791e+01,5.000000000000000000e-01
1.791100000000001913e+01,5.000000000000000000e-01
1.791200000000001680e+01,5.000000000000000000e-01
1.791300000000001802e+01,5.000000000000000000e-01
1.791400000000001924e+01,5.000000000000000000e-01
1.791500000000001691e+01,5.000000000000000000e-01
1.791600000000001813e+01,5.000000000000000000e-01
1.791700000000001580e+01,5.000000000000000000e-01
1.791800000000001702e+01,5.000000000000000000e-01
1.791900000000001825e+01,5.000000000000000000e-01
1.792000000000001592e+01,5.000000000000000000e-01
1.792100000000001714e+01,5.000000000000000000e-01
1.792200000000001836e+01,5.000000000000000000e-01
1.792300000000001603e+01,5.000000000000000000e-01
1.792400000000001725e+01,5.000000000000000000e-01
1.792500000000001847e+01,5.000000000000000000e-01
1.792600000000001614e+01,5.000000000000000000e-01
1.792700000000001737e+01,5.000000000000000000e-01
1.792800000000001859e+01,5.000000000000000000e-01
1.792900000000001626e+01,5.000000000000000000e-01
1.793000000000001748e+01,5.000000000000000000e-01
1.793100000000001870e+01,5.000000000000000000e-01
1.793200000000001637e+01,5.000000000000000000e-01
1.793300000000001759e+01,5.000000000000000000e-01
1.793400000000001882e+01,5.000000000000000000e-01
1.793500000000001648e+01,5.000000000000000000e-01
1.793600000000001771e+01,5.000000000000000000e-01
1.793700000000001893e+01,5.000000000000000000e-01
1.793800000000001660e+01,5.000000000000000000e-01
1.793900000000001782e+01,5.000000000000000000e-01
1.794000000000001904e+01,5.000000000000000000e-01
1.794100000000001671e+01,5.000000000000000000e-01
1.794200000000001793e+01,5.000000000000000000e-01
1.794300000000001916e+01,5.000000000000000000e-01
1.794400000000001683e+01,5.000000000000000000e-01
1.794500000000001805e+01,5.000000000000000000e-01
1.794600000000001927e+01,5.000000000000000000e-01
1.794700000000001694e+01,5.000000000000000000e-01
1.794800000000001816e+01,5.000000000000000000e-01
1.794900000000001938e+01,5.000000000000000000e-01
1.795000000000001705e+01,5.000000000000000000e-01
1.795100000000001828e+01,5.000000000000000000e-01
1.795200000000001594e+01,5.000000000000000000e-01
1.795300000000001717e+01,5.000000000000000000e-01
1.795400000000001839e+01,5.000000000000000000e-01
1.795500000000001606e+01,5.000000000000000000e-01
1.795600000000001728e+01,5.000000000000000000e-01
1.795700000000001850e+01,5.000000000000000000e-01
1.795800000000001617e+01,5.000000000000000000e-01
1.795900000000001739e+01,5.000000000000000000e-01
1.796000000000001862e+01,5.000000000000000000e-01
1.796100000000001629e+01,5.000000000000000000e-01
1.796200000000001751e+01,5.000000000000000000e-01
1.796300000000001873e+01,5.000000000000000000e-01
1.796400000000001640e+01,5.000000000000000000e-01
1.796500000000001762e+01,5.000000000000000000e-01
1.796600000000001884e+01,5.000000000000000000e-01
1.796700000000001651e+01,5.000000000000000000e-01
1.796800000000001774e+01,5.000000000000000000e-01
1.796900000000001896e+01,5.000000000000000000e-01
1.797000000000001663e+01,5.000000000000000000e-01
1.797100000000001785e+01,5.000000000000000000e-01
1.797200000000001907e+01,5.000000000000000000e-01
1.797300000000001674e+01,5.000000000000000000e-01
1.797400000000001796e+01,5.000000000000000000e-01
1.797500000000001918e+01,5.000000000000000000e-01
1.797600000000001685e+01,5.000000000000000000e-01
1.797700000000001808e+01,5.000000000000000000e-01
1.797800000000001930e+01,5.000000000000000000e-01
1.797900000000001697e+01,5.000000000000000000e-01
1.798000000000001819e+01,5.000000000000000000e-01
1.798100000000001586e+01,5.000000000000000000e-01
1.798200000000001708e+01,5.000000000000000000e-01
1.798300000000001830e+01,5.000000000000000000e-01
1.798400000000001597e+01,5.000000000000000000e-01
1.798500000000001720e+01,5.000000000000000000e-01
1.798600000000001842e+01,5.000000000000000000e-01
1.798700000000001609e+01,5.000000000000000000e-01
1.798800000000001731e+01,5.000000000000000000e-01
1.798900000000001853e+01,5.000000000000000000e-01
1.799000000000001620e+01,5.000000000000000000e-01
1.799100000000001742e+01,5.000000000000000000e-01
1.799200000000001864e+01,5.000000000000000000e-01
1.799300000000001631e+01,5.000000000000000000e-01
1.799400000000001754e+01,5.000000000000000000e-01
1.799500000000001876e+01,5.000000000000000000e-01
1.799600000000001643e+01,5.000000000000000000e-01
1.799700000000001765e+01,5.000000000000000000e-01
1.799800000000001887e+01,5.000000000000000000e-01
1.799900000000001654e+01,5.000000000000000000e-01
1.800000000000001776e+01,5.000000000000000000e-01
1.800100000000001899e+01,5.000000000000000000e-01
1.800200000000001666e+01,5.000000000000000000e-01
1.800300000000001788e+01,5.000000000000000000e-01
1.800400000000001910e+01,5.000000000000000000e-01
1.800500000000001677e+01,5.000000000000000000e-01
1.800600000000001799e+01,5.000000000000000000e-01
1.800700000000001921e+01,5.000000000000000000e-01
1.800800000000001688e+01,5.000000000000000000e-01
1.800900000000001810e+01,5.000000000000000000e-01
1.801000000000001933e+01,5.000000000000000000e-01
1.801100000000001700e+01,5.000000000000000000e-01
1.801200000000001822e+01,5.000000000000000000e-01
1.801300000000001944e+01,5.000000000000000000e-01
1.801400000000001711e+01,5.000000000000000000e-01
1.801500000000001833e+01,5.000000000000000000e-01
1.801600000000001600e+01,5.000000000000000000e-01
1.801700000000001722e+01,5.000000000000000000e-01
1.801800000000001845e+01,5.000000000000000000e-01
1.801900000000001612e+01,5.000000000000000000e-01
1.802000000000001734e+01,5.000000000000000000e-01
1.802100000000001856e+01,5.000000000000000000e-01
1.802200000000001623e+01,5.000000000000000000e-01
1.802300000000001745e+01,5.000000000000000000e-01
1.802400000000001867e+01,5.000000000000000000e-01
1.802500000000001634e+01,5.000000000000000000e-01
1.802600000000001756e+01,5.000000000000000000e-01
1.802700000000001879e+01,5.000000000000000000e-01
1.802800000000001646e+01,5.000000000000000000e-01
1.802900000000001768e+01,5.000000000000000000e-01
1.803000000000001890e+01,5.000000000000000000e-01
1.803100000000001657e+01,5.000000000000000000e-01
1.803200000000001779e+01,5.000000000000000000e-01
1.803300000000001901e+01,5.000000000000000000e-01
1.803400000000001668e+01,5.000000000000000000e-01
1.803500000000001791e+01,5.000000000000000000e-01
1.803600000000001913e+01,5.000000000000000000e-01
1.803700000000001680e+01,5.000000000000000000e-01
1.803800000000001802e+01,5.000000000000000000e-01
1.803900000000001924e+01,5.000000000000000000e-01
1.804000000000001691e+01,5.000000000000000000e-01
1.804100000000001813e+01,5.000000000000000000e-01
1.804200000000001936e+01,5.000000000000000000e-01
1.804300000000001702e+01,5.000000000000000000e-01
1.804400000000001825e+01,5.000000000000000000e-01
1.804500000000001592e+01,5.000000000000000000e-01
1.804600000000001714e+01,5.000000000000000000e-01
1.804700000000001836e+01,5.000000000000000000e-01
1.804800000000001603e+01,5.000000000000000000e-01
1.804900000000001725e+01,5.000000000000000000e-01
1.805000000000001847e+01,5.000000000000000000e-01
1.805100000000001614e+01,5.000000000000000000e-01
1.805200000000001737e+01,5.000000000000000000e-01
1.805300000000001859e+01,5.000000000000000000e-01
1.805400000000001626e+01,5.000000000000000000e-01
1.805500000000001748e+01,5.000000000000000000e-01
1.805600000000001870e+01,5.000000000000000000e-01
1.805700000000001637e+01,5.000000000000000000e-01
1.805800000000001759e+01,5.000000000000000000e-01
1.805900000000001882e+01,5.000000000000000000e-01
1.806000000000001648e+01,5.000000000000000000e-01
1.806100000000001771e+01,5.000000000000000000e-01
1.806200000000001893e+01,5.000000000000000000e-01
1.806300000000001660e+01,5.000000000000000000e-01
1.806400000000001782e+01,5.000000000000000000e-01
1.806500000000001904e+01,5.000000000000000000e-01
1.806600000000001671e+01,5.000000000000000000e-01
1.806700000000001793e+01,5.000000000000000000e-01
1.806800000000001916e+01,5.000000000000000000e-01
1.806900000000001683e+01,5.000000000000000000e-01
1.807000000000001805e+01,5.000000000000000000e-01
1.807100000000001927e+01,5.000000000000000000e-01
1.807200000000001694e+01,5.000000000000000000e-01
1.807300000000001816e+01,5.000000000000000000e-01
1.807400000000001938e+01,5.000000000000000000e-01
1.807500000000001705e+01,5.000000000000000000e-01
1.807600000000001828e+01,5.000000000000000000e-01
1.807700000000001950e+01,5.000000000000000000e-01
1.807800000000001717e+01,5.000000000000000000e-01
1.807900000000001839e+01,5.000000000000000000e-01
1.808000000000001606e+01,5.000000000000000000e-01
1.808100000000001728e+01,5.000000000000000000e-01
1.808200000000001850e+01,5.000000000000000000e-01
1.808300000000001617e+01,5.000000000000000000e-01
1.808400000000001739e+01,5.000000000000000000e-01
1.808500000000001862e+01,5.000000000000000000e-01
1.808600000000001629e+01,5.000000000000000000e-01
1.808700000000001751e+01,5.000000000000000000e-01
1.808800000000001873e+01,5.000000000000000000e-01
1.808900000000001640e+01,5.000000000000000000e-01
1.809000000000001762e+01,5.000000000000000000e-01
1.809100000000001884e+01,5.000000000000000000e-01
1.809200000000001651e+01,5.000000000000000000e-01
1.809300000000001774e+01,5.000000000000000000e-01
1.809400000000001896e+01,5.000000000000000000e-01
1.809500000000001663e+01,5.000000000000000000e-01
1.809600000000001785e+01,5.000000000000000000e-01
1.809700000000001907e+01,5.000000000000000000e-01
1.809800000000001674e+01,5.000000000000000000e-01
1.809900000000001796e+01,5.000000000000000000e-01
1.810000000000001918e+01,5.000000000000000000e-01
1.810100000000001685e+01,5.000000000000000000e-01
1.810200000000001808e+01,5.000000000000000000e-01
1.810300000000001930e+01,5.000000000000000000e-01
1.810400000000001697e+01,5.000000000000000000e-01
1.810500000000001819e+01,5.000000000000000000e-01
1.810600000000001941e+01,5.000000000000000000e-01
1.810700000000001708e+01,5.000000000000000000e-01
1.810800000000001830e+01,5.000000000000000000e-01
1.810900000000001597e+01,5.000000000000000000e-01
1.811000000000001720e+01,5.000000000000000000e-01
1.811100000000001842e+01,5.000000000000000000e-01
1.811200000000001609e+01,5.000000000000000000e-01
1.811300000000001731e+01,5.000000000000000000e-01
1.811400000000001853e+01,5.000000000000000000e-01
1.811500000000001620e+01,5.000000000000000000e-01
1.811600000000001742e+01,5.000000000000000000e-01
1.811700000000001864e+01,5.000000000000000000e-01
1.811800000000001631e+01,5.000000000000000000e-01
1.811900000000001754e+01,5.000000000000000000e-01
1.812000000000001876e+01,5.000000000000000000e-01
1.812100000000001643e+01,5.000000000000000000e-01
1.812200000000001765e+01,5.000000000000000000e-01
1.812300000000001887e+01,5.000000000000000000e-01
1.812400000000001654e+01,5.000000000000000000e-01
1.812500000000001776e+01,5.000000000000000000e-01
1.812600000000001899e+01,5.000000000000000000e-01
1.812700000000001666e+01,5.000000000000000000e-01
1.812800000000001788e+01,5.000000000000000000e-01
1.812900000000001910e+01,5.000000000000000000e-01
1.813000000000001677e+01,5.000000000000000000e-01
1.813100000000001799e+01,5.000000000000000000e-01
1.813200000000001921e+01,5.000000000000000000e-01
1.813300000000001688e+01,5.000000000000000000e-01
1.813400000000001810e+01,5.000000000000000000e-01
1.813500000000001933e+01,5.000000000000000000e-01
1.813600000000001700e+01,5.000000000000000000e-01
1.813700000000001822e+01,5.000000000000000000e-01
1.813800000000001944e+01,5.000000000000000000e-01
1.813900000000001711e+01,5.000000000000000000e-01
1.814000000000001833e+01,5.000000000000000000e-01
1.814100000000001955e+01,5.000000000000000000e-01
1.814200000000001722e+01,5.000000000000000000e-01
1.814300000000001845e+01,5.000000000000000000e-01
1.814400000000001612e+01,5.000000000000000000e-01
1.814500000000001734e+01,5.000000000000000000e-01
1.814600000000001856e+01,5.000000000000000000e-01
1.814700000000001623e+01,5.000000000000000000e-01
1.814800000000001745e+01,5.000000000000000000e-01
1.814900000000001867e+01,5.000000000000000000e-01
1.815000000000001634e+01,5.000000000000000000e-01
1.815100000000001756e+01,5.000000000000000000e-01
1.815200000000001879e+01,5.000000000000000000e-01
1.815300000000001646e+01,5.000000000000000000e-01
1.815400000000001768e+01,5.000000000000000000e-01
1.815500000000001890e+01,5.000000000000000000e-01
1.815600000000001657e+01,5.000000000000000000e-01
1.815700000000001779e+01,5.000000000000000000e-01
1.815800000000001901e+01,5.000000000000000000e-01
1.815900000000001668e+01,5.000000000000000000e-01
1.816000000000001791e+01,5.000000000000000000e-01
1.816100000000001913e+01,5.000000000000000000e-01
1.816200000000001680e+01,5.000000000000000000e-01
1.816300000000001802e+01,5.000000000000000000e-01
1.816400000000001924e+01,5.000000000000000000e-01
1.816500000000001691e+01,5.000000000000000000e-01
1.816600000000001813e+01,5.000000000000000000e-01
1.816700000000001936e+01,5.000000000000000000e-01
1.816800000000001702e+01,5.000000000000000000e-01
1.816900000000001825e+01,5.000000000000000000e-01
1.817000000000001947e+01,5.000000000000000000e-01
1.817100000000001714e+01,5.000000000000000000e-01
1.817200000000001836e+01,5.000000000000000000e-01
1.817300000000001603e+01,5.000000000000000000e-01
1.817400000000001725e+01,5.000000000000000000e-01
1.817500000000001847e+01,5.000000000000000000e-01
1.817600000000001614e+01,5.000000000000000000e-01
1.817700000000001737e+01,5.000000000000000000e-01
1.817800000000001859e+01,5.000000000000000000e-01
1.817900000000001626e+01,5.000000000000000000e-01
1.818000000000001748e+01,5.000000000000000000e-01
1.818100000000001870e+01,5.000000000000000000e-01
1.818200000000001637e+01,5.000000000000000000e-01
1.818300000000001759e+01,5.000000000000000000e-01
1.818400000000001882e+01,5.000000000000000000e-01
1.818500000000001648e+01,5.000000000000000000e-01
1.818600000000001771e+01,5.000000000000000000e-01
1.818700000000001893e+01,5.000000000000000000e-01
1.818800000000001660e+01,5.000000000000000000e-01
1.818900000000001782e+01,5.000000000000000000e-01
1.819000000000001904e+01,5.000000000000000000e-01
1.819100000000001671e+01,5.000000000000000000e-01
1.819200000000001793e+01,5.000000000000000000e-01
1.819300000000001916e+01,5.000000000000000000e-01
1.819400000000001683e+01,5.000000000000000000e-01
1.819500000000001805e+01,5.000000000000000000e-01
1.819600000000001927e+01,5.000000000000000000e-01
1.819700000000001694e+01,5.000000000000000000e-01
1.819800000000001816e+01,5.000000000000000000e-01
1.819900000000001938e+01,5.000000000000000000e-01
1.820000000000001705e+01,5.000000000000000000e-01
1.820100000000001828e+01,5.000000000000000000e-01
1.820200000000001950e+01,5.000000000000000000e-01
1.820300000000001717e+01,5.000000000000000000e-01
1.820400000000001839e+01,5.000000000000000000e-01
1.820500000000001961e+01,5.000000000000000000e-01
1.820600000000001728e+01,5.000000000000000000e-01
1.820700000000001850e+01,5.000000000000000000e-01
1.820800000000001617e+01,5.000000000000000000e-01
1.820900000000001739e+01,5.000000000000000000e-01
1.821000000000001862e+01,5.000000000000000000e-01
1.821100000000001629e+01,5.000000000000000000e-01
1.821200000000001751e+01,5.000000000000000000e-01
1.821300000000001873e+01,5.000000000000000000e-01
1.821400000000001640e+01,5.000000000000000000e-01
1.821500000000001762e+01,5.000000000000000000e-01
1.821600000000001884e+01,5.000000000000000000e-01
1.821700000000001651e+01,5.000000000000000000e-01
1.821800000000001774e+01,5.000000000000000000e-01
1.821900000000001896e+01,5.000000000000000000e-01
1.822000000000001663e+01,5.000000000000000000e-01
1.822100000000001785e+01,5.000000000000000000e-01
1.822200000000001907e+01,5.000000000000000000e-01
1.822300000000001674e+01,5.000000000000000000e-01
1.822400000000001796e+01,5.000000000000000000e-01
1.822500000000001918e+01,5.000000000000000000e-01
1.822600000000001685e+01,5.000000000000000000e-01
1.822700000000001808e+01,5.000000000000000000e-01
1.822800000000001930e+01,5.000000000000000000e-01
1.822900000000001697e+01,5.000000000000000000e-01
1.823000000000001819e+01,5.000000000000000000e-01
1.823100000000001941e+01,5.000000000000000000e-01
1.823200000000001708e+01,5.000000000000000000e-01
1.823300000000001830e+01,5.000000000000000000e-01
1.823400000000001953e+01,5.000000000000000000e-01
1.823500000000001720e+01,5.000000000000000000e-01
1.823600000000001842e+01,5.000000000000000000e-01
1.823700000000001609e+01,5.000000000000000000e-01
1.823800000000001731e+01,5.000000000000000000e-01
1.823900000000001853e+01,5.000000000000000000e-01
1.824000000000001620e+01,5.000000000000000000e-01
1.824100000000001742e+01,5.000000000000000000e-01
1.824200000000001864e+01,5.000000000000000000e-01
1.824300000000001631e+01,5.000000000000000000e-01
1.824400000000001754e+01,5.000000000000000000e-01
1.824500000000001876e+01,5.000000000000000000e-01
1.824600000000001643e+01,5.000000000000000000e-01
1.824700000000001765e+01,5.000000000000000000e-01
1.824800000000001887e+01,5.000000000000000000e-01
1.824900000000001654e+01,5.000000000000000000e-01
1.825000000000001776e+01,5.000000000000000000e-01
1.825100000000001899e+01,5.000000000000000000e-01
1.825200000000001666e+01,5.000000000000000000e-01
1.825300000000001788e+01,5.000000000000000000e-01
1.825400000000001910e+01,5.000000000000000000e-01
1.825500000000001677e+01,5.000000000000000000e-01
1.825600000000001799e+01,5.000000000000000000e-01
1.825700000000001921e+01,5.000000000000000000e-01
1.825800000000001688e+01,5.000000000000000000e-01
1.825900000000001810e+01,5.000000000000000000e-01
1.826000000000001933e+01,5.000000000000000000e-01
1.826100000000001700e+01,5.000000000000000000e-01
1.826200000000001822e+01,5.000000000000000000e-01
1.826300000000001944e+01,5.000000000000000000e-01
1.826400000000001711e+01,5.000000000000000000e-01
1.826500000000001833e+01,5.000000000000000000e-01
1.826600000000001955e+01,5.000000000000000000e-01
1.826700000000001722e+01,5.000000000000000000e-01
1.826800000000001845e+01,5.000000000000000000e-01
1.826900000000001967e+01,5.000000000000000000e-01
1.827000000000001734e+01,5.000000000000000000e-01
1.827100000000001856e+01,5.000000000000000000e-01
1.827200000000001623e+01,5.000000000000000000e-01
1.827300000000001745e+01,5.000000000000000000e-01
1.827400000000001867e+01,5.000000000000000000e-01
1.827500000000001634e+01,5.000000000000000000e-01
1.827600000000001756e+01,5.000000000000000000e-01
1.827700000000001879e+01,5.000000000000000000e-01
1.827800000000001646e+01,5.000000000000000000e-01
1.827900000000001768e+01,5.000000000000000000e-01
1.828000000000001890e+01,5.000000000000000000e-01
1.828100000000001657e+01,5.000000000000000000e-01
1.828200000000001779e+01,5.000000000000000000e-01
1.828300000000001901e+01,5.000000000000000000e-01
1.828400000000001668e+01,5.000000000000000000e-01
1.828500000000001791e+01,5.000000000000000000e-01
1.828600000000001913e+01,5.000000000000000000e-01
1.828700000000001680e+01,5.000000000000000000e-01
1.828800000000001802e+01,5.000000000000000000e-01
1.828900000000001924e+01,5.000000000000000000e-01
1.829000000000001691e+01,5.000000000000000000e-01
1.829100000000001813e+01,5.000000000000000000e-01
1.829200000000001936e+01,5.000000000000000000e-01
1.829300000000001702e+01,5.000000000000000000e-01
1.829400000000001825e+01,5.000000000000000000e-01
1.829500000000001947e+01,5.000000000000000000e-01
1.829600000000001714e+01,5.000000000000000000e-01
1.829700000000001836e+01,5.000000000000000000e-01
1.829800000000001958e+01,5.000000000000000000e-01
1.829900000000001725e+01,5.000000000000000000e-01
1.830000000000001847e+01,5.000000000000000000e-01
1.830100000000001614e+01,5.000000000000000000e-01
1.830200000000001737e+01,5.000000000000000000e-01
1.830300000000001859e+01,5.000000000000000000e-01
1.830400000000001626e+01,5.000000000000000000e-01
1.830500000000001748e+01,5.000000000000000000e-01
1.830600000000001870e+01,5.000000000000000000e-01
1.830700000000001637e+01,5.000000000000000000e-01
1.830800000000001759e+01,5.000000000000000000e-01
1.830900000000001882e+01,5.000000000000000000e-01
1.831000000000001648e+01,5.000000000000000000e-01
1.831100000000001771e+01,5.000000000000000000e-01
1.831200000000001893e+01,5.000000000000000000e-01
1.831300000000001660e+01,5.000000000000000000e-01
1.831400000000001782e+01,5.000000000000000000e-01
1.831500000000001904e+01,5.000000000000000000e-01
1.831600000000001671e+01,5.000000000000000000e-01
1.831700000000001793e+01,5.000000000000000000e-01
1.831800000000001916e+01,5.000000000000000000e-01
1.831900000000001683e+01,5.000000000000000000e-01
1.832000000000001805e+01,5.000000000000000000e-01
1.832100000000001927e+01,5.000000000000000000e-01
1.832200000000001694e+01,5.000000000000000000e-01
1.832300000000001816e+01,5.000000000000000000e-01
1.832400000000001938e+01,5.000000000000000000e-01
1.832500000000001705e+01,5.000000000000000000e-01
1.832600000000001828e+01,5.000000000000000000e-01
1.832700000000001950e+01,5.000000000000000000e-01
1.832800000000001717e+01,5.000000000000000000e-01
1.832900000000001839e+01,5.000000000000000000e-01
1.833000000000001961e+01,5.000000000000000000e-01
1.833100000000001728e+01,5.000000000000000000e-01
1.833200000000001850e+01,5.000000000000000000e-01
1.833300000000001972e+01,5.000000000000000000e-01
1.833400000000001739e+01,5.000000000000000000e-01
1.833500000000001862e+01,5.000000000000000000e-01
1.833600000000001629e+01,5.000000000000000000e-01
1.833700000000001751e+01,5.000000000000000000e-01
1.833800000000001873e+01,5.000000000000000000e-01
1.833900000000001640e+01,5.000000000000000000e-01
1.834000000000001762e+01,5.000000000000000000e-01
1.834100000000001884e+01,5.000000000000000000e-01
1.834200000000001651e+01,5.000000000000000000e-01
1.834300000000001774e+01,5.000000000000000000e-01
1.834400000000001896e+01,5.000000000000000000e-01
1.834500000000001663e+01,5.000000000000000000e-01
1.834600000000001785e+01,5.000000000000000000e-01
1.834700000000001907e+01,5.000000000000000000e-01
1.834800000000001674e+01,5.000000000000000000e-01
1.834900000000001796e+01,5.000000000000000000e-01
1.835000000000001918e+01,5.000000000000000000e-01
1.835100000000001685e+01,5.000000000000000000e-01
1.835200000000001808e+01,5.000000000000000000e-01
1.835300000000001930e+01,5.000000000000000000e-01
1.835400000000001697e+01,5.000000000000000000e-01
1.835500000000001819e+01,5.000000000000000000e-01
1.835600000000001941e+01,5.000000000000000000e-01
1.835700000000001708e+01,5.000000000000000000e-01
1.835800000000001830e+01,5.000000000000000000e-01
1.835900000000001953e+01,5.000000000000000000e-01
1.836000000000001720e+01,5.000000000000000000e-01
1.836100000000001842e+01,5.000000000000000000e-01
1.836200000000001964e+01,5.000000000000000000e-01
1.836300000000001731e+01,5.000000000000000000e-01
1.836400000000001853e+01,5.000000000000000000e-01
1.836500000000001620e+01,5.000000000000000000e-01
1.836600000000001742e+01,5.000000000000000000e-01
1.836700000000001864e+01,5.000000000000000000e-01
1.836800000000001631e+01,5.000000000000000000e-01
1.836900000000001754e+01,5.000000000000000000e-01
1.837000000000001876e+01,5.000000000000000000e-01
1.837100000000001643e+01,5.000000000000000000e-01
1.837200000000001765e+01,5.000000000000000000e-01
1.837300000000001887e+01,5.000000000000000000e-01
1.837400000000001654e+01,5.000000000000000000e-01
1.837500000000001776e+01,5.000000000000000000e-01
1.837600000000001899e+01,5.000000000000000000e-01
1.837700000000001666e+01,5.000000000000000000e-01
1.837800000000001788e+01,5.000000000000000000e-01
1.837900000000001910e+01,5.000000000000000000e-01
1.838000000000001677e+01,5.000000000000000000e-01
1.838100000000001799e+01,5.000000000000000000e-01
1.838200000000001921e+01,5.000000000000000000e-01
1.838300000000001688e+01,5.000000000000000000e-01
1.838400000000001810e+01,5.000000000000000000e-01
1.838500000000001933e+01,5.000000000000000000e-01
1.838600000000001700e+01,5.000000000000000000e-01
1.838700000000001822e+01,5.000000000000000000e-01
1.838800000000001944e+01,5.000000000000000000e-01
1.838900000000001711e+01,5.000000000000000000e-01
1.839000000000001833e+01,5.000000000000000000e-01
1.839100000000001955e+01,5.000000000000000000e-01
1.839200000000001722e+01,5.000000000000000000e-01
1.839300000000001845e+01,5.000000000000000000e-01
1.839400000000001967e+01,5.000000000000000000e-01
1.839500000000001734e+01,5.000000000000000000e-01
1.839600000000001856e+01,5.000000000000000000e-01
1.839700000000001978e+01,5.000000000000000000e-01
1.839800000000001745e+01,5.000000000000000000e-01
1.839900000000001867e+01,5.000000000000000000e-01
1.840000000000001634e+01,5.000000000000000000e-01
1.840100000000001756e+01,5.000000000000000000e-01
1.840200000000001879e+01,5.000000000000000000e-01
1.840300000000001646e+01,5.000000000000000000e-01
1.840400000000001768e+01,5.000000000000000000e-01
1.840500000000001890e+01,5.000000000000000000e-01
1.840600000000001657e+01,5.000000000000000000e-01
1.840700000000001779e+01,5.000000000000000000e-01
1.840800000000001901e+01,5.000000000000000000e-01
1.840900000000001668e+01,5.000000000000000000e-01
1.841000000000001791e+01,5.000000000000000000e-01
1.841100000000001913e+01,5.000000000000000000e-01
1.841200000000001680e+01,5.000000000000000000e-01
1.841300000000001802e+01,5.000000000000000000e-01
1.841400000000001924e+01,5.000000000000000000e-01
1.841500000000001691e+01,5.000000000000000000e-01
1.841600000000001813e+01,5.000000000000000000e-01
1.841700000000001936e+01,5.000000000000000000e-01
1.841800000000001702e+01,5.000000000000000000e-01
1.841900000000001825e+01,5.000000000000000000e-01
1.842000000000001947e+01,5.000000000000000000e-01
1.842100000000001714e+01,5.000000000000000000e-01
1.842200000000001836e+01,5.000000000000000000e-01
1.842300000000001958e+01,5.000000000000000000e-01
1.842400000000001725e+01,5.000000000000000000e-01
1.842500000000001847e+01,5.000000000000000000e-01
1.842600000000001970e+01,5.000000000000000000e-01
1.842700000000001737e+01,5.000000000000000000e-01
1.842800000000001859e+01,5.000000000000000000e-01
1.842900000000001626e+01,5.000000000000000000e-01
1.843000000000001748e+01,5.000000000000000000e-01
1.843100000000001870e+01,5.000000000000000000e-01
1.843200000000001637e+01,5.000000000000000000e-01
1.843300000000001759e+01,5.000000000000000000e-01
1.843400000000001882e+01,5.000000000000000000e-01
1.843500000000001648e+01,5.000000000000000000e-01
1.843600000000001771e+01,5.000000000000000000e-01
1.843700000000001893e+01,5.000000000000000000e-01
1.843800000000001660e+01,5.000000000000000000e-01
1.843900000000001782e+01,5.000000000000000000e-01
1.844000000000001904e+01,5.000000000000000000e-01
1.844100000000001671e+01,5.000000000000000000e-01
1.844200000000001793e+01,5.000000000000000000e-01
1.844300000000001916e+01,5.000000000000000000e-01
1.844400000000001683e+01,5.000000000000000000e-01
1.844500000000001805e+01,5.000000000000000000e-01
1.844600000000001927e+01,5.000000000000000000e-01
1.844700000000001694e+01,5.000000000000000000e-01
1.844800000000001816e+01,5.000000000000000000e-01
1.844900000000001938e+01,5.000000000000000000e-01
1.845000000000001705e+01,5.000000000000000000e-01
1.845100000000001828e+01,5.000000000000000000e-01
1.845200000000001950e+01,5.000000000000000000e-01
1.845300000000001717e+01,5.000000000000000000e-01
1.845400000000001839e+01,5.000000000000000000e-01
1.845500000000001961e+01,5.000000000000000000e-01
1.845600000000001728e+01,5.000000000000000000e-01
1.845700000000001850e+01,5.000000000000000000e-01
1.845800000000001972e+01,5.000000000000000000e-01
1.845900000000001739e+01,5.000000000000000000e-01
1.846000000000001862e+01,5.000000000000000000e-01
1.846100000000001984e+01,5.000000000000000000e-01
1.846200000000001751e+01,5.000000000000000000e-01
1.846300000000001873e+01,5.000000000000000000e-01
1.846400000000001640e+01,5.000000000000000000e-01
1.846500000000001762e+01,5.000000000000000000e-01
1.846600000000001884e+01,5.000000000000000000e-01
1.846700000000001651e+01,5.000000000000000000e-01
1.846800000000001774e+01,5.000000000000000000e-01
1.846900000000001896e+01,5.000000000000000000e-01
1.847000000000001663e+01,5.000000000000000000e-01
1.847100000000001785e+01,5.000000000000000000e-01
1.847200000000001907e+01,5.000000000000000000e-01
1.847300000000001674e+01,5.000000000000000000e-01
1.847400000000001796e+01,5.000000000000000000e-01
1.847500000000001918e+01,5.000000000000000000e-01
1.847600000000001685e+01,5.000000000000000000e-01
1.847700000000001808e+01,5.000000000000000000e-01
1.847800000000001930e+01,5.000000000000000000e-01
1.847900000000001697e+01,5.000000000000000000e-01
1.848000000000001819e+01,5.000000000000000000e-01
1.848100000000001941e+01,5.000000000000000000e-01
1.848200000000001708e+01,5.000000000000000000e-01
1.848300000000001830e+01,5.000000000000000000e-01
1.848400000000001953e+01,5.000000000000000000e-01
1.848500000000001720e+01,5.000000000000000000e-01
1.848600000000001842e+01,5.000000000000000000e-01
1.848700000000001964e+01,5.000000000000000000e-01
1.848800000000001731e+01,5.000000000000000000e-01
1.848900000000001853e+01,5.000000000000000000e-01
1.849000000000001975e+01,5.000000000000000000e-01
1.849100000000001742e+01,5.000000000000000000e-01
1.849200000000001864e+01,5.000000000000000000e-01
1.849300000000001631e+01,5.000000000000000000e-01
1.849400000000001754e+01,5.000000000000000000e-01
1.849500000000001876e+01,5.000000000000000000e-01
1.849600000000001643e+01,5.000000000000000000e-01
1.849700000000001765e+01,5.000000000000000000e-01
1.849800000000001887e+01,5.000000000000000000e-01
1.849900000000001654e+01,5.000000000000000000e-01
1.850000000000001776e+01,5.000000000000000000e-01
1.850100000000001899e+01,5.000000000000000000e-01
1.850200000000001666e+01,5.000000000000000000e-01
1.850300000000001788e+01,5.000000000000000000e-01
1.850400000000001910e+01,5.000000000000000000e-01
1.850500000000001677e+01,5.000000000000000000e-01
1.850600000000001799e+01,5.000000000000000000e-01
1.850700000000001921e+01,5.000000000000000000e-01
1.850800000000001688e+01,5.000000000000000000e-01
1.850900000000001810e+01,5.000000000000000000e-01
1.851000000000001933e+01,5.000000000000000000e-01
1.851100000000001700e+01,5.000000000000000000e-01
1.851200000000001822e+01,5.000000000000000000e-01
1.851300000000001944e+01,5.000000000000000000e-01
1.851400000000001711e+01,5.000000000000000000e-01
1.851500000000001833e+01,5.000000000000000000e-01
1.851600000000001955e+01,5.000000000000000000e-01
1.851700000000001722e+01,5.000000000000000000e-01
1.851800000000001845e+01,5.000000000000000000e-01
1.851900000000001967e+01,5.000000000000000000e-01
1.852000000000001734e+01,5.000000000000000000e-01
1.852100000000001856e+01,5.000000000000000000e-01
1.852200000000001978e+01,5.000000000000000000e-01
1.852300000000001745e+01,5.000000000000000000e-01
1.852400000000001867e+01,5.000000000000000000e-01
1.852500000000001990e+01,5.000000000000000000e-01
1.852600000000001756e+01,5.000000000000000000e-01
1.852700000000001879e+01,5.000000000000000000e-01
1.852800000000001646e+01,5.000000000000000000e-01
1.852900000000001768e+01,5.000000000000000000e-01
1.853000000000001890e+01,5.000000000000000000e-01
1.853100000000001657e+01,5.000000000000000000e-01
1.853200000000001779e+01,5.000000000000000000e-01
1.853300000000001901e+01,5.000000000000000000e-01
1.853400000000001668e+01,5.000000000000000000e-01
1.853500000000001791e+01,5.000000000000000000e-01
1.853600000000001913e+01,5.000000000000000000e-01
1.853700000000001680e+01,5.000000000000000000e-01
1.853800000000001802e+01,5.000000000000000000e-01
1.853900000000001924e+01,5.000000000000000000e-01
1.854000000000001691e+01,5.000000000000000000e-01
1.854100000000001813e+01,5.000000000000000000e-01
1.854200000000001936e+01,5.000000000000000000e-01
1.854300000000001702e+01,5.000000000000000000e-01
1.854400000000001825e+01,5.000000000000000000e-01
1.854500000000001947e+01,5.000000000000000000e-01
1.854600000000001714e+01,5.000000000000000000e-01
1.854700000000001836e+01,5.000000000000000000e-01
1.854800000000001958e+01,5.000000000000000000e-01
1.854900000000001725e+01,5.000000000000000000e-01
1.855000000000001847e+01,5.000000000000000000e-01
1.855100000000001970e+01,5.000000000000000000e-01
1.855200000000001737e+01,5.000000000000000000e-01
1.855300000000001859e+01,5.000000000000000000e-01
1.855400000000001981e+01,5.000000000000000000e-01
1.855500000000001748e+01,5.000000000000000000e-01
1.855600000000001870e+01,5.000000000000000000e-01
1.855700000000001637e+01,5.000000000000000000e-01
1.855800000000001759e+01,5.000000000000000000e-01
1.855900000000001882e+01,5.000000000000000000e-01
1.856000000000001648e+01,5.000000000000000000e-01
1.856100000000001771e+01,5.000000000000000000e-01
1.856200000000001893e+01,5.000000000000000000e-01
1.856300000000001660e+01,5.000000000000000000e-01
1.856400000000001782e+01,5.000000000000000000e-01
1.856500000000001904e+01,5.000000000000000000e-01
1.856600000000001671e+01,5.000000000000000000e-01
1.856700000000001793e+01,5.000000000000000000e-01
1.856800000000001916e+01,5.000000000000000000e-01
1.856900000000001683e+01,5.000000000000000000e-01
1.857000000000001805e+01,5.000000000000000000e-01
1.857100000000001927e+01,5.000000000000000000e-01
1.857200000000001694e+01,5.000000000000000000e-01
1.857300000000001816e+01,5.000000000000000000e-01
1.857400000000001938e+01,5.000000000000000000e-01
1.857500000000001705e+01,5.000000000000000000e-01
1.857600000000001828e+01,5.000000000000000000e-01
1.857700000000001950e+01,5.000000000000000000e-01
1.857800000000001717e+01,5.000000000000000000e-01
1.857900000000001839e+01,5.000000000000000000e-01
1.858000000000001961e+01,5.000000000000000000e-01
1.858100000000001728e+01,5.000000000000000000e-01
1.858200000000001850e+01,5.000000000000000000e-01
1.858300000000001972e+01,5.000000000000000000e-01
1.858400000000001739e+01,5.000000000000000000e-01
1.858500000000001862e+01,5.000000000000000000e-01
1.858600000000001984e+01,5.000000000000000000e-01
1.858700000000001751e+01,5.000000000000000000e-01
1.858800000000001873e+01,5.000000000000000000e-01
1.858900000000001995e+01,5.000000000000000000e-01
1.859000000000001762e+01,5.000000000000000000e-01
1.859100000000001884e+01,5.000000000000000000e-01
1.859200000000001651e+01,5.000000000000000000e-01
1.859300000000001774e+01,5.000000000000000000e-01
1.859400000000001896e+01,5.000000000000000000e-01
1.859500000000001663e+01,5.000000000000000000e-01
1.859600000000001785e+01,5.000000000000000000e-01
1.859700000000001907e+01,5.000000000000000000e-01
1.859800000000001674e+01,5.000000000000000000e-01
1.859900000000001796e+01,5.000000000000000000e-01
1.860000000000001918e+01,5.000000000000000000e-01
1.860100000000001685e+01,5.000000000000000000e-01
1.860200000000001808e+01,5.000000000000000000e-01
1.860300000000001930e+01,5.000000000000000000e-01
1.860400000000001697e+01,5.000000000000000000e-01
1.860500000000001819e+01,5.000000000000000000e-01
1.860600000000001941e+01,5.000000000000000000e-01
1.860700000000001708e+01,5.000000000000000000e-01
1.860800000000001830e+01,5.000000000000000000e-01
1.860900000000001953e+01,5.000000000000000000e-01
1.861000000000001720e+01,5.000000000000000000e-01
1.861100000000001842e+01,5.000000000000000000e-01
1.861200000000001964e+01,5.000000000000000000e-01
1.861300000000001731e+01,5.000000000000000000e-01
1.861400000000001853e+01,5.000000000000000000e-01
1.861500000000001975e+01,5.000000000000000000e-01
1.861600000000001742e+01,5.000000000000000000e-01
1.861700000000001864e+01,5.000000000000000000e-01
1.861800000000001987e+01,5.000000000000000000e-01
1.861900000000001754e+01,5.000000000000000000e-01
1.862000000000001876e+01,5.000000000000000000e-01
1.862100000000001643e+01,5.000000000000000000e-01
1.862200000000001765e+01,5.000000000000000000e-01
1.862300000000001887e+01,5.000000000000000000e-01
1.862400000000001654e+01,5.000000000000000000e-01
1.862500000000001776e+01,5.000000000000000000e-01
1.862600000000001899e+01,5.000000000000000000e-01
1.862700000000001666e+01,5.000000000000000000e-01
1.862800000000001788e+01,5.000000000000000000e-01
1.862900000000001910e+01,5.000000000000000000e-01
1.863000000000001677e+01,5.000000000000000000e-01
1.863100000000001799e+01,5.000000000000000000e-01
1.863200000000001921e+01,5.000000000000000000e-01
1.863300000000001688e+01,5.000000000000000000e-01
1.863400000000001810e+01,5.000000000000000000e-01
1.863500000000001933e+01,5.000000000000000000e-01
1.863600000000001700e+01,5.000000000000000000e-01
1.863700000000001822e+01,5.000000000000000000e-01
1.863800000000001944e+01,5.000000000000000000e-01
1.863900000000001711e+01,5.000000000000000000e-01
1.864000000000001833e+01,5.000000000000000000e-01
1.864100000000001955e+01,5.000000000000000000e-01
1.864200000000001722e+01,5.000000000000000000e-01
1.864300000000001845e+01,5.000000000000000000e-01
1.864400000000001967e+01,5.000000000000000000e-01
1.864500000000001734e+01,5.000000000000000000e-01
1.864600000000001856e+01,5.000000000000000000e-01
1.864700000000001978e+01,5.000000000000000000e-01
1.864800000000001745e+01,5.000000000000000000e-01
1.864900000000001867e+01,5.000000000000000000e-01
1.865000000000001990e+01,5.000000000000000000e-01
1.865100000000001756e+01,5.000000000000000000e-01
1.865200000000001879e+01,5.000000000000000000e-01
1.865300000000002001e+01,5.000000000000000000e-01
1.865400000000001768e+01,5.000000000000000000e-01
1.865500000000001890e+01,5.000000000000000000e-01
1.865600000000001657e+01,5.000000000000000000e-01
1.865700000000001779e+01,5.000000000000000000e-01
1.865800000000001901e+01,5.000000000000000000e-01
1.865900000000001668e+01,5.000000000000000000e-01
1.866000000000001791e+01,5.000000000000000000e-01
1.866100000000001913e+01,5.000000000000000000e-01
1.866200000000001680e+01,5.000000000000000000e-01
1.866300000000001802e+01,5.000000000000000000e-01
1.866400000000001924e+01,5.000000000000000000e-01
1.866500000000001691e+01,5.000000000000000000e-01
1.866600000000001813e+01,5.000000000000000000e-01
1.866700000000001936e+01,5.000000000000000000e-01
1.866800000000001702e+01,5.000000000000000000e-01
1.866900000000001825e+01,5.000000000000000000e-01
1.867000000000001947e+01,5.000000000000000000e-01
1.867100000000001714e+01,5.000000000000000000e-01
1.867200000000001836e+01,5.000000000000000000e-01
1.867300000000001958e+01,5.000000000000000000e-01
1.867400000000001725e+01,5.000000000000000000e-01
1.867500000000001847e+01,5.000000000000000000e-01
1.867600000000001970e+01,5.000000000000000000e-01
1.867700000000001737e+01,5.000000000000000000e-01
1.867800000000001859e+01,5.000000000000000000e-01
1.867900000000001981e+01,5.000000000000000000e-01
1.868000000000001748e+01,5.000000000000000000e-01
1.868100000000001870e+01,5.000000000000000000e-01
1.868200000000001992e+01,5.000000000000000000e-01
1.868300000000001759e+01,5.000000000000000000e-01
1.868400000000001882e+01,5.000000000000000000e-01
1.868500000000001648e+01,5.000000000000000000e-01
1.868600000000001771e+01,5.000000000000000000e-01
1.868700000000001893e+01,5.000000000000000000e-01
1.868800000000001660e+01,5.000000000000000000e-01
1.868900000000001782e+01,5.000000000000000000e-01
1.869000000000001904e+01,5.000000000000000000e-01
1.869100000000001671e+01,5.000000000000000000e-01
1.869200000000001793e+01,5.000000000000000000e-01
1.869300000000001916e+01,5.000000000000000000e-01
1.869400000000001683e+01,5.000000000000000000e-01
1.869500000000001805e+01,5.000000000000000000e-01
1.869600000000001927e+01,5.000000000000000000e-01
1.869700000000001694e+01,5.000000000000000000e-01
1.869800000000001816e+01,5.000000000000000000e-01
1.869900000000001938e+01,5.000000000000000000e-01
1.870000000000001705e+01,5.000000000000000000e-01
1.870100000000001828e+01,5.000000000000000000e-01
1.870200000000001950e+01,5.000000000000000000e-01
1.870300000000001717e+01,5.000000000000000000e-01
1.870400000000001839e+01,5.000000000000000000e-01
1.870500000000001961e+01,5.000000000000000000e-01
1.870600000000001728e+01,5.000000000000000000e-01
1.870700000000001850e+01,5.000000000000000000e-01
1.870800000000001972e+01,5.000000000000000000e-01
1.870900000000001739e+01,5.000000000000000000e-01
1.871000000000001862e+01,5.000000000000000000e-01
1.871100000000001984e+01,5.000000000000000000e-01
1.871200000000001751e+01,5.000000000000000000e-01
1.871300000000001873e+01,5.000000000000000000e-01
1.871400000000001995e+01,5.000000000000000000e-01
1.871500000000001762e+01,5.000000000000000000e-01
1.871600000000001884e+01,5.000000000000000000e-01
1.871700000000002007e+01,5.000000000000000000e-01
1.871800000000001774e+01,5.000000000000000000e-01
1.871900000000001896e+01,5.000000000000000000e-01
1.872000000000001663e+01,5.000000000000000000e-01
1.872100000000001785e+01,5.000000000000000000e-01
1.872200000000001907e+01,5.000000000000000000e-01
1.872300000000001674e+01,5.000000000000000000e-01
1.872400000000001796e+01,5.000000000000000000e-01
1.872500000000001918e+01,5.000000000000000000e-01
1.872600000000001685e+01,5.000000000000000000e-01
1.872700000000001808e+01,5.000000000000000000e-01
1.872800000000001930e+01,5.000000000000000000e-01
1.872900000000001697e+01,5.000000000000000000e-01
1.873000000000001819e+01,5.000000000000000000e-01
1.873100000000001941e+01,5.000000000000000000e-01
1.873200000000001708e+01,5.000000000000000000e-01
1.873300000000001830e+01,5.000000000000000000e-01
1.873400000000001953e+01,5.000000000000000000e-01
1.873500000000001720e+01,5.000000000000000000e-01
1.873600000000001842e+01,5.000000000000000000e-01
1.873700000000001964e+01,5.000000000000000000e-01
1.873800000000001731e+01,5.000000000000000000e-01
1.873900000000001853e+01,5.000000000000000000e-01
1.874000000000001975e+01,5.000000000000000000e-01
1.874100000000001742e+01,5.000000000000000000e-01
1.874200000000001864e+01,5.000000000000000000e-01
1.874300000000001987e+01,5.000000000000000000e-01
1.874400000000001754e+01,5.000000000000000000e-01
1.874500000000001876e+01,5.000000000000000000e-01
1.874600000000001998e+01,5.000000000000000000e-01
1.874700000000001765e+01,5.000000000000000000e-01
1.874800000000001887e+01,5.000000000000000000e-01
1.874900000000001654e+01,5.000000000000000000e-01
1.875000000000001776e+01,5.000000000000000000e-01
1.875100000000001899e+01,5.000000000000000000e-01
1.875200000000001666e+01,5.000000000000000000e-01
1.875300000000001788e+01,5.000000000000000000e-01
1.875400000000001910e+01,5.000000000000000000e-01
1.875500000000001677e+01,5.000000000000000000e-01
1.875600000000001799e+01,5.000000000000000000e-01
1.875700000000001921e+01,5.000000000000000000e-01
1.875800000000001688e+01,5.000000000000000000e-01
1.875900000000001810e+01,5.000000000000000000e-01
1.876000000000001933e+01,5.000000000000000000e-01
1.876100000000001700e+01,5.000000000000000000e-01
1.876200000000001822e+01,5.000000000000000000e-01
1.876300000000001944e+01,5.000000000000000000e-01
1.876400000000001711e+01,5.000000000000000000e-01
1.876500000000001833e+01,5.000000000000000000e-01
1.876600000000001955e+01,5.000000000000000000e-01
1.876700000000001722e+01,5.000000000000000000e-01
1.876800000000001845e+01,5.000000000000000000e-01
1.876900000000001967e+01,5.000000000000000000e-01
1.877000000000001734e+01,5.000000000000000000e-01
1.877100000000001856e+01,5.000000000000000000e-01
1.877200000000001978e+01,5.000000000000000000e-01
1.877300000000001745e+01,5.000000000000000000e-01
1.877400000000001867e+01,5.000000000000000000e-01
1.877500000000001990e+01,5.000000000000000000e-01
1.877600000000001756e+01,5.000000000000000000e-01
1.877700000000001879e+01,5.000000000000000000e-01
1.877800000000002001e+01,5.000000000000000000e-01
1.877900000000001768e+01,5.000000000000000000e-01
1.878000000000001890e+01,5.000000000000000000e-01
1.878100000000002012e+01,5.000000000000000000e-01
1.878200000000001779e+01,5.000000000000000000e-01
1.878300000000001901e+01,5.000000000000000000e-01
1.878400000000001668e+01,5.000000000000000000e-01
1.878500000000001791e+01,5.000000000000000000e-01
1.878600000000001913e+01,5.000000000000000000e-01
1.878700000000001680e+01,5.000000000000000000e-01
1.878800000000001802e+01,5.000000000000000000e-01
1.878900000000001924e+01,5.000000000000000000e-01
1.879000000000001691e+01,5.000000000000000000e-01
1.879100000000001813e+01,5.000000000000000000e-01
1.879200000000001936e+01,5.000000000000000000e-01
1.879300000000001702e+01,5.000000000000000000e-01
1.879400000000001825e+01,5.000000000000000000e-01
1.879500000000001947e+01,5.000000000000000000e-01
1.879600000000001714e+01,5.000000000000000000e-01
1.879700000000001836e+01,5.000000000000000000e-01
1.879800000000001958e+01,5.000000000000000000e-01
1.879900000000001725e+01,5.000000000000000000e-01
1.880000000000001847e+01,5.000000000000000000e-01
1.880100000000001970e+01,5.000000000000000000e-01
1.880200000000001737e+01,5.000000000000000000e-01
1.880300000000001859e+01,5.000000000000000000e-01
1.880400000000001981e+01,5.000000000000000000e-01
1.880500000000001748e+01,5.000000000000000000e-01
1.880600000000001870e+01,5.000000000000000000e-01
1.880700000000001992e+01,5.000000000000000000e-01
1.880800000000001759e+01,5.000000000000000000e-01
1.880900000000001882e+01,5.000000000000000000e-01
1.881000000000002004e+01,5.000000000000000000e-01
1.881100000000001771e+01,5.000000000000000000e-01
1.881200000000001893e+01,5.000000000000000000e-01
1.881300000000001660e+01,5.000000000000000000e-01
1.881400000000001782e+01,5.000000000000000000e-01
1.881500000000001904e+01,5.000000000000000000e-01
1.881600000000001671e+01,5.000000000000000000e-01
1.881700000000001793e+01,5.000000000000000000e-01
1.881800000000001916e+01,5.000000000000000000e-01
1.881900000000001683e+01,5.000000000000000000e-01
1.882000000000001805e+01,5.000000000000000000e-01
1.882100000000001927e+01,5.000000000000000000e-01
1.882200000000001694e+01,5.000000000000000000e-01
1.882300000000001816e+01,5.000000000000000000e-01
1.882400000000001938e+01,5.000000000000000000e-01
1.882500000000001705e+01,5.000000000000000000e-01
1.882600000000001828e+01,5.000000000000000000e-01
1.882700000000001950e+01,5.000000000000000000e-01
1.882800000000001717e+01,5.000000000000000000e-01
1.882900000000001839e+01,5.000000000000000000e-01
1.883000000000001961e+01,5.000000000000000000e-01
1.883100000000001728e+01,5.000000000000000000e-01
1.883200000000001850e+01,5.000000000000000000e-01
1.883300000000001972e+01,5.000000000000000000e-01
1.883400000000001739e+01,5.000000000000000000e-01
1.883500000000001862e+01,5.000000000000000000e-01
1.883600000000001984e+01,5.000000000000000000e-01
1.883700000000001751e+01,5.000000000000000000e-01
1.883800000000001873e+01,5.000000000000000000e-01
1.883900000000001995e+01,5.000000000000000000e-01
1.884000000000001762e+01,5.000000000000000000e-01
1.884100000000001884e+01,5.000000000000000000e-01
1.884200000000002007e+01,5.000000000000000000e-01
1.884300000000001774e+01,5.000000000000000000e-01
1.884400000000001896e+01,5.000000000000000000e-01
1.884500000000002018e+01,5.000000000000000000e-01
1.884600000000001785e+01,5.000000000000000000e-01
1.884700000000001907e+01,5.000000000000000000e-01
1.884800000000001674e+01,5.000000000000000000e-01
1.884900000000001796e+01,5.000000000000000000e-01
1.885000000000001918e+01,5.000000000000000000e-01
1.885100000000001685e+01,5.000000000000000000e-01
1.885200000000001808e+01,5.000000000000000000e-01
1.885300000000001930e+01,5.000000000000000000e-01
1.885400000000001697e+01,5.000000000000000000e-01
1.885500000000001819e+01,5.000000000000000000e-01
1.885600000000001941e+01,5.000000000000000000e-01
1.885700000000001708e+01,5.000000000000000000e-01
1.885800000000001830e+01,5.000000000000000000e-01
1.885900000000001953e+01,5.000000000000000000e-01
1.886000000000001720e+01,5.000000000000000000e-01
1.886100000000001842e+01,5.000000000000000000e-01
1.886200000000001964e+01,5.000000000000000000e-01
1.886300000000001731e+01,5.000000000000000000e-01
1.886400000000001853e+01,5.000000000000000000e-01
1.886500000000001975e+01,5.000000000000000000e-01
1.886600000000001742e+01,5.000000000000000000e-01
1.886700000000001864e+01,5.000000000000000000e-01
1.886800000000001987e+01,5.000000000000000000e-01
1.886900000000001754e+01,5.000000000000000000e-01
1.887000000000001876e+01,5.000000000000000000e-01
1.887100000000001998e+01,5.000000000000000000e-01
1.887200000000001765e+01,5.000000000000000000e-01
1.887300000000001887e+01,5.000000000000000000e-01
1.887400000000002009e+01,5.000000000000000000e-01
1.887500000000001776e+01,5.000000000000000000e-01
1.887600000000001899e+01,5.000000000000000000e-01
1.887700000000001666e+01,5.000000000000000000e-01
1.887800000000001788e+01,5.000000000000000000e-01
1.887900000000001910e+01,5.000000000000000000e-01
1.888000000000001677e+01,5.000000000000000000e-01
1.888100000000001799e+01,5.000000000000000000e-01
1.888200000000001921e+01,5.000000000000000000e-01
1.888300000000001688e+01,5.000000000000000000e-01
1.888400000000001810e+01,5.000000000000000000e-01
1.888500000000001933e+01,5.000000000000000000e-01
1.888600000000001700e+01,5.000000000000000000e-01
1.888700000000001822e+01,5.000000000000000000e-01
1.888800000000001944e+01,5.000000000000000000e-01
1.888900000000001711e+01,5.000000000000000000e-01
1.889000000000001833e+01,5.000000000000000000e-01
1.889100000000001955e+01,5.000000000000000000e-01
1.889200000000001722e+01,5.000000000000000000e-01
1.889300000000001845e+01,5.000000000000000000e-01
1.889400000000001967e+01,5.000000000000000000e-01
1.889500000000001734e+01,5.000000000000000000e-01
1.889600000000001856e+01,5.000000000000000000e-01
1.889700000000001978e+01,5.000000000000000000e-01
1.889800000000001745e+01,5.000000000000000000e-01
1.889900000000001867e+01,5.000000000000000000e-01
1.890000000000001990e+01,5.000000000000000000e-01
1.890100000000001756e+01,5.000000000000000000e-01
1.890200000000001879e+01,5.000000000000000000e-01
1.890300000000002001e+01,5.000000000000000000e-01
1.890400000000001768e+01,5.000000000000000000e-01
1.890500000000001890e+01,5.000000000000000000e-01
1.890600000000002012e+01,5.000000000000000000e-01
1.890700000000001779e+01,5.000000000000000000e-01
1.890800000000001901e+01,5.000000000000000000e-01
1.890900000000002024e+01,5.000000000000000000e-01
1.891000000000001791e+01,5.000000000000000000e-01
1.891100000000001913e+01,5.000000000000000000e-01
1.891200000000001680e+01,5.000000000000000000e-01
1.891300000000001802e+01,5.000000000000000000e-01
1.891400000000001924e+01,5.000000000000000000e-01
1.891500000000001691e+01,5.000000000000000000e-01
1.891600000000001813e+01,5.000000000000000000e-01
1.891700000000001936e+01,5.000000000000000000e-01
1.891800000000001702e+01,5.000000000000000000e-01
1.891900000000001825e+01,5.000000000000000000e-01
1.892000000000001947e+01,5.000000000000000000e-01
1.892100000000001714e+01,5.000000000000000000e-01
1.892200000000001836e+01,5.000000000000000000e-01
1.892300000000001958e+01,5.000000000000000000e-01
1.892400000000001725e+01,5.000000000000000000e-01
1.892500000000001847e+01,5.000000000000000000e-01
1.892600000000001970e+01,5.000000000000000000e-01
1.892700000000001737e+01,5.000000000000000000e-01
1.892800000000001859e+01,5.000000000000000000e-01
1.892900000000001981e+01,5.000000000000000000e-01
1.893000000000001748e+01,5.000000000000000000e-01
1.893100000000001870e+01,5.000000000000000000e-01
1.893200000000001992e+01,5.000000000000000000e-01
1.893300000000001759e+01,5.000000000000000000e-01
1.893400000000001882e+01,5.000000000000000000e-01
1.893500000000002004e+01,5.000000000000000000e-01
1.893600000000001771e+01,5.000000000000000000e-01
1.893700000000001893e+01,5.000000000000000000e-01
1.893800000000002015e+01,5.000000000000000000e-01
1.893900000000001782e+01,5.000000000000000000e-01
1.894000000000001904e+01,5.000000000000000000e-01
1.894100000000001671e+01,5.000000000000000000e-01
1.894200000000001793e+01,5.000000000000000000e-01
1.894300000000001916e+01,5.000000000000000000e-01
1.894400000000001683e+01,5.000000000000000000e-01
1.894500000000001805e+01,5.000000000000000000e-01
1.894600000000001927e+01,5.000000000000000000e-01
1.894700000000001694e+01,5.000000000000000000e-01
1.894800000000001816e+01,5.000000000000000000e-01
1.894900000000001938e+01,5.000000000000000000e-01
1.895000000000001705e+01,5.000000000000000000e-01
1.895100000000001828e+01,5.000000000000000000e-01
1.895200000000001950e+01,5.000000000000000000e-01
1.895300000000001717e+01,5.000000000000000000e-01
1.895400000000001839e+01,5.000000000000000000e-01
1.895500000000001961e+01,5.000000000000000000e-01
1.895600000000001728e+01,5.000000000000000000e-01
1.895700000000001850e+01,5.000000000000000000e-01
1.895800000000001972e+01,5.000000000000000000e-01
1.895900000000001739e+01,5.000000000000000000e-01
1.896000000000001862e+01,5.000000000000000000e-01
1.896100000000001984e+01,5.000000000000000000e-01
1.896200000000001751e+01,5.000000000000000000e-01
1.896300000000001873e+01,5.000000000000000000e-01
1.896400000000001995e+01,5.000000000000000000e-01
1.896500000000001762e+01,5.000000000000000000e-01
1.896600000000001884e+01,5.000000000000000000e-01
1.896700000000002007e+01,5.000000000000000000e-01
1.896800000000001774e+01,5.000000000000000000e-01
1.896900000000001896e+01,5.000000000000000000e-01
1.897000000000002018e+01,5.000000000000000000e-01
1.897100000000001785e+01,5.000000000000000000e-01
1.897200000000001907e+01,5.000000000000000000e-01
1.897300000000002029e+01,5.000000000000000000e-01
1.897400000000001796e+01,5.000000000000000000e-01
1.897500000000001918e+01,5.000000000000000000e-01
1.897600000000001685e+01,5.000000000000000000e-01
1.897700000000001808e+01,5.000000000000000000e-01
1.897800000000001930e+01,5.000000000000000000e-01
1.897900000000001697e+01,5.000000000000000000e-01
1.898000000000001819e+01,5.000000000000000000e-01
1.898100000000001941e+01,5.000000000000000000e-01
1.898200000000001708e+01,5.000000000000000000e-01
1.898300000000001830e+01,5.000000000000000000e-01
1.898400000000001953e+01,5.000000000000000000e-01
1.898500000000001720e+01,5.000000000000000000e-01
1.898600000000001842e+01,5.000000000000000000e-01
1.898700000000001964e+01,5.000000000000000000e-01
1.898800000000001731e+01,5.000000000000000000e-01
1.898900000000001853e+01,5.000000000000000000e-01
1.899000000000001975e+01,5.000000000000000000e-01
1.899100000000001742e+01,5.000000000000000000e-01
1.899200000000001864e+01,5.000000000000000000e-01
1.899300000000001987e+01,5.000000000000000000e-01
1.899400000000001754e+01,5.000000000000000000e-01
1.899500000000001876e+01,5.000000000000000000e-01
1.899600000000001998e+01,5.000000000000000000e-01
1.899700000000001765e+01,5.000000000000000000e-01
1.899800000000001887e+01,5.000000000000000000e-01
1.899900000000002009e+01,5.000000000000000000e-01
1.900000000000001776e+01,5.000000000000000000e-01
1.900100000000001899e+01,5.000000000000000000e-01
1.900200000000002021e+01,5.000000000000000000e-01
1.900300000000001788e+01,5.000000000000000000e-01
1.900400000000001910e+01,5.000000000000000000e-01
1.900500000000001677e+01,5.000000000000000000e-01
1.900600000000001799e+01,5.000000000000000000e-01
1.900700000000001921e+01,5.000000000000000000e-01
1.900800000000001688e+01,5.000000000000000000e-01
1.900900000000001810e+01,5.000000000000000000e-01
1.901000000000001933e+01,5.000000000000000000e-01
1.901100000000001700e+01,5.000000000000000000e-01
1.901200000000001822e+01,5.000000000000000000e-01
1.901300000000001944e+01,5.000000000000000000e-01
1.901400000000001711e+01,5.000000000000000000e-01
1.901500000000001833e+01,5.000000000000000000e-01
1.901600000000001955e+01,5.000000000000000000e-01
1.901700000000001722e+01,5.000000000000000000e-01
1.901800000000001845e+01,5.000000000000000000e-01
1.901900000000001967e+01,5.000000000000000000e-01
1.902000000000001734e+01,5.000000000000000000e-01
1.902100000000001856e+01,5.000000000000000000e-01
1.902200000000001978e+01,5.000000000000000000e-01
1.902300000000001745e+01,5.000000000000000000e-01
1.902400000000001867e+01,5.000000000000000000e-01
1.902500000000001990e+01,5.000000000000000000e-01
1.902600000000001756e+01,5.000000000000000000e-01
1.902700000000001879e+01,5.000000000000000000e-01
1.902800000000002001e+01,5.000000000000000000e-01
1.902900000000001768e+01,5.000000000000000000e-01
1.903000000000001890e+01,5.000000000000000000e-01
1.903100000000002012e+01,5.000000000000000000e-01
1.903200000000001779e+01,5.000000000000000000e-01
1.903300000000001901e+01,5.000000000000000000e-01
1.903400000000002024e+01,5.000000000000000000e-01
1.903500000000001791e+01,5.000000000000000000e-01
1.903600000000001913e+01,5.000000000000000000e-01
1.903700000000002035e+01,5.000000000000000000e-01
1.903800000000001802e+01,5.000000000000000000e-01
1.903900000000001924e+01,5.000000000000000000e-01
1.904000000000001691e+01,5.000000000000000000e-01
1.904100000000001813e+01,5.000000000000000000e-01
1.904200000000001936e+01,5.000000000000000000e-01
1.904300000000001702e+01,5.000000000000000000e-01
1.904400000000001825e+01,5.000000000000000000e-01
1.904500000000001947e+01,5.000000000000000000e-01
1.904600000000001714e+01,5.000000000000000000e-01
1.904700000000001836e+01,5.000000000000000000e-01
1.904800000000001958e+01,5.000000000000000000e-01
1.904900000000001725e+01,5.000000000000000000e-01
1.905000000000001847e+01,5.000000000000000000e-01
1.905100000000001970e+01,5.000000000000000000e-01
1.905200000000001737e+01,5.000000000000000000e-01
1.905300000000001859e+01,5.000000000000000000e-01
1.905400000000001981e+01,5.000000000000000000e-01
1.905500000000001748e+01,5.000000000000000000e-01
1.905600000000001870e+01,5.000000000000000000e-01
1.905700000000001992e+01,5.000000000000000000e-01
1.905800000000001759e+01,5.000000000000000000e-01
1.905900000000001882e+01,5.000000000000000000e-01
1.906000000000002004e+01,5.000000000000000000e-01
1.906100000000001771e+01,5.000000000000000000e-01
1.906200000000001893e+01,5.000000000000000000e-01
1.906300000000002015e+01,5.000000000000000000e-01
1.906400000000001782e+01,5.000000000000000000e-01
1.906500000000001904e+01,5.000000000000000000e-01
1.906600000000002026e+01,5.000000000000000000e-01
1.906700000000001793e+01,5.000000000000000000e-01
1.906800000000001916e+01,5.000000000000000000e-01
1.906900000000001683e+01,5.000000000000000000e-01
1.907000000000001805e+01,5.000000000000000000e-01
1.907100000000001927e+01,5.000000000000000000e-01
1.907200000000001694e+01,5.000000000000000000e-01
1.907300000000001816e+01,5.000000000000000000e-01
1.907400000000001938e+01,5.000000000000000000e-01
1.907500000000001705e+01,5.000000000000000000e-01
1.907600000000001828e+01,5.000000000000000000e-01
1.907700000000001950e+01,5.000000000000000000e-01
1.907800000000001717e+01,5.000000000000000000e-01
1.907900000000001839e+01,5.000000000000000000e-01
1.908000000000001961e+01,5.000000000000000000e-01
1.908100000000001728e+01,5.000000000000000000e-01
1.908200000000001850e+01,5.000000000000000000e-01
1.908300000000001972e+01,5.000000000000000000e-01
1.908400000000001739e+01,5.000000000000000000e-01
1.908500000000001862e+01,5.000000000000000000e-01
1.908600000000001984e+01,5.000000000000000000e-01
1.908700000000001751e+01,5.000000000000000000e-01
1.908800000000001873e+01,5.000000000000000000e-01
1.908900000000001995e+01,5.000000000000000000e-01
1.909000000000001762e+01,5.000000000000000000e-01
1.909100000000001884e+01,5.000000000000000000e-01
1.909200000000002007e+01,5.000000000000000000e-01
1.909300000000001774e+01,5.000000000000000000e-01
1.909400000000001896e+01,5.000000000000000000e-01
1.909500000000002018e+01,5.000000000000000000e-01
1.909600000000001785e+01,5.000000000000000000e-01
1.909700000000001907e+01,5.000000000000000000e-01
1.909800000000002029e+01,5.000000000000000000e-01
1.909900000000001796e+01,5.000000000000000000e-01
1.910000000000001918e+01,5.000000000000000000e-01
1.910100000000002041e+01,5.000000000000000000e-01
1.910200000000001808e+01,5.000000000000000000e-01
1.910300000000001930e+01,5.000000000000000000e-01
1.910400000000001697e+01,5.000000000000000000e-01
1.910500000000001819e+01,5.000000000000000000e-01
1.910600000000001941e+01,5.000000000000000000e-01
1.910700000000001708e+01,5.000000000000000000e-01
1.910800000000001830e+01,5.000000000000000000e-01
1.910900000000001953e+01,5.000000000000000000e-01
1.911000000000001720e+01,5.000000000000000000e-01
1.911100000000001842e+01,5.000000000000000000e-01
1.911200000000001964e+01,5.000000000000000000e-01
1.911300000000001731e+01,5.000000000000000000e-01
1.911400000000001853e+01,5.000000000000000000e-01
1.911500000000001975e+01,5.000000000000000000e-01
1.911600000000001742e+01,5.000000000000000000e-01
1.911700000000001864e+01,5.000000000000000000e-01
1.911800000000001987e+01,5.000000000000000000e-01
1.911900000000001754e+01,5.000000000000000000e-01
1.912000000000001876e+01,5.000000000000000000e-01
1.912100000000001998e+01,5.000000000000000000e-01
1.912200000000001765e+01,5.000000000000000000e-01
1.912300000000001887e+01,5.000000000000000000e-01
1.912400000000002009e+01,5.000000000000000000e-01
1.912500000000001776e+01,5.000000000000000000e-01
1.912600000000001899e+01,5.000000000000000000e-01
1.912700000000002021e+01,5.000000000000000000e-01
1.912800000000001788e+01,5.000000000000000000e-01
1.912900000000001910e+01,5.000000000000000000e-01
1.913000000000002032e+01,5.000000000000000000e-01
1.913100000000001799e+01,5.000000000000000000e-01
1.913200000000001921e+01,5.000000000000000000e-01
1.913300000000001688e+01,5.000000000000000000e-01
1.913400000000001810e+01,5.000000000000000000e-01
1.913500000000001933e+01,5.000000000000000000e-01
1.913600000000001700e+01,5.000000000000000000e-01
1.913700000000001822e+01,5.000000000000000000e-01
1.913800000000001944e+01,5.000000000000000000e-01
1.913900000000001711e+01,5.000000000000000000e-01
1.914000000000001833e+01,5.000000000000000000e-01
1.914100000000001955e+01,5.000000000000000000e-01
1.914200000000001722e+01,5.000000000000000000e-01
1.914300000000001845e+01,5.000000000000000000e-01
1.914400000000001967e+01,5.000000000000000000e-01
1.914500000000001734e+01,5.000000000000000000e-01
1.914600000000001856e+01,5.000000000000000000e-01
1.914700000000001978e+01,5.000000000000000000e-01
1.914800000000001745e+01,5.000000000000000000e-01
1.914900000000001867e+01,5.000000000000000000e-01
1.915000000000001990e+01,5.000000000000000000e-01
1.915100000000001756e+01,5.000000000000000000e-01
1.915200000000001879e+01,5.000000000000000000e-01
1.915300000000002001e+01,5.000000000000000000e-01
1.915400000000001768e+01,5.000000000000000000e-01
1.915500000000001890e+01,5.000000000000000000e-01
1.915600000000002012e+01,5.000000000000000000e-01
1.915700000000001779e+01,5.000000000000000000e-01
1.915800000000001901e+01,5.000000000000000000e-01
1.915900000000002024e+01,5.000000000000000000e-01
1.916000000000001791e+01,5.000000000000000000e-01
1.916100000000001913e+01,5.000000000000000000e-01
1.916200000000002035e+01,5.000000000000000000e-01
1.916300000000001802e+01,5.000000000000000000e-01
1.916400000000001924e+01,5.000000000000000000e-01
1.916500000000002046e+01,5.000000000000000000e-01
1.916600000000001813e+01,5.000000000000000000e-01
1.916700000000001936e+01,5.000000000000000000e-01
1.916800000000001702e+01,5.000000000000000000e-01
1.916900000000001825e+01,5.000000000000000000e-01
1.917000000000001947e+01,5.000000000000000000e-01
1.917100000000001714e+01,5.000000000000000000e-01
1.917200000000001836e+01,5.000000000000000000e-01
1.917300000000001958e+01,5.000000000000000000e-01
1.917400000000001725e+01,5.000000000000000000e-01
1.917500000000001847e+01,5.000000000000000000e-01
1.917600000000001970e+01,5.000000000000000000e-01
1.917700000000001737e+01,5.000000000000000000e-01
1.917800000000001859e+01,5.000000000000000000e-01
1.917900000000001981e+01,5.000000000000000000e-01
1.918000000000001748e+01,5.000000000000000000e-01
1.918100000000001870e+01,5.000000000000000000e-01
1.918200000000001992e+01,5.000000000000000000e-01
1.918300000000001759e+01,5.000000000000000000e-01
1.918400000000001882e+01,5.000000000000000000e-01
1.918500000000002004e+01,5.000000000000000000e-01
1.918600000000001771e+01,5.000000000000000000e-01
1.918700000000001893e+01,5.000000000000000000e-01
1.918800000000002015e+01,5.000000000000000000e-01
1.918900000000001782e+01,5.000000000000000000e-01
1.919000000000001904e+01,5.000000000000000000e-01
1.919100000000002026e+01,5.000000000000000000e-01
1.919200000000001793e+01,5.000000000000000000e-01
1.919300000000001916e+01,5.000000000000000000e-01
1.919400000000002038e+01,5.000000000000000000e-01
1.919500000000001805e+01,5.000000000000000000e-01
1.919600000000001927e+01,5.000000000000000000e-01
1.919700000000001694e+01,5.000000000000000000e-01
1.919800000000001816e+01,5.000000000000000000e-01
1.919900000000001938e+01,5.000000000000000000e-01
1.920000000000001705e+01,5.000000000000000000e-01
1.920100000000001828e+01,5.000000000000000000e-01
1.920200000000001950e+01,5.000000000000000000e-01
1.920300000000001717e+01,5.000000000000000000e-01
1.920400000000001839e+01,5.000000000000000000e-01
1.920500000000001961e+01,5.000000000000000000e-01
1.920600000000001728e+01,5.000000000000000000e-01
1.920700000000001850e+01,5.000000000000000000e-01
1.920800000000001972e+01,5.000000000000000000e-01
1.920900000000001739e+01,5.000000000000000000e-01
1.921000000000001862e+01,5.000000000000000000e-01
1.921100000000001984e+01,5.000000000000000000e-01
1.921200000000001751e+01,5.000000000000000000e-01
1.921300000000001873e+01,5.000000000000000000e-01
1.921400000000001995e+01,5.000000000000000000e-01
1.921500000000001762e+01,5.000000000000000000e-01
1.921600000000001884e+01,5.000000000000000000e-01
1.921700000000002007e+01,5.000000000000000000e-01
1.921800000000001774e+01,5.000000000000000000e-01
1.921900000000001896e+01,5.000000000000000000e-01
1.922000000000002018e+01,5.000000000000000000e-01
1.922100000000001785e+01,5.000000000000000000e-01
1.922200000000001907e+01,5.000000000000000000e-01
1.922300000000002029e+01,5.000000000000000000e-01
1.922400000000001796e+01,5.000000000000000000e-01
1.922500000000001918e+01,5.000000000000000000e-01
1.922600000000002041e+01,5.000000000000000000e-01
1.922700000000001808e+01,5.000000000000000000e-01
1.922800000000001930e+01,5.000000000000000000e-01
1.922900000000002052e+01,5.000000000000000000e-01
1.923000000000001819e+01,5.000000000000000000e-01
1.923100000000001941e+01,5.000000000000000000e-01
1.923200000000001708e+01,5.000000000000000000e-01
1.923300000000001830e+01,5.000000000000000000e-01
1.923400000000001953e+01,5.000000000000000000e-01
1.923500000000001720e+01,5.000000000000000000e-01
1.923600000000001842e+01,5.000000000000000000e-01
1.923700000000001964e+01,5.000000000000000000e-01
1.923800000000001731e+01,5.000000000000000000e-01
1.923900000000001853e+01,5.000000000000000000e-01
1.924000000000001975e+01,5.000000000000000000e-01
1.924100000000001742e+01,5.000000000000000000e-01
1.924200000000001864e+01,5.000000000000000000e-01
1.924300000000001987e+01,5.000000000000000000e-01
1.924400000000001754e+01,5.000000000000000000e-01
1.924500000000001876e+01,5.000000000000000000e-01
1.924600000000001998e+01,5.000000000000000000e-01
1.924700000000001765e+01,5.000000000000000000e-01
1.924800000000001887e+01,5.000000000000000000e-01
1.924900000000002009e+01,5.000000000000000000e-01
1.925000000000001776e+01,5.000000000000000000e-01
1.925100000000001899e+01,5.000000000000000000e-01
1.925200000000002021e+01,5.000000000000000000e-01
1.925300000000001788e+01,5.000000000000000000e-01
1.925400000000001910e+01,5.000000000000000000e-01
1.925500000000002032e+01,5.000000000000000000e-01
1.925600000000001799e+01,5.000000000000000000e-01
1.925700000000001921e+01,5.000000000000000000e-01
1.925800000000002044e+01,5.000000000000000000e-01
1.925900000000001810e+01,5.000000000000000000e-01
1.926000000000001933e+01,5.000000000000000000e-01
1.926100000000001700e+01,5.000000000000000000e-01
1.926200000000001822e+01,5.000000000000000000e-01
1.926300000000001944e+01,5.000000000000000000e-01
1.926400000000001711e+01,5.000000000000000000e-01
1.926500000000001833e+01,5.000000000000000000e-01
1.926600000000001955e+01,5.000000000000000000e-01
1.926700000000001722e+01,5.000000000000000000e-01
1.926800000000001845e+01,5.000000000000000000e-01
1.926900000000001967e+01,5.000000000000000000e-01
1.927000000000001734e+01,5.000000000000000000e-01
1.927100000000001856e+01,5.000000000000000000e-01
1.927200000000001978e+01,5.000000000000000000e-01
1.927300000000001745e+01,5.000000000000000000e-01
1.927400000000001867e+01,5.000000000000000000e-01
1.927500000000001990e+01,5.000000000000000000e-01
1.927600000000001756e+01,5.000000000000000000e-01
1.927700000000001879e+01,5.000000000000000000e-01
1.927800000000002001e+01,5.000000000000000000e-01
1.927900000000001768e+01,5.000000000000000000e-01
1.928000000000001890e+01,5.000000000000000000e-01
1.928100000000002012e+01,5.000000000000000000e-01
1.928200000000001779e+01,5.000000000000000000e-01
1.928300000000001901e+01,5.000000000000000000e-01
1.928400000000002024e+01,5.000000000000000000e-01
1.928500000000001791e+01,5.000000000000000000e-01
1.928600000000001913e+01,5.000000000000000000e-01
1.928700000000002035e+01,5.000000000000000000e-01
1.928800000000001802e+01,5.000000000000000000e-01
1.928900000000001924e+01,5.000000000000000000e-01
1.929000000000002046e+01,5.000000000000000000e-01
1.929100000000001813e+01,5.000000000000000000e-01
1.929200000000001936e+01,5.000000000000000000e-01
1.929300000000002058e+01,5.000000000000000000e-01
1.929400000000001825e+01,5.000000000000000000e-01
1.929500000000001947e+01,5.000000000000000000e-01
1.929600000000001714e+01,5.000000000000000000e-01
1.929700000000001836e+01,5.000000000000000000e-01
1.929800000000001958e+01,5.000000000000000000e-01
1.929900000000001725e+01,5.000000000000000000e-01
1.930000000000001847e+01,5.000000000000000000e-01
1.930100000000001970e+01,5.000000000000000000e-01
1.930200000000001737e+01,5.000000000000000000e-01
1.930300000000001859e+01,5.000000000000000000e-01
1.930400000000001981e+01,5.000000000000000000e-01
1.930500000000001748e+01,5.000000000000000000e-01
1.930600000000001870e+01,5.000000000000000000e-01
1.930700000000001992e+01,5.000000000000000000e-01
1.930800000000001759e+01,5.000000000000000000e-01
1.930900000000001882e+01,5.000000000000000000e-01
1.931000000000002004e+01,5.000000000000000000e-01
1.931100000000001771e+01,5.000000000000000000e-01
1.931200000000001893e+01,5.000000000000000000e-01
1.931300000000002015e+01,5.000000000000000000e-01
1.931400000000001782e+01,5.000000000000000000e-01
1.931500000000001904e+01,5.000000000000000000e-01
1.931600000000002026e+01,5.000000000000000000e-01
1.931700000000001793e+01,5.000000000000000000e-01
1.931800000000001916e+01,5.000000000000000000e-01
1.931900000000002038e+01,5.000000000000000000e-01
1.932000000000001805e+01,5.000000000000000000e-01
1.932100000000001927e+01,5.000000000000000000e-01
1.932200000000002049e+01,5.000000000000000000e-01
1.932300000000001816e+01,5.000000000000000000e-01
1.932400000000001938e+01,5.000000000000000000e-01
1.932500000000001705e+01,5.000000000000000000e-01
1.932600000000001828e+01,5.000000000000000000e-01
1.932700000000001950e+01,5.000000000000000000e-01
1.932800000000001717e+01,5.000000000000000000e-01
1.932900000000001839e+01,5.000000000000000000e-01
1.933000000000001961e+01,5.000000000000000000e-01
1.933100000000001728e+01,5.000000000000000000e-01
1.933200000000001850e+01,5.000000000000000000e-01
1.933300000000001972e+01,5.000000000000000000e-01
1.933400000000001739e+01,5.000000000000000000e-01
1.933500000000001862e+01,5.000000000000000000e-01
1.933600000000001984e+01,5.000000000000000000e-01
1.933700000000001751e+01,5.000000000000000000e-01
1.933800000000001873e+01,5.000000000000000000e-01
1.933900000000001995e+01,5.000000000000000000e-01
1.934000000000001762e+01,5.000000000000000000e-01
1.934100000000001884e+01,5.000000000000000000e-01
1.934200000000002007e+01,5.000000000000000000e-01
1.934300000000001774e+01,5.000000000000000000e-01
1.934400000000001896e+01,5.000000000000000000e-01
1.934500000000002018e+01,5.000000000000000000e-01
1.934600000000001785e+01,5.000000000000000000e-01
1.934700000000001907e+01,5.000000000000000000e-01
1.934800000000002029e+01,5.000000000000000000e-01
1.934900000000001796e+01,5.000000000000000000e-01
1.935000000000001918e+01,5.000000000000000000e-01
1.935100000000002041e+01,5.000000000000000000e-01
1.935200000000001808e+01,5.000000000000000000e-01
1.935300000000001930e+01,5.000000000000000000e-01
1.935400000000002052e+01,5.000000000000000000e-01
1.935500000000001819e+01,5.000000000000000000e-01
1.935600000000001941e+01,5.000000000000000000e-01
1.935700000000002063e+01,5.000000000000000000e-01
1.935800000000001830e+01,5.000000000000000000e-01
1.935900000000001953e+01,5.000000000000000000e-01
1.936000000000001720e+01,5.000000000000000000e-01
1.936100000000001842e+01,5.000000000000000000e-01
1.936200000000001964e+01,5.000000000000000000e-01
1.936300000000001731e+01,5.000000000000000000e-01
1.936400000000001853e+01,5.000000000000000000e-01
1.936500000000001975e+01,5.000000000000000000e-01
1.936600000000001742e+01,5.000000000000000000e-01
1.936700000000001864e+01,5.000000000000000000e-01
1.936800000000001987e+01,5.000000000000000000e-01
1.936900000000001754e+01,5.000000000000000000e-01
1.937000000000001876e+01,5.000000000000000000e-01
1.937100000000001998e+01,5.000000000000000000e-01
1.937200000000001765e+01,5.000000000000000000e-01
1.937300000000001887e+01,5.000000000000000000e-01
1.937400000000002009e+01,5.000000000000000000e-01
1.937500000000001776e+01,5.000000000000000000e-01
1.937600000000001899e+01,5.000000000000000000e-01
1.937700000000002021e+01,5.000000000000000000e-01
1.937800000000001788e+01,5.000000000000000000e-01
1.937900000000001910e+01,5.000000000000000000e-01
1.938000000000002032e+01,5.000000000000000000e-01
1.938100000000001799e+01,5.000000000000000000e-01
1.938200000000001921e+01,5.000000000000000000e-01
1.938300000000002044e+01,5.000000000000000000e-01
1.938400000000001810e+01,5.000000000000000000e-01
1.938500000000001933e+01,5.000000000000000000e-01
1.938600000000002055e+01,5.000000000000000000e-01
1.938700000000001822e+01,5.000000000000000000e-01
1.938800000000001944e+01,5.000000000000000000e-01
1.938900000000001711e+01,5.000000000000000000e-01
1.939000000000001833e+01,5.000000000000000000e-01
1.939100000000001955e+01,5.000000000000000000e-01
1.939200000000001722e+01,5.000000000000000000e-01
1.939300000000001845e+01,5.000000000000000000e-01
1.939400000000001967e+01,5.000000000000000000e-01
1.939500000000001734e+01,5.000000000000000000e-01
1.939600000000001856e+01,5.000000000000000000e-01
1.939700000000001978e+01,5.000000000000000000e-01
1.939800000000001745e+01,5.000000000000000000e-01
1.939900000000001867e+01,5.000000000000000000e-01
1.940000000000001990e+01,5.000000000000000000e-01
1.940100000000001756e+01,5.000000000000000000e-01
1.940200000000001879e+01,5.000000000000000000e-01
1.940300000000002001e+01,5.000000000000000000e-01
1.940400000000001768e+01,5.000000000000000000e-01
1.940500000000001890e+01,5.000000000000000000e-01
1.940600000000002012e+01,5.000000000000000000e-01
1.940700000000001779e+01,5.000000000000000000e-01
1.940800000000001901e+01,5.000000000000000000e-01
1.940900000000002024e+01,5.000000000000000000e-01
1.941000000000001791e+01,5.000000000000000000e-01
1.941100000000001913e+01,5.000000000000000000e-01
1.941200000000002035e+01,5.000000000000000000e-01
1.941300000000001802e+01,5.000000000000000000e-01
1.941400000000001924e+01,5.000000000000000000e-01
1.941500000000002046e+01,5.000000000000000000e-01
1.941600000000001813e+01,5.000000000000000000e-01
1.941700000000001936e+01,5.000000000000000000e-01
1.941800000000002058e+01,5.000000000000000000e-01
1.941900000000001825e+01,5.000000000000000000e-01
1.942000000000001947e+01,5.000000000000000000e-01
1.942100000000002069e+01,5.000000000000000000e-01
1.942200000000001836e+01,5.000000000000000000e-01
1.942300000000001958e+01,5.000000000000000000e-01
1.942400000000001725e+01,5.000000000000000000e-01
1.942500000000001847e+01,5.000000000000000000e-01
1.942600000000001970e+01,5.000000000000000000e-01
1.942700000000001737e+01,5.000000000000000000e-01
1.942800000000001859e+01,5.000000000000000000e-01
1.942900000000001981e+01,5.000000000000000000e-01
1.943000000000001748e+01,5.000000000000000000e-01
1.943100000000001870e+01,5.000000000000000000e-01
1.943200000000001992e+01,5.000000000000000000e-01
1.943300000000001759e+01,5.000000000000000000e-01
1.943400000000001882e+01,5.000000000000000000e-01
1.943500000000002004e+01,5.000000000000000000e-01
1.943600000000001771e+01,5.000000000000000000e-01
1.943700000000001893e+01,5.000000000000000000e-01
1.943800000000002015e+01,5.000000000000000000e-01
1.943900000000001782e+01,5.000000000000000000e-01
1.944000000000001904e+01,5.000000000000000000e-01
1.944100000000002026e+01,5.000000000000000000e-01
1.944200000000001793e+01,5.000000000000000000e-01
1.944300000000001916e+01,5.000000000000000000e-01
1.944400000000002038e+01,5.000000000000000000e-01
1.944500000000001805e+01,5.000000000000000000e-01
1.944600000000001927e+01,5.000000000000000000e-01
1.944700000000002049e+01,5.000000000000000000e-01
1.944800000000001816e+01,5.000000000000000000e-01
1.944900000000001938e+01,5.000000000000000000e-01
1.945000000000002061e+01,5.000000000000000000e-01
1.945100000000001828e+01,5.000000000000000000e-01
1.945200000000001950e+01,5.000000000000000000e-01
1.945300000000001717e+01,5.000000000000000000e-01
1.945400000000001839e+01,5.000000000000000000e-01
1.945500000000001961e+01,5.000000000000000000e-01
1.945600000000001728e+01,5.000000000000000000e-01
1.945700000000001850e+01,5.000000000000000000e-01
1.945800000000001972e+01,5.000000000000000000e-01
1.945900000000001739e+01,5.000000000000000000e-01
1.946000000000001862e+01,5.000000000000000000e-01
1.946100000000001984e+01,5.000000000000000000e-01
1.946200000000001751e+01,5.000000000000000000e-01
1.946300000000001873e+01,5.000000000000000000e-01
1.946400000000001995e+01,5.000000000000000000e-01
1.946500000000001762e+01,5.000000000000000000e-01
1.946600000000001884e+01,5.000000000000000000e-01
1.946700000000002007e+01,5.000000000000000000e-01
1.946800000000001774e+01,5.000000000000000000e-01
1.946900000000001896e+01,5.000000000000000000e-01
1.947000000000002018e+01,5.000000000000000000e-01
1.947100000000001785e+01,5.000000000000000000e-01
1.947200000000001907e+01,5.000000000000000000e-01
1.947300000000002029e+01,5.000000000000000000e-01
1.947400000000001796e+01,5.000000000000000000e-01
1.947500000000001918e+01,5.000000000000000000e-01
1.947600000000002041e+01,5.000000000000000000e-01
1.947700000000001808e+01,5.000000000000000000e-01
1.947800000000001930e+01,5.000000000000000000e-01
1.947900000000002052e+01,5.000000000000000000e-01
1.948000000000001819e+01,5.000000000000000000e-01
1.948100000000001941e+01,5.000000000000000000e-01
1.948200000000002063e+01,5.000000000000000000e-01
1.948300000000001830e+01,5.000000000000000000e-01
1.948400000000001953e+01,5.000000000000000000e-01
1.948500000000002075e+01,5.000000000000000000e-01
1.948600000000001842e+01,5.000000000000000000e-01
1.948700000000001964e+01,5.000000000000000000e-01
1.948800000000001731e+01,5.000000000000000000e-01
1.948900000000001853e+01,5.000000000000000000e-01
1.949000000000001975e+01,5.000000000000000000e-01
1.949100000000001742e+01,5.000000000000000000e-01
1.949200000000001864e+01,5.000000000000000000e-01
1.949300000000001987e+01,5.000000000000000000e-01
1.949400000000001754e+01,5.000000000000000000e-01
1.949500000000001876e+01,5.000000000000000000e-01
1.949600000000001998e+01,5.000000000000000000e-01
1.949700000000001765e+01,5.000000000000000000e-01
1.949800000000001887e+01,5.000000000000000000e-01
1.949900000000002009e+01,5.000000000000000000e-01
1.950000000000001776e+01,5.000000000000000000e-01
1.950100000000001899e+01,5.000000000000000000e-01
1.950200000000002021e+01,5.000000000000000000e-01
1.950300000000001788e+01,5.000000000000000000e-01
1.950400000000001910e+01,5.000000000000000000e-01
1.950500000000002032e+01,5.000000000000000000e-01
1.950600000000001799e+01,5.000000000000000000e-01
1.950700000000001921e+01,5.000000000000000000e-01
1.950800000000002044e+01,5.000000000000000000e-01
1.950900000000001810e+01,5.000000000000000000e-01
1.951000000000001933e+01,5.000000000000000000e-01
1.951100000000002055e+01,5.000000000000000000e-01
1.951200000000001822e+01,5.000000000000000000e-01
1.951300000000001944e+01,5.000000000000000000e-01
1.951400000000002066e+01,5.000000000000000000e-01
1.951500000000001833e+01,5.000000000000000000e-01
1.951600000000001955e+01,5.000000000000000000e-01
1.951700000000001722e+01,5.000000000000000000e-01
1.951800000000001845e+01,5.000000000000000000e-01
1.951900000000001967e+01,5.000000000000000000e-01
1.952000000000001734e+01,5.000000000000000000e-01
1.952100000000001856e+01,5.000000000000000000e-01
1.952200000000001978e+01,5.000000000000000000e-01
1.952300000000001745e+01,5.000000000000000000e-01
1.952400000000001867e+01,5.000000000000000000e-01
1.952500000000001990e+01,5.000000000000000000e-01
1.952600000000001756e+01,5.000000000000000000e-01
1.952700000000001879e+01,5.000000000000000000e-01
1.952800000000002001e+01,5.000000000000000000e-01
1.952900000000001768e+01,5.000000000000000000e-01
1.953000000000001890e+01,5.000000000000000000e-01
1.953100000000002012e+01,5.000000000000000000e-01
1.953200000000001779e+01,5.000000000000000000e-01
1.953300000000001901e+01,5.000000000000000000e-01
1.953400000000002024e+01,5.000000000000000000e-01
1.953500000000001791e+01,5.000000000000000000e-01
1.953600000000001913e+01,5.000000000000000000e-01
1.953700000000002035e+01,5.000000000000000000e-01
1.953800000000001802e+01,5.000000000000000000e-01
1.953900000000001924e+01,5.000000000000000000e-01
1.954000000000002046e+01,5.000000000000000000e-01
1.954100000000001813e+01,5.000000000000000000e-01
1.954200000000001936e+01,5.000000000000000000e-01
1.954300000000002058e+01,5.000000000000000000e-01
1.954400000000001825e+01,5.000000000000000000e-01
1.954500000000001947e+01,5.000000000000000000e-01
1.954600000000002069e+01,5.000000000000000000e-01
1.954700000000001836e+01,5.000000000000000000e-01
1.954800000000001958e+01,5.000000000000000000e-01
1.954900000000002080e+01,5.000000000000000000e-01
1.955000000000001847e+01,5.000000000000000000e-01
1.955100000000001970e+01,5.000000000000000000e-01
1.955200000000001737e+01,5.000000000000000000e-01
1.955300000000001859e+01,5.000000000000000000e-01
1.955400000000001981e+01,5.000000000000000000e-01
1.955500000000001748e+01,5.000000000000000000e-01
1.955600000000001870e+01,5.000000000000000000e-01
1.955700000000001992e+01,5.000000000000000000e-01
1.955800000000001759e+01,5.000000000000000000e-01
1.955900000000001882e+01,5.000000000000000000e-01
1.956000000000002004e+01,5.000000000000000000e-01
1.956100000000001771e+01,5.000000000000000000e-01
1.956200000000001893e+01,5.000000000000000000e-01
1.956300000000002015e+01,5.000000000000000000e-01
1.956400000000001782e+01,5.000000000000000000e-01
1.956500000000001904e+01,5.000000000000000000e-01
1.956600000000002026e+01,5.000000000000000000e-01
1.956700000000001793e+01,5.000000000000000000e-01
1.956800000000001916e+01,5.000000000000000000e-01
1.956900000000002038e+01,5.000000000000000000e-01
1.957000000000001805e+01,5.000000000000000000e-01
1.957100000000001927e+01,5.000000000000000000e-01
1.957200000000002049e+01,5.000000000000000000e-01
1.957300000000001816e+01,5.000000000000000000e-01
1.957400000000001938e+01,5.000000000000000000e-01
1.957500000000002061e+01,5.000000000000000000e-01
1.957600000000001828e+01,5.000000000000000000e-01
1.957700000000001950e+01,5.000000000000000000e-01
1.957800000000002072e+01,5.000000000000000000e-01
1.957900000000001839e+01,5.000000000000000000e-01
1.958000000000001961e+01,5.000000000000000000e-01
1.958100000000001728e+01,5.000000000000000000e-01
1.958200000000001850e+01,5.000000000000000000e-01
1.958300000000001972e+01,5.000000000000000000e-01
1.958400000000001739e+01,5.000000000000000000e-01
1.958500000000001862e+01,5.000000000000000000e-01
1.958600000000001984e+01,5.000000000000000000e-01
1.958700000000001751e+01,5.000000000000000000e-01
1.958800000000001873e+01,5.000000000000000000e-01
1.958900000000001995e+01,5.000000000000000000e-01
1.959000000000001762e+01,5.000000000000000000e-01
1.959100000000001884e+01,5.000000000000000000e-01
1.959200000000002007e+01,5.000000000000000000e-01
1.959300000000001774e+01,5.000000000000000000e-01
1.959400000000001896e+01,5.000000000000000000e-01
1.959500000000002018e+01,5.000000000000000000e-01
1.959600000000001785e+01,5.000000000000000000e-01
1.959700000000001907e+01,5.000000000000000000e-01
1.959800000000002029e+01,5.000000000000000000e-01
1.959900000000001796e+01,5.000000000000000000e-01
1.960000000000001918e+01,5.000000000000000000e-01
1.960100000000002041e+01,5.000000000000000000e-01
1.960200000000001808e+01,5.000000000000000000e-01
1.960300000000001930e+01,5.000000000000000000e-01
1.960400000000002052e+01,5.000000000000000000e-01
1.960500000000001819e+01,5.000000000000000000e-01
1.960600000000001941e+01,5.000000000000000000e-01
1.960700000000002063e+01,5.000000000000000000e-01
1.960800000000001830e+01,5.000000000000000000e-01
1.960900000000001953e+01,5.000000000000000000e-01
1.961000000000002075e+01,5.000000000000000000e-01
1.961100000000001842e+01,5.000000000000000000e-01
1.961200000000001964e+01,5.000000000000000000e-01
1.961300000000002086e+01,5.000000000000000000e-01
1.961400000000001853e+01,5.000000000000000000e-01
1.961500000000001975e+01,5.000000000000000000e-01
1.961600000000001742e+01,5.000000000000000000e-01
1.961700000000001864e+01,5.000000000000000000e-01
1.961800000000001987e+01,5.000000000000000000e-01
1.961900000000001754e+01,5.000000000000000000e-01
1.962000000000001876e+01,5.000000000000000000e-01
1.962100000000001998e+01,5.000000000000000000e-01
1.962200000000001765e+01,5.000000000000000000e-01
1.962300000000001887e+01,5.000000000000000000e-01
1.962400000000002009e+01,5.000000000000000000e-01
1.962500000000001776e+01,5.000000000000000000e-01
1.962600000000001899e+01,5.000000000000000000e-01
1.962700000000002021e+01,5.000000000000000000e-01
1.962800000000001788e+01,5.000000000000000000e-01
1.962900000000001910e+01,5.000000000000000000e-01
1.963000000000002032e+01,5.000000000000000000e-01
1.963100000000001799e+01,5.000000000000000000e-01
1.963200000000001921e+01,5.000000000000000000e-01
1.963300000000002044e+01,5.000000000000000000e-01
1.963400000000001810e+01,5.000000000000000000e-01
1.963500000000001933e+01,5.000000000000000000e-01
1.963600000000002055e+01,5.000000000000000000e-01
1.963700000000001822e+01,5.000000000000000000e-01
1.963800000000001944e+01,5.000000000000000000e-01
1.963900000000002066e+01,5.000000000000000000e-01
1.964000000000001833e+01,5.000000000000000000e-01
1.964100000000001955e+01,5.000000000000000000e-01
1.964200000000002078e+01,5.000000000000000000e-01
1.964300000000001845e+01,5.000000000000000000e-01
1.964400000000001967e+01,5.000000000000000000e-01
1.964500000000001734e+01,5.000000000000000000e-01
1.964600000000001856e+01,5.000000000000000000e-01
1.964700000000001978e+01,5.000000000000000000e-01
1.964800000000001745e+01,5.000000000000000000e-01
1.964900000000001867e+01,5.000000000000000000e-01
1.965000000000001990e+01,5.000000000000000000e-01
1.965100000000001756e+01,5.000000000000000000e-01
1.965200000000001879e+01,5.000000000000000000e-01
1.965300000000002001e+01,5.000000000000000000e-01
1.965400000000001768e+01,5.000000000000000000e-01
1.965500000000001890e+01,5.000000000000000000e-01
1.965600000000002012e+01,5.000000000000000000e-01
1.965700000000001779e+01,5.000000000000000000e-01
1.965800000000001901e+01,5.000000000000000000e-01
1.965900000000002024e+01,5.000000000000000000e-01
1.966000000000001791e+01,5.000000000000000000e-01
1.966100000000001913e+01,5.000000000000000000e-01
1.966200000000002035e+01,5.000000000000000000e-01
1.966300000000001802e+01,5.000000000000000000e-01
1.966400000000001924e+01,5.000000000000000000e-01
1.966500000000002046e+01,5.000000000000000000e-01
1.966600000000001813e+01,5.000000000000000000e-01
1.966700000000001936e+01,5.000000000000000000e-01
1.966800000000002058e+01,5.000000000000000000e-01
1.966900000000001825e+01,5.000000000000000000e-01
1.967000000000001947e+01,5.000000000000000000e-01
1.967100000000002069e+01,5.000000000000000000e-01
1.967200000000001836e+01,5.000000000000000000e-01
1.967300000000001958e+01,5.000000000000000000e-01
1.967400000000002080e+01,5.000000000000000000e-01
1.967500000000001847e+01,5.000000000000000000e-01
1.967600000000001970e+01,5.000000000000000000e-01
1.967700000000002092e+01,5.000000000000000000e-01
1.967800000000001859e+01,5.000000000000000000e-01
1.967900000000001981e+01,5.000000000000000000e-01
1.968000000000001748e+01,5.000000000000000000e-01
1.968100000000001870e+01,5.000000000000000000e-01
1.968200000000001992e+01,5.000000000000000000e-01
1.968300000000001759e+01,5.000000000000000000e-01
1.968400000000001882e+01,5.000000000000000000e-01
1.968500000000002004e+01,5.000000000000000000e-01
1.968600000000001771e+01,5.000000000000000000e-01
1.968700000000001893e+01,5.000000000000000000e-01
1.968800000000002015e+01,5.000000000000000000e-01
1.968900000000001782e+01,5.000000000000000000e-01
1.969000000000001904e+01,5.000000000000000000e-01
1.969100000000002026e+01,5.000000000000000000e-01
1.969200000000001793e+01,5.000000000000000000e-01
1.969300000000001916e+01,5.000000000000000000e-01
1.969400000000002038e+01,5.000000000000000000e-01
1.969500000000001805e+01,5.000000000000000000e-01
1.969600000000001927e+01,5.000000000000000000e-01
1.969700000000002049e+01,5.000000000000000000e-01
1.969800000000001816e+01,5.000000000000000000e-01
1.969900000000001938e+01,5.000000000000000000e-01
1.970000000000002061e+01,5.000000000000000000e-01
1.970100000000001828e+01,5.000000000000000000e-01
1.970200000000001950e+01,5.000000000000000000e-01
1.970300000000002072e+01,5.000000000000000000e-01
1.970400000000001839e+01,5.000000000000000000e-01
1.970500000000001961e+01,5.000000000000000000e-01
1.970600000000002083e+01,5.000000000000000000e-01
1.970700000000001850e+01,5.000000000000000000e-01
1.970800000000001972e+01,5.000000000000000000e-01
1.970900000000001739e+01,5.000000000000000000e-01
1.971000000000001862e+01,5.000000000000000000e-01
1.971100000000001984e+01,5.000000000000000000e-01
1.971200000000001751e+01,5.000000000000000000e-01
1.971300000000001873e+01,5.000000000000000000e-01
1.971400000000001995e+01,5.000000000000000000e-01
1.971500000000001762e+01,5.000000000000000000e-01
1.971600000000001884e+01,5.000000000000000000e-01
1.971700000000002007e+01,5.000000000000000000e-01
1.971800000000001774e+01,5.000000000000000000e-01
1.971900000000001896e+01,5.000000000000000000e-01
1.972000000000002018e+01,5.000000000000000000e-01
1.972100000000001785e+01,5.000000000000000000e-01
1.972200000000001907e+01,5.000000000000000000e-01
1.972300000000002029e+01,5.000000000000000000e-01
1.972400000000001796e+01,5.000000000000000000e-01
1.972500000000001918e+01,5.000000000000000000e-01
1.972600000000002041e+01,5.000000000000000000e-01
1.972700000000001808e+01,5.000000000000000000e-01
1.972800000000001930e+01,5.000000000000000000e-01
1.972900000000002052e+01,5.000000000000000000e-01
1.973000000000001819e+01,5.000000000000000000e-01
1.973100000000001941e+01,5.000000000000000000e-01
1.973200000000002063e+01,5.000000000000000000e-01
1.973300000000001830e+01,5.000000000000000000e-01
1.973400000000001953e+01,5.000000000000000000e-01
1.973500000000002075e+01,5.000000000000000000e-01
1.973600000000001842e+01,5.000000000000000000e-01
1.973700000000001964e+01,5.000000000000000000e-01
1.973800000000002086e+01,5.000000000000000000e-01
1.973900000000001853e+01,5.000000000000000000e-01
1.974000000000001975e+01,5.000000000000000000e-01
1.974100000000002098e+01,5.000000000000000000e-01
1.974200000000001864e+01,5.000000000000000000e-01
1.974300000000001987e+01,5.000000000000000000e-01
1.974400000000001754e+01,5.000000000000000000e-01
1.974500000000001876e+01,5.000000000000000000e-01
1.974600000000001998e+01,5.000000000000000000e-01
1.974700000000001765e+01,5.000000000000000000e-01
1.974800000000001887e+01,5.000000000000000000e-01
1.974900000000002009e+01,5.000000000000000000e-01
1.975000000000001776e+01,5.000000000000000000e-01
1.975100000000001899e+01,5.000000000000000000e-01
1.975200000000002021e+01,5.000000000000000000e-01
1.975300000000001788e+01,5.000000000000000000e-01
1.975400000000001910e+01,5.000000000000000000e-01
1.975500000000002032e+01,5.000000000000000000e-01
1.975600000000001799e+01,5.000000000000000000e-01
1.975700000000001921e+01,5.000000000000000000e-01
1.975800000000002044e+01,5.000000000000000000e-01
1.975900000000001810e+01,5.000000000000000000e-01
1.976000000000001933e+01,5.000000000000000000e-01
1.976100000000002055e+01,5.000000000000000000e-01
1.976200000000001822e+01,5.000000000000000000e-01
1.976300000000001944e+01,5.000000000000000000e-01
1.976400000000002066e+01,5.000000000000000000e-01
1.976500000000001833e+01,5.000000000000000000e-01
1.976600000000001955e+01,5.000000000000000000e-01
1.976700000000002078e+01,5.000000000000000000e-01
1.976800000000001845e+01,5.000000000000000000e-01
1.976900000000001967e+01,5.000000000000000000e-01
1.977000000000002089e+01,5.000000000000000000e-01
1.977100000000001856e+01,5.000000000000000000e-01
1.977200000000001978e+01,5.000000000000000000e-01
1.977300000000001745e+01,5.000000000000000000e-01
1.977400000000001867e+01,5.000000000000000000e-01
1.977500000000001990e+01,5.000000000000000000e-01
1.977600000000001756e+01,5.000000000000000000e-01
1.977700000000001879e+01,5.000000000000000000e-01
1.977800000000002001e+01,5.000000000000000000e-01
1.977900000000001768e+01,5.000000000000000000e-01
1.978000000000001890e+01,5.000000000000000000e-01
1.978100000000002012e+01,5.000000000000000000e-01
1.978200000000001779e+01,5.000000000000000000e-01
1.978300000000001901e+01,5.000000000000000000e-01
1.978400000000002024e+01,5.000000000000000000e-01
1.978500000000001791e+01,5.000000000000000000e-01
1.978600000000001913e+01,5.000000000000000000e-01
1.978700000000002035e+01,5.000000000000000000e-01
1.978800000000001802e+01,5.000000000000000000e-01
1.978900000000001924e+01,5.000000000000000000e-01
1.979000000000002046e+01,5.000000000000000000e-01
1.979100000000001813e+01,5.000000000000000000e-01
1.979200000000001936e+01,5.000000000000000000e-01
1.979300000000002058e+01,5.000000000000000000e-01
1.979400000000001825e+01,5.000000000000000000e-01
1.979500000000001947e+01,5.000000000000000000e-01
1.979600000000002069e+01,5.000000000000000000e-01
1.979700000000001836e+01,5.000000000000000000e-01
1.979800000000001958e+01,5.000000000000000000e-01
1.979900000000002080e+01,5.000000000000000000e-01
1.980000000000001847e+01,5.000000000000000000e-01
1.980100000000001970e+01,5.000000000000000000e-01
1.980200000000002092e+01,5.000000000000000000e-01
1.980300000000001859e+01,5.000000000000000000e-01
1.980400000000001981e+01,5.000000000000000000e-01
1.980500000000002103e+01,5.000000000000000000e-01
1.980600000000001870e+01,5.000000000000000000e-01
1.980700000000001992e+01,5.000000000000000000e-01
1.980800000000001759e+01,5.000000000000000000e-01
1.980900000000001882e+01,5.000000000000000000e-01
1.981000000000002004e+01,5.000000000000000000e-01
1.981100000000001771e+01,5.000000000000000000e-01
1.981200000000001893e+01,5.000000000000000000e-01
1.981300000000002015e+01,5.000000000000000000e-01
1.981400000000001782e+01,5.000000000000000000e-01
1.981500000000001904e+01,5.000000000000000000e-01
1.981600000000002026e+01,5.000000000000000000e-01
1.981700000000001793e+01,5.000000000000000000e-01
1.981800000000001916e+01,5.000000000000000000e-01
1.981900000000002038e+01,5.000000000000000000e-01
1.982000000000001805e+01,5.000000000000000000e-01
1.982100000000001927e+01,5.000000000000000000e-01
1.982200000000002049e+01,5.000000000000000000e-01
1.982300000000001816e+01,5.000000000000000000e-01
1.982400000000001938e+01,5.000000000000000000e-01
1.982500000000002061e+01,5.000000000000000000e-01
1.982600000000001828e+01,5.000000000000000000e-01
1.982700000000001950e+01,5.000000000000000000e-01
1.982800000000002072e+01,5.000000000000000000e-01
1.982900000000001839e+01,5.000000000000000000e-01
1.983000000000001961e+01,5.000000000000000000e-01
1.983100000000002083e+01,5.000000000000000000e-01
1.983200000000001850e+01,5.000000000000000000e-01
1.983300000000001972e+01,5.000000000000000000e-01
1.983400000000002095e+01,5.000000000000000000e-01
1.983500000000001862e+01,5.000000000000000000e-01
1.983600000000001984e+01,5.000000000000000000e-01
1.983700000000001751e+01,5.000000000000000000e-01
1.983800000000001873e+01,5.000000000000000000e-01
1.983900000000001995e+01,5.000000000000000000e-01
1.984000000000001762e+01,5.000000000000000000e-01
1.984100000000001884e+01,5.000000000000000000e-01
1.984200000000002007e+01,5.000000000000000000e-01
1.984300000000001774e+01,5.000000000000000000e-01
1.984400000000001896e+01,5.000000000000000000e-01
1.984500000000002018e+01,5.000000000000000000e-01
1.984600000000001785e+01,5.000000000000000000e-01
1.984700000000001907e+01,5.000000000000000000e-01
1.984800000000002029e+01,5.000000000000000000e-01
1.984900000000001796e+01,5.000000000000000000e-01
1.985000000000001918e+01,5.000000000000000000e-01
1.985100000000002041e+01,5.000000000000000000e-01
1.985200000000001808e+01,5.000000000000000000e-01
1.985300000000001930e+01,5.000000000000000000e-01
1.985400000000002052e+01,5.000000000000000000e-01
1.985500000000001819e+01,5.000000000000000000e-01
1.985600000000001941e+01,5.000000000000000000e-01
1.985700000000002063e+01,5.000000000000000000e-01
1.985800000000001830e+01,5.000000000000000000e-01
1.985900000000001953e+01,5.000000000000000000e-01
1.986000000000002075e+01,5.000000000000000000e-01
1.986100000000001842e+01,5.000000000000000000e-01
1.986200000000001964e+01,5.000000000000000000e-01
1.986300000000002086e+01,5.000000000000000000e-01
1.986400000000001853e+01,5.000000000000000000e-01
1.986500000000001975e+01,5.000000000000000000e-01
1.986600000000002098e+01,5.000000000000000000e-01
1.986700000000001864e+01,5.000000000000000000e-01
1.986800000000001987e+01,5.000000000000000000e-01
1.986900000000002109e+01,5.000000000000000000e-01
1.987000000000001876e+01,5.000000000000000000e-01
1.987100000000001998e+01,5.000000000000000000e-01
1.987200000000001765e+01,5.000000000000000000e-01
1.987300000000001887e+01,5.000000000000000000e-01
1.987400000000002009e+01,5.000000000000000000e-01
1.987500000000001776e+01,5.000000000000000000e-01
1.987600000000001899e+01,5.000000000000000000e-01
1.987700000000002021e+01,5.000000000000000000e-01
1.987800000000001788e+01,5.000000000000000000e-01
1.987900000000001910e+01,5.000000000000000000e-01
1.988000000000002032e+01,5.000000000000000000e-01
1.988100000000001799e+01,5.000000000000000000e-01
1.988200000000001921e+01,5.000000000000000000e-01
1.988300000000002044e+01,5.000000000000000000e-01
1.988400000000001810e+01,5.000000000000000000e-01
1.988500000000001933e+01,5.000000000000000000e-01
1.988600000000002055e+01,5.000000000000000000e-01
1.988700000000001822e+01,5.000000000000000000e-01
1.988800000000001944e+01,5.000000000000000000e-01
1.988900000000002066e+01,5.000000000000000000e-01
1.989000000000001833e+01,5.000000000000000000e-01
1.989100000000001955e+01,5.000000000000000000e-01
1.989200000000002078e+01,5.000000000000000000e-01
1.989300000000001845e+01,5.000000000000000000e-01
1.989400000000001967e+01,5.000000000000000000e-01
1.989500000000002089e+01,5.000000000000000000e-01
1.989600000000001856e+01,5.000000000000000000e-01
1.989700000000001978e+01,5.000000000000000000e-01
1.989800000000002100e+01,5.000000000000000000e-01
1.989900000000001867e+01,5.000000000000000000e-01
1.990000000000001990e+01,5.000000000000000000e-01
1.990100000000001756e+01,5.000000000000000000e-01
1.990200000000001879e+01,5.000000000000000000e-01
1.990300000000002001e+01,5.000000000000000000e-01
1.990400000000001768e+01,5.000000000000000000e-01
1.990500000000001890e+01,5.000000000000000000e-01
1.990600000000002012e+01,5.000000000000000000e-01
1.990700000000001779e+01,5.000000000000000000e-01
1.990800000000001901e+01,5.000000000000000000e-01
1.990900000000002024e+01,5.000000000000000000e-01
1.991000000000001791e+01,5.000000000000000000e-01
1.991100000000001913e+01,5.000000000000000000e-01
1.991200000000002035e+01,5.000000000000000000e-01
1.991300000000001802e+01,5.000000000000000000e-01
1.991400000000001924e+01,5.000000000000000000e-01
1.991500000000002046e+01,5.000000000000000000e-01
1.991600000000001813e+01,5.000000000000000000e-01
1.991700000000001936e+01,5.000000000000000000e-01
1.991800000000002058e+01,5.000000000000000000e-01
1.991900000000001825e+01,5.000000000000000000e-01
1.992000000000001947e+01,5.000000000000000000e-01
1.992100000000002069e+01,5.000000000000000000e-01
1.992200000000001836e+01,5.000000000000000000e-01
1.992300000000001958e+01,5.000000000000000000e-01
1.992400000000002080e+01,5.000000000000000000e-01
1.992500000000001847e+01,5.000000000000000000e-01
1.992600000000001970e+01,5.000000000000000000e-01
1.992700000000002092e+01,5.000000000000000000e-01
1.992800000000001859e+01,5.000000000000000000e-01
1.992900000000001981e+01,5.000000000000000000e-01
1.993000000000002103e+01,5.000000000000000000e-01
1.993100000000001870e+01,5.000000000000000000e-01
1.993200000000001992e+01,5.000000000000000000e-01
1.993300000000002115e+01,5.000000000000000000e-01
1.993400000000001882e+01,5.000000000000000000e-01
1.993500000000002004e+01,5.000000000000000000e-01
1.993600000000001771e+01,5.000000000000000000e-01
1.993700000000001893e+01,5.000000000000000000e-01
1.993800000000002015e+01,5.000000000000000000e-01
1.993900000000001782e+01,5.000000000000000000e-01
1.994000000000001904e+01,5.000000000000000000e-01
1.994100000000002026e+01,5.000000000000000000e-01
1.994200000000001793e+01,5.000000000000000000e-01
1.994300000000001916e+01,5.000000000000000000e-01
1.994400000000002038e+01,5.000000000000000000e-01
1.994500000000001805e+01,5.000000000000000000e-01
1.994600000000001927e+01,5.000000000000000000e-01
1.994700000000002049e+01,5.000000000000000000e-01
1.994800000000001816e+01,5.000000000000000000e-01
1.994900000000001938e+01,5.000000000000000000e-01
1.995000000000002061e+01,5.000000000000000000e-01
1.995100000000001828e+01,5.000000000000000000e-01
1.995200000000001950e+01,5.000000000000000000e-01
1.995300000000002072e+01,5.000000000000000000e-01
1.995400000000001839e+01,5.000000000000000000e-01
1.995500000000001961e+01,5.000000000000000000e-01
1.995600000000002083e+01,5.000000000000000000e-01
1.995700000000001850e+01,5.000000000000000000e-01
1.995800000000001972e+01,5.000000000000000000e-01
1.995900000000002095e+01,5.000000000000000000e-01
1.996000000000001862e+01,5.000000000000000000e-01
1.996100000000001984e+01,5.000000000000000000e-01
1.996200000000002106e+01,5.000000000000000000e-01
1.996300000000001873e+01,5.000000000000000000e-01
1.996400000000001995e+01,5.000000000000000000e-01
1.996500000000001762e+01,5.000000000000000000e-01
1.996600000000001884e+01,5.000000000000000000e-01
1.996700000000002007e+01,5.000000000000000000e-01
1.996800000000001774e+01,5.000000000000000000e-01
1.996900000000001896e+01,5.000000000000000000e-01
1.997000000000002018e+01,5.000000000000000000e-01
1.997100000000001785e+01,5.000000000000000000e-01
1.997200000000001907e+01,5.000000000000000000e-01
1.997300000000002029e+01,5.000000000000000000e-01
1.997400000000001796e+01,5.000000000000000000e-01
1.997500000000001918e+01,5.000000000000000000e-01
1.997600000000002041e+01,5.000000000000000000e-01
1.997700000000001808e+01,5.000000000000000000e-01
1.997800000000001930e+01,5.000000000000000000e-01
1.997900000000002052e+01,5.000000000000000000e-01
1.998000000000001819e+01,5.000000000000000000e-01
1.998100000000001941e+01,5.000000000000000000e-01
1.998200000000002063e+01,5.000000000000000000e-01
1.998300000000001830e+01,5.000000000000000000e-01
1.998400000000001953e+01,5.000000000000000000e-01
1.998500000000002075e+01,5.000000000000000000e-01
1.998600000000001842e+01,5.000000000000000000e-01
1.998700000000001964e+01,5.000000000000000000e-01
1.998800000000002086e+01,5.000000000000000000e-01
1.998900000000001853e+01,5.000000000000000000e-01
1.999000000000001975e+01,5.000000000000000000e-01
1.999100000000002098e+01,5.000000000000000000e-01
1.999200000000001864e+01,5.000000000000000000e-01
1.999300000000001987e+01,5.000000000000000000e-01
1.999400000000002109e+01,5.000000000000000000e-01
1.999500000000001876e+01,5.000000000000000000e-01
1.999600000000001998e+01,5.000000000000000000e-01
1.999700000000002120e+01,5.000000000000000000e-01
1.999800000000001887e+01,5.000000000000000000e-01
1.999900000000002009e+01,5.000000000000000000e-01
2.000000000000001776e+01,5.000000000000000000e-01
2.000100000000001899e+01,5.000000000000000000e-01
2.000200000000002021e+01,5.000000000000000000e-01
2.000300000000001788e+01,5.000000000000000000e-01
2.000400000000001910e+01,5.000000000000000000e-01
2.000500000000002032e+01,5.000000000000000000e-01
2.000600000000001799e+01,5.000000000000000000e-01
2.000700000000001921e+01,5.000000000000000000e-01
2.000800000000002044e+01,5.000000000000000000e-01
2.000900000000001810e+01,5.000000000000000000e-01
2.001000000000001933e+01,5.000000000000000000e-01
2.001100000000002055e+01,5.000000000000000000e-01
2.001200000000001822e+01,5.000000000000000000e-01
2.001300000000001944e+01,5.000000000000000000e-01
2.001400000000002066e+01,5.000000000000000000e-01
2.001500000000001833e+01,5.000000000000000000e-01
2.001600000000001955e+01,5.000000000000000000e-01
2.001700000000002078e+01,5.000000000000000000e-01
2.001800000000001845e+01,5.000000000000000000e-01
2.001900000000001967e+01,5.000000000000000000e-01
2.002000000000002089e+01,5.000000000000000000e-01
2.002100000000001856e+01,5.000000000000000000e-01
2.002200000000001978e+01,5.000000000000000000e-01
2.002300000000002100e+01,5.000000000000000000e-01
2.002400000000001867e+01,5.000000000000000000e-01
2.002500000000001990e+01,5.000000000000000000e-01
2.002600000000002112e+01,5.000000000000000000e-01
2.002700000000001879e+01,5.000000000000000000e-01
2.002800000000002001e+01,5.000000000000000000e-01
2.002900000000001768e+01,5.000000000000000000e-01
2.003000000000001890e+01,5.000000000000000000e-01
2.003100000000002012e+01,5.000000000000000000e-01
2.003200000000001779e+01,5.000000000000000000e-01
2.003300000000001901e+01,5.000000000000000000e-01
2.003400000000002024e+01,5.000000000000000000e-01
2.003500000000001791e+01,5.000000000000000000e-01
2.003600000000001913e+01,5.000000000000000000e-01
2.003700000000002035e+01,5.000000000000000000e-01
2.003800000000001802e+01,5.000000000000000000e-01
2.003900000000001924e+01,5.000000000000000000e-01
2.004000000000002046e+01,5.000000000000000000e-01
2.004100000000001813e+01,5.000000000000000000e-01
2.004200000000001936e+01,5.000000000000000000e-01
2.004300000000002058e+01,5.000000000000000000e-01
2.004400000000001825e+01,5.000000000000000000e-01
2.004500000000001947e+01,5.000000000000000000e-01
2.004600000000002069e+01,5.000000000000000000e-01
2.004700000000001836e+01,5.000000000000000000e-01
2.004800000000001958e+01,5.000000000000000000e-01
2.004900000000002080e+01,5.000000000000000000e-01
2.005000000000001847e+01,5.000000000000000000e-01
2.005100000000001970e+01,5.000000000000000000e-01
2.005200000000002092e+01,5.000000000000000000e-01
2.005300000000001859e+01,5.000000000000000000e-01
2.005400000000001981e+01,5.000000000000000000e-01
2.005500000000002103e+01,5.000000000000000000e-01
2.005600000000001870e+01,5.000000000000000000e-01
2.005700000000001992e+01,5.000000000000000000e-01
2.005800000000002115e+01,5.000000000000000000e-01
2.005900000000001882e+01,5.000000000000000000e-01
2.006000000000002004e+01,5.000000000000000000e-01
2.006100000000002126e+01,5.000000000000000000e-01
2.006200000000001893e+01,5.000000000000000000e-01
2.006300000000002015e+01,5.000000000000000000e-01
2.006400000000001782e+01,5.000000000000000000e-01
2.006500000000001904e+01,5.000000000000000000e-01
2.006600000000002026e+01,5.000000000000000000e-01
2.006700000000001793e+01,5.000000000000000000e-01
2.006800000000001916e+01,5.000000000000000000e-01
2.006900000000002038e+01,5.000000000000000000e-01
2.007000000000001805e+01,5.000000000000000000e-01
2.007100000000001927e+01,5.000000000000000000e-01
2.007200000000002049e+01,5.000000000000000000e-01
2.007300000000001816e+01,5.000000000000000000e-01
2.007400000000001938e+01,5.000000000000000000e-01
2.007500000000002061e+01,5.000000000000000000e-01
2.007600000000001828e+01,5.000000000000000000e-01
2.007700000000001950e+01,5.000000000000000000e-01
2.007800000000002072e+01,5.000000000000000000e-01
2.007900000000001839e+01,5.000000000000000000e-01
2.008000000000001961e+01,5.000000000000000000e-01
2.008100000000002083e+01,5.000000000000000000e-01
2.008200000000001850e+01,5.000000000000000000e-01
2.008300000000001972e+01,5.000000000000000000e-01
2.008400000000002095e+01,5.000000000000000000e-01
2.008500000000001862e+01,5.000000000000000000e-01
2.008600000000001984e+01,5.000000000000000000e-01
2.008700000000002106e+01,5.000000000000000000e-01
2.008800000000001873e+01,5.000000000000000000e-01
2.008900000000001995e+01,5.000000000000000000e-01
2.009000000000002117e+01,5.000000000000000000e-01
2.009100000000001884e+01,5.000000000000000000e-01
2.009200000000002007e+01,5.000000000000000000e-01
2.009300000000001774e+01,5.000000000000000000e-01
2.009400000000001896e+01,5.000000000000000000e-01
2.009500000000002018e+01,5.000000000000000000e-01
2.009600000000001785e+01,5.000000000000000000e-01
2.009700000000001907e+01,5.000000000000000000e-01
2.009800000000002029e+01,5.000000000000000000e-01
2.009900000000001796e+01,5.000000000000000000e-01
2.010000000000001918e+01,5.000000000000000000e-01
2.010100000000002041e+01,5.000000000000000000e-01
2.010200000000001808e+01,5.000000000000000000e-01
2.010300000000001930e+01,5.000000000000000000e-01
2.010400000000002052e+01,5.000000000000000000e-01
2.010500000000001819e+01,5.000000000000000000e-01
2.010600000000001941e+01,5.000000000000000000e-01
2.010700000000002063e+01,5.000000000000000000e-01
2.010800000000001830e+01,5.000000000000000000e-01
2.010900000000001953e+01,5.000000000000000000e-01
2.011000000000002075e+01,5.000000000000000000e-01
2.011100000000001842e+01,5.000000000000000000e-01
2.011200000000001964e+01,5.000000000000000000e-01
2.011300000000002086e+01,5.000000000000000000e-01
2.011400000000001853e+01,5.000000000000000000e-01
2.011500000000001975e+01,5.000000000000000000e-01
2.011600000000002098e+01,5.000000000000000000e-01
2.011700000000001864e+01,5.000000000000000000e-01
2.011800000000001987e+01,5.000000000000000000e-01
2.011900000000002109e+01,5.000000000000000000e-01
2.012000000000001876e+01,5.000000000000000000e-01
2.012100000000001998e+01,5.000000000000000000e-01
2.012200000000002120e+01,5.000000000000000000e-01
2.012300000000001887e+01,5.000000000000000000e-01
2.012400000000002009e+01,5.000000000000000000e-01
2.012500000000002132e+01,5.000000000000000000e-01
2.012600000000001899e+01,5.000000000000000000e-01
2.012700000000002021e+01,5.000000000000000000e-01
2.012800000000001788e+01,5.000000000000000000e-01
2.012900000000001910e+01,5.000000000000000000e-01
2.013000000000002032e+01,5.000000000000000000e-01
2.013100000000001799e+01,5.000000000000000000e-01
2.013200000000001921e+01,5.000000000000000000e-01
2.013300000000002044e+01,5.000000000000000000e-01
2.013400000000001810e+01,5.000000000000000000e-01
2.013500000000001933e+01,5.000000000000000000e-01
2.013600000000002055e+01,5.000000000000000000e-01
2.013700000000001822e+01,5.000000000000000000e-01
2.013800000000001944e+01,5.000000000000000000e-01
2.013900000000002066e+01,5.000000000000000000e-01
2.014000000000001833e+01,5.000000000000000000e-01
2.014100000000001955e+01,5.000000000000000000e-01
2.014200000000002078e+01,5.000000000000000000e-01
2.014300000000001845e+01,5.000000000000000000e-01
2.014400000000001967e+01,5.000000000000000000e-01
2.014500000000002089e+01,5.000000000000000000e-01
2.014600000000001856e+01,5.000000000000000000e-01
2.014700000000001978e+01,5.000000000000000000e-01
2.014800000000002100e+01,5.000000000000000000e-01
2.014900000000001867e+01,5.000000000000000000e-01
2.015000000000001990e+01,5.000000000000000000e-01
2.015100000000002112e+01,5.000000000000000000e-01
2.015200000000001879e+01,5.000000000000000000e-01
2.015300000000002001e+01,5.000000000000000000e-01
2.015400000000002123e+01,5.000000000000000000e-01
2.015500000000001890e+01,5.000000000000000000e-01
2.015600000000002012e+01,5.000000000000000000e-01
2.015700000000001779e+01,5.000000000000000000e-01
2.015800000000001901e+01,5.000000000000000000e-01
2.015900000000002024e+01,5.000000000000000000e-01
2.016000000000001791e+01,5.000000000000000000e-01
2.016100000000001913e+01,5.000000000000000000e-01
2.016200000000002035e+01,5.000000000000000000e-01
2.016300000000001802e+01,5.000000000000000000e-01
2.016400000000001924e+01,5.000000000000000000e-01
2.016500000000002046e+01,5.000000000000000000e-01
2.016600000000001813e+01,5.000000000000000000e-01
2.016700000000001936e+01,5.000000000000000000e-01
2.016800000000002058e+01,5.000000000000000000e-01
2.016900000000001825e+01,5.000000000000000000e-01
2.017000000000001947e+01,5.000000000000000000e-01
2.017100000000002069e+01,5.000000000000000000e-01
2.017200000000001836e+01,5.000000000000000000e-01
2.017300000000001958e+01,5.000000000000000000e-01
2.017400000000002080e+01,5.000000000000000000e-01
2.017500000000001847e+01,5.000000000000000000e-01
2.017600000000001970e+01,5.000000000000000000e-01
2.017700000000002092e+01,5.000000000000000000e-01
2.017800000000001859e+01,5.000000000000000000e-01
2.017900000000001981e+01,5.000000000000000000e-01
2.018000000000002103e+01,5.000000000000000000e-01
2.018100000000001870e+01,5.000000000000000000e-01
2.018200000000001992e+01,5.000000000000000000e-01
2.018300000000002115e+01,5.000000000000000000e-01
2.018400000000001882e+01,5.000000000000000000e-01
2.018500000000002004e+01,5.000000000000000000e-01
2.018600000000002126e+01,5.000000000000000000e-01
2.018700000000001893e+01,5.000000000000000000e-01
2.018800000000002015e+01,5.000000000000000000e-01
2.018900000000002137e+01,5.000000000000000000e-01
2.019000000000001904e+01,5.000000000000000000e-01
2.019100000000002026e+01,5.000000000000000000e-01
2.019200000000001793e+01,5.000000000000000000e-01
2.019300000000001916e+01,5.000000000000000000e-01
2.019400000000002038e+01,5.000000000000000000e-01
2.019500000000001805e+01,5.000000000000000000e-01
2.019600000000001927e+01,5.000000000000000000e-01
2.019700000000002049e+01,5.000000000000000000e-01
2.019800000000001816e+01,5.000000000000000000e-01
2.019900000000001938e+01,5.000000000000000000e-01
2.020000000000002061e+01,5.000000000000000000e-01
2.020100000000001828e+01,5.000000000000000000e-01
2.020200000000001950e+01,5.000000000000000000e-01
2.020300000000002072e+01,5.000000000000000000e-01
2.020400000000001839e+01,5.000000000000000000e-01
2.020500000000001961e+01,5.000000000000000000e-01
2.020600000000002083e+01,5.000000000000000000e-01
2.020700000000001850e+01,5.000000000000000000e-01
2.020800000000001972e+01,5.000000000000000000e-01
2.020900000000002095e+01,5.000000000000000000e-01
2.021000000000001862e+01,5.000000000000000000e-01
2.021100000000001984e+01,5.000000000000000000e-01
2.021200000000002106e+01,5.000000000000000000e-01
2.021300000000001873e+01,5.000000000000000000e-01
2.021400000000001995e+01,5.000000000000000000e-01
2.021500000000002117e+01,5.000000000000000000e-01
2.021600000000001884e+01,5.000000000000000000e-01
2.021700000000002007e+01,5.000000000000000000e-01
2.021800000000002129e+01,5.000000000000000000e-01
2.021900000000001896e+01,5.000000000000000000e-01
2.022000000000002018e+01,5.000000000000000000e-01
2.022100000000001785e+01,5.000000000000000000e-01
2.022200000000001907e+01,5.000000000000000000e-01
2.022300000000002029e+01,5.000000000000000000e-01
2.022400000000001796e+01,5.000000000000000000e-01
2.022500000000001918e+01,5.000000000000000000e-01
2.022600000000002041e+01,5.000000000000000000e-01
2.022700000000001808e+01,5.000000000000000000e-01
2.022800000000001930e+01,5.000000000000000000e-01
2.022900000000002052e+01,5.000000000000000000e-01
2.023000000000001819e+01,5.000000000000000000e-01
2.023100000000001941e+01,5.000000000000000000e-01
2.023200000000002063e+01,5.000000000000000000e-01
2.023300000000001830e+01,5.000000000000000000e-01
2.023400000000001953e+01,5.000000000000000000e-01
2.023500000000002075e+01,5.000000000000000000e-01
2.023600000000001842e+01,5.000000000000000000e-01
2.023700000000001964e+01,5.000000000000000000e-01
2.023800000000002086e+01,5.000000000000000000e-01
2.023900000000001853e+01,5.000000000000000000e-01
2.024000000000001975e+01,5.000000000000000000e-01
2.024100000000002098e+01,5.000000000000000000e-01
2.024200000000001864e+01,5.000000000000000000e-01
2.024300000000001987e+01,5.000000000000000000e-01
2.024400000000002109e+01,5.000000000000000000e-01
2.024500000000001876e+01,5.000000000000000000e-01
2.024600000000001998e+01,5.000000000000000000e-01
2.024700000000002120e+01,5.000000000000000000e-01
2.024800000000001887e+01,5.000000000000000000e-01
2.024900000000002009e+01,5.000000000000000000e-01
2.025000000000002132e+01,5.000000000000000000e-01
2.025100000000001899e+01,5.000000000000000000e-01
2.025200000000002021e+01,5.000000000000000000e-01
2.025300000000002143e+01,5.000000000000000000e-01
2.025400000000001910e+01,5.000000000000000000e-01
2.025500000000002032e+01,5.000000000000000000e-01
2.025600000000001799e+01,5.000000000000000000e-01
2.025700000000001921e+01,5.000000000000000000e-01
2.025800000000002044e+01,5.000000000000000000e-01
2.025900000000001810e+01,5.000000000000000000e-01
2.026000000000001933e+01,5.000000000000000000e-01
2.026100000000002055e+01,5.000000000000000000e-01
2.026200000000001822e+01,5.000000000000000000e-01
2.026300000000001944e+01,5.000000000000000000e-01
2.026400000000002066e+01,5.000000000000000000e-01
2.026500000000001833e+01,5.000000000000000000e-01
2.026600000000001955e+01,5.000000000000000000e-01
2.026700000000002078e+01,5.000000000000000000e-01
2.026800000000001845e+01,5.000000000000000000e-01
2.026900000000001967e+01,5.000000000000000000e-01
2.027000000000002089e+01,5.000000000000000000e-01
2.027100000000001856e+01,5.000000000000000000e-01
2.027200000000001978e+01,5.000000000000000000e-01
2.027300000000002100e+01,5.000000000000000000e-01
2.027400000000001867e+01,5.000000000000000000e-01
2.027500000000001990e+01,5.000000000000000000e-01
2.027600000000002112e+01,5.000000000000000000e-01
2.027700000000001879e+01,5.000000000000000000e-01
2.027800000000002001e+01,5.000000000000000000e-01
2.027900000000002123e+01,5.000000000000000000e-01
2.028000000000001890e+01,5.000000000000000000e-01
2.028100000000002012e+01,5.000000000000000000e-01
2.028200000000002134e+01,5.000000000000000000e-01
2.028300000000001901e+01,5.000000000000000000e-01
2.028400000000002024e+01,5.000000000000000000e-01
2.028500000000001791e+01,5.000000000000000000e-01
2.028600000000001913e+01,5.000000000000000000e-01
2.028700000000002035e+01,5.000000000000000000e-01
2.028800000000001802e+01,5.000000000000000000e-01
2.028900000000001924e+01,5.000000000000000000e-01
2.029000000000002046e+01,5.000000000000000000e-01
2.029100000000001813e+01,5.000000000000000000e-01
2.029200000000001936e+01,5.000000000000000000e-01
2.029300000000002058e+01,5.000000000000000000e-01
2.029400000000001825e+01,5.000000000000000000e-01
2.029500000000001947e+01,5.000000000000000000e-01
2.029600000000002069e+01,5.000000000000000000e-01
2.029700000000001836e+01,5.000000000000000000e-01
2.029800000000001958e+01,5.000000000000000000e-01
2.029900000000002080e+01,5.000000000000000000e-01
2.030000000000001847e+01,5.000000000000000000e-01
2.030100000000001970e+01,5.000000000000000000e-01
2.030200000000002092e+01,5.000000000000000000e-01
2.030300000000001859e+01,5.000000000000000000e-01
2.030400000000001981e+01,5.000000000000000000e-01
2.030500000000002103e+01,5.000000000000000000e-01
2.030600000000001870e+01,5.000000000000000000e-01
2.030700000000001992e+01,5.000000000000000000e-01
2.030800000000002115e+01,5.000000000000000000e-01
2.030900000000001882e+01,5.000000000000000000e-01
2.031000000000002004e+01,5.000000000000000000e-01
2.031100000000002126e+01,5.000000000000000000e-01
2.031200000000001893e+01,5.000000000000000000e-01
2.031300000000002015e+01,5.000000000000000000e-01
2.031400000000002137e+01,5.000000000000000000e-01
2.031500000000001904e+01,5.000000000000000000e-01
2.031600000000002026e+01,5.000000000000000000e-01
2.031700000000002149e+01,5.000000000000000000e-01
2.031800000000001916e+01,5.000000000000000000e-01
2.031900000000002038e+01,5.000000000000000000e-01
2.032000000000001805e+01,5.000000000000000000e-01
2.032100000000001927e+01,5.000000000000000000e-01
2.032200000000002049e+01,5.000000000000000000e-01
2.032300000000001816e+01,5.000000000000000000e-01
2.032400000000001938e+01,5.000000000000000000e-01
2.032500000000002061e+01,5.000000000000000000e-01
2.032600000000001828e+01,5.000000000000000000e-01
2.032700000000001950e+01,5.000000000000000000e-01
2.032800000000002072e+01,5.000000000000000000e-01
2.032900000000001839e+01,5.000000000000000000e-01
2.033000000000001961e+01,5.000000000000000000e-01
2.033100000000002083e+01,5.000000000000000000e-01
2.033200000000001850e+01,5.000000000000000000e-01
2.033300000000001972e+01,5.000000000000000000e-01
2.033400000000002095e+01,5.000000000000000000e-01
2.033500000000001862e+01,5.000000000000000000e-01
2.033600000000001984e+01,5.000000000000000000e-01
2.033700000000002106e+01,5.000000000000000000e-01
2.033800000000001873e+01,5.000000000000000000e-01
2.033900000000001995e+01,5.000000000000000000e-01
2.034000000000002117e+01,5.000000000000000000e-01
2.034100000000001884e+01,5.000000000000000000e-01
2.034200000000002007e+01,5.000000000000000000e-01
2.034300000000002129e+01,5.000000000000000000e-01
2.034400000000001896e+01,5.000000000000000000e-01
2.034500000000002018e+01,5.000000000000000000e-01
2.034600000000002140e+01,5.000000000000000000e-01
2.034700000000001907e+01,5.000000000000000000e-01
2.034800000000002029e+01,5.000000000000000000e-01
2.034900000000001796e+01,5.000000000000000000e-01
2.035000000000001918e+01,5.000000000000000000e-01
2.035100000000002041e+01,5.000000000000000000e-01
2.035200000000001808e+01,5.000000000000000000e-01
2.035300000000001930e+01,5.000000000000000000e-01
2.035400000000002052e+01,5.000000000000000000e-01
2.035500000000001819e+01,5.000000000000000000e-01
2.035600000000001941e+01,5.000000000000000000e-01
2.035700000000002063e+01,5.000000000000000000e-01
2.035800000000001830e+01,5.000000000000000000e-01
2.035900000000001953e+01,5.000000000000000000e-01
2.036000000000002075e+01,5.000000000000000000e-01
2.036100000000001842e+01,5.000000000000000000e-01
2.036200000000001964e+01,5.000000000000000000e-01
2.036300000000002086e+01,5.000000000000000000e-01
2.036400000000001853e+01,5.000000000000000000e-01
2.036500000000001975e+01,5.000000000000000000e-01
2.036600000000002098e+01,5.000000000000000000e-01
2.036700000000001864e+01,5.000000000000000000e-01
2.036800000000001987e+01,5.000000000000000000e-01
2.036900000000002109e+01,5.000000000000000000e-01
2.037000000000001876e+01,5.000000000000000000e-01
2.037100000000001998e+01,5.000000000000000000e-01
2.037200000000002120e+01,5.000000000000000000e-01
2.037300000000001887e+01,5.000000000000000000e-01
2.037400000000002009e+01,5.000000000000000000e-01
2.037500000000002132e+01,5.000000000000000000e-01
2.037600000000001899e+01,5.000000000000000000e-01
2.037700000000002021e+01,5.000000000000000000e-01
2.037800000000002143e+01,5.000000000000000000e-01
2.037900000000001910e+01,5.000000000000000000e-01
2.038000000000002032e+01,5.000000000000000000e-01
2.038100000000002154e+01,5.000000000000000000e-01
2.038200000000001921e+01,5.000000000000000000e-01
2.038300000000002044e+01,5.000000000000000000e-01
2.038400000000001810e+01,5.000000000000000000e-01
2.038500000000001933e+01,5.000000000000000000e-01
2.038600000000002055e+01,5.000000000000000000e-01
2.038700000000001822e+01,5.000000000000000000e-01
2.038800000000001944e+01,5.000000000000000000e-01
2.038900000000002066e+01,5.000000000000000000e-01
2.039000000000001833e+01,5.000000000000000000e-01
2.039100000000001955e+01,5.000000000000000000e-01
2.039200000000002078e+01,5.000000000000000000e-01
2.039300000000001845e+01,5.000000000000000000e-01
2.039400000000001967e+01,5.000000000000000000e-01
2.039500000000002089e+01,5.000000000000000000e-01
2.039600000000001856e+01,5.000000000000000000e-01
2.039700000000001978e+01,5.000000000000000000e-01
2.039800000000002100e+01,5.000000000000000000e-01
2.039900000000001867e+01,5.000000000000000000e-01
2.040000000000001990e+01,5.000000000000000000e-01
2.040100000000002112e+01,5.000000000000000000e-01
2.040200000000001879e+01,5.000000000000000000e-01
2.040300000000002001e+01,5.000000000000000000e-01
2.040400000000002123e+01,5.000000000000000000e-01
2.040500000000001890e+01,5.000000000000000000e-01
2.040600000000002012e+01,5.000000000000000000e-01
2.040700000000002134e+01,5.000000000000000000e-01
2.040800000000001901e+01,5.000000000000000000e-01
2.040900000000002024e+01,5.000000000000000000e-01
2.041000000000002146e+01,5.000000000000000000e-01
2.041100000000001913e+01,5.000000000000000000e-01
2.041200000000002035e+01,5.000000000000000000e-01
2.041300000000001802e+01,5.000000000000000000e-01
2.041400000000001924e+01,5.000000000000000000e-01
2.041500000000002046e+01,5.000000000000000000e-01
2.041600000000001813e+01,5.000000000000000000e-01
2.041700000000001936e+01,5.000000000000000000e-01
2.041800000000002058e+01,5.000000000000000000e-01
2.041900000000001825e+01,5.000000000000000000e-01
2.042000000000001947e+01,5.000000000000000000e-01
2.042100000000002069e+01,5.000000000000000000e-01
2.042200000000001836e+01,5.000000000000000000e-01
2.042300000000001958e+01,5.000000000000000000e-01
2.042400000000002080e+01,5.000000000000000000e-01
2.042500000000001847e+01,5.000000000000000000e-01
2.042600000000001970e+01,5.000000000000000000e-01
2.042700000000002092e+01,5.000000000000000000e-01
2.042800000000001859e+01,5.000000000000000000e-01
2.042900000000001981e+01,5.000000000000000000e-01
2.043000000000002103e+01,5.000000000000000000e-01
2.043100000000001870e+01,5.000000000000000000e-01
2.043200000000001992e+01,5.000000000000000000e-01
2.043300000000002115e+01,5.000000000000000000e-01
2.043400000000001882e+01,5.000000000000000000e-01
2.043500000000002004e+01,5.000000000000000000e-01
2.043600000000002126e+01,5.000000000000000000e-01
2.043700000000001893e+01,5.000000000000000000e-01
2.043800000000002015e+01,5.000000000000000000e-01
2.043900000000002137e+01,5.000000000000000000e-01
2.044000000000001904e+01,5.000000000000000000e-01
2.044100000000002026e+01,5.000000000000000000e-01
2.044200000000002149e+01,5.000000000000000000e-01
2.044300000000001916e+01,5.000000000000000000e-01
2.044400000000002038e+01,5.000000000000000000e-01
2.044500000000002160e+01,5.000000000000000000e-01
2.044600000000001927e+01,5.000000000000000000e-01
2.044700000000002049e+01,5.000000000000000000e-01
2.044800000000001816e+01,5.000000000000000000e-01
2.044900000000001938e+01,5.000000000000000000e-01
2.045000000000002061e+01,5.000000000000000000e-01
2.045100000000001828e+01,5.000000000000000000e-01
2.045200000000001950e+01,5.000000000000000000e-01
2.045300000000002072e+01,5.000000000000000000e-01
2.045400000000001839e+01,5.000000000000000000e-01
2.045500000000001961e+01,5.000000000000000000e-01
2.045600000000002083e+01,5.000000000000000000e-01
2.045700000000001850e+01,5.000000000000000000e-01
2.045800000000001972e+01,5.000000000000000000e-01
2.045900000000002095e+01,5.000000000000000000e-01
2.046000000000001862e+01,5.000000000000000000e-01
2.046100000000001984e+01,5.000000000000000000e-01
2.046200000000002106e+01,5.000000000000000000e-01
2.046300000000001873e+01,5.000000000000000000e-01
2.046400000000001995e+01,5.000000000000000000e-01
2.046500000000002117e+01,5.000000000000000000e-01
2.046600000000001884e+01,5.000000000000000000e-01
2.046700000000002007e+01,5.000000000000000000e-01
2.046800000000002129e+01,5.000000000000000000e-01
2.046900000000001896e+01,5.000000000000000000e-01
2.047000000000002018e+01,5.000000000000000000e-01
2.047100000000002140e+01,5.000000000000000000e-01
2.047200000000001907e+01,5.000000000000000000e-01
2.047300000000002029e+01,5.000000000000000000e-01
2.047400000000002152e+01,5.000000000000000000e-01
2.047500000000001918e+01,5.000000000000000000e-01
2.047600000000002041e+01,5.000000000000000000e-01
2.047700000000001808e+01,5.000000000000000000e-01
2.047800000000001930e+01,5.000000000000000000e-01
2.047900000000002052e+01,5.000000000000000000e-01
2.048000000000001819e+01,5.000000000000000000e-01
2.048100000000001941e+01,5.000000000000000000e-01
2.048200000000002063e+01,5.000000000000000000e-01
2.048300000000001830e+01,5.000000000000000000e-01
2.048400000000001953e+01,5.000000000000000000e-01
2.048500000000002075e+01,5.000000000000000000e-01
2.048600000000001842e+01,5.000000000000000000e-01
2.048700000000001964e+01,5.000000000000000000e-01
2.048800000000002086e+01,5.000000000000000000e-01
2.048900000000001853e+01,5.000000000000000000e-01
2.049000000000001975e+01,5.000000000000000000e-01
2.049100000000002098e+01,5.000000000000000000e-01
2.049200000000001864e+01,5.000000000000000000e-01
2.049300000000001987e+01,5.000000000000000000e-01
2.049400000000002109e+01,5.000000000000000000e-01
2.049500000000001876e+01,5.000000000000000000e-01
2.049600000000001998e+01,5.000000000000000000e-01
2.049700000000002120e+01,5.000000000000000000e-01
2.049800000000001887e+01,5.000000000000000000e-01
2.049900000000002009e+01,5.000000000000000000e-01
2.050000000000002132e+01,5.000000000000000000e-01
2.050100000000001899e+01,5.000000000000000000e-01
2.050200000000002021e+01,5.000000000000000000e-01
2.050300000000002143e+01,5.000000000000000000e-01
2.050400000000001910e+01,5.000000000000000000e-01
2.050500000000002032e+01,5.000000000000000000e-01
2.050600000000002154e+01,5.000000000000000000e-01
2.050700000000001921e+01,5.000000000000000000e-01
2.050800000000002044e+01,5.000000000000000000e-01
2.050900000000002166e+01,5.000000000000000000e-01
2.051000000000001933e+01,5.000000000000000000e-01
2.051100000000002055e+01,5.000000000000000000e-01
2.051200000000001822e+01,5.000000000000000000e-01
2.051300000000001944e+01,5.000000000000000000e-01
2.051400000000002066e+01,5.000000000000000000e-01
2.051500000000001833e+01,5.000000000000000000e-01
2.051600000000001955e+01,5.000000000000000000e-01
2.051700000000002078e+01,5.000000000000000000e-01
2.051800000000001845e+01,5.000000000000000000e-01
2.051900000000001967e+01,5.000000000000000000e-01
2.052000000000002089e+01,5.000000000000000000e-01
2.052100000000001856e+01,5.000000000000000000e-01
2.052200000000001978e+01,5.000000000000000000e-01
2.052300000000002100e+01,5.000000000000000000e-01
2.052400000000001867e+01,5.000000000000000000e-01
2.052500000000001990e+01,5.000000000000000000e-01
2.052600000000002112e+01,5.000000000000000000e-01
2.052700000000001879e+01,5.000000000000000000e-01
2.052800000000002001e+01,5.000000000000000000e-01
2.052900000000002123e+01,5.000000000000000000e-01
2.053000000000001890e+01,5.000000000000000000e-01
2.053100000000002012e+01,5.000000000000000000e-01
2.053200000000002134e+01,5.000000000000000000e-01
2.053300000000001901e+01,5.000000000000000000e-01
2.053400000000002024e+01,5.000000000000000000e-01
2.053500000000002146e+01,5.000000000000000000e-01
2.053600000000001913e+01,5.000000000000000000e-01
2.053700000000002035e+01,5.000000000000000000e-01
2.053800000000002157e+01,5.000000000000000000e-01
2.053900000000001924e+01,5.000000000000000000e-01
2.054000000000002046e+01,5.000000000000000000e-01
2.054100000000001813e+01,5.000000000000000000e-01
2.054200000000001936e+01,5.000000000000000000e-01
2.054300000000002058e+01,5.000000000000000000e-01
2.054400000000001825e+01,5.000000000000000000e-01
2.054500000000001947e+01,5.000000000000000000e-01
2.054600000000002069e+01,5.000000000000000000e-01
2.054700000000001836e+01,5.000000000000000000e-01
2.054800000000001958e+01,5.000000000000000000e-01
2.054900000000002080e+01,5.000000000000000000e-01
2.055000000000001847e+01,5.000000000000000000e-01
2.055100000000001970e+01,5.000000000000000000e-01
2.055200000000002092e+01,5.000000000000000000e-01
2.055300000000001859e+01,5.000000000000000000e-01
2.055400000000001981e+01,5.000000000000000000e-01
2.055500000000002103e+01,5.000000000000000000e-01
2.055600000000001870e+01,5.000000000000000000e-01
2.055700000000001992e+01,5.000000000000000000e-01
2.055800000000002115e+01,5.000000000000000000e-01
2.055900000000001882e+01,5.000000000000000000e-01
2.056000000000002004e+01,5.000000000000000000e-01
2.056100000000002126e+01,5.000000000000000000e-01
2.056200000000001893e+01,5.000000000000000000e-01
2.056300000000002015e+01,5.000000000000000000e-01
2.056400000000002137e+01,5.000000000000000000e-01
2.056500000000001904e+01,5.000000000000000000e-01
2.056600000000002026e+01,5.000000000000000000e-01
2.056700000000002149e+01,5.000000000000000000e-01
2.056800000000001916e+01,5.000000000000000000e-01
2.056900000000002038e+01,5.000000000000000000e-01
2.057000000000002160e+01,5.000000000000000000e-01
2.057100000000001927e+01,5.000000000000000000e-01
2.057200000000002049e+01,5.000000000000000000e-01
2.057300000000002171e+01,5.000000000000000000e-01
2.057400000000001938e+01,5.000000000000000000e-01
2.057500000000002061e+01,5.000000000000000000e-01
2.057600000000001828e+01,5.000000000000000000e-01
2.057700000000001950e+01,5.000000000000000000e-01
2.057800000000002072e+01,5.000000000000000000e-01
2.057900000000001839e+01,5.000000000000000000e-01
2.058000000000001961e+01,5.000000000000000000e-01
2.058100000000002083e+01,5.000000000000000000e-01
2.058200000000001850e+01,5.000000000000000000e-01
2.058300000000001972e+01,5.000000000000000000e-01
2.058400000000002095e+01,5.000000000000000000e-01
2.058500000000001862e+01,5.000000000000000000e-01
2.058600000000001984e+01,5.000000000000000000e-01
2.058700000000002106e+01,5.000000000000000000e-01
2.058800000000001873e+01,5.000000000000000000e-01
2.058900000000001995e+01,5.000000000000000000e-01
2.059000000000002117e+01,5.000000000000000000e-01
2.059100000000001884e+01,5.000000000000000000e-01
2.059200000000002007e+01,5.000000000000000000e-01
2.059300000000002129e+01,5.000000000000000000e-01
2.059400000000001896e+01,5.000000000000000000e-01
2.059500000000002018e+01,5.000000000000000000e-01
2.059600000000002140e+01,5.000000000000000000e-01
2.059700000000001907e+01,5.000000000000000000e-01
2.059800000000002029e+01,5.000000000000000000e-01
2.059900000000002152e+01,5.000000000000000000e-01
2.060000000000001918e+01,5.000000000000000000e-01
2.060100000000002041e+01,5.000000000000000000e-01
2.060200000000002163e+01,5.000000000000000000e-01
2.060300000000001930e+01,5.000000000000000000e-01
2.060400000000002052e+01,5.000000000000000000e-01
2.060500000000001819e+01,5.000000000000000000e-01
2.060600000000001941e+01,5.000000000000000000e-01
2.060700000000002063e+01,5.000000000000000000e-01
2.060800000000001830e+01,5.000000000000000000e-01
2.060900000000001953e+01,5.000000000000000000e-01
2.061000000000002075e+01,5.000000000000000000e-01
2.061100000000001842e+01,5.000000000000000000e-01
2.061200000000001964e+01,5.000000000000000000e-01
2.061300000000002086e+01,5.000000000000000000e-01
2.061400000000001853e+01,5.000000000000000000e-01
2.061500000000001975e+01,5.000000000000000000e-01
2.061600000000002098e+01,5.000000000000000000e-01
2.061700000000001864e+01,5.000000000000000000e-01
2.061800000000001987e+01,5.000000000000000000e-01
2.061900000000002109e+01,5.000000000000000000e-01
2.062000000000001876e+01,5.000000000000000000e-01
2.062100000000001998e+01,5.000000000000000000e-01
2.062200000000002120e+01,5.000000000000000000e-01
2.062300000000001887e+01,5.000000000000000000e-01
2.062400000000002009e+01,5.000000000000000000e-01
2.062500000000002132e+01,5.000000000000000000e-01
2.062600000000001899e+01,5.000000000000000000e-01
2.062700000000002021e+01,5.000000000000000000e-01
2.062800000000002143e+01,5.000000000000000000e-01
2.062900000000001910e+01,5.000000000000000000e-01
2.063000000000002032e+01,5.000000000000000000e-01
2.063100000000002154e+01,5.000000000000000000e-01
2.063200000000001921e+01,5.000000000000000000e-01
2.063300000000002044e+01,5.000000000000000000e-01
2.063400000000002166e+01,5.000000000000000000e-01
2.063500000000001933e+01,5.000000000000000000e-01
2.063600000000002055e+01,5.000000000000000000e-01
2.063700000000002177e+01,5.000000000000000000e-01
2.063800000000001944e+01,5.000000000000000000e-01
2.063900000000002066e+01,5.000000000000000000e-01
2.064000000000001833e+01,5.000000000000000000e-01
2.064100000000001955e+01,5.000000000000000000e-01
2.064200000000002078e+01,5.000000000000000000e-01
2.064300000000001845e+01,5.000000000000000000e-01
2.064400000000001967e+01,5.000000000000000000e-01
2.064500000000002089e+01,5.000000000000000000e-01
2.064600000000001856e+01,5.000000000000000000e-01
2.064700000000001978e+01,5.000000000000000000e-01
2.064800000000002100e+01,5.000000000000000000e-01
2.064900000000001867e+01,5.000000000000000000e-01
2.065000000000001990e+01,5.000000000000000000e-01
2.065100000000002112e+01,5.000000000000000000e-01
2.065200000000001879e+01,5.000000000000000000e-01
2.065300000000002001e+01,5.000000000000000000e-01
2.065400000000002123e+01,5.000000000000000000e-01
2.065500000000001890e+01,5.000000000000000000e-01
2.065600000000002012e+01,5.000000000000000000e-01
2.065700000000002134e+01,5.000000000000000000e-01
2.065800000000001901e+01,5.000000000000000000e-01
2.065900000000002024e+01,5.000000000000000000e-01
2.066000000000002146e+01,5.000000000000000000e-01
2.066100000000001913e+01,5.000000000000000000e-01
2.066200000000002035e+01,5.000000000000000000e-01
2.066300000000002157e+01,5.000000000000000000e-01
2.066400000000001924e+01,5.000000000000000000e-01
2.066500000000002046e+01,5.000000000000000000e-01
2.066600000000002169e+01,5.000000000000000000e-01
2.066700000000001936e+01,5.000000000000000000e-01
2.066800000000002058e+01,5.000000000000000000e-01
2.066900000000001825e+01,5.000000000000000000e-01
2.067000000000001947e+01,5.000000000000000000e-01
2.067100000000002069e+01,5.000000000000000000e-01
2.067200000000001836e+01,5.000000000000000000e-01
2.067300000000001958e+01,5.000000000000000000e-01
2.067400000000002080e+01,5.000000000000000000e-01
2.067500000000001847e+01,5.000000000000000000e-01
2.067600000000001970e+01,5.000000000000000000e-01
2.067700000000002092e+01,5.000000000000000000e-01
2.067800000000001859e+01,5.000000000000000000e-01
2.067900000000001981e+01,5.000000000000000000e-01
2.068000000000002103e+01,5.000000000000000000e-01
2.068100000000001870e+01,5.000000000000000000e-01
2.068200000000001992e+01,5.000000000000000000e-01
2.068300000000002115e+01,5.000000000000000000e-01
2.068400000000001882e+01,5.000000000000000000e-01
2.068500000000002004e+01,5.000000000000000000e-01
2.068600000000002126e+01,5.000000000000000000e-01
2.068700000000001893e+01,5.000000000000000000e-01
2.068800000000002015e+01,5.000000000000000000e-01
2.068900000000002137e+01,5.000000000000000000e-01
2.069000000000001904e+01,5.000000000000000000e-01
2.069100000000002026e+01,5.000000000000000000e-01
2.069200000000002149e+01,5.000000000000000000e-01
2.069300000000001916e+01,5.000000000000000000e-01
2.069400000000002038e+01,5.000000000000000000e-01
2.069500000000002160e+01,5.000000000000000000e-01
2.069600000000001927e+01,5.000000000000000000e-01
2.069700000000002049e+01,5.000000000000000000e-01
2.069800000000002171e+01,5.000000000000000000e-01
2.069900000000001938e+01,5.000000000000000000e-01
2.070000000000002061e+01,5.000000000000000000e-01
2.070100000000002183e+01,5.000000000000000000e-01
2.070200000000001950e+01,5.000000000000000000e-01
2.070300000000002072e+01,5.000000000000000000e-01
2.070400000000001839e+01,5.000000000000000000e-01
2.070500000000001961e+01,5.000000000000000000e-01
2.070600000000002083e+01,5.000000000000000000e-01
2.070700000000001850e+01,5.000000000000000000e-01
2.070800000000001972e+01,5.000000000000000000e-01
2.070900000000002095e+01,5.000000000000000000e-01
2.071000000000001862e+01,5.000000000000000000e-01
2.071100000000001984e+01,5.000000000000000000e-01
2.071200000000002106e+01,5.000000000000000000e-01
2.071300000000001873e+01,5.000000000000000000e-01
2.071400000000001995e+01,5.000000000000000000e-01
2.071500000000002117e+01,5.000000000000000000e-01
2.071600000000001884e+01,5.000000000000000000e-01
2.071700000000002007e+01,5.000000000000000000e-01
2.071800000000002129e+01,5.000000000000000000e-01
2.071900000000001896e+01,5.000000000000000000e-01
2.072000000000002018e+01,5.000000000000000000e-01
2.072100000000002140e+01,5.000000000000000000e-01
2.072200000000001907e+01,5.000000000000000000e-01
2.072300000000002029e+01,5.000000000000000000e-01
2.072400000000002152e+01,5.000000000000000000e-01
2.072500000000001918e+01,5.000000000000000000e-01
2.072600000000002041e+01,5.000000000000000000e-01
2.072700000000002163e+01,5.000000000000000000e-01
2.072800000000001930e+01,5.000000000000000000e-01
2.072900000000002052e+01,5.000000000000000000e-01
2.073000000000002174e+01,5.000000000000000000e-01
2.073100000000001941e+01,5.000000000000000000e-01
2.073200000000002063e+01,5.000000000000000000e-01
2.073300000000001830e+01,5.000000000000000000e-01
2.073400000000001953e+01,5.000000000000000000e-01
2.073500000000002075e+01,5.000000000000000000e-01
2.073600000000001842e+01,5.000000000000000000e-01
2.073700000000001964e+01,5.000000000000000000e-01
2.073800000000002086e+01,5.000000000000000000e-01
2.073900000000001853e+01,5.000000000000000000e-01
2.074000000000001975e+01,5.000000000000000000e-01
2.074100000000002098e+01,5.000000000000000000e-01
2.074200000000001864e+01,5.000000000000000000e-01
2.074300000000001987e+01,5.000000000000000000e-01
2.074400000000002109e+01,5.000000000000000000e-01
2.074500000000001876e+01,5.000000000000000000e-01
2.074600000000001998e+01,5.000000000000000000e-01
2.074700000000002120e+01,5.000000000000000000e-01
2.074800000000001887e+01,5.000000000000000000e-01
2.074900000000002009e+01,5.000000000000000000e-01
2.075000000000002132e+01,5.000000000000000000e-01
2.075100000000001899e+01,5.000000000000000000e-01
2.075200000000002021e+01,5.000000000000000000e-01
2.075300000000002143e+01,5.000000000000000000e-01
2.075400000000001910e+01,5.000000000000000000e-01
2.075500000000002032e+01,5.000000000000000000e-01
2.075600000000002154e+01,5.000000000000000000e-01
2.075700000000001921e+01,5.000000000000000000e-01
2.075800000000002044e+01,5.000000000000000000e-01
2.075900000000002166e+01,5.000000000000000000e-01
2.076000000000001933e+01,5.000000000000000000e-01
2.076100000000002055e+01,5.000000000000000000e-01
2.076200000000002177e+01,5.000000000000000000e-01
2.076300000000001944e+01,5.000000000000000000e-01
2.076400000000002066e+01,5.000000000000000000e-01
2.076500000000002188e+01,5.000000000000000000e-01
2.076600000000001955e+01,5.000000000000000000e-01
2.076700000000002078e+01,5.000000000000000000e-01
2.076800000000001845e+01,5.000000000000000000e-01
2.076900000000001967e+01,5.000000000000000000e-01
2.077000000000002089e+01,5.000000000000000000e-01
2.077100000000001856e+01,5.000000000000000000e-01
2.077200000000001978e+01,5.000000000000000000e-01
2.077300000000002100e+01,5.000000000000000000e-01
2.077400000000001867e+01,5.000000000000000000e-01
2.077500000000001990e+01,5.000000000000000000e-01
2.077600000000002112e+01,5.000000000000000000e-01
2.077700000000001879e+01,5.000000000000000000e-01
2.077800000000002001e+01,5.000000000000000000e-01
2.077900000000002123e+01,5.000000000000000000e-01
2.078000000000001890e+01,5.000000000000000000e-01
2.078100000000002012e+01,5.000000000000000000e-01
2.078200000000002134e+01,5.000000000000000000e-01
2.078300000000001901e+01,5.000000000000000000e-01
2.078400000000002024e+01,5.000000000000000000e-01
2.078500000000002146e+01,5.000000000000000000e-01
2.078600000000001913e+01,5.000000000000000000e-01
2.078700000000002035e+01,5.000000000000000000e-01
2.078800000000002157e+01,5.000000000000000000e-01
2.078900000000001924e+01,5.000000000000000000e-01
2.079000000000002046e+01,5.000000000000000000e-01
2.079100000000002169e+01,5.000000000000000000e-01
2.079200000000001936e+01,5.000000000000000000e-01
2.079300000000002058e+01,5.000000000000000000e-01
2.079400000000002180e+01,5.000000000000000000e-01
2.079500000000001947e+01,5.000000000000000000e-01
2.079600000000002069e+01,5.000000000000000000e-01
2.079700000000001836e+01,5.000000000000000000e-01
2.079800000000001958e+01,5.000000000000000000e-01
2.079900000000002080e+01,5.000000000000000000e-01
2.080000000000001847e+01,5.000000000000000000e-01
2.080100000000001970e+01,5.000000000000000000e-01
2.080200000000002092e+01,5.000000000000000000e-01
2.080300000000001859e+01,5.000000000000000000e-01
2.080400000000001981e+01,5.000000000000000000e-01
2.080500000000002103e+01,5.000000000000000000e-01
2.080600000000001870e+01,5.000000000000000000e-01
2.080700000000001992e+01,5.000000000000000000e-01
2.080800000000002115e+01,5.000000000000000000e-01
2.080900000000001882e+01,5.000000000000000000e-01
2.081000000000002004e+01,5.000000000000000000e-01
2.081100000000002126e+01,5.000000000000000000e-01
2.081200000000001893e+01,5.000000000000000000e-01
2.081300000000002015e+01,5.000000000000000000e-01
2.081400000000002137e+01,5.000000000000000000e-01
2.081500000000001904e+01,5.000000000000000000e-01
2.081600000000002026e+01,5.000000000000000000e-01
2.081700000000002149e+01,5.000000000000000000e-01
2.081800000000001916e+01,5.000000000000000000e-01
2.081900000000002038e+01,5.000000000000000000e-01
2.082000000000002160e+01,5.000000000000000000e-01
2.082100000000001927e+01,5.000000000000000000e-01
2.082200000000002049e+01,5.000000000000000000e-01
2.082300000000002171e+01,5.000000000000000000e-01
2.082400000000001938e+01,5.000000000000000000e-01
2.082500000000002061e+01,5.000000000000000000e-01
2.082600000000002183e+01,5.000000000000000000e-01
2.082700000000001950e+01,5.000000000000000000e-01
2.082800000000002072e+01,5.000000000000000000e-01
2.082900000000002194e+01,5.000000000000000000e-01
2.083000000000001961e+01,5.000000000000000000e-01
2.083100000000002083e+01,5.000000000000000000e-01
2.083200000000001850e+01,5.000000000000000000e-01
2.083300000000001972e+01,5.000000000000000000e-01
2.083400000000002095e+01,5.000000000000000000e-01
2.083500000000001862e+01,5.000000000000000000e-01
2.083600000000001984e+01,5.000000000000000000e-01
2.083700000000002106e+01,5.000000000000000000e-01
2.083800000000001873e+01,5.000000000000000000e-01
2.083900000000001995e+01,5.000000000000000000e-01
2.084000000000002117e+01,5.000000000000000000e-01
2.084100000000001884e+01,5.000000000000000000e-01
2.084200000000002007e+01,5.000000000000000000e-01
2.084300000000002129e+01,5.000000000000000000e-01
2.084400000000001896e+01,5.000000000000000000e-01
2.084500000000002018e+01,5.000000000000000000e-01
2.084600000000002140e+01,5.000000000000000000e-01
2.084700000000001907e+01,5.000000000000000000e-01
2.084800000000002029e+01,5.000000000000000000e-01
2.084900000000002152e+01,5.000000000000000000e-01
2.085000000000001918e+01,5.000000000000000000e-01
2.085100000000002041e+01,5.000000000000000000e-01
2.085200000000002163e+01,5.000000000000000000e-01
2.085300000000001930e+01,5.000000000000000000e-01
2.085400000000002052e+01,5.000000000000000000e-01
2.085500000000002174e+01,5.000000000000000000e-01
2.085600000000001941e+01,5.000000000000000000e-01
2.085700000000002063e+01,5.000000000000000000e-01
2.085800000000002186e+01,5.000000000000000000e-01
2.085900000000001953e+01,5.000000000000000000e-01
2.086000000000002075e+01,5.000000000000000000e-01
2.086100000000001842e+01,5.000000000000000000e-01
2.086200000000001964e+01,5.000000000000000000e-01
2.086300000000002086e+01,5.000000000000000000e-01
2.086400000000001853e+01,5.000000000000000000e-01
2.086500000000001975e+01,5.000000000000000000e-01
2.086600000000002098e+01,5.000000000000000000e-01
2.086700000000001864e+01,5.000000000000000000e-01
2.086800000000001987e+01,5.000000000000000000e-01
2.086900000000002109e+01,5.000000000000000000e-01
2.087000000000001876e+01,5.000000000000000000e-01
2.087100000000001998e+01,5.000000000000000000e-01
2.087200000000002120e+01,5.000000000000000000e-01
2.087300000000001887e+01,5.000000000000000000e-01
2.087400000000002009e+01,5.000000000000000000e-01
2.087500000000002132e+01,5.000000000000000000e-01
2.087600000000001899e+01,5.000000000000000000e-01
2.087700000000002021e+01,5.000000000000000000e-01
2.087800000000002143e+01,5.000000000000000000e-01
2.087900000000001910e+01,5.000000000000000000e-01
2.088000000000002032e+01,5.000000000000000000e-01
2.088100000000002154e+01,5.000000000000000000e-01
2.088200000000001921e+01,5.000000000000000000e-01
2.088300000000002044e+01,5.000000000000000000e-01
2.088400000000002166e+01,5.000000000000000000e-01
2.088500000000001933e+01,5.000000000000000000e-01
2.088600000000002055e+01,5.000000000000000000e-01
2.088700000000002177e+01,5.000000000000000000e-01
2.088800000000001944e+01,5.000000000000000000e-01
2.088900000000002066e+01,5.000000000000000000e-01
2.089000000000002188e+01,5.000000000000000000e-01
2.089100000000001955e+01,5.000000000000000000e-01
2.089200000000002078e+01,5.000000000000000000e-01
2.089300000000002200e+01,5.000000000000000000e-01
2.089400000000001967e+01,5.000000000000000000e-01
2.089500000000002089e+01,5.000000000000000000e-01
2.089600000000001856e+01,5.000000000000000000e-01
2.089700000000001978e+01,5.000000000000000000e-01
2.089800000000002100e+01,5.000000000000000000e-01
2.089900000000001867e+01,5.000000000000000000e-01
2.090000000000001990e+01,5.000000000000000000e-01
2.090100000000002112e+01,5.000000000000000000e-01
2.090200000000001879e+01,5.000000000000000000e-01
2.090300000000002001e+01,5.000000000000000000e-01
2.090400000000002123e+01,5.000000000000000000e-01
2.090500000000001890e+01,5.000000000000000000e-01
2.090600000000002012e+01,5.000000000000000000e-01
2.090700000000002134e+01,5.000000000000000000e-01
2.090800000000001901e+01,5.000000000000000000e-01
2.090900000000002024e+01,5.000000000000000000e-01
2.091000000000002146e+01,5.000000000000000000e-01
2.091100000000001913e+01,5.000000000000000000e-01
2.091200000000002035e+01,5.000000000000000000e-01
2.091300000000002157e+01,5.000000000000000000e-01
2.091400000000001924e+01,5.000000000000000000e-01
2.091500000000002046e+01,5.000000000000000000e-01
2.091600000000002169e+01,5.000000000000000000e-01
2.091700000000001936e+01,5.000000000000000000e-01
2.091800000000002058e+01,5.000000000000000000e-01
2.091900000000002180e+01,5.000000000000000000e-01
2.092000000000001947e+01,5.000000000000000000e-01
2.092100000000002069e+01,5.000000000000000000e-01
2.092200000000002191e+01,5.000000000000000000e-01
2.092300000000001958e+01,5.000000000000000000e-01
2.092400000000002080e+01,5.000000000000000000e-01
2.092500000000001847e+01,5.000000000000000000e-01
2.092600000000001970e+01,5.000000000000000000e-01
2.092700000000002092e+01,5.000000000000000000e-01
2.092800000000001859e+01,5.000000000000000000e-01
2.092900000000001981e+01,5.000000000000000000e-01
2.093000000000002103e+01,5.000000000000000000e-01
2.093100000000001870e+01,5.000000000000000000e-01
2.093200000000001992e+01,5.000000000000000000e-01
2.093300000000002115e+01,5.000000000000000000e-01
2.093400000000001882e+01,5.000000000000000000e-01
2.093500000000002004e+01,5.000000000000000000e-01
2.093600000000002126e+01,5.000000000000000000e-01
2.093700000000001893e+01,5.000000000000000000e-01
2.093800000000002015e+01,5.000000000000000000e-01
2.093900000000002137e+01,5.000000000000000000e-01
2.094000000000001904e+01,5.000000000000000000e-01
2.094100000000002026e+01,5.000000000000000000e-01
2.094200000000002149e+01,5.000000000000000000e-01
2.094300000000001916e+01,5.000000000000000000e-01
2.094400000000002038e+01,5.000000000000000000e-01
2.094500000000002160e+01,5.000000000000000000e-01
2.094600000000001927e+01,5.000000000000000000e-01
2.094700000000002049e+01,5.000000000000000000e-01
2.094800000000002171e+01,5.000000000000000000e-01
2.094900000000001938e+01,5.000000000000000000e-01
2.095000000000002061e+01,5.000000000000000000e-01
2.095100000000002183e+01,5.000000000000000000e-01
2.095200000000001950e+01,5.000000000000000000e-01
2.095300000000002072e+01,5.000000000000000000e-01
2.095400000000002194e+01,5.000000000000000000e-01
2.095500000000001961e+01,5.000000000000000000e-01
2.095600000000002083e+01,5.000000000000000000e-01
2.095700000000002206e+01,5.000000000000000000e-01
2.095800000000001972e+01,5.000000000000000000e-01
2.095900000000002095e+01,5.000000000000000000e-01
2.096000000000001862e+01,5.000000000000000000e-01
2.096100000000001984e+01,5.000000000000000000e-01
2.096200000000002106e+01,5.000000000000000000e-01
2.096300000000001873e+01,5.000000000000000000e-01
2.096400000000001995e+01,5.000000000000000000e-01
2.096500000000002117e+01,5.000000000000000000e-01
2.096600000000001884e+01,5.000000000000000000e-01
2.096700000000002007e+01,5.000000000000000000e-01
2.096800000000002129e+01,5.000000000000000000e-01
2.096900000000001896e+01,5.000000000000000000e-01
2.097000000000002018e+01,5.000000000000000000e-01
2.097100000000002140e+01,5.000000000000000000e-01
2.097200000000001907e+01,5.000000000000000000e-01
2.097300000000002029e+01,5.000000000000000000e-01
2.097400000000002152e+01,5.000000000000000000e-01
2.097500000000001918e+01,5.000000000000000000e-01
2.097600000000002041e+01,5.000000000000000000e-01
2.097700000000002163e+01,5.000000000000000000e-01
2.097800000000001930e+01,5.000000000000000000e-01
2.097900000000002052e+01,5.000000000000000000e-01
2.098000000000002174e+01,5.000000000000000000e-01
2.098100000000001941e+01,5.000000000000000000e-01
2.098200000000002063e+01,5.000000000000000000e-01
2.098300000000002186e+01,5.000000000000000000e-01
2.098400000000001953e+01,5.000000000000000000e-01
2.098500000000002075e+01,5.000000000000000000e-01
2.098600000000002197e+01,5.000000000000000000e-01
2.098700000000001964e+01,5.000000000000000000e-01
2.098800000000002086e+01,5.000000000000000000e-01
2.098900000000001853e+01,5.000000000000000000e-01
2.099000000000001975e+01,5.000000000000000000e-01
2.099100000000002098e+01,5.000000000000000000e-01
2.099200000000001864e+01,5.000000000000000000e-01
2.099300000000001987e+01,5.000000000000000000e-01
2.099400000000002109e+01,5.000000000000000000e-01
2.099500000000001876e+01,5.000000000000000000e-01
2.099600000000001998e+01,5.000000000000000000e-01
2.099700000000002120e+01,5.000000000000000000e-01
2.099800000000001887e+01,5.000000000000000000e-01
2.099900000000002009e+01,5.000000000000000000e-01
2.100000000000002132e+01,5.000000000000000000e-01
2.100100000000001899e+01,5.000000000000000000e-01
2.100200000000002021e+01,5.000000000000000000e-01
2.100300000000002143e+01,5.000000000000000000e-01
2.100400000000001910e+01,5.000000000000000000e-01
2.100500000000002032e+01,5.000000000000000000e-01
2.100600000000002154e+01,5.000000000000000000e-01
2.100700000000001921e+01,5.000000000000000000e-01
2.100800000000002044e+01,5.000000000000000000e-01
2.100900000000002166e+01,5.000000000000000000e-01
2.101000000000001933e+01,5.000000000000000000e-01
2.101100000000002055e+01,5.000000000000000000e-01
2.101200000000002177e+01,5.000000000000000000e-01
2.101300000000001944e+01,5.000000000000000000e-01
2.101400000000002066e+01,5.000000000000000000e-01
2.101500000000002188e+01,5.000000000000000000e-01
2.101600000000001955e+01,5.000000000000000000e-01
2.101700000000002078e+01,5.000000000000000000e-01
2.101800000000002200e+01,5.000000000000000000e-01
2.101900000000001967e+01,5.000000000000000000e-01
2.102000000000002089e+01,5.000000000000000000e-01
2.102100000000002211e+01,5.000000000000000000e-01
2.102200000000001978e+01,5.000000000000000000e-01
2.102300000000002100e+01,5.000000000000000000e-01
2.102400000000001867e+01,5.000000000000000000e-01
2.102500000000001990e+01,5.000000000000000000e-01
2.102600000000002112e+01,5.000000000000000000e-01
2.102700000000001879e+01,5.000000000000000000e-01
2.102800000000002001e+01,5.000000000000000000e-01
2.102900000000002123e+01,5.000000000000000000e-01
2.103000000000001890e+01,5.000000000000000000e-01
2.103100000000002012e+01,5.000000000000000000e-01
2.103200000000002134e+01,5.000000000000000000e-01
2.103300000000001901e+01,5.000000000000000000e-01
2.103400000000002024e+01,5.000000000000000000e-01
2.103500000000002146e+01,5.000000000000000000e-01
2.103600000000001913e+01,5.000000000000000000e-01
2.103700000000002035e+01,5.000000000000000000e-01
2.103800000000002157e+01,5.000000000000000000e-01
2.103900000000001924e+01,5.000000000000000000e-01
2.104000000000002046e+01,5.000000000000000000e-01
2.104100000000002169e+01,5.000000000000000000e-01
2.104200000000001936e+01,5.000000000000000000e-01
2.104300000000002058e+01,5.000000000000000000e-01
2.104400000000002180e+01,5.000000000000000000e-01
2.104500000000001947e+01,5.000000000000000000e-01
2.104600000000002069e+01,5.000000000000000000e-01
2.104700000000002191e+01,5.000000000000000000e-01
2.104800000000001958e+01,5.000000000000000000e-01
2.104900000000002080e+01,5.000000000000000000e-01
2.105000000000002203e+01,5.000000000000000000e-01
2.105100000000001970e+01,5.000000000000000000e-01
2.105200000000002092e+01,5.000000000000000000e-01
2.105300000000001859e+01,5.000000000000000000e-01
2.105400000000001981e+01,5.000000000000000000e-01
2.105500000000002103e+01,5.000000000000000000e-01
2.105600000000001870e+01,5.000000000000000000e-01
2.105700000000001992e+01,5.000000000000000000e-01
2.105800000000002115e+01,5.000000000000000000e-01
2.105900000000001882e+01,5.000000000000000000e-01
2.106000000000002004e+01,5.000000000000000000e-01
2.106100000000002126e+01,5.000000000000000000e-01
2.106200000000001893e+01,5.000000000000000000e-01
2.106300000000002015e+01,5.000000000000000000e-01
2.106400000000002137e+01,5.000000000000000000e-01
2.106500000000001904e+01,5.000000000000000000e-01
2.106600000000002026e+01,5.000000000000000000e-01
2.106700000000002149e+01,5.000000000000000000e-01
2.106800000000001916e+01,5.000000000000000000e-01
2.106900000000002038e+01,5.000000000000000000e-01
2.107000000000002160e+01,5.000000000000000000e-01
2.107100000000001927e+01,5.000000000000000000e-01
2.107200000000002049e+01,5.000000000000000000e-01
2.107300000000002171e+01,5.000000000000000000e-01
2.107400000000001938e+01,5.000000000000000000e-01
2.107500000000002061e+01,5.000000000000000000e-01
2.107600000000002183e+01,5.000000000000000000e-01
2.107700000000001950e+01,5.000000000000000000e-01
2.107800000000002072e+01,5.000000000000000000e-01
2.107900000000002194e+01,5.000000000000000000e-01
2.108000000000001961e+01,5.000000000000000000e-01
2.108100000000002083e+01,5.000000000000000000e-01
2.108200000000002206e+01,5.000000000000000000e-01
2.108300000000001972e+01,5.000000000000000000e-01
2.108400000000002095e+01,5.000000000000000000e-01
2.108500000000002217e+01,5.000000000000000000e-01
2.108600000000001984e+01,5.000000000000000000e-01
2.108700000000002106e+01,5.000000000000000000e-01
2.108800000000001873e+01,5.000000000000000000e-01
2.108900000000001995e+01,5.000000000000000000e-01
2.109000000000002117e+01,5.000000000000000000e-01
2.109100000000001884e+01,5.000000000000000000e-01
2.109200000000002007e+01,5.000000000000000000e-01
2.109300000000002129e+01,5.000000000000000000e-01
2.109400000000001896e+01,5.000000000000000000e-01
2.109500000000002018e+01,5.000000000000000000e-01
2.109600000000002140e+01,5.000000000000000000e-01
2.109700000000001907e+01,5.000000000000000000e-01
2.109800000000002029e+01,5.000000000000000000e-01
2.109900000000002152e+01,5.000000000000000000e-01
2.110000000000001918e+01,5.000000000000000000e-01
2.110100000000002041e+01,5.000000000000000000e-01
2.110200000000002163e+01,5.000000000000000000e-01
2.110300000000001930e+01,5.000000000000000000e-01
2.110400000000002052e+01,5.000000000000000000e-01
2.110500000000002174e+01,5.000000000000000000e-01
2.110600000000001941e+01,5.000000000000000000e-01
2.110700000000002063e+01,5.000000000000000000e-01
2.110800000000002186e+01,5.000000000000000000e-01
2.110900000000001953e+01,5.000000000000000000e-01
2.111000000000002075e+01,5.000000000000000000e-01
2.111100000000002197e+01,5.000000000000000000e-01
2.111200000000001964e+01,5.000000000000000000e-01
2.111300000000002086e+01,5.000000000000000000e-01
2.111400000000002208e+01,5.000000000000000000e-01
2.111500000000001975e+01,5.000000000000000000e-01
2.111600000000002098e+01,5.000000000000000000e-01
2.111700000000001864e+01,5.000000000000000000e-01
2.111800000000001987e+01,5.000000000000000000e-01
2.111900000000002109e+01,5.000000000000000000e-01
2.112000000000001876e+01,5.000000000000000000e-01
2.112100000000001998e+01,5.000000000000000000e-01
2.112200000000002120e+01,5.000000000000000000e-01
2.112300000000001887e+01,5.000000000000000000e-01
2.112400000000002009e+01,5.000000000000000000e-01
2.112500000000002132e+01,5.000000000000000000e-01
2.112600000000001899e+01,5.000000000000000000e-01
2.112700000000002021e+01,5.000000000000000000e-01
2.112800000000002143e+01,5.000000000000000000e-01
2.112900000000001910e+01,5.000000000000000000e-01
2.113000000000002032e+01,5.000000000000000000e-01
2.113100000000002154e+01,5.000000000000000000e-01
2.113200000000001921e+01,5.000000000000000000e-01
2.113300000000002044e+01,5.000000000000000000e-01
2.113400000000002166e+01,5.000000000000000000e-01
2.113500000000001933e+01,5.000000000000000000e-01
2.113600000000002055e+01,5.000000000000000000e-01
2.113700000000002177e+01,5.000000000000000000e-01
2.113800000000001944e+01,5.000000000000000000e-01
2.113900000000002066e+01,5.000000000000000000e-01
2.114000000000002188e+01,5.000000000000000000e-01
2.114100000000001955e+01,5.000000000000000000e-01
2.114200000000002078e+01,5.000000000000000000e-01
2.114300000000002200e+01,5.000000000000000000e-01
2.114400000000001967e+01,5.000000000000000000e-01
2.114500000000002089e+01,5.000000000000000000e-01
2.114600000000002211e+01,5.000000000000000000e-01
2.114700000000001978e+01,5.000000000000000000e-01
2.114800000000002100e+01,5.000000000000000000e-01
2.114900000000002223e+01,5.000000000000000000e-01
2.115000000000001990e+01,5.000000000000000000e-01
2.115100000000002112e+01,5.000000000000000000e-01
2.115200000000001879e+01,5.000000000000000000e-01
2.115300000000002001e+01,5.000000000000000000e-01
2.115400000000002123e+01,5.000000000000000000e-01
2.115500000000001890e+01,5.000000000000000000e-01
2.115600000000002012e+01,5.000000000000000000e-01
2.115700000000002134e+01,5.000000000000000000e-01
2.115800000000001901e+01,5.000000000000000000e-01
2.115900000000002024e+01,5.000000000000000000e-01
2.116000000000002146e+01,5.000000000000000000e-01
2.116100000000001913e+01,5.000000000000000000e-01
2.116200000000002035e+01,5.000000000000000000e-01
2.116300000000002157e+01,5.000000000000000000e-01
2.116400000000001924e+01,5.000000000000000000e-01
2.116500000000002046e+01,5.000000000000000000e-01
2.116600000000002169e+01,5.000000000000000000e-01
2.116700000000001936e+01,5.000000000000000000e-01
2.116800000000002058e+01,5.000000000000000000e-01
2.116900000000002180e+01,5.000000000000000000e-01
2.117000000000001947e+01,5.000000000000000000e-01
2.117100000000002069e+01,5.000000000000000000e-01
2.117200000000002191e+01,5.000000000000000000e-01
2.117300000000001958e+01,5.000000000000000000e-01
2.117400000000002080e+01,5.000000000000000000e-01
2.117500000000002203e+01,5.000000000000000000e-01
2.117600000000001970e+01,5.000000000000000000e-01
2.117700000000002092e+01,5.000000000000000000e-01
2.117800000000002214e+01,5.000000000000000000e-01
2.117900000000001981e+01,5.000000000000000000e-01
2.118000000000002103e+01,5.000000000000000000e-01
2.118100000000001870e+01,5.000000000000000000e-01
2.118200000000001992e+01,5.000000000000000000e-01
2.118300000000002115e+01,5.000000000000000000e-01
2.118400000000001882e+01,5.000000000000000000e-01
2.118500000000002004e+01,5.000000000000000000e-01
2.118600000000002126e+01,5.000000000000000000e-01
2.118700000000001893e+01,5.000000000000000000e-01
2.118800000000002015e+01,5.000000000000000000e-01
2.118900000000002137e+01,5.000000000000000000e-01
2.119000000000001904e+01,5.000000000000000000e-01
2.119100000000002026e+01,5.000000000000000000e-01
2.119200000000002149e+01,5.000000000000000000e-01
2.119300000000001916e+01,5.000000000000000000e-01
2.119400000000002038e+01,5.000000000000000000e-01
2.119500000000002160e+01,5.000000000000000000e-01
2.119600000000001927e+01,5.000000000000000000e-01
2.119700000000002049e+01,5.000000000000000000e-01
2.119800000000002171e+01,5.000000000000000000e-01
2.119900000000001938e+01,5.000000000000000000e-01
2.120000000000002061e+01,5.000000000000000000e-01
2.120100000000002183e+01,5.000000000000000000e-01
2.120200000000001950e+01,5.000000000000000000e-01
2.120300000000002072e+01,5.000000000000000000e-01
2.120400000000002194e+01,5.000000000000000000e-01
2.120500000000001961e+01,5.000000000000000000e-01
2.120600000000002083e+01,5.000000000000000000e-01
2.120700000000002206e+01,5.000000000000000000e-01
2.120800000000001972e+01,5.000000000000000000e-01
2.120900000000002095e+01,5.000000000000000000e-01
2.121000000000002217e+01,5.000000000000000000e-01
2.121100000000001984e+01,5.000000000000000000e-01
2.121200000000002106e+01,5.000000000000000000e-01
2.121300000000002228e+01,5.000000000000000000e-01
2.121400000000001995e+01,5.000000000000000000e-01
2.121500000000002117e+01,5.000000000000000000e-01
2.121600000000001884e+01,5.000000000000000000e-01
2.121700000000002007e+01,5.000000000000000000e-01
2.121800000000002129e+01,5.000000000000000000e-01
2.121900000000001896e+01,5.000000000000000000e-01
2.122000000000002018e+01,5.000000000000000000e-01
2.122100000000002140e+01,5.000000000000000000e-01
2.122200000000001907e+01,5.000000000000000000e-01
2.122300000000002029e+01,5.000000000000000000e-01
2.122400000000002152e+01,5.000000000000000000e-01
2.122500000000001918e+01,5.000000000000000000e-01
2.122600000000002041e+01,5.000000000000000000e-01
2.122700000000002163e+01,5.000000000000000000e-01
2.122800000000001930e+01,5.000000000000000000e-01
2.122900000000002052e+01,5.000000000000000000e-01
2.123000000000002174e+01,5.000000000000000000e-01
2.123100000000001941e+01,5.000000000000000000e-01
2.123200000000002063e+01,5.000000000000000000e-01
2.123300000000002186e+01,5.000000000000000000e-01
2.123400000000001953e+01,5.000000000000000000e-01
2.123500000000002075e+01,5.000000000000000000e-01
2.123600000000002197e+01,5.000000000000000000e-01
2.123700000000001964e+01,5.000000000000000000e-01
2.123800000000002086e+01,5.000000000000000000e-01
2.123900000000002208e+01,5.000000000000000000e-01
2.124000000000001975e+01,5.000000000000000000e-01
2.124100000000002098e+01,5.000000000000000000e-01
2.124200000000002220e+01,5.000000000000000000e-01
2.124300000000001987e+01,5.000000000000000000e-01
2.124400000000002109e+01,5.000000000000000000e-01
2.124500000000001876e+01,5.000000000000000000e-01
2.124600000000001998e+01,5.000000000000000000e-01
2.124700000000002120e+01,5.000000000000000000e-01
2.124800000000001887e+01,5.000000000000000000e-01
2.124900000000002009e+01,5.000000000000000000e-01
2.125000000000002132e+01,5.000000000000000000e-01
2.125100000000001899e+01,5.000000000000000000e-01
2.125200000000002021e+01,5.000000000000000000e-01
2.125300000000002143e+01,5.000000000000000000e-01
2.125400000000001910e+01,5.000000000000000000e-01
2.125500000000002032e+01,5.000000000000000000e-01
2.125600000000002154e+01,5.000000000000000000e-01
2.125700000000001921e+01,5.000000000000000000e-01
2.125800000000002044e+01,5.000000000000000000e-01
2.125900000000002166e+01,5.000000000000000000e-01
2.126000000000001933e+01,5.000000000000000000e-01
2.126100000000002055e+01,5.000000000000000000e-01
2.126200000000002177e+01,5.000000000000000000e-01
2.126300000000001944e+01,5.000000000000000000e-01
2.126400000000002066e+01,5.000000000000000000e-01
2.126500000000002188e+01,5.000000000000000000e-01
2.126600000000001955e+01,5.000000000000000000e-01
2.126700000000002078e+01,5.000000000000000000e-01
2.126800000000002200e+01,5.000000000000000000e-01
2.126900000000001967e+01,5.000000000000000000e-01
2.127000000000002089e+01,5.000000000000000000e-01
2.127100000000002211e+01,5.000000000000000000e-01
2.127200000000001978e+01,5.000000000000000000e-01
2.127300000000002100e+01,5.000000000000000000e-01
2.127400000000002223e+01,5.000000000000000000e-01
2.127500000000001990e+01,5.000000000000000000e-01
2.127600000000002112e+01,5.000000000000000000e-01
2.127700000000002234e+01,5.000000000000000000e-01
2.127800000000002001e+01,5.000000000000000000e-01
2.127900000000002123e+01,5.000000000000000000e-01
2.128000000000001890e+01,5.000000000000000000e-01
2.128100000000002012e+01,5.000000000000000000e-01
2.128200000000002134e+01,5.000000000000000000e-01
2.128300000000001901e+01,5.000000000000000000e-01
2.128400000000002024e+01,5.000000000000000000e-01
2.128500000000002146e+01,5.000000000000000000e-01
2.128600000000001913e+01,5.000000000000000000e-01
2.128700000000002035e+01,5.000000000000000000e-01
2.128800000000002157e+01,5.000000000000000000e-01
2.128900000000001924e+01,5.000000000000000000e-01
2.129000000000002046e+01,5.000000000000000000e-01
2.129100000000002169e+01,5.000000000000000000e-01
2.129200000000001936e+01,5.000000000000000000e-01
2.129300000000002058e+01,5.000000000000000000e-01
2.129400000000002180e+01,5.000000000000000000e-01
2.129500000000001947e+01,5.000000000000000000e-01
2.129600000000002069e+01,5.000000000000000000e-01
2.129700000000002191e+01,5.000000000000000000e-01
2.129800000000001958e+01,5.000000000000000000e-01
2.129900000000002080e+01,5.000000000000000000e-01
2.130000000000002203e+01,5.000000000000000000e-01
2.130100000000001970e+01,5.000000000000000000e-01
2.130200000000002092e+01,5.000000000000000000e-01
2.130300000000002214e+01,5.000000000000000000e-01
2.130400000000001981e+01,5.000000000000000000e-01
2.130500000000002103e+01,5.000000000000000000e-01
2.130600000000002225e+01,5.000000000000000000e-01
2.130700000000001992e+01,5.000000000000000000e-01
2.130800000000002115e+01,5.000000000000000000e-01
2.130900000000001882e+01,5.000000000000000000e-01
2.131000000000002004e+01,5.000000000000000000e-01
2.131100000000002126e+01,5.000000000000000000e-01
2.131200000000001893e+01,5.000000000000000000e-01
2.131300000000002015e+01,5.000000000000000000e-01
2.131400000000002137e+01,5.000000000000000000e-01
2.131500000000001904e+01,5.000000000000000000e-01
2.131600000000002026e+01,5.000000000000000000e-01
2.131700000000002149e+01,5.000000000000000000e-01
2.131800000000001916e+01,5.000000000000000000e-01
2.131900000000002038e+01,5.000000000000000000e-01
2.132000000000002160e+01,5.000000000000000000e-01
2.132100000000001927e+01,5.000000000000000000e-01
2.132200000000002049e+01,5.000000000000000000e-01
2.132300000000002171e+01,5.000000000000000000e-01
2.132400000000001938e+01,5.000000000000000000e-01
2.132500000000002061e+01,5.000000000000000000e-01
2.132600000000002183e+01,5.000000000000000000e-01
2.132700000000001950e+01,5.000000000000000000e-01
2.132800000000002072e+01,5.000000000000000000e-01
2.132900000000002194e+01,5.000000000000000000e-01
2.133000000000001961e+01,5.000000000000000000e-01
2.133100000000002083e+01,5.000000000000000000e-01
2.133200000000002206e+01,5.000000000000000000e-01
2.133300000000001972e+01,5.000000000000000000e-01
2.133400000000002095e+01,5.000000000000000000e-01
2.133500000000002217e+01,5.000000000000000000e-01
2.133600000000001984e+01,5.000000000000000000e-01
2.133700000000002106e+01,5.000000000000000000e-01
2.133800000000002228e+01,5.000000000000000000e-01
2.133900000000001995e+01,5.000000000000000000e-01
2.134000000000002117e+01,5.000000000000000000e-01
2.134100000000002240e+01,5.000000000000000000e-01
2.134200000000002007e+01,5.000000000000000000e-01
2.134300000000002129e+01,5.000000000000000000e-01
2.134400000000001896e+01,5.000000000000000000e-01
2.134500000000002018e+01,5.000000000000000000e-01
2.134600000000002140e+01,5.000000000000000000e-01
2.134700000000001907e+01,5.000000000000000000e-01
2.134800000000002029e+01,5.000000000000000000e-01
2.134900000000002152e+01,5.000000000000000000e-01
2.135000000000001918e+01,5.000000000000000000e-01
2.135100000000002041e+01,5.000000000000000000e-01
2.135200000000002163e+01,5.000000000000000000e-01
2.135300000000001930e+01,5.000000000000000000e-01
2.135400000000002052e+01,5.000000000000000000e-01
2.135500000000002174e+01,5.000000000000000000e-01
2.135600000000001941e+01,5.000000000000000000e-01
2.135700000000002063e+01,5.000000000000000000e-01
2.135800000000002186e+01,5.000000000000000000e-01
2.135900000000001953e+01,5.000000000000000000e-01
2.136000000000002075e+01,5.000000000000000000e-01
2.136100000000002197e+01,5.000000000000000000e-01
2.136200000000001964e+01,5.000000000000000000e-01
2.136300000000002086e+01,5.000000000000000000e-01
2.136400000000002208e+01,5.000000000000000000e-01
2.136500000000001975e+01,5.000000000000000000e-01
2.136600000000002098e+01,5.000000000000000000e-01
2.136700000000002220e+01,5.000000000000000000e-01
2.136800000000001987e+01,5.000000000000000000e-01
2.136900000000002109e+01,5.000000000000000000e-01
2.137000000000002231e+01,5.000000000000000000e-01
2.137100000000001998e+01,5.000000000000000000e-01
2.137200000000002120e+01,5.000000000000000000e-01
2.137300000000001887e+01,5.000000000000000000e-01
2.137400000000002009e+01,5.000000000000000000e-01
2.137500000000002132e+01,5.000000000000000000e-01
2.137600000000001899e+01,5.000000000000000000e-01
2.137700000000002021e+01,5.000000000000000000e-01
2.137800000000002143e+01,5.000000000000000000e-01
2.137900000000001910e+01,5.000000000000000000e-01
2.138000000000002032e+01,5.000000000000000000e-01
2.138100000000002154e+01,5.000000000000000000e-01
2.138200000000001921e+01,5.000000000000000000e-01
2.138300000000002044e+01,5.000000000000000000e-01
2.138400000000002166e+01,5.000000000000000000e-01
2.138500000000001933e+01,5.000000000000000000e-01
2.138600000000002055e+01,5.000000000000000000e-01
2.138700000000002177e+01,5.000000000000000000e-01
2.138800000000001944e+01,5.000000000000000000e-01
2.138900000000002066e+01,5.000000000000000000e-01
2.139000000000002188e+01,5.000000000000000000e-01
2.139100000000001955e+01,5.000000000000000000e-01
2.139200000000002078e+01,5.000000000000000000e-01
2.139300000000002200e+01,5.000000000000000000e-01
2.139400000000001967e+01,5.000000000000000000e-01
2.139500000000002089e+01,5.000000000000000000e-01
2.139600000000002211e+01,5.000000000000000000e-01
2.139700000000001978e+01,5.000000000000000000e-01
2.139800000000002100e+01,5.000000000000000000e-01
2.139900000000002223e+01,5.000000000000000000e-01
2.140000000000001990e+01,5.000000000000000000e-01
2.140100000000002112e+01,5.000000000000000000e-01
2.140200000000002234e+01,5.000000000000000000e-01
2.140300000000002001e+01,5.000000000000000000e-01
2.140400000000002123e+01,5.000000000000000000e-01
2.140500000000002245e+01,5.000000000000000000e-01
2.140600000000002012e+01,5.000000000000000000e-01
2.140700000000002134e+01,5.000000000000000000e-01
2.140800000000001901e+01,5.000000000000000000e-01
2.140900000000002024e+01,5.000000000000000000e-01
2.141000000000002146e+01,5.000000000000000000e-01
2.141100000000001913e+01,5.000000000000000000e-01
2.141200000000002035e+01,5.000000000000000000e-01
2.141300000000002157e+01,5.000000000000000000e-01
2.141400000000001924e+01,5.000000000000000000e-01
2.141500000000002046e+01,5.000000000000000000e-01
2.141600000000002169e+01,5.000000000000000000e-01
2.141700000000001936e+01,5.000000000000000000e-01
2.141800000000002058e+01,5.000000000000000000e-01
2.141900000000002180e+01,5.000000000000000000e-01
2.142000000000001947e+01,5.000000000000000000e-01
2.142100000000002069e+01,5.000000000000000000e-01
2.142200000000002191e+01,5.000000000000000000e-01
2.142300000000001958e+01,5.000000000000000000e-01
2.142400000000002080e+01,5.000000000000000000e-01
2.142500000000002203e+01,5.000000000000000000e-01
2.142600000000001970e+01,5.000000000000000000e-01
2.142700000000002092e+01,5.000000000000000000e-01
2.142800000000002214e+01,5.000000000000000000e-01
2.142900000000001981e+01,5.000000000000000000e-01
2.143000000000002103e+01,5.000000000000000000e-01
2.143100000000002225e+01,5.000000000000000000e-01
2.143200000000001992e+01,5.000000000000000000e-01
2.143300000000002115e+01,5.000000000000000000e-01
2.143400000000002237e+01,5.000000000000000000e-01
2.143500000000002004e+01,5.000000000000000000e-01
2.143600000000002126e+01,5.000000000000000000e-01
2.143700000000001893e+01,5.000000000000000000e-01
2.143800000000002015e+01,5.000000000000000000e-01
2.143900000000002137e+01,5.000000000000000000e-01
2.144000000000001904e+01,5.000000000000000000e-01
2.144100000000002026e+01,5.000000000000000000e-01
2.144200000000002149e+01,5.000000000000000000e-01
2.144300000000001916e+01,5.000000000000000000e-01
2.144400000000002038e+01,5.000000000000000000e-01
2.144500000000002160e+01,5.000000000000000000e-01
2.144600000000001927e+01,5.000000000000000000e-01
2.144700000000002049e+01,5.000000000000000000e-01
2.144800000000002171e+01,5.000000000000000000e-01
2.144900000000001938e+01,5.000000000000000000e-01
2.145000000000002061e+01,5.000000000000000000e-01
2.145100000000002183e+01,5.000000000000000000e-01
2.145200000000001950e+01,5.000000000000000000e-01
2.145300000000002072e+01,5.000000000000000000e-01
2.145400000000002194e+01,5.000000000000000000e-01
2.145500000000001961e+01,5.000000000000000000e-01
2.145600000000002083e+01,5.000000000000000000e-01
2.145700000000002206e+01,5.000000000000000000e-01
2.145800000000001972e+01,5.000000000000000000e-01
2.145900000000002095e+01,5.000000000000000000e-01
2.146000000000002217e+01,5.000000000000000000e-01
2.146100000000001984e+01,5.000000000000000000e-01
2.146200000000002106e+01,5.000000000000000000e-01
2.146300000000002228e+01,5.000000000000000000e-01
2.146400000000001995e+01,5.000000000000000000e-01
2.146500000000002117e+01,5.000000000000000000e-01
2.146600000000002240e+01,5.000000000000000000e-01
2.146700000000002007e+01,5.000000000000000000e-01
2.146800000000002129e+01,5.000000000000000000e-01
2.146900000000002251e+01,5.000000000000000000e-01
2.147000000000002018e+01,5.000000000000000000e-01
2.147100000000002140e+01,5.000000000000000000e-01
2.147200000000001907e+01,5.000000000000000000e-01
2.147300000000002029e+01,5.000000000000000000e-01
2.147400000000002152e+01,5.000000000000000000e-01
2.147500000000001918e+01,5.000000000000000000e-01
2.147600000000002041e+01,5.000000000000000000e-01
2.147700000000002163e+01,5.000000000000000000e-01
2.147800000000001930e+01,5.000000000000000000e-01
2.147900000000002052e+01,5.000000000000000000e-01
2.148000000000002174e+01,5.000000000000000000e-01
2.148100000000001941e+01,5.000000000000000000e-01
2.148200000000002063e+01,5.000000000000000000e-01
2.148300000000002186e+01,5.000000000000000000e-01
2.148400000000001953e+01,5.000000000000000000e-01
2.148500000000002075e+01,5.000000000000000000e-01
2.148600000000002197e+01,5.000000000000000000e-01
2.148700000000001964e+01,5.000000000000000000e-01
2.148800000000002086e+01,5.000000000000000000e-01
2.148900000000002208e+01,5.000000000000000000e-01
2.149000000000001975e+01,5.000000000000000000e-01
2.149100000000002098e+01,5.000000000000000000e-01
2.149200000000002220e+01,5.000000000000000000e-01
2.149300000000001987e+01,5.000000000000000000e-01
2.149400000000002109e+01,5.000000000000000000e-01
2.149500000000002231e+01,5.000000000000000000e-01
2.149600000000001998e+01,5.000000000000000000e-01
2.149700000000002120e+01,5.000000000000000000e-01
2.149800000000002242e+01,5.000000000000000000e-01
2.149900000000002009e+01,5.000000000000000000e-01
2.150000000000002132e+01,5.000000000000000000e-01
2.150100000000001899e+01,5.000000000000000000e-01
2.150200000000002021e+01,5.000000000000000000e-01
2.150300000000002143e+01,5.000000000000000000e-01
2.150400000000001910e+01,5.000000000000000000e-01
2.150500000000002032e+01,5.000000000000000000e-01
2.150600000000002154e+01,5.000000000000000000e-01
2.150700000000001921e+01,5.000000000000000000e-01
2.150800000000002044e+01,5.000000000000000000e-01
2.150900000000002166e+01,5.000000000000000000e-01
2.151000000000001933e+01,5.000000000000000000e-01
2.151100000000002055e+01,5.000000000000000000e-01
2.151200000000002177e+01,5.000000000000000000e-01
2.151300000000001944e+01,5.000000000000000000e-01
2.151400000000002066e+01,5.000000000000000000e-01
2.151500000000002188e+01,5.000000000000000000e-01
2.151600000000001955e+01,5.000000000000000000e-01
2.151700000000002078e+01,5.000000000000000000e-01
2.151800000000002200e+01,5.000000000000000000e-01
2.151900000000001967e+01,5.000000000000000000e-01
2.152000000000002089e+01,5.000000000000000000e-01
2.152100000000002211e+01,5.000000000000000000e-01
2.152200000000001978e+01,5.000000000000000000e-01
2.152300000000002100e+01,5.000000000000000000e-01
2.152400000000002223e+01,5.000000000000000000e-01
2.152500000000001990e+01,5.000000000000000000e-01
2.152600000000002112e+01,5.000000000000000000e-01
2.152700000000002234e+01,5.000000000000000000e-01
2.152800000000002001e+01,5.000000000000000000e-01
2.152900000000002123e+01,5.000000000000000000e-01
2.153000000000002245e+01,5.000000000000000000e-01
2.153100000000002012e+01,5.000000000000000000e-01
2.153200000000002134e+01,5.000000000000000000e-01
2.153300000000002257e+01,5.000000000000000000e-01
2.153400000000002024e+01,5.000000000000000000e-01
2.153500000000002146e+01,5.000000000000000000e-01
2.153600000000001913e+01,5.000000000000000000e-01
2.153700000000002035e+01,5.000000000000000000e-01
2.153800000000002157e+01,5.000000000000000000e-01
2.153900000000001924e+01,5.000000000000000000e-01
2.154000000000002046e+01,5.000000000000000000e-01
2.154100000000002169e+01,5.000000000000000000e-01
2.154200000000001936e+01,5.000000000000000000e-01
2.154300000000002058e+01,5.000000000000000000e-01
2.154400000000002180e+01,5.000000000000000000e-01
2.154500000000001947e+01,5.000000000000000000e-01
2.154600000000002069e+01,5.000000000000000000e-01
2.154700000000002191e+01,5.000000000000000000e-01
2.154800000000001958e+01,5.000000000000000000e-01
2.154900000000002080e+01,5.000000000000000000e-01
2.155000000000002203e+01,5.000000000000000000e-01
2.155100000000001970e+01,5.000000000000000000e-01
2.155200000000002092e+01,5.000000000000000000e-01
2.155300000000002214e+01,5.000000000000000000e-01
2.155400000000001981e+01,5.000000000000000000e-01
2.155500000000002103e+01,5.000000000000000000e-01
2.155600000000002225e+01,5.000000000000000000e-01
2.155700000000001992e+01,5.000000000000000000e-01
2.155800000000002115e+01,5.000000000000000000e-01
2.155900000000002237e+01,5.000000000000000000e-01
2.156000000000002004e+01,5.000000000000000000e-01
2.156100000000002126e+01,5.000000000000000000e-01
2.156200000000002248e+01,5.000000000000000000e-01
2.156300000000002015e+01,5.000000000000000000e-01
2.156400000000002137e+01,5.000000000000000000e-01
2.156500000000001904e+01,5.000000000000000000e-01
2.156600000000002026e+01,5.000000000000000000e-01
2.156700000000002149e+01,5.000000000000000000e-01
2.156800000000001916e+01,5.000000000000000000e-01
2.156900000000002038e+01,5.000000000000000000e-01
2.157000000000002160e+01,5.000000000000000000e-01
2.157100000000001927e+01,5.000000000000000000e-01
2.157200000000002049e+01,5.000000000000000000e-01
2.157300000000002171e+01,5.000000000000000000e-01
2.157400000000001938e+01,5.000000000000000000e-01
2.157500000000002061e+01,5.000000000000000000e-01
2.157600000000002183e+01,5.000000000000000000e-01
2.157700000000001950e+01,5.000000000000000000e-01
2.157800000000002072e+01,5.000000000000000000e-01
2.157900000000002194e+01,5.000000000000000000e-01
2.158000000000001961e+01,5.000000000000000000e-01
2.158100000000002083e+01,5.000000000000000000e-01
2.158200000000002206e+01,5.000000000000000000e-01
2.158300000000001972e+01,5.000000000000000000e-01
2.158400000000002095e+01,5.000000000000000000e-01
2.158500000000002217e+01,5.000000000000000000e-01
2.158600000000001984e+01,5.000000000000000000e-01
2.158700000000002106e+01,5.000000000000000000e-01
2.158800000000002228e+01,5.000000000000000000e-01
2.158900000000001995e+01,5.000000000000000000e-01
2.159000000000002117e+01,5.000000000000000000e-01
2.159100000000002240e+01,5.000000000000000000e-01
2.159200000000002007e+01,5.000000000000000000e-01
2.159300000000002129e+01,5.000000000000000000e-01
2.159400000000002251e+01,5.000000000000000000e-01
2.159500000000002018e+01,5.000000000000000000e-01
2.159600000000002140e+01,5.000000000000000000e-01
2.159700000000002262e+01,5.000000000000000000e-01
2.159800000000002029e+01,5.000000000000000000e-01
2.159900000000002152e+01,5.000000000000000000e-01
2.160000000000001918e+01,5.000000000000000000e-01
2.160100000000002041e+01,5.000000000000000000e-01
2.160200000000002163e+01,5.000000000000000000e-01
2.160300000000001930e+01,5.000000000000000000e-01
2.160400000000002052e+01,5.000000000000000000e-01
2.160500000000002174e+01,5.000000000000000000e-01
2.160600000000001941e+01,5.000000000000000000e-01
2.160700000000002063e+01,5.000000000000000000e-01
2.160800000000002186e+01,5.000000000000000000e-01
2.160900000000001953e+01,5.000000000000000000e-01
2.161000000000002075e+01,5.000000000000000000e-01
2.161100000000002197e+01,5.000000000000000000e-01
2.161200000000001964e+01,5.000000000000000000e-01
2.161300000000002086e+01,5.000000000000000000e-01
2.161400000000002208e+01,5.000000000000000000e-01
2.161500000000001975e+01,5.000000000000000000e-01
2.161600000000002098e+01,5.000000000000000000e-01
2.161700000000002220e+01,5.000000000000000000e-01
2.161800000000001987e+01,5.000000000000000000e-01
2.161900000000002109e+01,5.000000000000000000e-01
2.162000000000002231e+01,5.000000000000000000e-01
2.162100000000001998e+01,5.000000000000000000e-01
2.162200000000002120e+01,5.000000000000000000e-01
2.162300000000002242e+01,5.000000000000000000e-01
2.162400000000002009e+01,5.000000000000000000e-01
2.162500000000002132e+01,5.000000000000000000e-01
2.162600000000002254e+01,5.000000000000000000e-01
2.162700000000002021e+01,5.000000000000000000e-01
2.162800000000002143e+01,5.000000000000000000e-01
2.162900000000001910e+01,5.000000000000000000e-01
2.163000000000002032e+01,5.000000000000000000e-01
2.163100000000002154e+01,5.000000000000000000e-01
2.163200000000001921e+01,5.000000000000000000e-01
2.163300000000002044e+01,5.000000000000000000e-01
2.163400000000002166e+01,5.000000000000000000e-01
2.163500000000001933e+01,5.000000000000000000e-01
2.163600000000002055e+01,5.000000000000000000e-01
2.163700000000002177e+01,5.000000000000000000e-01
2.163800000000001944e+01,5.000000000000000000e-01
2.163900000000002066e+01,5.000000000000000000e-01
2.164000000000002188e+01,5.000000000000000000e-01
2.164100000000001955e+01,5.000000000000000000e-01
2.164200000000002078e+01,5.000000000000000000e-01
2.164300000000002200e+01,5.000000000000000000e-01
2.164400000000001967e+01,5.000000000000000000e-01
2.164500000000002089e+01,5.000000000000000000e-01
2.164600000000002211e+01,5.000000000000000000e-01
2.164700000000001978e+01,5.000000000000000000e-01
2.164800000000002100e+01,5.000000000000000000e-01
2.164900000000002223e+01,5.000000000000000000e-01
2.165000000000001990e+01,5.000000000000000000e-01
2.165100000000002112e+01,5.000000000000000000e-01
2.165200000000002234e+01,5.000000000000000000e-01
2.165300000000002001e+01,5.000000000000000000e-01
2.165400000000002123e+01,5.000000000000000000e-01
2.165500000000002245e+01,5.000000000000000000e-01
2.165600000000002012e+01,5.000000000000000000e-01
2.165700000000002134e+01,5.000000000000000000e-01
2.165800000000002257e+01,5.000000000000000000e-01
2.165900000000002024e+01,5.000000000000000000e-01
2.166000000000002146e+01,5.000000000000000000e-01
2.166100000000002268e+01,5.000000000000000000e-01
2.166200000000002035e+01,5.000000000000000000e-01
2.166300000000002157e+01,5.000000000000000000e-01
2.166400000000001924e+01,5.000000000000000000e-01
2.166500000000002046e+01,5.000000000000000000e-01
2.166600000000002169e+01,5.000000000000000000e-01
2.166700000000001936e+01,5.000000000000000000e-01
2.166800000000002058e+01,5.000000000000000000e-01
2.166900000000002180e+01,5.000000000000000000e-01
2.167000000000001947e+01,5.000000000000000000e-01
2.167100000000002069e+01,5.000000000000000000e-01
2.167200000000002191e+01,5.000000000000000000e-01
2.167300000000001958e+01,5.000000000000000000e-01
2.167400000000002080e+01,5.000000000000000000e-01
2.167500000000002203e+01,5.000000000000000000e-01
2.167600000000001970e+01,5.000000000000000000e-01
2.167700000000002092e+01,5.000000000000000000e-01
2.167800000000002214e+01,5.000000000000000000e-01
2.167900000000001981e+01,5.000000000000000000e-01
2.168000000000002103e+01,5.000000000000000000e-01
2.168100000000002225e+01,5.000000000000000000e-01
2.168200000000001992e+01,5.000000000000000000e-01
2.168300000000002115e+01,5.000000000000000000e-01
2.168400000000002237e+01,5.000000000000000000e-01
2.168500000000002004e+01,5.000000000000000000e-01
2.168600000000002126e+01,5.000000000000000000e-01
2.168700000000002248e+01,5.000000000000000000e-01
2.168800000000002015e+01,5.000000000000000000e-01
2.168900000000002137e+01,5.000000000000000000e-01
2.169000000000002260e+01,5.000000000000000000e-01
2.169100000000002026e+01,5.000000000000000000e-01
2.169200000000002149e+01,5.000000000000000000e-01
2.169300000000001916e+01,5.000000000000000000e-01
2.169400000000002038e+01,5.000000000000000000e-01
2.169500000000002160e+01,5.000000000000000000e-01
2.169600000000001927e+01,5.000000000000000000e-01
2.169700000000002049e+01,5.000000000000000000e-01
2.169800000000002171e+01,5.000000000000000000e-01
2.169900000000001938e+01,5.000000000000000000e-01
2.170000000000002061e+01,5.000000000000000000e-01
2.170100000000002183e+01,5.000000000000000000e-01
2.170200000000001950e+01,5.000000000000000000e-01
2.170300000000002072e+01,5.000000000000000000e-01
2.170400000000002194e+01,5.000000000000000000e-01
2.170500000000001961e+01,5.000000000000000000e-01
2.170600000000002083e+01,5.000000000000000000e-01
2.170700000000002206e+01,5.000000000000000000e-01
2.170800000000001972e+01,5.000000000000000000e-01
2.170900000000002095e+01,5.000000000000000000e-01
2.171000000000002217e+01,5.000000000000000000e-01
2.171100000000001984e+01,5.000000000000000000e-01
2.171200000000002106e+01,5.000000000000000000e-01
2.171300000000002228e+01,5.000000000000000000e-01
2.171400000000001995e+01,5.000000000000000000e-01
2.171500000000002117e+01,5.000000000000000000e-01
2.171600000000002240e+01,5.000000000000000000e-01
2.171700000000002007e+01,5.000000000000000000e-01
2.171800000000002129e+01,5.000000000000000000e-01
2.171900000000002251e+01,5.000000000000000000e-01
2.172000000000002018e+01,5.000000000000000000e-01
2.172100000000002140e+01,5.000000000000000000e-01
2.172200000000002262e+01,5.000000000000000000e-01
2.172300000000002029e+01,5.000000000000000000e-01
2.172400000000002152e+01,5.000000000000000000e-01
2.172500000000002274e+01,5.000000000000000000e-01
2.172600000000002041e+01,5.000000000000000000e-01
2.172700000000002163e+01,5.000000000000000000e-01
2.172800000000001930e+01,5.000000000000000000e-01
2.172900000000002052e+01,5.000000000000000000e-01
2.173000000000002174e+01,5.000000000000000000e-01
2.173100000000001941e+01,5.000000000000000000e-01
2.173200000000002063e+01,5.000000000000000000e-01
2.173300000000002186e+01,5.000000000000000000e-01
2.173400000000001953e+01,5.000000000000000000e-01
2.173500000000002075e+01,5.000000000000000000e-01
2.173600000000002197e+01,5.000000000000000000e-01
2.173700000000001964e+01,5.000000000000000000e-01
2.173800000000002086e+01,5.000000000000000000e-01
2.173900000000002208e+01,5.000000000000000000e-01
2.174000000000001975e+01,5.000000000000000000e-01
2.174100000000002098e+01,5.000000000000000000e-01
2.174200000000002220e+01,5.000000000000000000e-01
2.174300000000001987e+01,5.000000000000000000e-01
2.174400000000002109e+01,5.000000000000000000e-01
2.174500000000002231e+01,5.000000000000000000e-01
2.174600000000001998e+01,5.000000000000000000e-01
2.174700000000002120e+01,5.000000000000000000e-01
2.174800000000002242e+01,5.000000000000000000e-01
2.174900000000002009e+01,5.000000000000000000e-01
2.175000000000002132e+01,5.000000000000000000e-01
2.175100000000002254e+01,5.000000000000000000e-01
2.175200000000002021e+01,5.000000000000000000e-01
2.175300000000002143e+01,5.000000000000000000e-01
2.175400000000002265e+01,5.000000000000000000e-01
2.175500000000002032e+01,5.000000000000000000e-01
2.175600000000002154e+01,5.000000000000000000e-01
2.175700000000001921e+01,5.000000000000000000e-01
2.175800000000002044e+01,5.000000000000000000e-01
2.175900000000002166e+01,5.000000000000000000e-01
2.176000000000001933e+01,5.000000000000000000e-01
2.176100000000002055e+01,5.000000000000000000e-01
2.176200000000002177e+01,5.000000000000000000e-01
2.176300000000001944e+01,5.000000000000000000e-01
2.176400000000002066e+01,5.000000000000000000e-01
2.176500000000002188e+01,5.000000000000000000e-01
2.176600000000001955e+01,5.000000000000000000e-01
2.176700000000002078e+01,5.000000000000000000e-01
2.176800000000002200e+01,5.000000000000000000e-01
2.176900000000001967e+01,5.000000000000000000e-01
2.177000000000002089e+01,5.000000000000000000e-01
2.177100000000002211e+01,5.000000000000000000e-01
2.177200000000001978e+01,5.000000000000000000e-01
2.177300000000002100e+01,5.000000000000000000e-01
2.177400000000002223e+01,5.000000000000000000e-01
2.177500000000001990e+01,5.000000000000000000e-01
2.177600000000002112e+01,5.000000000000000000e-01
2.177700000000002234e+01,5.000000000000000000e-01
2.177800000000002001e+01,5.000000000000000000e-01
2.177900000000002123e+01,5.000000000000000000e-01
2.178000000000002245e+01,5.000000000000000000e-01
2.178100000000002012e+01,5.000000000000000000e-01
2.178200000000002134e+01,5.000000000000000000e-01
2.178300000000002257e+01,5.000000000000000000e-01
2.178400000000002024e+01,5.000000000000000000e-01
2.178500000000002146e+01,5.000000000000000000e-01
2.178600000000002268e+01,5.000000000000000000e-01
2.178700000000002035e+01,5.000000000000000000e-01
2.178800000000002157e+01,5.000000000000000000e-01
2.178900000000002279e+01,5.000000000000000000e-01
2.179000000000002046e+01,5.000000000000000000e-01
2.179100000000002169e+01,5.000000000000000000e-01
2.179200000000001936e+01,5.000000000000000000e-01
2.179300000000002058e+01,5.000000000000000000e-01
2.179400000000002180e+01,5.000000000000000000e-01
2.179500000000001947e+01,5.000000000000000000e-01
2.179600000000002069e+01,5.000000000000000000e-01
2.179700000000002191e+01,5.000000000000000000e-01
2.179800000000001958e+01,5.000000000000000000e-01
2.179900000000002080e+01,5.000000000000000000e-01
2.180000000000002203e+01,5.000000000000000000e-01
2.180100000000001970e+01,5.000000000000000000e-01
2.180200000000002092e+01,5.000000000000000000e-01
2.180300000000002214e+01,5.000000000000000000e-01
2.180400000000001981e+01,5.000000000000000000e-01
2.180500000000002103e+01,5.000000000000000000e-01
2.180600000000002225e+01,5.000000000000000000e-01
2.180700000000001992e+01,5.000000000000000000e-01
2.180800000000002115e+01,5.000000000000000000e-01
2.180900000000002237e+01,5.000000000000000000e-01
2.181000000000002004e+01,5.000000000000000000e-01
2.181100000000002126e+01,5.000000000000000000e-01
2.181200000000002248e+01,5.000000000000000000e-01
2.181300000000002015e+01,5.000000000000000000e-01
2.181400000000002137e+01,5.000000000000000000e-01
2.181500000000002260e+01,5.000000000000000000e-01
2.181600000000002026e+01,5.000000000000000000e-01
2.181700000000002149e+01,5.000000000000000000e-01
2.181800000000002271e+01,5.000000000000000000e-01
2.181900000000002038e+01,5.000000000000000000e-01
2.182000000000002160e+01,5.000000000000000000e-01
2.182100000000001927e+01,5.000000000000000000e-01
2.182200000000002049e+01,5.000000000000000000e-01
2.182300000000002171e+01,5.000000000000000000e-01
2.182400000000001938e+01,5.000000000000000000e-01
2.182500000000002061e+01,5.000000000000000000e-01
2.182600000000002183e+01,5.000000000000000000e-01
2.182700000000001950e+01,5.000000000000000000e-01
2.182800000000002072e+01,5.000000000000000000e-01
2.182900000000002194e+01,5.000000000000000000e-01
2.183000000000001961e+01,5.000000000000000000e-01
2.183100000000002083e+01,5.000000000000000000e-01
2.183200000000002206e+01,5.000000000000000000e-01
2.183300000000001972e+01,5.000000000000000000e-01
2.183400000000002095e+01,5.000000000000000000e-01
2.183500000000002217e+01,5.000000000000000000e-01
2.183600000000001984e+01,5.000000000000000000e-01
2.183700000000002106e+01,5.000000000000000000e-01
2.183800000000002228e+01,5.000000000000000000e-01
2.183900000000001995e+01,5.000000000000000000e-01
2.184000000000002117e+01,5.000000000000000000e-01
2.184100000000002240e+01,5.000000000000000000e-01
2.184200000000002007e+01,5.000000000000000000e-01
2.184300000000002129e+01,5.000000000000000000e-01
2.184400000000002251e+01,5.000000000000000000e-01
2.184500000000002018e+01,5.000000000000000000e-01
2.184600000000002140e+01,5.000000000000000000e-01
2.184700000000002262e+01,5.000000000000000000e-01
2.184800000000002029e+01,5.000000000000000000e-01
2.184900000000002152e+01,5.000000000000000000e-01
2.185000000000002274e+01,5.000000000000000000e-01
2.185100000000002041e+01,5.000000000000000000e-01
2.185200000000002163e+01,5.000000000000000000e-01
2.185300000000002285e+01,5.000000000000000000e-01
2.185400000000002052e+01,5.000000000000000000e-01
2.185500000000002174e+01,5.000000000000000000e-01
2.185600000000001941e+01,5.000000000000000000e-01
2.185700000000002063e+01,5.000000000000000000e-01
2.185800000000002186e+01,5.000000000000000000e-01
2.185900000000001953e+01,5.000000000000000000e-01
2.186000000000002075e+01,5.000000000000000000e-01
2.186100000000002197e+01,5.000000000000000000e-01
2.186200000000001964e+01,5.000000000000000000e-01
2.186300000000002086e+01,5.000000000000000000e-01
2.186400000000002208e+01,5.000000000000000000e-01
2.186500000000001975e+01,5.000000000000000000e-01
2.186600000000002098e+01,5.000000000000000000e-01
2.186700000000002220e+01,5.000000000000000000e-01
2.186800000000001987e+01,5.000000000000000000e-01
2.186900000000002109e+01,5.000000000000000000e-01
2.187000000000002231e+01,5.000000000000000000e-01
2.187100000000001998e+01,5.000000000000000000e-01
2.187200000000002120e+01,5.000000000000000000e-01
2.187300000000002242e+01,5.000000000000000000e-01
2.187400000000002009e+01,5.000000000000000000e-01
2.187500000000002132e+01,5.000000000000000000e-01
2.187600000000002254e+01,5.000000000000000000e-01
2.187700000000002021e+01,5.000000000000000000e-01
2.187800000000002143e+01,5.000000000000000000e-01
2.187900000000002265e+01,5.000000000000000000e-01
2.188000000000002032e+01,5.000000000000000000e-01
2.188100000000002154e+01,5.000000000000000000e-01
2.188200000000002277e+01,5.000000000000000000e-01
2.188300000000002044e+01,5.000000000000000000e-01
2.188400000000002166e+01,5.000000000000000000e-01
2.188500000000001933e+01,5.000000000000000000e-01
2.188600000000002055e+01,5.000000000000000000e-01
2.188700000000002177e+01,5.000000000000000000e-01
2.188800000000001944e+01,5.000000000000000000e-01
2.188900000000002066e+01,5.000000000000000000e-01
2.189000000000002188e+01,5.000000000000000000e-01
2.189100000000001955e+01,5.000000000000000000e-01
2.189200000000002078e+01,5.000000000000000000e-01
2.189300000000002200e+01,5.000000000000000000e-01
2.189400000000001967e+01,5.000000000000000000e-01
2.189500000000002089e+01,5.000000000000000000e-01
2.189600000000002211e+01,5.000000000000000000e-01
2.189700000000001978e+01,5.000000000000000000e-01
2.189800000000002100e+01,5.000000000000000000e-01
2.189900000000002223e+01,5.000000000000000000e-01
2.190000000000001990e+01,5.000000000000000000e-01
2.190100000000002112e+01,5.000000000000000000e-01
2.190200000000002234e+01,5.000000000000000000e-01
2.190300000000002001e+01,5.000000000000000000e-01
2.190400000000002123e+01,5.000000000000000000e-01
2.190500000000002245e+01,5.000000000000000000e-01
2.190600000000002012e+01,5.000000000000000000e-01
2.190700000000002134e+01,5.000000000000000000e-01
2.190800000000002257e+01,5.000000000000000000e-01
2.190900000000002024e+01,5.000000000000000000e-01
2.191000000000002146e+01,5.000000000000000000e-01
2.191100000000002268e+01,5.000000000000000000e-01
2.191200000000002035e+01,5.000000000000000000e-01
2.191300000000002157e+01,5.000000000000000000e-01
2.191400000000002279e+01,5.000000000000000000e-01
2.191500000000002046e+01,5.000000000000000000e-01
2.191600000000002169e+01,5.000000000000000000e-01
2.191700000000002291e+01,5.000000000000000000e-01
2.191800000000002058e+01,5.000000000000000000e-01
2.191900000000002180e+01,5.000000000000000000e-01
2.192000000000001947e+01,5.000000000000000000e-01
2.192100000000002069e+01,5.000000000000000000e-01
2.192200000000002191e+01,5.000000000000000000e-01
2.192300000000001958e+01,5.000000000000000000e-01
2.192400000000002080e+01,5.000000000000000000e-01
2.192500000000002203e+01,5.000000000000000000e-01
2.192600000000001970e+01,5.000000000000000000e-01
2.192700000000002092e+01,5.000000000000000000e-01
2.192800000000002214e+01,5.000000000000000000e-01
2.192900000000001981e+01,5.000000000000000000e-01
2.193000000000002103e+01,5.000000000000000000e-01
2.193100000000002225e+01,5.000000000000000000e-01
2.193200000000001992e+01,5.000000000000000000e-01
2.193300000000002115e+01,5.000000000000000000e-01
2.193400000000002237e+01,5.000000000000000000e-01
2.193500000000002004e+01,5.000000000000000000e-01
2.193600000000002126e+01,5.000000000000000000e-01
2.193700000000002248e+01,5.000000000000000000e-01
2.193800000000002015e+01,5.000000000000000000e-01
2.193900000000002137e+01,5.000000000000000000e-01
2.194000000000002260e+01,5.000000000000000000e-01
2.194100000000002026e+01,5.000000000000000000e-01
2.194200000000002149e+01,5.000000000000000000e-01
2.194300000000002271e+01,5.000000000000000000e-01
2.194400000000002038e+01,5.000000000000000000e-01
2.194500000000002160e+01,5.000000000000000000e-01
2.194600000000002282e+01,5.000000000000000000e-01
2.194700000000002049e+01,5.000000000000000000e-01
2.194800000000002171e+01,5.000000000000000000e-01
2.194900000000001938e+01,5.000000000000000000e-01
2.195000000000002061e+01,5.000000000000000000e-01
2.195100000000002183e+01,5.000000000000000000e-01
2.195200000000001950e+01,5.000000000000000000e-01
2.195300000000002072e+01,5.000000000000000000e-01
2.195400000000002194e+01,5.000000000000000000e-01
2.195500000000001961e+01,5.000000000000000000e-01
2.195600000000002083e+01,5.000000000000000000e-01
2.195700000000002206e+01,5.000000000000000000e-01
2.195800000000001972e+01,5.000000000000000000e-01
2.195900000000002095e+01,5.000000000000000000e-01
2.196000000000002217e+01,5.000000000000000000e-01
2.196100000000001984e+01,5.000000000000000000e-01
2.196200000000002106e+01,5.000000000000000000e-01
2.196300000000002228e+01,5.000000000000000000e-01
2.196400000000001995e+01,5.000000000000000000e-01
2.196500000000002117e+01,5.000000000000000000e-01
2.196600000000002240e+01,5.000000000000000000e-01
2.196700000000002007e+01,5.000000000000000000e-01
2.196800000000002129e+01,5.000000000000000000e-01
2.196900000000002251e+01,5.000000000000000000e-01
2.197000000000002018e+01,5.000000000000000000e-01
2.197100000000002140e+01,5.000000000000000000e-01
2.197200000000002262e+01,5.000000000000000000e-01
2.197300000000002029e+01,5.000000000000000000e-01
2.197400000000002152e+01,5.000000000000000000e-01
2.197500000000002274e+01,5.000000000000000000e-01
2.197600000000002041e+01,5.000000000000000000e-01
2.197700000000002163e+01,5.000000000000000000e-01
2.197800000000002285e+01,5.000000000000000000e-01
2.197900000000002052e+01,5.000000000000000000e-01
2.198000000000002174e+01,5.000000000000000000e-01
2.198100000000002296e+01,5.000000000000000000e-01
2.198200000000002063e+01,5.000000000000000000e-01
2.198300000000002186e+01,5.000000000000000000e-01
2.198400000000001953e+01,5.000000000000000000e-01
2.198500000000002075e+01,5.000000000000000000e-01
2.198600000000002197e+01,5.000000000000000000e-01
2.198700000000001964e+01,5.000000000000000000e-01
2.198800000000002086e+01,5.000000000000000000e-01
2.198900000000002208e+01,5.000000000000000000e-01
2.199000000000001975e+01,5.000000000000000000e-01
2.199100000000002098e+01,5.000000000000000000e-01
2.199200000000002220e+01,5.000000000000000000e-01
2.199300000000001987e+01,5.000000000000000000e-01
2.199400000000002109e+01,5.000000000000000000e-01
2.199500000000002231e+01,5.000000000000000000e-01
2.199600000000001998e+01,5.000000000000000000e-01
2.199700000000002120e+01,5.000000000000000000e-01
2.199800000000002242e+01,5.000000000000000000e-01
2.199900000000002009e+01,5.000000000000000000e-01
2.200000000000002132e+01,5.000000000000000000e-01
2.200100000000002254e+01,5.000000000000000000e-01
2.200200000000002021e+01,5.000000000000000000e-01
2.200300000000002143e+01,5.000000000000000000e-01
2.200400000000002265e+01,5.000000000000000000e-01
2.200500000000002032e+01,5.000000000000000000e-01
2.200600000000002154e+01,5.000000000000000000e-01
2.200700000000002277e+01,5.000000000000000000e-01
2.200800000000002044e+01,5.000000000000000000e-01
2.200900000000002166e+01,5.000000000000000000e-01
2.201000000000002288e+01,5.000000000000000000e-01
2.201100000000002055e+01,5.000000000000000000e-01
2.201200000000002177e+01,5.000000000000000000e-01
2.201300000000001944e+01,5.000000000000000000e-01
2.201400000000002066e+01,5.000000000000000000e-01
2.201500000000002188e+01,5.000000000000000000e-01
2.201600000000001955e+01,5.000000000000000000e-01
2.201700000000002078e+01,5.000000000000000000e-01
2.201800000000002200e+01,5.000000000000000000e-01
2.201900000000001967e+01,5.000000000000000000e-01
2.202000000000002089e+01,5.000000000000000000e-01
2.202100000000002211e+01,5.000000000000000000e-01
2.202200000000001978e+01,5.000000000000000000e-01
2.202300000000002100e+01,5.000000000000000000e-01
2.202400000000002223e+01,5.000000000000000000e-01
2.202500000000001990e+01,5.000000000000000000e-01
2.202600000000002112e+01,5.000000000000000000e-01
2.202700000000002234e+01,5.000000000000000000e-01
2.202800000000002001e+01,5.000000000000000000e-01
2.202900000000002123e+01,5.000000000000000000e-01
2.203000000000002245e+01,5.000000000000000000e-01
2.203100000000002012e+01,5.000000000000000000e-01
2.203200000000002134e+01,5.000000000000000000e-01
2.203300000000002257e+01,5.000000000000000000e-01
2.203400000000002024e+01,5.000000000000000000e-01
2.203500000000002146e+01,5.000000000000000000e-01
2.203600000000002268e+01,5.000000000000000000e-01
2.203700000000002035e+01,5.000000000000000000e-01
2.203800000000002157e+01,5.000000000000000000e-01
2.203900000000002279e+01,5.000000000000000000e-01
2.204000000000002046e+01,5.000000000000000000e-01
2.204100000000002169e+01,5.000000000000000000e-01
2.204200000000002291e+01,5.000000000000000000e-01
2.204300000000002058e+01,5.000000000000000000e-01
2.204400000000002180e+01,5.000000000000000000e-01
2.204500000000002302e+01,5.000000000000000000e-01
2.204600000000002069e+01,5.000000000000000000e-01
2.204700000000002191e+01,5.000000000000000000e-01
2.204800000000001958e+01,5.000000000000000000e-01
2.204900000000002080e+01,5.000000000000000000e-01
2.205000000000002203e+01,5.000000000000000000e-01
2.205100000000001970e+01,5.000000000000000000e-01
2.205200000000002092e+01,5.000000000000000000e-01
2.205300000000002214e+01,5.000000000000000000e-01
2.205400000000001981e+01,5.000000000000000000e-01
2.205500000000002103e+01,5.000000000000000000e-01
2.205600000000002225e+01,5.000000000000000000e-01
2.205700000000001992e+01,5.000000000000000000e-01
2.205800000000002115e+01,5.000000000000000000e-01
2.205900000000002237e+01,5.000000000000000000e-01
2.206000000000002004e+01,5.000000000000000000e-01
2.206100000000002126e+01,5.000000000000000000e-01
2.206200000000002248e+01,5.000000000000000000e-01
2.206300000000002015e+01,5.000000000000000000e-01
2.206400000000002137e+01,5.000000000000000000e-01
2.206500000000002260e+01,5.000000000000000000e-01
2.206600000000002026e+01,5.000000000000000000e-01
2.206700000000002149e+01,5.000000000000000000e-01
2.206800000000002271e+01,5.000000000000000000e-01
2.206900000000002038e+01,5.000000000000000000e-01
2.207000000000002160e+01,5.000000000000000000e-01
2.207100000000002282e+01,5.000000000000000000e-01
2.207200000000002049e+01,5.000000000000000000e-01
2.207300000000002171e+01,5.000000000000000000e-01
2.207400000000002294e+01,5.000000000000000000e-01
2.207500000000002061e+01,5.000000000000000000e-01
2.207600000000002183e+01,5.000000000000000000e-01
2.207700000000001950e+01,5.000000000000000000e-01
2.207800000000002072e+01,5.000000000000000000e-01
2.207900000000002194e+01,5.000000000000000000e-01
2.208000000000001961e+01,5.000000000000000000e-01
2.208100000000002083e+01,5.000000000000000000e-01
2.208200000000002206e+01,5.000000000000000000e-01
2.208300000000001972e+01,5.000000000000000000e-01
2.208400000000002095e+01,5.000000000000000000e-01
2.208500000000002217e+01,5.000000000000000000e-01
2.208600000000001984e+01,5.000000000000000000e-01
2.208700000000002106e+01,5.000000000000000000e-01
2.208800000000002228e+01,5.000000000000000000e-01
2.208900000000001995e+01,5.000000000000000000e-01
2.209000000000002117e+01,5.000000000000000000e-01
2.209100000000002240e+01,5.000000000000000000e-01
2.209200000000002007e+01,5.000000000000000000e-01
2.209300000000002129e+01,5.000000000000000000e-01
2.209400000000002251e+01,5.000000000000000000e-01
2.209500000000002018e+01,5.000000000000000000e-01
2.209600000000002140e+01,5.000000000000000000e-01
2.209700000000002262e+01,5.000000000000000000e-01
2.209800000000002029e+01,5.000000000000000000e-01
2.209900000000002152e+01,5.000000000000000000e-01
2.210000000000002274e+01,5.000000000000000000e-01
2.210100000000002041e+01,5.000000000000000000e-01
2.210200000000002163e+01,5.000000000000000000e-01
2.210300000000002285e+01,5.000000000000000000e-01
2.210400000000002052e+01,5.000000000000000000e-01
2.210500000000002174e+01,5.000000000000000000e-01
2.210600000000002296e+01,5.000000000000000000e-01
2.210700000000002063e+01,5.000000000000000000e-01
2.210800000000002186e+01,5.000000000000000000e-01
2.210900000000002308e+01,5.000000000000000000e-01
2.211000000000002075e+01,5.000000000000000000e-01
2.211100000000002197e+01,5.000000000000000000e-01
2.211200000000001964e+01,5.000000000000000000e-01
2.211300000000002086e+01,5.000000000000000000e-01
2.211400000000002208e+01,5.000000000000000000e-01
2.211500000000001975e+01,5.000000000000000000e-01
2.211600000000002098e+01,5.000000000000000000e-01
2.211700000000002220e+01,5.000000000000000000e-01
2.211800000000001987e+01,5.000000000000000000e-01
2.211900000000002109e+01,5.000000000000000000e-01
2.212000000000002231e+01,5.000000000000000000e-01
2.212100000000001998e+01,5.000000000000000000e-01
2.212200000000002120e+01,5.000000000000000000e-01
2.212300000000002242e+01,5.000000000000000000e-01
2.212400000000002009e+01,5.000000000000000000e-01
2.212500000000002132e+01,5.000000000000000000e-01
2.212600000000002254e+01,5.000000000000000000e-01
2.212700000000002021e+01,5.000000000000000000e-01
2.212800000000002143e+01,5.000000000000000000e-01
2.212900000000002265e+01,5.000000000000000000e-01
2.213000000000002032e+01,5.000000000000000000e-01
2.213100000000002154e+01,5.000000000000000000e-01
2.213200000000002277e+01,5.000000000000000000e-01
2.213300000000002044e+01,5.000000000000000000e-01
2.213400000000002166e+01,5.000000000000000000e-01
2.213500000000002288e+01,5.000000000000000000e-01
2.213600000000002055e+01,5.000000000000000000e-01
2.213700000000002177e+01,5.000000000000000000e-01
2.213800000000002299e+01,5.000000000000000000e-01
2.213900000000002066e+01,5.000000000000000000e-01
2.214000000000002188e+01,5.000000000000000000e-01
2.214100000000001955e+01,5.000000000000000000e-01
2.214200000000002078e+01,5.000000000000000000e-01
2.214300000000002200e+01,5.000000000000000000e-01
2.214400000000001967e+01,5.000000000000000000e-01
2.214500000000002089e+01,5.000000000000000000e-01
2.214600000000002211e+01,5.000000000000000000e-01
2.214700000000001978e+01,5.000000000000000000e-01
2.214800000000002100e+01,5.000000000000000000e-01
2.214900000000002223e+01,5.000000000000000000e-01
2.215000000000001990e+01,5.000000000000000000e-01
2.215100000000002112e+01,5.000000000000000000e-01
2.215200000000002234e+01,5.000000000000000000e-01
2.215300000000002001e+01,5.000000000000000000e-01
2.215400000000002123e+01,5.000000000000000000e-01
2.215500000000002245e+01,5.000000000000000000e-01
2.215600000000002012e+01,5.000000000000000000e-01
2.215700000000002134e+01,5.000000000000000000e-01
2.215800000000002257e+01,5.000000000000000000e-01
2.215900000000002024e+01,5.000000000000000000e-01
2.216000000000002146e+01,5.000000000000000000e-01
2.216100000000002268e+01,5.000000000000000000e-01
2.216200000000002035e+01,5.000000000000000000e-01
2.216300000000002157e+01,5.000000000000000000e-01
2.216400000000002279e+01,5.000000000000000000e-01
2.216500000000002046e+01,5.000000000000000000e-01
2.216600000000002169e+01,5.000000000000000000e-01
2.216700000000002291e+01,5.000000000000000000e-01
2.216800000000002058e+01,5.000000000000000000e-01
2.216900000000002180e+01,5.000000000000000000e-01
2.217000000000002302e+01,5.000000000000000000e-01
2.217100000000002069e+01,5.000000000000000000e-01
2.217200000000002191e+01,5.000000000000000000e-01
2.217300000000002314e+01,5.000000000000000000e-01
2.217400000000002080e+01,5.000000000000000000e-01
2.217500000000002203e+01,5.000000000000000000e-01
2.217600000000001970e+01,5.000000000000000000e-01
2.217700000000002092e+01,5.000000000000000000e-01
2.217800000000002214e+01,5.000000000000000000e-01
2.217900000000001981e+01,5.000000000000000000e-01
2.218000000000002103e+01,5.000000000000000000e-01
2.218100000000002225e+01,5.000000000000000000e-01
2.218200000000001992e+01,5.000000000000000000e-01
2.218300000000002115e+01,5.000000000000000000e-01
2.218400000000002237e+01,5.000000000000000000e-01
2.218500000000002004e+01,5.000000000000000000e-01
2.218600000000002126e+01,5.000000000000000000e-01
2.218700000000002248e+01,5.000000000000000000e-01
2.218800000000002015e+01,5.000000000000000000e-01
2.218900000000002137e+01,5.000000000000000000e-01
2.219000000000002260e+01,5.000000000000000000e-01
2.219100000000002026e+01,5.000000000000000000e-01
2.219200000000002149e+01,5.000000000000000000e-01
2.219300000000002271e+01,5.000000000000000000e-01
2.219400000000002038e+01,5.000000000000000000e-01
2.219500000000002160e+01,5.000000000000000000e-01
2.219600000000002282e+01,5.000000000000000000e-01
2.219700000000002049e+01,5.000000000000000000e-01
2.219800000000002171e+01,5.000000000000000000e-01
2.219900000000002294e+01,5.000000000000000000e-01
2.220000000000002061e+01,5.000000000000000000e-01
2.220100000000002183e+01,5.000000000000000000e-01
2.220200000000002305e+01,5.000000000000000000e-01
2.220300000000002072e+01,5.000000000000000000e-01
2.220400000000002194e+01,5.000000000000000000e-01
2.220500000000001961e+01,5.000000000000000000e-01
2.220600000000002083e+01,5.000000000000000000e-01
2.220700000000002206e+01,5.000000000000000000e-01
2.220800000000001972e+01,5.000000000000000000e-01
2.220900000000002095e+01,5.000000000000000000e-01
2.221000000000002217e+01,5.000000000000000000e-01
2.221100000000001984e+01,5.000000000000000000e-01
2.221200000000002106e+01,5.000000000000000000e-01
2.221300000000002228e+01,5.000000000000000000e-01
2.221400000000001995e+01,5.000000000000000000e-01
2.221500000000002117e+01,5.000000000000000000e-01
2.221600000000002240e+01,5.000000000000000000e-01
2.221700000000002007e+01,5.000000000000000000e-01
2.221800000000002129e+01,5.000000000000000000e-01
2.221900000000002251e+01,5.000000000000000000e-01
2.222000000000002018e+01,5.000000000000000000e-01
2.222100000000002140e+01,5.000000000000000000e-01
2.222200000000002262e+01,5.000000000000000000e-01
2.222300000000002029e+01,5.000000000000000000e-01
2.222400000000002152e+01,5.000000000000000000e-01
2.222500000000002274e+01,5.000000000000000000e-01
2.222600000000002041e+01,5.000000000000000000e-01
2.222700000000002163e+01,5.000000000000000000e-01
2.222800000000002285e+01,5.000000000000000000e-01
2.222900000000002052e+01,5.000000000000000000e-01
2.223000000000002174e+01,5.000000000000000000e-01
2.223100000000002296e+01,5.000000000000000000e-01
2.223200000000002063e+01,5.000000000000000000e-01
2.223300000000002186e+01,5.000000000000000000e-01
2.223400000000002308e+01,5.000000000000000000e-01
2.223500000000002075e+01,5.000000000000000000e-01
2.223600000000002197e+01,5.000000000000000000e-01
2.223700000000002319e+01,5.000000000000000000e-01
2.223800000000002086e+01,5.000000000000000000e-01
2.223900000000002208e+01,5.000000000000000000e-01
2.224000000000001975e+01,5.000000000000000000e-01
2.224100000000002098e+01,5.000000000000000000e-01
2.224200000000002220e+01,5.000000000000000000e-01
2.224300000000001987e+01,5.000000000000000000e-01
2.224400000000002109e+01,5.000000000000000000e-01
2.224500000000002231e+01,5.000000000000000000e-01
2.224600000000001998e+01,5.000000000000000000e-01
2.224700000000002120e+01,5.000000000000000000e-01
2.224800000000002242e+01,5.000000000000000000e-01
2.224900000000002009e+01,5.000000000000000000e-01
2.225000000000002132e+01,5.000000000000000000e-01
2.225100000000002254e+01,5.000000000000000000e-01
2.225200000000002021e+01,5.000000000000000000e-01
2.225300000000002143e+01,5.000000000000000000e-01
2.225400000000002265e+01,5.000000000000000000e-01
2.225500000000002032e+01,5.000000000000000000e-01
2.225600000000002154e+01,5.000000000000000000e-01
2.225700000000002277e+01,5.000000000000000000e-01
2.225800000000002044e+01,5.000000000000000000e-01
2.225900000000002166e+01,5.000000000000000000e-01
2.226000000000002288e+01,5.000000000000000000e-01
2.226100000000002055e+01,5.000000000000000000e-01
2.226200000000002177e+01,5.000000000000000000e-01
2.226300000000002299e+01,5.000000000000000000e-01
2.226400000000002066e+01,5.000000000000000000e-01
2.226500000000002188e+01,5.000000000000000000e-01
2.226600000000002311e+01,5.000000000000000000e-01
2.226700000000002078e+01,5.000000000000000000e-01
2.226800000000002200e+01,5.000000000000000000e-01
2.226900000000001967e+01,5.000000000000000000e-01
2.227000000000002089e+01,5.000000000000000000e-01
2.227100000000002211e+01,5.000000000000000000e-01
2.227200000000001978e+01,5.000000000000000000e-01
2.227300000000002100e+01,5.000000000000000000e-01
2.227400000000002223e+01,5.000000000000000000e-01
2.227500000000001990e+01,5.000000000000000000e-01
2.227600000000002112e+01,5.000000000000000000e-01
2.227700000000002234e+01,5.000000000000000000e-01
2.227800000000002001e+01,5.000000000000000000e-01
2.227900000000002123e+01,5.000000000000000000e-01
2.228000000000002245e+01,5.000000000000000000e-01
2.228100000000002012e+01,5.000000000000000000e-01
2.228200000000002134e+01,5.000000000000000000e-01
2.228300000000002257e+01,5.000000000000000000e-01
2.228400000000002024e+01,5.000000000000000000e-01
2.228500000000002146e+01,5.000000000000000000e-01
2.228600000000002268e+01,5.000000000000000000e-01
2.228700000000002035e+01,5.000000000000000000e-01
2.228800000000002157e+01,5.000000000000000000e-01
2.228900000000002279e+01,5.000000000000000000e-01
2.229000000000002046e+01,5.000000000000000000e-01
2.229100000000002169e+01,5.000000000000000000e-01
2.229200000000002291e+01,5.000000000000000000e-01
2.229300000000002058e+01,5.000000000000000000e-01
2.229400000000002180e+01,5.000000000000000000e-01
2.229500000000002302e+01,5.000000000000000000e-01
2.229600000000002069e+01,5.000000000000000000e-01
2.229700000000002191e+01,5.000000000000000000e-01
2.229800000000002314e+01,5.000000000000000000e-01
2.229900000000002080e+01,5.000000000000000000e-01
2.230000000000002203e+01,5.000000000000000000e-01
2.230100000000002325e+01,5.000000000000000000e-01
2.230200000000002092e+01,5.000000000000000000e-01
2.230300000000002214e+01,5.000000000000000000e-01
2.230400000000001981e+01,5.000000000000000000e-01
2.230500000000002103e+01,5.000000000000000000e-01
2.230600000000002225e+01,5.000000000000000000e-01
2.230700000000001992e+01,5.000000000000000000e-01
2.230800000000002115e+01,5.000000000000000000e-01
2.230900000000002237e+01,5.000000000000000000e-01
2.231000000000002004e+01,5.000000000000000000e-01
2.231100000000002126e+01,5.000000000000000000e-01
2.231200000000002248e+01,5.000000000000000000e-01
2.231300000000002015e+01,5.000000000000000000e-01
2.231400000000002137e+01,5.000000000000000000e-01
2.231500000000002260e+01,5.000000000000000000e-01
2.231600000000002026e+01,5.000000000000000000e-01
2.231700000000002149e+01,5.000000000000000000e-01
2.231800000000002271e+01,5.000000000000000000e-01
2.231900000000002038e+01,5.000000000000000000e-01
2.232000000000002160e+01,5.000000000000000000e-01
2.232100000000002282e+01,5.000000000000000000e-01
2.232200000000002049e+01,5.000000000000000000e-01
2.232300000000002171e+01,5.000000000000000000e-01
2.232400000000002294e+01,5.000000000000000000e-01
2.232500000000002061e+01,5.000000000000000000e-01
2.232600000000002183e+01,5.000000000000000000e-01
2.232700000000002305e+01,5.000000000000000000e-01
2.232800000000002072e+01,5.000000000000000000e-01
2.232900000000002194e+01,5.000000000000000000e-01
2.233000000000002316e+01,5.000000000000000000e-01
2.233100000000002083e+01,5.000000000000000000e-01
2.233200000000002206e+01,5.000000000000000000e-01
2.233300000000001972e+01,5.000000000000000000e-01
2.233400000000002095e+01,5.000000000000000000e-01
2.233500000000002217e+01,5.000000000000000000e-01
2.233600000000001984e+01,5.000000000000000000e-01
2.233700000000002106e+01,5.000000000000000000e-01
2.233800000000002228e+01,5.000000000000000000e-01
2.233900000000001995e+01,5.000000000000000000e-01
2.234000000000002117e+01,5.000000000000000000e-01
2.234100000000002240e+01,5.000000000000000000e-01
2.234200000000002007e+01,5.000000000000000000e-01
2.234300000000002129e+01,5.000000000000000000e-01
2.234400000000002251e+01,5.000000000000000000e-01
2.234500000000002018e+01,5.000000000000000000e-01
2.234600000000002140e+01,5.000000000000000000e-01
2.234700000000002262e+01,5.000000000000000000e-01
2.234800000000002029e+01,5.000000000000000000e-01
2.234900000000002152e+01,5.000000000000000000e-01
2.235000000000002274e+01,5.000000000000000000e-01
2.235100000000002041e+01,5.000000000000000000e-01
2.235200000000002163e+01,5.000000000000000000e-01
2.235300000000002285e+01,5.000000000000000000e-01
2.235400000000002052e+01,5.000000000000000000e-01
2.235500000000002174e+01,5.000000000000000000e-01
2.235600000000002296e+01,5.000000000000000000e-01
2.235700000000002063e+01,5.000000000000000000e-01
2.235800000000002186e+01,5.000000000000000000e-01
2.235900000000002308e+01,5.000000000000000000e-01
2.236000000000002075e+01,5.000000000000000000e-01
2.236100000000002197e+01,5.000000000000000000e-01
2.236200000000002319e+01,5.000000000000000000e-01
2.236300000000002086e+01,5.000000000000000000e-01
2.236400000000002208e+01,5.000000000000000000e-01
2.236500000000002331e+01,5.000000000000000000e-01
2.236600000000002098e+01,5.000000000000000000e-01
2.236700000000002220e+01,5.000000000000000000e-01
2.236800000000001987e+01,5.000000000000000000e-01
2.236900000000002109e+01,5.000000000000000000e-01
2.237000000000002231e+01,5.000000000000000000e-01
2.237100000000001998e+01,5.000000000000000000e-01
2.237200000000002120e+01,5.000000000000000000e-01
2.237300000000002242e+01,5.000000000000000000e-01
2.237400000000002009e+01,5.000000000000000000e-01
2.237500000000002132e+01,5.000000000000000000e-01
2.237600000000002254e+01,5.000000000000000000e-01
2.237700000000002021e+01,5.000000000000000000e-01
2.237800000000002143e+01,5.000000000000000000e-01
2.237900000000002265e+01,5.000000000000000000e-01
2.238000000000002032e+01,5.000000000000000000e-01
2.238100000000002154e+01,5.000000000000000000e-01
2.238200000000002277e+01,5.000000000000000000e-01
2.238300000000002044e+01,5.000000000000000000e-01
2.238400000000002166e+01,5.000000000000000000e-01
2.238500000000002288e+01,5.000000000000000000e-01
2.238600000000002055e+01,5.000000000000000000e-01
2.238700000000002177e+01,5.000000000000000000e-01
2.238800000000002299e+01,5.000000000000000000e-01
2.238900000000002066e+01,5.000000000000000000e-01
2.239000000000002188e+01,5.000000000000000000e-01
2.239100000000002311e+01,5.000000000000000000e-01
2.239200000000002078e+01,5.000000000000000000e-01
2.239300000000002200e+01,5.000000000000000000e-01
2.239400000000002322e+01,5.000000000000000000e-01
2.239500000000002089e+01,5.000000000000000000e-01
2.239600000000002211e+01,5.000000000000000000e-01
2.239700000000001978e+01,5.000000000000000000e-01
2.239800000000002100e+01,5.000000000000000000e-01
2.239900000000002223e+01,5.000000000000000000e-01
2.240000000000001990e+01,5.000000000000000000e-01
2.240100000000002112e+01,5.000000000000000000e-01
2.240200000000002234e+01,5.000000000000000000e-01
2.240300000000002001e+01,5.000000000000000000e-01
2.240400000000002123e+01,5.000000000000000000e-01
2.240500000000002245e+01,5.000000000000000000e-01
2.240600000000002012e+01,5.000000000000000000e-01
2.240700000000002134e+01,5.000000000000000000e-01
2.240800000000002257e+01,5.000000000000000000e-01
2.240900000000002024e+01,5.000000000000000000e-01
2.241000000000002146e+01,5.000000000000000000e-01
2.241100000000002268e+01,5.000000000000000000e-01
2.241200000000002035e+01,5.000000000000000000e-01
2.241300000000002157e+01,5.000000000000000000e-01
2.241400000000002279e+01,5.000000000000000000e-01
2.241500000000002046e+01,5.000000000000000000e-01
2.241600000000002169e+01,5.000000000000000000e-01
2.241700000000002291e+01,5.000000000000000000e-01
2.241800000000002058e+01,5.000000000000000000e-01
2.241900000000002180e+01,5.000000000000000000e-01
2.242000000000002302e+01,5.000000000000000000e-01
2.242100000000002069e+01,5.000000000000000000e-01
2.242200000000002191e+01,5.000000000000000000e-01
2.242300000000002314e+01,5.000000000000000000e-01
2.242400000000002080e+01,5.000000000000000000e-01
2.242500000000002203e+01,5.000000000000000000e-01
2.242600000000002325e+01,5.000000000000000000e-01
2.242700000000002092e+01,5.000000000000000000e-01
2.242800000000002214e+01,5.000000000000000000e-01
2.242900000000002336e+01,5.000000000000000000e-01
2.243000000000002103e+01,5.000000000000000000e-01
2.243100000000002225e+01,5.000000000000000000e-01
2.243200000000001992e+01,5.000000000000000000e-01
2.243300000000002115e+01,5.000000000000000000e-01
2.243400000000002237e+01,5.000000000000000000e-01
2.243500000000002004e+01,5.000000000000000000e-01
2.243600000000002126e+01,5.000000000000000000e-01
2.243700000000002248e+01,5.000000000000000000e-01
2.243800000000002015e+01,5.000000000000000000e-01
2.243900000000002137e+01,5.000000000000000000e-01
2.244000000000002260e+01,5.000000000000000000e-01
2.244100000000002026e+01,5.000000000000000000e-01
2.244200000000002149e+01,5.000000000000000000e-01
2.244300000000002271e+01,5.000000000000000000e-01
2.244400000000002038e+01,5.000000000000000000e-01
2.244500000000002160e+01,5.000000000000000000e-01
2.244600000000002282e+01,5.000000000000000000e-01
2.244700000000002049e+01,5.000000000000000000e-01
2.244800000000002171e+01,5.000000000000000000e-01
2.244900000000002294e+01,5.000000000000000000e-01
2.245000000000002061e+01,5.000000000000000000e-01
2.245100000000002183e+01,5.000000000000000000e-01
2.245200000000002305e+01,5.000000000000000000e-01
2.245300000000002072e+01,5.000000000000000000e-01
2.245400000000002194e+01,5.000000000000000000e-01
2.245500000000002316e+01,5.000000000000000000e-01
2.245600000000002083e+01,5.000000000000000000e-01
2.245700000000002206e+01,5.000000000000000000e-01
2.245800000000002328e+01,5.000000000000000000e-01
2.245900000000002095e+01,5.000000000000000000e-01
2.246000000000002217e+01,5.000000000000000000e-01
2.246100000000001984e+01,5.000000000000000000e-01
2.246200000000002106e+01,5.000000000000000000e-01
2.246300000000002228e+01,5.000000000000000000e-01
2.246400000000001995e+01,5.000000000000000000e-01
2.246500000000002117e+01,5.000000000000000000e-01
2.246600000000002240e+01,5.000000000000000000e-01
2.246700000000002007e+01,5.000000000000000000e-01
2.246800000000002129e+01,5.000000000000000000e-01
2.246900000000002251e+01,5.000000000000000000e-01
2.247000000000002018e+01,5.000000000000000000e-01
2.247100000000002140e+01,5.000000000000000000e-01
2.247200000000002262e+01,5.000000000000000000e-01
2.247300000000002029e+01,5.000000000000000000e-01
2.247400000000002152e+01,5.000000000000000000e-01
2.247500000000002274e+01,5.000000000000000000e-01
2.247600000000002041e+01,5.000000000000000000e-01
2.247700000000002163e+01,5.000000000000000000e-01
2.247800000000002285e+01,5.000000000000000000e-01
2.247900000000002052e+01,5.000000000000000000e-01
2.248000000000002174e+01,5.000000000000000000e-01
2.248100000000002296e+01,5.000000000000000000e-01
2.248200000000002063e+01,5.000000000000000000e-01
2.248300000000002186e+01,5.000000000000000000e-01
2.248400000000002308e+01,5.000000000000000000e-01
2.248500000000002075e+01,5.000000000000000000e-01
2.248600000000002197e+01,5.000000000000000000e-01
2.248700000000002319e+01,5.000000000000000000e-01
2.248800000000002086e+01,5.000000000000000000e-01
2.248900000000002208e+01,5.000000000000000000e-01
2.249000000000002331e+01,5.000000000000000000e-01
2.249100000000002098e+01,5.000000000000000000e-01
2.249200000000002220e+01,5.000000000000000000e-01
2.249300000000002342e+01,5.000000000000000000e-01
2.249400000000002109e+01,5.000000000000000000e-01
2.249500000000002231e+01,5.000000000000000000e-01
2.249600000000001998e+01,5.000000000000000000e-01
2.249700000000002120e+01,5.000000000000000000e-01
2.249800000000002242e+01,5.000000000000000000e-01
2.249900000000002009e+01,5.000000000000000000e-01
2.250000000000002132e+01,5.000000000000000000e-01
2.250100000000002254e+01,5.000000000000000000e-01
2.250200000000002021e+01,5.000000000000000000e-01
2.250300000000002143e+01,5.000000000000000000e-01
2.250400000000002265e+01,5.000000000000000000e-01
2.250500000000002032e+01,5.000000000000000000e-01
2.250600000000002154e+01,5.000000000000000000e-01
2.250700000000002277e+01,5.000000000000000000e-01
2.250800000000002044e+01,5.000000000000000000e-01
2.250900000000002166e+01,5.000000000000000000e-01
2.251000000000002288e+01,5.000000000000000000e-01
2.251100000000002055e+01,5.000000000000000000e-01
2.251200000000002177e+01,5.000000000000000000e-01
2.251300000000002299e+01,5.000000000000000000e-01
2.251400000000002066e+01,5.000000000000000000e-01
2.251500000000002188e+01,5.000000000000000000e-01
2.251600000000002311e+01,5.000000000000000000e-01
2.251700000000002078e+01,5.000000000000000000e-01
2.251800000000002200e+01,5.000000000000000000e-01
2.251900000000002322e+01,5.000000000000000000e-01
2.252000000000002089e+01,5.000000000000000000e-01
2.252100000000002211e+01,5.000000000000000000e-01
2.252200000000002333e+01,5.000000000000000000e-01
2.252300000000002100e+01,5.000000000000000000e-01
2.252400000000002223e+01,5.000000000000000000e-01
2.252500000000001990e+01,5.000000000000000000e-01
2.252600000000002112e+01,5.000000000000000000e-01
2.252700000000002234e+01,5.000000000000000000e-01
2.252800000000002001e+01,5.000000000000000000e-01
2.252900000000002123e+01,5.000000000000000000e-01
2.253000000000002245e+01,5.000000000000000000e-01
2.253100000000002012e+01,5.000000000000000000e-01
2.253200000000002134e+01,5.000000000000000000e-01
2.253300000000002257e+01,5.000000000000000000e-01
2.253400000000002024e+01,5.000000000000000000e-01
2.253500000000002146e+01,5.000000000000000000e-01
2.253600000000002268e+01,5.000000000000000000e-01
2.253700000000002035e+01,5.000000000000000000e-01
2.253800000000002157e+01,5.000000000000000000e-01
2.253900000000002279e+01,5.000000000000000000e-01
2.254000000000002046e+01,5.000000000000000000e-01
2.254100000000002169e+01,5.000000000000000000e-01
2.254200000000002291e+01,5.000000000000000000e-01
2.254300000000002058e+01,5.000000000000000000e-01
2.254400000000002180e+01,5.000000000000000000e-01
2.254500000000002302e+01,5.000000000000000000e-01
2.254600000000002069e+01,5.000000000000000000e-01
2.254700000000002191e+01,5.000000000000000000e-01
2.254800000000002314e+01,5.000000000000000000e-01
2.254900000000002080e+01,5.000000000000000000e-01
2.255000000000002203e+01,5.000000000000000000e-01
2.255100000000002325e+01,5.000000000000000000e-01
2.255200000000002092e+01,5.000000000000000000e-01
2.255300000000002214e+01,5.000000000000000000e-01
2.255400000000002336e+01,5.000000000000000000e-01
2.255500000000002103e+01,5.000000000000000000e-01
2.255600000000002225e+01,5.000000000000000000e-01
2.255700000000002348e+01,5.000000000000000000e-01
2.255800000000002115e+01,5.000000000000000000e-01
2.255900000000002237e+01,5.000000000000000000e-01
2.256000000000002004e+01,5.000000000000000000e-01
2.256100000000002126e+01,5.000000000000000000e-01
2.256200000000002248e+01,5.000000000000000000e-01
2.256300000000002015e+01,5.000000000000000000e-01
2.256400000000002137e+01,5.000000000000000000e-01
2.256500000000002260e+01,5.000000000000000000e-01
2.256600000000002026e+01,5.000000000000000000e-01
2.256700000000002149e+01,5.000000000000000000e-01
2.256800000000002271e+01,5.000000000000000000e-01
2.256900000000002038e+01,5.000000000000000000e-01
2.257000000000002160e+01,5.000000000000000000e-01
2.257100000000002282e+01,5.000000000000000000e-01
2.257200000000002049e+01,5.000000000000000000e-01
2.257300000000002171e+01,5.000000000000000000e-01
2.257400000000002294e+01,5.000000000000000000e-01
2.257500000000002061e+01,5.000000000000000000e-01
2.257600000000002183e+01,5.000000000000000000e-01
2.257700000000002305e+01,5.000000000000000000e-01
2.257800000000002072e+01,5.000000000000000000e-01
2.257900000000002194e+01,5.000000000000000000e-01
2.258000000000002316e+01,5.000000000000000000e-01
2.258100000000002083e+01,5.000000000000000000e-01
2.258200000000002206e+01,5.000000000000000000e-01
2.258300000000002328e+01,5.000000000000000000e-01
2.258400000000002095e+01,5.000000000000000000e-01
2.258500000000002217e+01,5.000000000000000000e-01
2.258600000000002339e+01,5.000000000000000000e-01
2.258700000000002106e+01,5.000000000000000000e-01
2.258800000000002228e+01,5.000000000000000000e-01
2.258900000000001995e+01,5.000000000000000000e-01
2.259000000000002117e+01,5.000000000000000000e-01
2.259100000000002240e+01,5.000000000000000000e-01
2.259200000000002007e+01,5.000000000000000000e-01
2.259300000000002129e+01,5.000000000000000000e-01
2.259400000000002251e+01,5.000000000000000000e-01
2.259500000000002018e+01,5.000000000000000000e-01
2.259600000000002140e+01,5.000000000000000000e-01
2.259700000000002262e+01,5.000000000000000000e-01
2.259800000000002029e+01,5.000000000000000000e-01
2.259900000000002152e+01,5.000000000000000000e-01
2.260000000000002274e+01,5.000000000000000000e-01
2.260100000000002041e+01,5.000000000000000000e-01
2.260200000000002163e+01,5.000000000000000000e-01
2.260300000000002285e+01,5.000000000000000000e-01
2.260400000000002052e+01,5.000000000000000000e-01
2.260500000000002174e+01,5.000000000000000000e-01
2.260600000000002296e+01,5.000000000000000000e-01
2.260700000000002063e+01,5.000000000000000000e-01
2.260800000000002186e+01,5.000000000000000000e-01
2.260900000000002308e+01,5.000000000000000000e-01
2.261000000000002075e+01,5.000000000000000000e-01
2.261100000000002197e+01,5.000000000000000000e-01
2.261200000000002319e+01,5.000000000000000000e-01
2.261300000000002086e+01,5.000000000000000000e-01
2.261400000000002208e+01,5.000000000000000000e-01
2.261500000000002331e+01,5.000000000000000000e-01
2.261600000000002098e+01,5.000000000000000000e-01
2.261700000000002220e+01,5.000000000000000000e-01
2.261800000000002342e+01,5.000000000000000000e-01
2.261900000000002109e+01,5.000000000000000000e-01
2.262000000000002231e+01,5.000000000000000000e-01
2.262100000000002353e+01,5.000000000000000000e-01
2.262200000000002120e+01,5.000000000000000000e-01
2.262300000000002242e+01,5.000000000000000000e-01
2.262400000000002009e+01,5.000000000000000000e-01
2.262500000000002132e+01,5.000000000000000000e-01
2.262600000000002254e+01,5.000000000000000000e-01
2.262700000000002021e+01,5.000000000000000000e-01
2.262800000000002143e+01,5.000000000000000000e-01
2.262900000000002265e+01,5.000000000000000000e-01
2.263000000000002032e+01,5.000000000000000000e-01
2.263100000000002154e+01,5.000000000000000000e-01
2.263200000000002277e+01,5.000000000000000000e-01
2.263300000000002044e+01,5.000000000000000000e-01
2.263400000000002166e+01,5.000000000000000000e-01
2.263500000000002288e+01,5.000000000000000000e-01
2.263600000000002055e+01,5.000000000000000000e-01
2.263700000000002177e+01,5.000000000000000000e-01
2.263800000000002299e+01,5.000000000000000000e-01
2.263900000000002066e+01,5.000000000000000000e-01
2.264000000000002188e+01,5.000000000000000000e-01
2.264100000000002311e+01,5.000000000000000000e-01
2.264200000000002078e+01,5.000000000000000000e-01
2.264300000000002200e+01,5.000000000000000000e-01
2.264400000000002322e+01,5.000000000000000000e-01
2.264500000000002089e+01,5.000000000000000000e-01
2.264600000000002211e+01,5.000000000000000000e-01
2.264700000000002333e+01,5.000000000000000000e-01
2.264800000000002100e+01,5.000000000000000000e-01
2.264900000000002223e+01,5.000000000000000000e-01
2.265000000000002345e+01,5.000000000000000000e-01
2.265100000000002112e+01,5.000000000000000000e-01
2.265200000000002234e+01,5.000000000000000000e-01
2.265300000000002001e+01,5.000000000000000000e-01
2.265400000000002123e+01,5.000000000000000000e-01
2.265500000000002245e+01,5.000000000000000000e-01
2.265600000000002012e+01,5.000000000000000000e-01
2.265700000000002134e+01,5.000000000000000000e-01
2.265800000000002257e+01,5.000000000000000000e-01
2.265900000000002024e+01,5.000000000000000000e-01
2.266000000000002146e+01,5.000000000000000000e-01
2.266100000000002268e+01,5.000000000000000000e-01
2.266200000000002035e+01,5.000000000000000000e-01
2.266300000000002157e+01,5.000000000000000000e-01
2.266400000000002279e+01,5.000000000000000000e-01
2.266500000000002046e+01,5.000000000000000000e-01
2.266600000000002169e+01,5.000000000000000000e-01
2.266700000000002291e+01,5.000000000000000000e-01
2.266800000000002058e+01,5.000000000000000000e-01
2.266900000000002180e+01,5.000000000000000000e-01
2.267000000000002302e+01,5.000000000000000000e-01
2.267100000000002069e+01,5.000000000000000000e-01
2.267200000000002191e+01,5.000000000000000000e-01
2.267300000000002314e+01,5.000000000000000000e-01
2.267400000000002080e+01,5.000000000000000000e-01
2.267500000000002203e+01,5.000000000000000000e-01
2.267600000000002325e+01,5.000000000000000000e-01
2.267700000000002092e+01,5.000000000000000000e-01
2.267800000000002214e+01,5.000000000000000000e-01
2.267900000000002336e+01,5.000000000000000000e-01
2.268000000000002103e+01,5.000000000000000000e-01
2.268100000000002225e+01,5.000000000000000000e-01
2.268200000000002348e+01,5.000000000000000000e-01
2.268300000000002115e+01,5.000000000000000000e-01
2.268400000000002237e+01,5.000000000000000000e-01
2.268500000000002359e+01,5.000000000000000000e-01
2.268600000000002126e+01,5.000000000000000000e-01
2.268700000000002248e+01,5.000000000000000000e-01
2.268800000000002015e+01,5.000000000000000000e-01
2.268900000000002137e+01,5.000000000000000000e-01
2.269000000000002260e+01,5.000000000000000000e-01
2.269100000000002026e+01,5.000000000000000000e-01
2.269200000000002149e+01,5.000000000000000000e-01
2.269300000000002271e+01,5.000000000000000000e-01
2.269400000000002038e+01,5.000000000000000000e-01
2.269500000000002160e+01,5.000000000000000000e-01
2.269600000000002282e+01,5.000000000000000000e-01
2.269700000000002049e+01,5.000000000000000000e-01
2.269800000000002171e+01,5.000000000000000000e-01
2.269900000000002294e+01,5.000000000000000000e-01
2.270000000000002061e+01,5.000000000000000000e-01
2.270100000000002183e+01,5.000000000000000000e-01
2.270200000000002305e+01,5.000000000000000000e-01
2.270300000000002072e+01,5.000000000000000000e-01
2.270400000000002194e+01,5.000000000000000000e-01
2.270500000000002316e+01,5.000000000000000000e-01
2.270600000000002083e+01,5.000000000000000000e-01
2.270700000000002206e+01,5.000000000000000000e-01
2.270800000000002328e+01,5.000000000000000000e-01
2.270900000000002095e+01,5.000000000000000000e-01
2.271000000000002217e+01,5.000000000000000000e-01
2.271100000000002339e+01,5.000000000000000000e-01
2.271200000000002106e+01,5.000000000000000000e-01
2.271300000000002228e+01,5.000000000000000000e-01
2.271400000000002350e+01,5.000000000000000000e-01
2.271500000000002117e+01,5.000000000000000000e-01
2.271600000000002240e+01,5.000000000000000000e-01
2.271700000000002007e+01,5.000000000000000000e-01
2.271800000000002129e+01,5.000000000000000000e-01
2.271900000000002251e+01,5.000000000000000000e-01
2.272000000000002018e+01,5.000000000000000000e-01
2.272100000000002140e+01,5.000000000000000000e-01
2.272200000000002262e+01,5.000000000000000000e-01
2.272300000000002029e+01,5.000000000000000000e-01
2.272400000000002152e+01,5.000000000000000000e-01
2.272500000000002274e+01,5.000000000000000000e-01
2.272600000000002041e+01,5.000000000000000000e-01
2.272700000000002163e+01,5.000000000000000000e-01
2.272800000000002285e+01,5.000000000000000000e-01
2.272900000000002052e+01,5.000000000000000000e-01
2.273000000000002174e+01,5.000000000000000000e-01
2.273100000000002296e+01,5.000000000000000000e-01
2.273200000000002063e+01,5.000000000000000000e-01
2.273300000000002186e+01,5.000000000000000000e-01
2.273400000000002308e+01,5.000000000000000000e-01
2.273500000000002075e+01,5.000000000000000000e-01
2.273600000000002197e+01,5.000000000000000000e-01
2.273700000000002319e+01,5.000000000000000000e-01
2.273800000000002086e+01,5.000000000000000000e-01
2.273900000000002208e+01,5.000000000000000000e-01
2.274000000000002331e+01,5.000000000000000000e-01
2.274100000000002098e+01,5.000000000000000000e-01
2.274200000000002220e+01,5.000000000000000000e-01
2.274300000000002342e+01,5.000000000000000000e-01
2.274400000000002109e+01,5.000000000000000000e-01
2.274500000000002231e+01,5.000000000000000000e-01
2.274600000000002353e+01,5.000000000000000000e-01
2.274700000000002120e+01,5.000000000000000000e-01
2.274800000000002242e+01,5.000000000000000000e-01
2.274900000000002365e+01,5.000000000000000000e-01
2.275000000000002132e+01,5.000000000000000000e-01
2.275100000000002254e+01,5.000000000000000000e-01
2.275200000000002021e+01,5.000000000000000000e-01
2.275300000000002143e+01,5.000000000000000000e-01
2.275400000000002265e+01,5.000000000000000000e-01
2.275500000000002032e+01,5.000000000000000000e-01
2.275600000000002154e+01,5.000000000000000000e-01
2.275700000000002277e+01,5.000000000000000000e-01
2.275800000000002044e+01,5.000000000000000000e-01
2.275900000000002166e+01,5.000000000000000000e-01
2.276000000000002288e+01,5.000000000000000000e-01
2.276100000000002055e+01,5.000000000000000000e-01
2.276200000000002177e+01,5.000000000000000000e-01
2.276300000000002299e+01,5.000000000000000000e-01
2.276400000000002066e+01,5.000000000000000000e-01
2.276500000000002188e+01,5.000000000000000000e-01
2.276600000000002311e+01,5.000000000000000000e-01
2.276700000000002078e+01,5.000000000000000000e-01
2.276800000000002200e+01,5.000000000000000000e-01
2.276900000000002322e+01,5.000000000000000000e-01
2.277000000000002089e+01,5.000000000000000000e-01
2.277100000000002211e+01,5.000000000000000000e-01
2.277200000000002333e+01,5.000000000000000000e-01
2.277300000000002100e+01,5.000000000000000000e-01
2.277400000000002223e+01,5.000000000000000000e-01
2.277500000000002345e+01,5.000000000000000000e-01
2.277600000000002112e+01,5.000000000000000000e-01
2.277700000000002234e+01,5.000000000000000000e-01
2.277800000000002356e+01,5.000000000000000000e-01
2.277900000000002123e+01,5.000000000000000000e-01
2.278000000000002245e+01,5.000000000000000000e-01
2.278100000000002012e+01,5.000000000000000000e-01
2.278200000000002134e+01,5.000000000000000000e-01
2.278300000000002257e+01,5.000000000000000000e-01
2.278400000000002024e+01,5.000000000000000000e-01
2.278500000000002146e+01,5.000000000000000000e-01
2.278600000000002268e+01,5.000000000000000000e-01
2.278700000000002035e+01,5.000000000000000000e-01
2.278800000000002157e+01,5.000000000000000000e-01
2.278900000000002279e+01,5.000000000000000000e-01
2.279000000000002046e+01,5.000000000000000000e-01
2.279100000000002169e+01,5.000000000000000000e-01
2.279200000000002291e+01,5.000000000000000000e-01
2.279300000000002058e+01,5.000000000000000000e-01
2.279400000000002180e+01,5.000000000000000000e-01
2.279500000000002302e+01,5.000000000000000000e-01
2.279600000000002069e+01,5.000000000000000000e-01
2.279700000000002191e+01,5.000000000000000000e-01
2.279800000000002314e+01,5.000000000000000000e-01
2.279900000000002080e+01,5.000000000000000000e-01
2.280000000000002203e+01,5.000000000000000000e-01
2.280100000000002325e+01,5.000000000000000000e-01
2.280200000000002092e+01,5.000000000000000000e-01
2.280300000000002214e+01,5.000000000000000000e-01
2.280400000000002336e+01,5.000000000000000000e-01
2.280500000000002103e+01,5.000000000000000000e-01
2.280600000000002225e+01,5.000000000000000000e-01
2.280700000000002348e+01,5.000000000000000000e-01
2.280800000000002115e+01,5.000000000000000000e-01
2.280900000000002237e+01,5.000000000000000000e-01
2.281000000000002359e+01,5.000000000000000000e-01
2.281100000000002126e+01,5.000000000000000000e-01
2.281200000000002248e+01,5.000000000000000000e-01
2.281300000000002370e+01,5.000000000000000000e-01
2.281400000000002137e+01,5.000000000000000000e-01
2.281500000000002260e+01,5.000000000000000000e-01
2.281600000000002026e+01,5.000000000000000000e-01
2.281700000000002149e+01,5.000000000000000000e-01
2.281800000000002271e+01,5.000000000000000000e-01
2.281900000000002038e+01,5.000000000000000000e-01
2.282000000000002160e+01,5.000000000000000000e-01
2.282100000000002282e+01,5.000000000000000000e-01
2.282200000000002049e+01,5.000000000000000000e-01
2.282300000000002171e+01,5.000000000000000000e-01
2.282400000000002294e+01,5.000000000000000000e-01
2.282500000000002061e+01,5.000000000000000000e-01
2.282600000000002183e+01,5.000000000000000000e-01
2.282700000000002305e+01,5.000000000000000000e-01
2.282800000000002072e+01,5.000000000000000000e-01
2.282900000000002194e+01,5.000000000000000000e-01
2.283000000000002316e+01,5.000000000000000000e-01
2.283100000000002083e+01,5.000000000000000000e-01
2.283200000000002206e+01,5.000000000000000000e-01
2.283300000000002328e+01,5.000000000000000000e-01
2.283400000000002095e+01,5.000000000000000000e-01
2.283500000000002217e+01,5.000000000000000000e-01
2.283600000000002339e+01,5.000000000000000000e-01
2.283700000000002106e+01,5.000000000000000000e-01
2.283800000000002228e+01,5.000000000000000000e-01
2.283900000000002350e+01,5.000000000000000000e-01
2.284000000000002117e+01,5.000000000000000000e-01
2.284100000000002240e+01,5.000000000000000000e-01
2.284200000000002362e+01,5.000000000000000000e-01
2.284300000000002129e+01,5.000000000000000000e-01
2.284400000000002251e+01,5.000000000000000000e-01
2.284500000000002018e+01,5.000000000000000000e-01
2.284600000000002140e+01,5.000000000000000000e-01
2.284700000000002262e+01,5.000000000000000000e-01
2.284800000000002029e+01,5.000000000000000000e-01
2.284900000000002152e+01,5.000000000000000000e-01
2.285000000000002274e+01,5.000000000000000000e-01
2.285100000000002041e+01,5.000000000000000000e-01
2.285200000000002163e+01,5.000000000000000000e-01
2.285300000000002285e+01,5.000000000000000000e-01
2.285400000000002052e+01,5.000000000000000000e-01
2.285500000000002174e+01,5.000000000000000000e-01
2.285600000000002296e+01,5.000000000000000000e-01
2.285700000000002063e+01,5.000000000000000000e-01
2.285800000000002186e+01,5.000000000000000000e-01
2.285900000000002308e+01,5.000000000000000000e-01
2.286000000000002075e+01,5.000000000000000000e-01
2.286100000000002197e+01,5.000000000000000000e-01
2.286200000000002319e+01,5.000000000000000000e-01
2.286300000000002086e+01,5.000000000000000000e-01
2.286400000000002208e+01,5.000000000000000000e-01
2.286500000000002331e+01,5.000000000000000000e-01
2.286600000000002098e+01,5.000000000000000000e-01
2.286700000000002220e+01,5.000000000000000000e-01
2.286800000000002342e+01,5.000000000000000000e-01
2.286900000000002109e+01,5.000000000000000000e-01
2.287000000000002231e+01,5.000000000000000000e-01
2.287100000000002353e+01,5.000000000000000000e-01
2.287200000000002120e+01,5.000000000000000000e-01
2.287300000000002242e+01,5.000000000000000000e-01
2.287400000000002365e+01,5.000000000000000000e-01
2.287500000000002132e+01,5.000000000000000000e-01
2.287600000000002254e+01,5.000000000000000000e-01
2.287700000000002376e+01,5.000000000000000000e-01
2.287800000000002143e+01,5.000000000000000000e-01
2.287900000000002265e+01,5.000000000000000000e-01
2.288000000000002032e+01,5.000000000000000000e-01
2.288100000000002154e+01,5.000000000000000000e-01
2.288200000000002277e+01,5.000000000000000000e-01
2.288300000000002044e+01,5.000000000000000000e-01
2.288400000000002166e+01,5.000000000000000000e-01
2.288500000000002288e+01,5.000000000000000000e-01
2.288600000000002055e+01,5.000000000000000000e-01
2.288700000000002177e+01,5.000000000000000000e-01
2.288800000000002299e+01,5.000000000000000000e-01
2.288900000000002066e+01,5.000000000000000000e-01
2.289000000000002188e+01,5.000000000000000000e-01
2.289100000000002311e+01,5.000000000000000000e-01
2.289200000000002078e+01,5.000000000000000000e-01
2.289300000000002200e+01,5.000000000000000000e-01
2.289400000000002322e+01,5.000000000000000000e-01
2.289500000000002089e+01,5.000000000000000000e-01
2.289600000000002211e+01,5.000000000000000000e-01
2.289700000000002333e+01,5.000000000000000000e-01
2.289800000000002100e+01,5.000000000000000000e-01
2.289900000000002223e+01,5.000000000000000000e-01
2.290000000000002345e+01,5.000000000000000000e-01
2.290100000000002112e+01,5.000000000000000000e-01
2.290200000000002234e+01,5.000000000000000000e-01
2.290300000000002356e+01,5.000000000000000000e-01
2.290400000000002123e+01,5.000000000000000000e-01
2.290500000000002245e+01,5.000000000000000000e-01
2.290600000000002368e+01,5.000000000000000000e-01
2.290700000000002134e+01,5.000000000000000000e-01
2.290800000000002257e+01,5.000000000000000000e-01
2.290900000000002024e+01,5.000000000000000000e-01
2.291000000000002146e+01,5.000000000000000000e-01
2.291100000000002268e+01,5.000000000000000000e-01
2.291200000000002035e+01,5.000000000000000000e-01
2.291300000000002157e+01,5.000000000000000000e-01
2.291400000000002279e+01,5.000000000000000000e-01
2.291500000000002046e+01,5.000000000000000000e-01
2.291600000000002169e+01,5.000000000000000000e-01
2.291700000000002291e+01,5.000000000000000000e-01
2.291800000000002058e+01,5.000000000000000000e-01
2.291900000000002180e+01,5.000000000000000000e-01
2.292000000000002302e+01,5.000000000000000000e-01
2.292100000000002069e+01,5.000000000000000000e-01
2.292200000000002191e+01,5.000000000000000000e-01
2.292300000000002314e+01,5.000000000000000000e-01
2.292400000000002080e+01,5.000000000000000000e-01
2.292500000000002203e+01,5.000000000000000000e-01
2.292600000000002325e+01,5.000000000000000000e-01
2.292700000000002092e+01,5.000000000000000000e-01
2.292800000000002214e+01,5.000000000000000000e-01
2.292900000000002336e+01,5.000000000000000000e-01
2.293000000000002103e+01,5.000000000000000000e-01
2.293100000000002225e+01,5.000000000000000000e-01
2.293200000000002348e+01,5.000000000000000000e-01
2.293300000000002115e+01,5.000000000000000000e-01
2.293400000000002237e+01,5.000000000000000000e-01
2.293500000000002359e+01,5.000000000000000000e-01
2.293600000000002126e+01,5.000000000000000000e-01
2.293700000000002248e+01,5.000000000000000000e-01
2.293800000000002370e+01,5.000000000000000000e-01
2.293900000000002137e+01,5.000000000000000000e-01
2.294000000000002260e+01,5.000000000000000000e-01
2.294100000000002382e+01,5.000000000000000000e-01
2.294200000000002149e+01,5.000000000000000000e-01
2.294300000000002271e+01,5.000000000000000000e-01
2.294400000000002038e+01,5.000000000000000000e-01
2.294500000000002160e+01,5.000000000000000000e-01
2.294600000000002282e+01,5.000000000000000000e-01
2.294700000000002049e+01,5.000000000000000000e-01
2.294800000000002171e+01,5.000000000000000000e-01
2.294900000000002294e+01,5.000000000000000000e-01
2.295000000000002061e+01,5.000000000000000000e-01
2.295100000000002183e+01,5.000000000000000000e-01
2.295200000000002305e+01,5.000000000000000000e-01
2.295300000000002072e+01,5.000000000000000000e-01
2.295400000000002194e+01,5.000000000000000000e-01
2.295500000000002316e+01,5.000000000000000000e-01
2.295600000000002083e+01,5.000000000000000000e-01
2.295700000000002206e+01,5.000000000000000000e-01
2.295800000000002328e+01,5.000000000000000000e-01
2.295900000000002095e+01,5.000000000000000000e-01
2.296000000000002217e+01,5.000000000000000000e-01
2.296100000000002339e+01,5.000000000000000000e-01
2.296200000000002106e+01,5.000000000000000000e-01
2.296300000000002228e+01,5.000000000000000000e-01
2.296400000000002350e+01,5.000000000000000000e-01
2.296500000000002117e+01,5.000000000000000000e-01
2.296600000000002240e+01,5.000000000000000000e-01
2.296700000000002362e+01,5.000000000000000000e-01
2.296800000000002129e+01,5.000000000000000000e-01
2.296900000000002251e+01,5.000000000000000000e-01
2.297000000000002373e+01,5.000000000000000000e-01
2.297100000000002140e+01,5.000000000000000000e-01
2.297200000000002262e+01,5.000000000000000000e-01
2.297300000000002029e+01,5.000000000000000000e-01
2.297400000000002152e+01,5.000000000000000000e-01
2.297500000000002274e+01,5.000000000000000000e-01
2.297600000000002041e+01,5.000000000000000000e-01
2.297700000000002163e+01,5.000000000000000000e-01
2.297800000000002285e+01,5.000000000000000000e-01
2.297900000000002052e+01,5.000000000000000000e-01
2.298000000000002174e+01,5.000000000000000000e-01
2.298100000000002296e+01,5.000000000000000000e-01
2.298200000000002063e+01,5.000000000000000000e-01
2.298300000000002186e+01,5.000000000000000000e-01
2.298400000000002308e+01,5.000000000000000000e-01
2.298500000000002075e+01,5.000000000000000000e-01
2.298600000000002197e+01,5.000000000000000000e-01
2.298700000000002319e+01,5.000000000000000000e-01
2.298800000000002086e+01,5.000000000000000000e-01
2.298900000000002208e+01,5.000000000000000000e-01
2.299000000000002331e+01,5.000000000000000000e-01
2.299100000000002098e+01,5.000000000000000000e-01
2.299200000000002220e+01,5.000000000000000000e-01
2.299300000000002342e+01,5.000000000000000000e-01
2.299400000000002109e+01,5.000000000000000000e-01
2.299500000000002231e+01,5.000000000000000000e-01
2.299600000000002353e+01,5.000000000000000000e-01
2.299700000000002120e+01,5.000000000000000000e-01
2.299800000000002242e+01,5.000000000000000000e-01
2.299900000000002365e+01,5.000000000000000000e-01
2.300000000000002132e+01,5.000000000000000000e-01
2.300100000000002254e+01,5.000000000000000000e-01
2.300200000000002376e+01,5.000000000000000000e-01
2.300300000000002143e+01,5.000000000000000000e-01
2.300400000000002265e+01,5.000000000000000000e-01
2.300500000000002387e+01,5.000000000000000000e-01
2.300600000000002154e+01,5.000000000000000000e-01
2.300700000000002277e+01,5.000000000000000000e-01
2.300800000000002044e+01,5.000000000000000000e-01
2.300900000000002166e+01,5.000000000000000000e-01
2.301000000000002288e+01,5.000000000000000000e-01
2.301100000000002055e+01,5.000000000000000000e-01
2.301200000000002177e+01,5.000000000000000000e-01
2.301300000000002299e+01,5.000000000000000000e-01
2.301400000000002066e+01,5.000000000000000000e-01
2.301500000000002188e+01,5.000000000000000000e-01
2.301600000000002311e+01,5.000000000000000000e-01
2.301700000000002078e+01,5.000000000000000000e-01
2.301800000000002200e+01,5.000000000000000000e-01
2.301900000000002322e+01,5.000000000000000000e-01
2.302000000000002089e+01,5.000000000000000000e-01
2.302100000000002211e+01,5.000000000000000000e-01
2.302200000000002333e+01,5.000000000000000000e-01
2.302300000000002100e+01,5.000000000000000000e-01
2.302400000000002223e+01,5.000000000000000000e-01
2.302500000000002345e+01,5.000000000000000000e-01
2.302600000000002112e+01,5.000000000000000000e-01
2.302700000000002234e+01,5.000000000000000000e-01
2.302800000000002356e+01,5.000000000000000000e-01
2.302900000000002123e+01,5.000000000000000000e-01
2.303000000000002245e+01,5.000000000000000000e-01
2.303100000000002368e+01,5.000000000000000000e-01
2.303200000000002134e+01,5.000000000000000000e-01
2.303300000000002257e+01,5.000000000000000000e-01
2.303400000000002379e+01,5.000000000000000000e-01
2.303500000000002146e+01,5.000000000000000000e-01
2.303600000000002268e+01,5.000000000000000000e-01
2.303700000000002035e+01,5.000000000000000000e-01
2.303800000000002157e+01,5.000000000000000000e-01
2.303900000000002279e+01,5.000000000000000000e-01
2.304000000000002046e+01,5.000000000000000000e-01
2.304100000000002169e+01,5.000000000000000000e-01
2.304200000000002291e+01,5.000000000000000000e-01
2.304300000000002058e+01,5.000000000000000000e-01
2.304400000000002180e+01,5.000000000000000000e-01
2.304500000000002302e+01,5.000000000000000000e-01
2.304600000000002069e+01,5.000000000000000000e-01
2.304700000000002191e+01,5.000000000000000000e-01
2.304800000000002314e+01,5.000000000000000000e-01
2.304900000000002080e+01,5.000000000000000000e-01
2.305000000000002203e+01,5.000000000000000000e-01
2.305100000000002325e+01,5.000000000000000000e-01
2.305200000000002092e+01,5.000000000000000000e-01
2.305300000000002214e+01,5.000000000000000000e-01
2.305400000000002336e+01,5.000000000000000000e-01
2.305500000000002103e+01,5.000000000000000000e-01
2.305600000000002225e+01,5.000000000000000000e-01
2.305700000000002348e+01,5.000000000000000000e-01
2.305800000000002115e+01,5.000000000000000000e-01
2.305900000000002237e+01,5.000000000000000000e-01
2.306000000000002359e+01,5.000000000000000000e-01
2.306100000000002126e+01,5.000000000000000000e-01
2.306200000000002248e+01,5.000000000000000000e-01
2.306300000000002370e+01,5.000000000000000000e-01
2.306400000000002137e+01,5.000000000000000000e-01
2.306500000000002260e+01,5.000000000000000000e-01
2.306600000000002382e+01,5.000000000000000000e-01
2.306700000000002149e+01,5.000000000000000000e-01
2.306800000000002271e+01,5.000000000000000000e-01
2.306900000000002393e+01,5.000000000000000000e-01
2.307000000000002160e+01,5.000000000000000000e-01
2.307100000000002282e+01,5.000000000000000000e-01
2.307200000000002049e+01,5.000000000000000000e-01
2.307300000000002171e+01,5.000000000000000000e-01
2.307400000000002294e+01,5.000000000000000000e-01
2.307500000000002061e+01,5.000000000000000000e-01
2.307600000000002183e+01,5.000000000000000000e-01
2.307700000000002305e+01,5.000000000000000000e-01
2.307800000000002072e+01,5.000000000000000000e-01
2.307900000000002194e+01,5.000000000000000000e-01
2.308000000000002316e+01,5.000000000000000000e-01
2.308100000000002083e+01,5.000000000000000000e-01
2.308200000000002206e+01,5.000000000000000000e-01
2.308300000000002328e+01,5.000000000000000000e-01
2.308400000000002095e+01,5.000000000000000000e-01
2.308500000000002217e+01,5.000000000000000000e-01
2.308600000000002339e+01,5.000000000000000000e-01
2.308700000000002106e+01,5.000000000000000000e-01
2.308800000000002228e+01,5.000000000000000000e-01
2.308900000000002350e+01,5.000000000000000000e-01
2.309000000000002117e+01,5.000000000000000000e-01
2.309100000000002240e+01,5.000000000000000000e-01
2.309200000000002362e+01,5.000000000000000000e-01
2.309300000000002129e+01,5.000000000000000000e-01
2.309400000000002251e+01,5.000000000000000000e-01
2.309500000000002373e+01,5.000000000000000000e-01
2.309600000000002140e+01,5.000000000000000000e-01
2.309700000000002262e+01,5.000000000000000000e-01
2.309800000000002385e+01,5.000000000000000000e-01
2.309900000000002152e+01,5.000000000000000000e-01
2.310000000000002274e+01,5.000000000000000000e-01
2.310100000000002041e+01,5.000000000000000000e-01
2.310200000000002163e+01,5.000000000000000000e-01
2.310300000000002285e+01,5.000000000000000000e-01
2.310400000000002052e+01,5.000000000000000000e-01
2.310500000000002174e+01,5.000000000000000000e-01
2.310600000000002296e+01,5.000000000000000000e-01
2.310700000000002063e+01,5.000000000000000000e-01
2.310800000000002186e+01,5.000000000000000000e-01
2.310900000000002308e+01,5.000000000000000000e-01
2.311000000000002075e+01,5.000000000000000000e-01
2.311100000000002197e+01,5.000000000000000000e-01
2.311200000000002319e+01,5.000000000000000000e-01
2.311300000000002086e+01,5.000000000000000000e-01
2.311400000000002208e+01,5.000000000000000000e-01
2.311500000000002331e+01,5.000000000000000000e-01
2.311600000000002098e+01,5.000000000000000000e-01
2.311700000000002220e+01,5.000000000000000000e-01
2.311800000000002342e+01,5.000000000000000000e-01
2.311900000000002109e+01,5.000000000000000000e-01
2.312000000000002231e+01,5.000000000000000000e-01
2.312100000000002353e+01,5.000000000000000000e-01
2.312200000000002120e+01,5.000000000000000000e-01
2.312300000000002242e+01,5.000000000000000000e-01
2.312400000000002365e+01,5.000000000000000000e-01
2.312500000000002132e+01,5.000000000000000000e-01
2.312600000000002254e+01,5.000000000000000000e-01
2.312700000000002376e+01,5.000000000000000000e-01
2.312800000000002143e+01,5.000000000000000000e-01
2.312900000000002265e+01,5.000000000000000000e-01
2.313000000000002387e+01,5.000000000000000000e-01
2.313100000000002154e+01,5.000000000000000000e-01
2.313200000000002277e+01,5.000000000000000000e-01
2.313300000000002399e+01,5.000000000000000000e-01
2.313400000000002166e+01,5.000000000000000000e-01
2.313500000000002288e+01,5.000000000000000000e-01
2.313600000000002055e+01,5.000000000000000000e-01
2.313700000000002177e+01,5.000000000000000000e-01
2.313800000000002299e+01,5.000000000000000000e-01
2.313900000000002066e+01,5.000000000000000000e-01
2.314000000000002188e+01,5.000000000000000000e-01
2.314100000000002311e+01,5.000000000000000000e-01
2.314200000000002078e+01,5.000000000000000000e-01
2.314300000000002200e+01,5.000000000000000000e-01
2.314400000000002322e+01,5.000000000000000000e-01
2.314500000000002089e+01,5.000000000000000000e-01
2.314600000000002211e+01,5.000000000000000000e-01
2.314700000000002333e+01,5.000000000000000000e-01
2.314800000000002100e+01,5.000000000000000000e-01
2.314900000000002223e+01,5.000000000000000000e-01
2.315000000000002345e+01,5.000000000000000000e-01
2.315100000000002112e+01,5.000000000000000000e-01
2.315200000000002234e+01,5.000000000000000000e-01
2.315300000000002356e+01,5.000000000000000000e-01
2.315400000000002123e+01,5.000000000000000000e-01
2.315500000000002245e+01,5.000000000000000000e-01
2.315600000000002368e+01,5.000000000000000000e-01
2.315700000000002134e+01,5.000000000000000000e-01
2.315800000000002257e+01,5.000000000000000000e-01
2.315900000000002379e+01,5.000000000000000000e-01
2.316000000000002146e+01,5.000000000000000000e-01
2.316100000000002268e+01,5.000000000000000000e-01
2.316200000000002390e+01,5.000000000000000000e-01
2.316300000000002157e+01,5.000000000000000000e-01
2.316400000000002279e+01,5.000000000000000000e-01
2.316500000000002046e+01,5.000000000000000000e-01
2.316600000000002169e+01,5.000000000000000000e-01
2.316700000000002291e+01,5.000000000000000000e-01
2.316800000000002058e+01,5.000000000000000000e-01
2.316900000000002180e+01,5.000000000000000000e-01
2.317000000000002302e+01,5.000000000000000000e-01
2.317100000000002069e+01,5.000000000000000000e-01
2.317200000000002191e+01,5.000000000000000000e-01
2.317300000000002314e+01,5.000000000000000000e-01
2.317400000000002080e+01,5.000000000000000000e-01
2.317500000000002203e+01,5.000000000000000000e-01
2.317600000000002325e+01,5.000000000000000000e-01
2.317700000000002092e+01,5.000000000000000000e-01
2.317800000000002214e+01,5.000000000000000000e-01
2.317900000000002336e+01,5.000000000000000000e-01
2.318000000000002103e+01,5.000000000000000000e-01
2.318100000000002225e+01,5.000000000000000000e-01
2.318200000000002348e+01,5.000000000000000000e-01
2.318300000000002115e+01,5.000000000000000000e-01
2.318400000000002237e+01,5.000000000000000000e-01
2.318500000000002359e+01,5.000000000000000000e-01
2.318600000000002126e+01,5.000000000000000000e-01
2.318700000000002248e+01,5.000000000000000000e-01
2.318800000000002370e+01,5.000000000000000000e-01
2.318900000000002137e+01,5.000000000000000000e-01
2.319000000000002260e+01,5.000000000000000000e-01
2.319100000000002382e+01,5.000000000000000000e-01
2.319200000000002149e+01,5.000000000000000000e-01
2.319300000000002271e+01,5.000000000000000000e-01
2.319400000000002393e+01,5.000000000000000000e-01
2.319500000000002160e+01,5.000000000000000000e-01
2.319600000000002282e+01,5.000000000000000000e-01
2.319700000000002404e+01,5.000000000000000000e-01
2.319800000000002171e+01,5.000000000000000000e-01
2.319900000000002294e+01,5.000000000000000000e-01
2.320000000000002061e+01,5.000000000000000000e-01
2.320100000000002183e+01,5.000000000000000000e-01
2.320200000000002305e+01,5.000000000000000000e-01
2.320300000000002072e+01,5.000000000000000000e-01
2.320400000000002194e+01,5.000000000000000000e-01
2.320500000000002316e+01,5.000000000000000000e-01
2.320600000000002083e+01,5.000000000000000000e-01
2.320700000000002206e+01,5.000000000000000000e-01
2.320800000000002328e+01,5.000000000000000000e-01
2.320900000000002095e+01,5.000000000000000000e-01
2.321000000000002217e+01,5.000000000000000000e-01
2.321100000000002339e+01,5.000000000000000000e-01
2.321200000000002106e+01,5.000000000000000000e-01
2.321300000000002228e+01,5.000000000000000000e-01
2.321400000000002350e+01,5.000000000000000000e-01
2.321500000000002117e+01,5.000000000000000000e-01
2.321600000000002240e+01,5.000000000000000000e-01
2.321700000000002362e+01,5.000000000000000000e-01
2.321800000000002129e+01,5.000000000000000000e-01
2.321900000000002251e+01,5.000000000000000000e-01
2.322000000000002373e+01,5.000000000000000000e-01
2.322100000000002140e+01,5.000000000000000000e-01
2.322200000000002262e+01,5.000000000000000000e-01
2.322300000000002385e+01,5.000000000000000000e-01
2.322400000000002152e+01,5.000000000000000000e-01
2.322500000000002274e+01,5.000000000000000000e-01
2.322600000000002396e+01,5.000000000000000000e-01
2.322700000000002163e+01,5.000000000000000000e-01
2.322800000000002285e+01,5.000000000000000000e-01
2.322900000000002052e+01,5.000000000000000000e-01
2.323000000000002174e+01,5.000000000000000000e-01
2.323100000000002296e+01,5.000000000000000000e-01
2.323200000000002063e+01,5.000000000000000000e-01
2.323300000000002186e+01,5.000000000000000000e-01
2.323400000000002308e+01,5.000000000000000000e-01
2.323500000000002075e+01,5.000000000000000000e-01
2.323600000000002197e+01,5.000000000000000000e-01
2.323700000000002319e+01,5.000000000000000000e-01
2.323800000000002086e+01,5.000000000000000000e-01
2.323900000000002208e+01,5.000000000000000000e-01
2.324000000000002331e+01,5.000000000000000000e-01
2.324100000000002098e+01,5.000000000000000000e-01
2.324200000000002220e+01,5.000000000000000000e-01
2.324300000000002342e+01,5.000000000000000000e-01
2.324400000000002109e+01,5.000000000000000000e-01
2.324500000000002231e+01,5.000000000000000000e-01
2.324600000000002353e+01,5.000000000000000000e-01
2.324700000000002120e+01,5.000000000000000000e-01
2.324800000000002242e+01,5.000000000000000000e-01
2.324900000000002365e+01,5.000000000000000000e-01
2.325000000000002132e+01,5.000000000000000000e-01
2.325100000000002254e+01,5.000000000000000000e-01
2.325200000000002376e+01,5.000000000000000000e-01
2.325300000000002143e+01,5.000000000000000000e-01
2.325400000000002265e+01,5.000000000000000000e-01
2.325500000000002387e+01,5.000000000000000000e-01
2.325600000000002154e+01,5.000000000000000000e-01
2.325700000000002277e+01,5.000000000000000000e-01
2.325800000000002399e+01,5.000000000000000000e-01
2.325900000000002166e+01,5.000000000000000000e-01
2.326000000000002288e+01,5.000000000000000000e-01
2.326100000000002410e+01,5.000000000000000000e-01
2.326200000000002177e+01,5.000000000000000000e-01
2.326300000000002299e+01,5.000000000000000000e-01
2.326400000000002066e+01,5.000000000000000000e-01
2.326500000000002188e+01,5.000000000000000000e-01
2.326600000000002311e+01,5.000000000000000000e-01
2.326700000000002078e+01,5.000000000000000000e-01
2.326800000000002200e+01,5.000000000000000000e-01
2.326900000000002322e+01,5.000000000000000000e-01
2.327000000000002089e+01,5.000000000000000000e-01
2.327100000000002211e+01,5.000000000000000000e-01
2.327200000000002333e+01,5.000000000000000000e-01
2.327300000000002100e+01,5.000000000000000000e-01
2.327400000000002223e+01,5.000000000000000000e-01
2.327500000000002345e+01,5.000000000000000000e-01
2.327600000000002112e+01,5.000000000000000000e-01
2.327700000000002234e+01,5.000000000000000000e-01
2.327800000000002356e+01,5.000000000000000000e-01
2.327900000000002123e+01,5.000000000000000000e-01
2.328000000000002245e+01,5.000000000000000000e-01
2.328100000000002368e+01,5.000000000000000000e-01
2.328200000000002134e+01,5.000000000000000000e-01
2.328300000000002257e+01,5.000000000000000000e-01
2.328400000000002379e+01,5.000000000000000000e-01
2.328500000000002146e+01,5.000000000000000000e-01
2.328600000000002268e+01,5.000000000000000000e-01
2.328700000000002390e+01,5.000000000000000000e-01
2.328800000000002157e+01,5.000000000000000000e-01
2.328900000000002279e+01,5.000000000000000000e-01
2.329000000000002402e+01,5.000000000000000000e-01
2.329100000000002169e+01,5.000000000000000000e-01
2.329200000000002291e+01,5.000000000000000000e-01
2.329300000000002058e+01,5.000000000000000000e-01
2.329400000000002180e+01,5.000000000000000000e-01
2.329500000000002302e+01,5.000000000000000000e-01
2.329600000000002069e+01,5.000000000000000000e-01
2.329700000000002191e+01,5.000000000000000000e-01
2.329800000000002314e+01,5.000000000000000000e-01
2.329900000000002080e+01,5.000000000000000000e-01
2.330000000000002203e+01,5.000000000000000000e-01
2.330100000000002325e+01,5.000000000000000000e-01
2.330200000000002092e+01,5.000000000000000000e-01
2.330300000000002214e+01,5.000000000000000000e-01
2.330400000000002336e+01,5.000000000000000000e-01
2.330500000000002103e+01,5.000000000000000000e-01
2.330600000000002225e+01,5.000000000000000000e-01
2.330700000000002348e+01,5.000000000000000000e-01
2.330800000000002115e+01,5.000000000000000000e-01
2.330900000000002237e+01,5.000000000000000000e-01
2.331000000000002359e+01,5.000000000000000000e-01
2.331100000000002126e+01,5.000000000000000000e-01
2.331200000000002248e+01,5.000000000000000000e-01
2.331300000000002370e+01,5.000000000000000000e-01
2.331400000000002137e+01,5.000000000000000000e-01
2.331500000000002260e+01,5.000000000000000000e-01
2.331600000000002382e+01,5.000000000000000000e-01
2.331700000000002149e+01,5.000000000000000000e-01
2.331800000000002271e+01,5.000000000000000000e-01
2.331900000000002393e+01,5.000000000000000000e-01
2.332000000000002160e+01,5.000000000000000000e-01
2.332100000000002282e+01,5.000000000000000000e-01
2.332200000000002404e+01,5.000000000000000000e-01
2.332300000000002171e+01,5.000000000000000000e-01
2.332400000000002294e+01,5.000000000000000000e-01
2.332500000000002416e+01,5.000000000000000000e-01
2.332600000000002183e+01,5.000000000000000000e-01
2.332700000000002305e+01,5.000000000000000000e-01
2.332800000000002072e+01,5.000000000000000000e-01
2.332900000000002194e+01,5.000000000000000000e-01
2.333000000000002316e+01,5.000000000000000000e-01
2.333100000000002083e+01,5.000000000000000000e-01
2.333200000000002206e+01,5.000000000000000000e-01
2.333300000000002328e+01,5.000000000000000000e-01
2.333400000000002095e+01,5.000000000000000000e-01
2.333500000000002217e+01,5.000000000000000000e-01
2.333600000000002339e+01,5.000000000000000000e-01
2.333700000000002106e+01,5.000000000000000000e-01
2.333800000000002228e+01,5.000000000000000000e-01
2.333900000000002350e+01,5.000000000000000000e-01
2.334000000000002117e+01,5.000000000000000000e-01
2.334100000000002240e+01,5.000000000000000000e-01
2.334200000000002362e+01,5.000000000000000000e-01
2.334300000000002129e+01,5.000000000000000000e-01
2.334400000000002251e+01,5.000000000000000000e-01
2.334500000000002373e+01,5.000000000000000000e-01
2.334600000000002140e+01,5.000000000000000000e-01
2.334700000000002262e+01,5.000000000000000000e-01
2.334800000000002385e+01,5.000000000000000000e-01
2.334900000000002152e+01,5.000000000000000000e-01
2.335000000000002274e+01,5.000000000000000000e-01
2.335100000000002396e+01,5.000000000000000000e-01
2.335200000000002163e+01,5.000000000000000000e-01
2.335300000000002285e+01,5.000000000000000000e-01
2.335400000000002407e+01,5.000000000000000000e-01
2.335500000000002174e+01,5.000000000000000000e-01
2.335600000000002296e+01,5.000000000000000000e-01
2.335700000000002063e+01,5.000000000000000000e-01
2.335800000000002186e+01,5.000000000000000000e-01
2.335900000000002308e+01,5.000000000000000000e-01
2.336000000000002075e+01,5.000000000000000000e-01
2.336100000000002197e+01,5.000000000000000000e-01
2.336200000000002319e+01,5.000000000000000000e-01
2.336300000000002086e+01,5.000000000000000000e-01
2.336400000000002208e+01,5.000000000000000000e-01
2.336500000000002331e+01,5.000000000000000000e-01
2.336600000000002098e+01,5.000000000000000000e-01
2.336700000000002220e+01,5.000000000000000000e-01
2.336800000000002342e+01,5.000000000000000000e-01
2.336900000000002109e+01,5.000000000000000000e-01
2.337000000000002231e+01,5.000000000000000000e-01
2.337100000000002353e+01,5.000000000000000000e-01
2.337200000000002120e+01,5.000000000000000000e-01
2.337300000000002242e+01,5.000000000000000000e-01
2.337400000000002365e+01,5.000000000000000000e-01
2.337500000000002132e+01,5.000000000000000000e-01
2.337600000000002254e+01,5.000000000000000000e-01
2.337700000000002376e+01,5.000000000000000000e-01
2.337800000000002143e+01,5.000000000000000000e-01
2.337900000000002265e+01,5.000000000000000000e-01
2.338000000000002387e+01,5.000000000000000000e-01
2.338100000000002154e+01,5.000000000000000000e-01
2.338200000000002277e+01,5.000000000000000000e-01
2.338300000000002399e+01,5.000000000000000000e-01
2.338400000000002166e+01,5.000000000000000000e-01
2.338500000000002288e+01,5.000000000000000000e-01
2.338600000000002410e+01,5.000000000000000000e-01
2.338700000000002177e+01,5.000000000000000000e-01
2.338800000000002299e+01,5.000000000000000000e-01
2.338900000000002422e+01,5.000000000000000000e-01
2.339000000000002188e+01,5.000000000000000000e-01
2.339100000000002311e+01,5.000000000000000000e-01
2.339200000000002078e+01,5.000000000000000000e-01
2.339300000000002200e+01,5.000000000000000000e-01
2.339400000000002322e+01,5.000000000000000000e-01
2.339500000000002089e+01,5.000000000000000000e-01
2.339600000000002211e+01,5.000000000000000000e-01
2.339700000000002333e+01,5.000000000000000000e-01
2.339800000000002100e+01,5.000000000000000000e-01
2.339900000000002223e+01,5.000000000000000000e-01
2.340000000000002345e+01,5.000000000000000000e-01
2.340100000000002112e+01,5.000000000000000000e-01
2.340200000000002234e+01,5.000000000000000000e-01
2.340300000000002356e+01,5.000000000000000000e-01
2.340400000000002123e+01,5.000000000000000000e-01
2.340500000000002245e+01,5.000000000000000000e-01
2.340600000000002368e+01,5.000000000000000000e-01
2.340700000000002134e+01,5.000000000000000000e-01
2.340800000000002257e+01,5.000000000000000000e-01
2.340900000000002379e+01,5.000000000000000000e-01
2.341000000000002146e+01,5.000000000000000000e-01
2.341100000000002268e+01,5.000000000000000000e-01
2.341200000000002390e+01,5.000000000000000000e-01
2.341300000000002157e+01,5.000000000000000000e-01
2.341400000000002279e+01,5.000000000000000000e-01
2.341500000000002402e+01,5.000000000000000000e-01
2.341600000000002169e+01,5.000000000000000000e-01
2.341700000000002291e+01,5.000000000000000000e-01
2.341800000000002413e+01,5.000000000000000000e-01
2.341900000000002180e+01,5.000000000000000000e-01
2.342000000000002302e+01,5.000000000000000000e-01
2.342100000000002069e+01,5.000000000000000000e-01
2.342200000000002191e+01,5.000000000000000000e-01
2.342300000000002314e+01,5.000000000000000000e-01
2.342400000000002080e+01,5.000000000000000000e-01
2.342500000000002203e+01,5.000000000000000000e-01
2.342600000000002325e+01,5.000000000000000000e-01
2.342700000000002092e+01,5.000000000000000000e-01
2.342800000000002214e+01,5.000000000000000000e-01
2.342900000000002336e+01,5.000000000000000000e-01
2.343000000000002103e+01,5.000000000000000000e-01
2.343100000000002225e+01,5.000000000000000000e-01
2.343200000000002348e+01,5.000000000000000000e-01
2.343300000000002115e+01,5.000000000000000000e-01
2.343400000000002237e+01,5.000000000000000000e-01
2.343500000000002359e+01,5.000000000000000000e-01
2.343600000000002126e+01,5.000000000000000000e-01
2.343700000000002248e+01,5.000000000000000000e-01
2.343800000000002370e+01,5.000000000000000000e-01
2.343900000000002137e+01,5.000000000000000000e-01
2.344000000000002260e+01,5.000000000000000000e-01
2.344100000000002382e+01,5.000000000000000000e-01
2.344200000000002149e+01,5.000000000000000000e-01
2.344300000000002271e+01,5.000000000000000000e-01
2.344400000000002393e+01,5.000000000000000000e-01
2.344500000000002160e+01,5.000000000000000000e-01
2.344600000000002282e+01,5.000000000000000000e-01
2.344700000000002404e+01,5.000000000000000000e-01
2.344800000000002171e+01,5.000000000000000000e-01
2.344900000000002294e+01,5.000000000000000000e-01
2.345000000000002416e+01,5.000000000000000000e-01
2.345100000000002183e+01,5.000000000000000000e-01
2.345200000000002305e+01,5.000000000000000000e-01
2.345300000000002427e+01,5.000000000000000000e-01
2.345400000000002194e+01,5.000000000000000000e-01
2.345500000000002316e+01,5.000000000000000000e-01
2.345600000000002083e+01,5.000000000000000000e-01
2.345700000000002206e+01,5.000000000000000000e-01
2.345800000000002328e+01,5.000000000000000000e-01
2.345900000000002095e+01,5.000000000000000000e-01
2.346000000000002217e+01,5.000000000000000000e-01
2.346100000000002339e+01,5.000000000000000000e-01
2.346200000000002106e+01,5.000000000000000000e-01
2.346300000000002228e+01,5.000000000000000000e-01
2.346400000000002350e+01,5.000000000000000000e-01
2.346500000000002117e+01,5.000000000000000000e-01
2.346600000000002240e+01,5.000000000000000000e-01
2.346700000000002362e+01,5.000000000000000000e-01
2.346800000000002129e+01,5.000000000000000000e-01
2.346900000000002251e+01,5.000000000000000000e-01
2.347000000000002373e+01,5.000000000000000000e-01
2.347100000000002140e+01,5.000000000000000000e-01
2.347200000000002262e+01,5.000000000000000000e-01
2.347300000000002385e+01,5.000000000000000000e-01
2.347400000000002152e+01,5.000000000000000000e-01
2.347500000000002274e+01,5.000000000000000000e-01
2.347600000000002396e+01,5.000000000000000000e-01
2.347700000000002163e+01,5.000000000000000000e-01
2.347800000000002285e+01,5.000000000000000000e-01
2.347900000000002407e+01,5.000000000000000000e-01
2.348000000000002174e+01,5.000000000000000000e-01
2.348100000000002296e+01,5.000000000000000000e-01
2.348200000000002419e+01,5.000000000000000000e-01
2.348300000000002186e+01,5.000000000000000000e-01
2.348400000000002308e+01,5.000000000000000000e-01
2.348500000000002075e+01,5.000000000000000000e-01
2.348600000000002197e+01,5.000000000000000000e-01
2.348700000000002319e+01,5.000000000000000000e-01
2.348800000000002086e+01,5.000000000000000000e-01
2.348900000000002208e+01,5.000000000000000000e-01
2.349000000000002331e+01,5.000000000000000000e-01
2.349100000000002098e+01,5.000000000000000000e-01
2.349200000000002220e+01,5.000000000000000000e-01
2.349300000000002342e+01,5.000000000000000000e-01
2.349400000000002109e+01,5.000000000000000000e-01
2.349500000000002231e+01,5.000000000000000000e-01
2.349600000000002353e+01,5.000000000000000000e-01
2.349700000000002120e+01,5.000000000000000000e-01
2.349800000000002242e+01,5.000000000000000000e-01
2.349900000000002365e+01,5.000000000000000000e-01
2.350000000000002132e+01,5.000000000000000000e-01
2.350100000000002254e+01,5.000000000000000000e-01
2.350200000000002376e+01,5.000000000000000000e-01
2.350300000000002143e+01,5.000000000000000000e-01
2.350400000000002265e+01,5.000000000000000000e-01
2.350500000000002387e+01,5.000000000000000000e-01
2.350600000000002154e+01,5.000000000000000000e-01
2.350700000000002277e+01,5.000000000000000000e-01
2.350800000000002399e+01,5.000000000000000000e-01
2.350900000000002166e+01,5.000000000000000000e-01
2.351000000000002288e+01,5.000000000000000000e-01
2.351100000000002410e+01,5.000000000000000000e-01
2.351200000000002177e+01,5.000000000000000000e-01
2.351300000000002299e+01,5.000000000000000000e-01
2.351400000000002422e+01,5.000000000000000000e-01
2.351500000000002188e+01,5.000000000000000000e-01
2.351600000000002311e+01,5.000000000000000000e-01
2.351700000000002433e+01,5.000000000000000000e-01
2.351800000000002200e+01,5.000000000000000000e-01
2.351900000000002322e+01,5.000000000000000000e-01
2.352000000000002089e+01,5.000000000000000000e-01
2.352100000000002211e+01,5.000000000000000000e-01
2.352200000000002333e+01,5.000000000000000000e-01
2.352300000000002100e+01,5.000000000000000000e-01
2.352400000000002223e+01,5.000000000000000000e-01
2.352500000000002345e+01,5.000000000000000000e-01
2.352600000000002112e+01,5.000000000000000000e-01
2.352700000000002234e+01,5.000000000000000000e-01
2.352800000000002356e+01,5.000000000000000000e-01
2.352900000000002123e+01,5.000000000000000000e-01
2.353000000000002245e+01,5.000000000000000000e-01
2.353100000000002368e+01,5.000000000000000000e-01
2.353200000000002134e+01,5.000000000000000000e-01
2.353300000000002257e+01,5.000000000000000000e-01
2.353400000000002379e+01,5.000000000000000000e-01
2.353500000000002146e+01,5.000000000000000000e-01
2.353600000000002268e+01,5.000000000000000000e-01
2.353700000000002390e+01,5.000000000000000000e-01
2.353800000000002157e+01,5.000000000000000000e-01
2.353900000000002279e+01,5.000000000000000000e-01
2.354000000000002402e+01,5.000000000000000000e-01
2.354100000000002169e+01,5.000000000000000000e-01
2.354200000000002291e+01,5.000000000000000000e-01
2.354300000000002413e+01,5.000000000000000000e-01
2.354400000000002180e+01,5.000000000000000000e-01
2.354500000000002302e+01,5.000000000000000000e-01
2.354600000000002424e+01,5.000000000000000000e-01
2.354700000000002191e+01,5.000000000000000000e-01
2.354800000000002314e+01,5.000000000000000000e-01
2.354900000000002080e+01,5.000000000000000000e-01
2.355000000000002203e+01,5.000000000000000000e-01
2.355100000000002325e+01,5.000000000000000000e-01
2.355200000000002092e+01,5.000000000000000000e-01
2.355300000000002214e+01,5.000000000000000000e-01
2.355400000000002336e+01,5.000000000000000000e-01
2.355500000000002103e+01,5.000000000000000000e-01
2.355600000000002225e+01,5.000000000000000000e-01
2.355700000000002348e+01,5.000000000000000000e-01
2.355800000000002115e+01,5.000000000000000000e-01
2.355900000000002237e+01,5.000000000000000000e-01
2.356000000000002359e+01,5.000000000000000000e-01
2.356100000000002126e+01,5.000000000000000000e-01
2.356200000000002248e+01,5.000000000000000000e-01
2.356300000000002370e+01,5.000000000000000000e-01
2.356400000000002137e+01,5.000000000000000000e-01
2.356500000000002260e+01,5.000000000000000000e-01
2.356600000000002382e+01,5.000000000000000000e-01
2.356700000000002149e+01,5.000000000000000000e-01
2.356800000000002271e+01,5.000000000000000000e-01
2.356900000000002393e+01,5.000000000000000000e-01
2.357000000000002160e+01,5.000000000000000000e-01
2.357100000000002282e+01,5.000000000000000000e-01
2.357200000000002404e+01,5.000000000000000000e-01
2.357300000000002171e+01,5.000000000000000000e-01
2.357400000000002294e+01,5.000000000000000000e-01
2.357500000000002416e+01,5.000000000000000000e-01
2.357600000000002183e+01,5.000000000000000000e-01
2.357700000000002305e+01,5.000000000000000000e-01
2.357800000000002427e+01,5.000000000000000000e-01
2.357900000000002194e+01,5.000000000000000000e-01
2.358000000000002316e+01,5.000000000000000000e-01
2.358100000000002439e+01,5.000000000000000000e-01
2.358200000000002206e+01,5.000000000000000000e-01
2.358300000000002328e+01,5.000000000000000000e-01
2.358400000000002095e+01,5.000000000000000000e-01
2.358500000000002217e+01,5.000000000000000000e-01
2.358600000000002339e+01,5.000000000000000000e-01
2.358700000000002106e+01,5.000000000000000000e-01
2.358800000000002228e+01,5.000000000000000000e-01
2.358900000000002350e+01,5.000000000000000000e-01
2.359000000000002117e+01,5.000000000000000000e-01
2.359100000000002240e+01,5.000000000000000000e-01
2.359200000000002362e+01,5.000000000000000000e-01
2.359300000000002129e+01,5.000000000000000000e-01
2.359400000000002251e+01,5.000000000000000000e-01
2.359500000000002373e+01,5.000000000000000000e-01
2.359600000000002140e+01,5.000000000000000000e-01
2.359700000000002262e+01,5.000000000000000000e-01
2.359800000000002385e+01,5.000000000000000000e-01
2.359900000000002152e+01,5.000000000000000000e-01
2.360000000000002274e+01,5.000000000000000000e-01
2.360100000000002396e+01,5.000000000000000000e-01
2.360200000000002163e+01,5.000000000000000000e-01
2.360300000000002285e+01,5.000000000000000000e-01
2.360400000000002407e+01,5.000000000000000000e-01
2.360500000000002174e+01,5.000000000000000000e-01
2.360600000000002296e+01,5.000000000000000000e-01
2.360700000000002419e+01,5.000000000000000000e-01
2.360800000000002186e+01,5.000000000000000000e-01
2.360900000000002308e+01,5.000000000000000000e-01
2.361000000000002430e+01,5.000000000000000000e-01
2.361100000000002197e+01,5.000000000000000000e-01
2.361200000000002319e+01,5.000000000000000000e-01
2.361300000000002086e+01,5.000000000000000000e-01
2.361400000000002208e+01,5.000000000000000000e-01
2.361500000000002331e+01,5.000000000000000000e-01
2.361600000000002098e+01,5.000000000000000000e-01
2.361700000000002220e+01,5.000000000000000000e-01
2.361800000000002342e+01,5.000000000000000000e-01
2.361900000000002109e+01,5.000000000000000000e-01
2.362000000000002231e+01,5.000000000000000000e-01
2.362100000000002353e+01,5.000000000000000000e-01
2.362200000000002120e+01,5.000000000000000000e-01
2.362300000000002242e+01,5.000000000000000000e-01
2.362400000000002365e+01,5.000000000000000000e-01
2.362500000000002132e+01,5.000000000000000000e-01
2.362600000000002254e+01,5.000000000000000000e-01
2.362700000000002376e+01,5.000000000000000000e-01
2.362800000000002143e+01,5.000000000000000000e-01
2.362900000000002265e+01,5.000000000000000000e-01
2.363000000000002387e+01,5.000000000000000000e-01
2.363100000000002154e+01,5.000000000000000000e-01
2.363200000000002277e+01,5.000000000000000000e-01
2.363300000000002399e+01,5.000000000000000000e-01
2.363400000000002166e+01,5.000000000000000000e-01
2.363500000000002288e+01,5.000000000000000000e-01
2.363600000000002410e+01,5.000000000000000000e-01
2.363700000000002177e+01,5.000000000000000000e-01
2.363800000000002299e+01,5.000000000000000000e-01
2.363900000000002422e+01,5.000000000000000000e-01
2.364000000000002188e+01,5.000000000000000000e-01
2.364100000000002311e+01,5.000000000000000000e-01
2.364200000000002433e+01,5.000000000000000000e-01
2.364300000000002200e+01,5.000000000000000000e-01
2.364400000000002322e+01,5.000000000000000000e-01
2.364500000000002444e+01,5.000000000000000000e-01
2.364600000000002211e+01,5.000000000000000000e-01
2.364700000000002333e+01,5.000000000000000000e-01
2.364800000000002100e+01,5.000000000000000000e-01
2.364900000000002223e+01,5.000000000000000000e-01
2.365000000000002345e+01,5.000000000000000000e-01
2.365100000000002112e+01,5.000000000000000000e-01
2.365200000000002234e+01,5.000000000000000000e-01
2.365300000000002356e+01,5.000000000000000000e-01
2.365400000000002123e+01,5.000000000000000000e-01
2.365500000000002245e+01,5.000000000000000000e-01
2.365600000000002368e+01,5.000000000000000000e-01
2.365700000000002134e+01,5.000000000000000000e-01
2.365800000000002257e+01,5.000000000000000000e-01
2.365900000000002379e+01,5.000000000000000000e-01
2.366000000000002146e+01,5.000000000000000000e-01
2.366100000000002268e+01,5.000000000000000000e-01
2.366200000000002390e+01,5.000000000000000000e-01
2.366300000000002157e+01,5.000000000000000000e-01
2.366400000000002279e+01,5.000000000000000000e-01
2.366500000000002402e+01,5.000000000000000000e-01
2.366600000000002169e+01,5.000000000000000000e-01
2.366700000000002291e+01,5.000000000000000000e-01
2.366800000000002413e+01,5.000000000000000000e-01
2.366900000000002180e+01,5.000000000000000000e-01
2.367000000000002302e+01,5.000000000000000000e-01
2.367100000000002424e+01,5.000000000000000000e-01
2.367200000000002191e+01,5.000000000000000000e-01
2.367300000000002314e+01,5.000000000000000000e-01
2.367400000000002436e+01,5.000000000000000000e-01
2.367500000000002203e+01,5.000000000000000000e-01
2.367600000000002325e+01,5.000000000000000000e-01
2.367700000000002092e+01,5.000000000000000000e-01
2.367800000000002214e+01,5.000000000000000000e-01
2.367900000000002336e+01,5.000000000000000000e-01
2.368000000000002103e+01,5.000000000000000000e-01
2.368100000000002225e+01,5.000000000000000000e-01
2.368200000000002348e+01,5.000000000000000000e-01
2.368300000000002115e+01,5.000000000000000000e-01
2.368400000000002237e+01,5.000000000000000000e-01
2.368500000000002359e+01,5.000000000000000000e-01
2.368600000000002126e+01,5.000000000000000000e-01
2.368700000000002248e+01,5.000000000000000000e-01
2.368800000000002370e+01,5.000000000000000000e-01
2.368900000000002137e+01,5.000000000000000000e-01
2.369000000000002260e+01,5.000000000000000000e-01
2.369100000000002382e+01,5.000000000000000000e-01
2.369200000000002149e+01,5.000000000000000000e-01
2.369300000000002271e+01,5.000000000000000000e-01
2.369400000000002393e+01,5.000000000000000000e-01
2.369500000000002160e+01,5.000000000000000000e-01
2.369600000000002282e+01,5.000000000000000000e-01
2.369700000000002404e+01,5.000000000000000000e-01
2.369800000000002171e+01,5.000000000000000000e-01
2.369900000000002294e+01,5.000000000000000000e-01
2.370000000000002416e+01,5.000000000000000000e-01
2.370100000000002183e+01,5.000000000000000000e-01
2.370200000000002305e+01,5.000000000000000000e-01
2.370300000000002427e+01,5.000000000000000000e-01
2.370400000000002194e+01,5.000000000000000000e-01
2.370500000000002316e+01,5.000000000000000000e-01
2.370600000000002439e+01,5.000000000000000000e-01
2.370700000000002206e+01,5.000000000000000000e-01
2.370800000000002328e+01,5.000000000000000000e-01
2.370900000000002450e+01,5.000000000000000000e-01
2.371000000000002217e+01,5.000000000000000000e-01
2.371100000000002339e+01,5.000000000000000000e-01
2.371200000000002106e+01,5.000000000000000000e-01
2.371300000000002228e+01,5.000000000000000000e-01
2.371400000000002350e+01,5.000000000000000000e-01
2.371500000000002117e+01,5.000000000000000000e-01
2.371600000000002240e+01,5.000000000000000000e-01
2.371700000000002362e+01,5.000000000000000000e-01
2.371800000000002129e+01,5.000000000000000000e-01
2.371900000000002251e+01,5.000000000000000000e-01
2.372000000000002373e+01,5.000000000000000000e-01
2.372100000000002140e+01,5.000000000000000000e-01
2.372200000000002262e+01,5.000000000000000000e-01
2.372300000000002385e+01,5.000000000000000000e-01
2.372400000000002152e+01,5.000000000000000000e-01
2.372500000000002274e+01,5.000000000000000000e-01
2.372600000000002396e+01,5.000000000000000000e-01
2.372700000000002163e+01,5.000000000000000000e-01
2.372800000000002285e+01,5.000000000000000000e-01
2.372900000000002407e+01,5.000000000000000000e-01
2.373000000000002174e+01,5.000000000000000000e-01
2.373100000000002296e+01,5.000000000000000000e-01
2.373200000000002419e+01,5.000000000000000000e-01
2.373300000000002186e+01,5.000000000000000000e-01
2.373400000000002308e+01,5.000000000000000000e-01
2.373500000000002430e+01,5.000000000000000000e-01
2.373600000000002197e+01,5.000000000000000000e-01
2.373700000000002319e+01,5.000000000000000000e-01
2.373800000000002441e+01,5.000000000000000000e-01
2.373900000000002208e+01,5.000000000000000000e-01
2.374000000000002331e+01,5.000000000000000000e-01
2.374100000000002098e+01,5.000000000000000000e-01
2.374200000000002220e+01,5.000000000000000000e-01
2.374300000000002342e+01,5.000000000000000000e-01
2.374400000000002109e+01,5.000000000000000000e-01
2.374500000000002231e+01,5.000000000000000000e-01
2.374600000000002353e+01,5.000000000000000000e-01
2.374700000000002120e+01,5.000000000000000000e-01
2.374800000000002242e+01,5.000000000000000000e-01
2.374900000000002365e+01,5.000000000000000000e-01
2.375000000000002132e+01,5.000000000000000000e-01
2.375100000000002254e+01,5.000000000000000000e-01
2.375200000000002376e+01,5.000000000000000000e-01
2.375300000000002143e+01,5.000000000000000000e-01
2.375400000000002265e+01,5.000000000000000000e-01
2.375500000000002387e+01,5.000000000000000000e-01
2.375600000000002154e+01,5.000000000000000000e-01
2.375700000000002277e+01,5.000000000000000000e-01
2.375800000000002399e+01,5.000000000000000000e-01
2.375900000000002166e+01,5.000000000000000000e-01
2.376000000000002288e+01,5.000000000000000000e-01
2.376100000000002410e+01,5.000000000000000000e-01
2.376200000000002177e+01,5.000000000000000000e-01
2.376300000000002299e+01,5.000000000000000000e-01
2.376400000000002422e+01,5.000000000000000000e-01
2.376500000000002188e+01,5.000000000000000000e-01
2.376600000000002311e+01,5.000000000000000000e-01
2.376700000000002433e+01,5.000000000000000000e-01
2.376800000000002200e+01,5.000000000000000000e-01
2.376900000000002322e+01,5.000000000000000000e-01
2.377000000000002444e+01,5.000000000000000000e-01
2.377100000000002211e+01,5.000000000000000000e-01
2.377200000000002333e+01,5.000000000000000000e-01
2.377300000000002456e+01,5.000000000000000000e-01
2.377400000000002223e+01,5.000000000000000000e-01
2.377500000000002345e+01,5.000000000000000000e-01
2.377600000000002112e+01,5.000000000000000000e-01
2.377700000000002234e+01,5.000000000000000000e-01
2.377800000000002356e+01,5.000000000000000000e-01
2.377900000000002123e+01,5.000000000000000000e-01
2.378000000000002245e+01,5.000000000000000000e-01
2.378100000000002368e+01,5.000000000000000000e-01
2.378200000000002134e+01,5.000000000000000000e-01
2.378300000000002257e+01,5.000000000000000000e-01
2.378400000000002379e+01,5.000000000000000000e-01
2.378500000000002146e+01,5.000000000000000000e-01
2.378600000000002268e+01,5.000000000000000000e-01
2.378700000000002390e+01,5.000000000000000000e-01
2.378800000000002157e+01,5.000000000000000000e-01
2.378900000000002279e+01,5.000000000000000000e-01
2.379000000000002402e+01,5.000000000000000000e-01
2.379100000000002169e+01,5.000000000000000000e-01
2.379200000000002291e+01,5.000000000000000000e-01
2.379300000000002413e+01,5.000000000000000000e-01
2.379400000000002180e+01,5.000000000000000000e-01
2.379500000000002302e+01,5.000000000000000000e-01
2.379600000000002424e+01,5.000000000000000000e-01
2.379700000000002191e+01,5.000000000000000000e-01
2.379800000000002314e+01,5.000000000000000000e-01
2.379900000000002436e+01,5.000000000000000000e-01
2.380000000000002203e+01,5.000000000000000000e-01
2.380100000000002325e+01,5.000000000000000000e-01
2.380200000000002447e+01,5.000000000000000000e-01
2.380300000000002214e+01,5.000000000000000000e-01
2.380400000000002336e+01,5.000000000000000000e-01
2.380500000000002103e+01,5.000000000000000000e-01
2.380600000000002225e+01,5.000000000000000000e-01
2.380700000000002348e+01,5.000000000000000000e-01
2.380800000000002115e+01,5.000000000000000000e-01
2.380900000000002237e+01,5.000000000000000000e-01
2.381000000000002359e+01,5.000000000000000000e-01
2.381100000000002126e+01,5.000000000000000000e-01
2.381200000000002248e+01,5.000000000000000000e-01
2.381300000000002370e+01,5.000000000000000000e-01
2.381400000000002137e+01,5.000000000000000000e-01
2.381500000000002260e+01,5.000000000000000000e-01
2.381600000000002382e+01,5.000000000000000000e-01
2.381700000000002149e+01,5.000000000000000000e-01
2.381800000000002271e+01,5.000000000000000000e-01
2.381900000000002393e+01,5.000000000000000000e-01
2.382000000000002160e+01,5.000000000000000000e-01
2.382100000000002282e+01,5.000000000000000000e-01
2.382200000000002404e+01,5.000000000000000000e-01
2.382300000000002171e+01,5.000000000000000000e-01
2.382400000000002294e+01,5.000000000000000000e-01
2.382500000000002416e+01,5.000000000000000000e-01
2.382600000000002183e+01,5.000000000000000000e-01
2.382700000000002305e+01,5.000000000000000000e-01
2.382800000000002427e+01,5.000000000000000000e-01
2.382900000000002194e+01,5.000000000000000000e-01
2.383000000000002316e+01,5.000000000000000000e-01
2.383100000000002439e+01,5.000000000000000000e-01
2.383200000000002206e+01,5.000000000000000000e-01
2.383300000000002328e+01,5.000000000000000000e-01
2.383400000000002450e+01,5.000000000000000000e-01
2.383500000000002217e+01,5.000000000000000000e-01
2.383600000000002339e+01,5.000000000000000000e-01
2.383700000000002461e+01,5.000000000000000000e-01
2.383800000000002228e+01,5.000000000000000000e-01
2.383900000000002350e+01,5.000000000000000000e-01
2.384000000000002117e+01,5.000000000000000000e-01
2.384100000000002240e+01,5.000000000000000000e-01
2.384200000000002362e+01,5.000000000000000000e-01
2.384300000000002129e+01,5.000000000000000000e-01
2.384400000000002251e+01,5.000000000000000000e-01
2.384500000000002373e+01,5.000000000000000000e-01
2.384600000000002140e+01,5.000000000000000000e-01
2.384700000000002262e+01,5.000000000000000000e-01
2.384800000000002385e+01,5.000000000000000000e-01
2.384900000000002152e+01,5.000000000000000000e-01
2.385000000000002274e+01,5.000000000000000000e-01
2.385100000000002396e+01,5.000000000000000000e-01
2.385200000000002163e+01,5.000000000000000000e-01
2.385300000000002285e+01,5.000000000000000000e-01
2.385400000000002407e+01,5.000000000000000000e-01
2.385500000000002174e+01,5.000000000000000000e-01
2.385600000000002296e+01,5.000000000000000000e-01
2.385700000000002419e+01,5.000000000000000000e-01
2.385800000000002186e+01,5.000000000000000000e-01
2.385900000000002308e+01,5.000000000000000000e-01
2.386000000000002430e+01,5.000000000000000000e-01
2.386100000000002197e+01,5.000000000000000000e-01
2.386200000000002319e+01,5.000000000000000000e-01
2.386300000000002441e+01,5.000000000000000000e-01
2.386400000000002208e+01,5.000000000000000000e-01
2.386500000000002331e+01,5.000000000000000000e-01
2.386600000000002453e+01,5.000000000000000000e-01
2.386700000000002220e+01,5.000000000000000000e-01
2.386800000000002342e+01,5.000000000000000000e-01
2.386900000000002109e+01,5.000000000000000000e-01
2.387000000000002231e+01,5.000000000000000000e-01
2.387100000000002353e+01,5.000000000000000000e-01
2.387200000000002120e+01,5.000000000000000000e-01
2.387300000000002242e+01,5.000000000000000000e-01
2.387400000000002365e+01,5.000000000000000000e-01
2.387500000000002132e+01,5.000000000000000000e-01
2.387600000000002254e+01,5.000000000000000000e-01
2.387700000000002376e+01,5.000000000000000000e-01
2.387800000000002143e+01,5.000000000000000000e-01
2.387900000000002265e+01,5.000000000000000000e-01
2.388000000000002387e+01,5.000000000000000000e-01
2.388100000000002154e+01,5.000000000000000000e-01
2.388200000000002277e+01,5.000000000000000000e-01
2.388300000000002399e+01,5.000000000000000000e-01
2.388400000000002166e+01,5.000000000000000000e-01
2.388500000000002288e+01,5.000000000000000000e-01
2.388600000000002410e+01,5.000000000000000000e-01
2.388700000000002177e+01,5.000000000000000000e-01
2.388800000000002299e+01,5.000000000000000000e-01
2.388900000000002422e+01,5.000000000000000000e-01
2.389000000000002188e+01,5.000000000000000000e-01
2.389100000000002311e+01,5.000000000000000000e-01
2.389200000000002433e+01,5.000000000000000000e-01
2.389300000000002200e+01,5.000000000000000000e-01
2.389400000000002322e+01,5.000000000000000000e-01
2.389500000000002444e+01,5.000000000000000000e-01
2.389600000000002211e+01,5.000000000000000000e-01
2.389700000000002333e+01,5.000000000000000000e-01
2.389800000000002456e+01,5.000000000000000000e-01
2.389900000000002223e+01,5.000000000000000000e-01
2.390000000000002345e+01,5.000000000000000000e-01
2.390100000000002467e+01,5.000000000000000000e-01
2.390200000000002234e+01,5.000000000000000000e-01
2.390300000000002356e+01,5.000000000000000000e-01
2.390400000000002123e+01,5.000000000000000000e-01
2.390500000000002245e+01,5.000000000000000000e-01
2.390600000000002368e+01,5.000000000000000000e-01
2.390700000000002134e+01,5.000000000000000000e-01
2.390800000000002257e+01,5.000000000000000000e-01
2.390900000000002379e+01,5.000000000000000000e-01
2.391000000000002146e+01,5.000000000000000000e-01
2.391100000000002268e+01,5.000000000000000000e-01
2.391200000000002390e+01,5.000000000000000000e-01
2.391300000000002157e+01,5.000000000000000000e-01
2.391400000000002279e+01,5.000000000000000000e-01
2.391500000000002402e+01,5.000000000000000000e-01
2.391600000000002169e+01,5.000000000000000000e-01
2.391700000000002291e+01,5.000000000000000000e-01
2.391800000000002413e+01,5.000000000000000000e-01
2.391900000000002180e+01,5.000000000000000000e-01
2.392000000000002302e+01,5.000000000000000000e-01
2.392100000000002424e+01,5.000000000000000000e-01
2.392200000000002191e+01,5.000000000000000000e-01
2.392300000000002314e+01,5.000000000000000000e-01
2.392400000000002436e+01,5.000000000000000000e-01
2.392500000000002203e+01,5.000000000000000000e-01
2.392600000000002325e+01,5.000000000000000000e-01
2.392700000000002447e+01,5.000000000000000000e-01
2.392800000000002214e+01,5.000000000000000000e-01
2.392900000000002336e+01,5.000000000000000000e-01
2.393000000000002458e+01,5.000000000000000000e-01
2.393100000000002225e+01,5.000000000000000000e-01
2.393200000000002348e+01,5.000000000000000000e-01
2.393300000000002115e+01,5.000000000000000000e-01
2.393400000000002237e+01,5.000000000000000000e-01
2.393500000000002359e+01,5.000000000000000000e-01
2.393600000000002126e+01,5.000000000000000000e-01
2.393700000000002248e+01,5.000000000000000000e-01
2.393800000000002370e+01,5.000000000000000000e-01
2.393900000000002137e+01,5.000000000000000000e-01
2.394000000000002260e+01,5.000000000000000000e-01
2.394100000000002382e+01,5.000000000000000000e-01
2.394200000000002149e+01,5.000000000000000000e-01
2.394300000000002271e+01,5.000000000000000000e-01
2.394400000000002393e+01,5.000000000000000000e-01
2.394500000000002160e+01,5.000000000000000000e-01
2.394600000000002282e+01,5.000000000000000000e-01
2.394700000000002404e+01,5.000000000000000000e-01
2.394800000000002171e+01,5.000000000000000000e-01
2.394900000000002294e+01,5.000000000000000000e-01
2.395000000000002416e+01,5.000000000000000000e-01
2.395100000000002183e+01,5.000000000000000000e-01
2.395200000000002305e+01,5.000000000000000000e-01
2.395300000000002427e+01,5.000000000000000000e-01
2.395400000000002194e+01,5.000000000000000000e-01
2.395500000000002316e+01,5.000000000000000000e-01
2.395600000000002439e+01,5.000000000000000000e-01
2.395700000000002206e+01,5.000000000000000000e-01
2.395800000000002328e+01,5.000000000000000000e-01
2.395900000000002450e+01,5.000000000000000000e-01
2.396000000000002217e+01,5.000000000000000000e-01
2.396100000000002339e+01,5.000000000000000000e-01
2.396200000000002461e+01,5.000000000000000000e-01
2.396300000000002228e+01,5.000000000000000000e-01
2.396400000000002350e+01,5.000000000000000000e-01
2.396500000000002473e+01,5.000000000000000000e-01
2.396600000000002240e+01,5.000000000000000000e-01
2.396700000000002362e+01,5.000000000000000000e-01
2.396800000000002129e+01,5.000000000000000000e-01
2.396900000000002251e+01,5.000000000000000000e-01
2.397000000000002373e+01,5.000000000000000000e-01
2.397100000000002140e+01,5.000000000000000000e-01
2.397200000000002262e+01,5.000000000000000000e-01
2.397300000000002385e+01,5.000000000000000000e-01
2.397400000000002152e+01,5.000000000000000000e-01
2.397500000000002274e+01,5.000000000000000000e-01
2.397600000000002396e+01,5.000000000000000000e-01
2.397700000000002163e+01,5.000000000000000000e-01
2.397800000000002285e+01,5.000000000000000000e-01
2.397900000000002407e+01,5.000000000000000000e-01
2.398000000000002174e+01,5.000000000000000000e-01
2.398100000000002296e+01,5.000000000000000000e-01
2.398200000000002419e+01,5.000000000000000000e-01
2.398300000000002186e+01,5.000000000000000000e-01
2.398400000000002308e+01,5.000000000000000000e-01
2.398500000000002430e+01,5.000000000000000000e-01
2.398600000000002197e+01,5.000000000000000000e-01
2.398700000000002319e+01,5.000000000000000000e-01
2.398800000000002441e+01,5.000000000000000000e-01
2.398900000000002208e+01,5.000000000000000000e-01
2.399000000000002331e+01,5.000000000000000000e-01
2.399100000000002453e+01,5.000000000000000000e-01
2.399200000000002220e+01,5.000000000000000000e-01
2.399300000000002342e+01,5.000000000000000000e-01
2.399400000000002464e+01,5.000000000000000000e-01
2.399500000000002231e+01,5.000000000000000000e-01
2.399600000000002353e+01,5.000000000000000000e-01
2.399700000000002120e+01,5.000000000000000000e-01
2.399800000000002242e+01,5.000000000000000000e-01
2.399900000000002365e+01,5.000000000000000000e-01
2.400000000000002132e+01,5.000000000000000000e-01
2.400100000000002254e+01,5.000000000000000000e-01
2.400200000000002376e+01,5.000000000000000000e-01
2.400300000000002143e+01,5.000000000000000000e-01
2.400400000000002265e+01,5.000000000000000000e-01
2.400500000000002387e+01,5.000000000000000000e-01
2.400600000000002154e+01,5.000000000000000000e-01
2.400700000000002277e+01,5.000000000000000000e-01
2.400800000000002399e+01,5.000000000000000000e-01
2.400900000000002166e+01,5.000000000000000000e-01
2.401000000000002288e+01,5.000000000000000000e-01
2.401100000000002410e+01,5.000000000000000000e-01
2.401200000000002177e+01,5.000000000000000000e-01
2.401300000000002299e+01,5.000000000000000000e-01
2.401400000000002422e+01,5.000000000000000000e-01
2.401500000000002188e+01,5.000000000000000000e-01
2.401600000000002311e+01,5.000000000000000000e-01
2.401700000000002433e+01,5.000000000000000000e-01
2.401800000000002200e+01,5.000000000000000000e-01
2.401900000000002322e+01,5.000000000000000000e-01
2.402000000000002444e+01,5.000000000000000000e-01
2.402100000000002211e+01,5.000000000000000000e-01
2.402200000000002333e+01,5.000000000000000000e-01
2.402300000000002456e+01,5.000000000000000000e-01
2.402400000000002223e+01,5.000000000000000000e-01
2.402500000000002345e+01,5.000000000000000000e-01
2.402600000000002467e+01,5.000000000000000000e-01
2.402700000000002234e+01,5.000000000000000000e-01
2.402800000000002356e+01,5.000000000000000000e-01
2.402900000000002478e+01,5.000000000000000000e-01
2.403000000000002245e+01,5.000000000000000000e-01
2.403100000000002368e+01,5.000000000000000000e-01
2.403200000000002134e+01,5.000000000000000000e-01
2.403300000000002257e+01,5.000000000000000000e-01
2.403400000000002379e+01,5.000000000000000000e-01
2.403500000000002146e+01,5.000000000000000000e-01
2.403600000000002268e+01,5.000000000000000000e-01
2.403700000000002390e+01,5.000000000000000000e-01
2.403800000000002157e+01,5.000000000000000000e-01
2.403900000000002279e+01,5.000000000000000000e-01
2.404000000000002402e+01,5.000000000000000000e-01
2.404100000000002169e+01,5.000000000000000000e-01
2.404200000000002291e+01,5.000000000000000000e-01
2.404300000000002413e+01,5.000000000000000000e-01
2.404400000000002180e+01,5.000000000000000000e-01
2.404500000000002302e+01,5.000000000000000000e-01
2.404600000000002424e+01,5.000000000000000000e-01
2.404700000000002191e+01,5.000000000000000000e-01
2.404800000000002314e+01,5.000000000000000000e-01
2.404900000000002436e+01,5.000000000000000000e-01
2.405000000000002203e+01,5.000000000000000000e-01
2.405100000000002325e+01,5.000000000000000000e-01
2.405200000000002447e+01,5.000000000000000000e-01
2.405300000000002214e+01,5.000000000000000000e-01
2.405400000000002336e+01,5.000000000000000000e-01
2.405500000000002458e+01,5.000000000000000000e-01
2.405600000000002225e+01,5.000000000000000000e-01
2.405700000000002348e+01,5.000000000000000000e-01
2.405800000000002470e+01,5.000000000000000000e-01
2.405900000000002237e+01,5.000000000000000000e-01
2.406000000000002359e+01,5.000000000000000000e-01
2.406100000000002126e+01,5.000000000000000000e-01
2.406200000000002248e+01,5.000000000000000000e-01
2.406300000000002370e+01,5.000000000000000000e-01
2.406400000000002137e+01,5.000000000000000000e-01
2.406500000000002260e+01,5.000000000000000000e-01
2.406600000000002382e+01,5.000000000000000000e-01
2.406700000000002149e+01,5.000000000000000000e-01
2.406800000000002271e+01,5.000000000000000000e-01
2.406900000000002393e+01,5.000000000000000000e-01
2.407000000000002160e+01,5.000000000000000000e-01
2.407100000000002282e+01,5.000000000000000000e-01
2.407200000000002404e+01,5.000000000000000000e-01
2.407300000000002171e+01,5.000000000000000000e-01
2.407400000000002294e+01,5.000000000000000000e-01
2.407500000000002416e+01,5.000000000000000000e-01
2.407600000000002183e+01,5.000000000000000000e-01
2.407700000000002305e+01,5.000000000000000000e-01
2.407800000000002427e+01,5.000000000000000000e-01
2.407900000000002194e+01,5.000000000000000000e-01
2.408000000000002316e+01,5.000000000000000000e-01
2.408100000000002439e+01,5.000000000000000000e-01
2.408200000000002206e+01,5.000000000000000000e-01
2.408300000000002328e+01,5.000000000000000000e-01
2.408400000000002450e+01,5.000000000000000000e-01
2.408500000000002217e+01,5.000000000000000000e-01
2.408600000000002339e+01,5.000000000000000000e-01
2.408700000000002461e+01,5.000000000000000000e-01
2.408800000000002228e+01,5.000000000000000000e-01
2.408900000000002350e+01,5.000000000000000000e-01
2.409000000000002473e+01,5.000000000000000000e-01
2.409100000000002240e+01,5.000000000000000000e-01
2.409200000000002362e+01,5.000000000000000000e-01
2.409300000000002484e+01,5.000000000000000000e-01
2.409400000000002251e+01,5.000000000000000000e-01
2.409500000000002373e+01,5.000000000000000000e-01
2.409600000000002140e+01,5.000000000000000000e-01
2.409700000000002262e+01,5.000000000000000000e-01
2.409800000000002385e+01,5.000000000000000000e-01
2.409900000000002152e+01,5.000000000000000000e-01
2.410000000000002274e+01,5.000000000000000000e-01
2.410100000000002396e+01,5.000000000000000000e-01
2.410200000000002163e+01,5.000000000000000000e-01
2.410300000000002285e+01,5.000000000000000000e-01
2.410400000000002407e+01,5.000000000000000000e-01
2.410500000000002174e+01,5.000000000000000000e-01
2.410600000000002296e+01,5.000000000000000000e-01
2.410700000000002419e+01,5.000000000000000000e-01
2.410800000000002186e+01,5.000000000000000000e-01
2.410900000000002308e+01,5.000000000000000000e-01
2.411000000000002430e+01,5.000000000000000000e-01
2.411100000000002197e+01,5.000000000000000000e-01
2.411200000000002319e+01,5.000000000000000000e-01
2.411300000000002441e+01,5.000000000000000000e-01
2.411400000000002208e+01,5.000000000000000000e-01
2.411500000000002331e+01,5.000000000000000000e-01
2.411600000000002453e+01,5.000000000000000000e-01
2.411700000000002220e+01,5.000000000000000000e-01
2.411800000000002342e+01,5.000000000000000000e-01
2.411900000000002464e+01,5.000000000000000000e-01
2.412000000000002231e+01,5.000000000000000000e-01
2.412100000000002353e+01,5.000000000000000000e-01
2.412200000000002476e+01,5.000000000000000000e-01
2.412300000000002242e+01,5.000000000000000000e-01
2.412400000000002365e+01,5.000000000000000000e-01
2.412500000000002132e+01,5.000000000000000000e-01
2.412600000000002254e+01,5.000000000000000000e-01
2.412700000000002376e+01,5.000000000000000000e-01
2.412800000000002143e+01,5.000000000000000000e-01
2.412900000000002265e+01,5.000000000000000000e-01
2.413000000000002387e+01,5.000000000000000000e-01
2.413100000000002154e+01,5.000000000000000000e-01
2.413200000000002277e+01,5.000000000000000000e-01
2.413300000000002399e+01,5.000000000000000000e-01
2.413400000000002166e+01,5.000000000000000000e-01
2.413500000000002288e+01,5.000000000000000000e-01
2.413600000000002410e+01,5.000000000000000000e-01
2.413700000000002177e+01,5.000000000000000000e-01
2.413800000000002299e+01,5.000000000000000000e-01
2.413900000000002422e+01,5.000000000000000000e-01
2.414000000000002188e+01,5.000000000000000000e-01
2.414100000000002311e+01,5.000000000000000000e-01
2.414200000000002433e+01,5.000000000000000000e-01
2.414300000000002200e+01,5.000000000000000000e-01
2.414400000000002322e+01,5.000000000000000000e-01
2.414500000000002444e+01,5.000000000000000000e-01
2.414600000000002211e+01,5.000000000000000000e-01
2.414700000000002333e+01,5.000000000000000000e-01
2.414800000000002456e+01,5.000000000000000000e-01
2.414900000000002223e+01,5.000000000000000000e-01
2.415000000000002345e+01,5.000000000000000000e-01
2.415100000000002467e+01,5.000000000000000000e-01
2.415200000000002234e+01,5.000000000000000000e-01
2.415300000000002356e+01,5.000000000000000000e-01
2.415400000000002478e+01,5.000000000000000000e-01
2.415500000000002245e+01,5.000000000000000000e-01
2.415600000000002368e+01,5.000000000000000000e-01
2.415700000000002490e+01,5.000000000000000000e-01
2.415800000000002257e+01,5.000000000000000000e-01
2.415900000000002379e+01,5.000000000000000000e-01
2.416000000000002146e+01,5.000000000000000000e-01
2.416100000000002268e+01,5.000000000000000000e-01
2.416200000000002390e+01,5.000000000000000000e-01
2.416300000000002157e+01,5.000000000000000000e-01
2.416400000000002279e+01,5.000000000000000000e-01
2.416500000000002402e+01,5.000000000000000000e-01
2.416600000000002169e+01,5.000000000000000000e-01
2.416700000000002291e+01,5.000000000000000000e-01
2.416800000000002413e+01,5.000000000000000000e-01
2.416900000000002180e+01,5.000000000000000000e-01
2.417000000000002302e+01,5.000000000000000000e-01
2.417100000000002424e+01,5.000000000000000000e-01
2.417200000000002191e+01,5.000000000000000000e-01
2.417300000000002314e+01,5.000000000000000000e-01
2.417400000000002436e+01,5.000000000000000000e-01
2.417500000000002203e+01,5.000000000000000000e-01
2.417600000000002325e+01,5.000000000000000000e-01
2.417700000000002447e+01,5.000000000000000000e-01
2.417800000000002214e+01,5.000000000000000000e-01
2.417900000000002336e+01,5.000000000000000000e-01
2.418000000000002458e+01,5.000000000000000000e-01
2.418100000000002225e+01,5.000000000000000000e-01
2.418200000000002348e+01,5.000000000000000000e-01
2.418300000000002470e+01,5.000000000000000000e-01
2.418400000000002237e+01,5.000000000000000000e-01
2.418500000000002359e+01,5.000000000000000000e-01
2.418600000000002481e+01,5.000000000000000000e-01
2.418700000000002248e+01,5.000000000000000000e-01
2.418800000000002370e+01,5.000000000000000000e-01
2.418900000000002137e+01,5.000000000000000000e-01
2.419000000000002260e+01,5.000000000000000000e-01
2.419100000000002382e+01,5.000000000000000000e-01
2.419200000000002149e+01,5.000000000000000000e-01
2.419300000000002271e+01,5.000000000000000000e-01
2.419400000000002393e+01,5.000000000000000000e-01
2.419500000000002160e+01,5.000000000000000000e-01
2.419600000000002282e+01,5.000000000000000000e-01
2.419700000000002404e+01,5.000000000000000000e-01
2.419800000000002171e+01,5.000000000000000000e-01
2.419900000000002294e+01,5.000000000000000000e-01
2.420000000000002416e+01,5.000000000000000000e-01
2.420100000000002183e+01,5.000000000000000000e-01
2.420200000000002305e+01,5.000000000000000000e-01
2.420300000000002427e+01,5.000000000000000000e-01
2.420400000000002194e+01,5.000000000000000000e-01
2.420500000000002316e+01,5.000000000000000000e-01
2.420600000000002439e+01,5.000000000000000000e-01
2.420700000000002206e+01,5.000000000000000000e-01
2.420800000000002328e+01,5.000000000000000000e-01
2.420900000000002450e+01,5.000000000000000000e-01
2.421000000000002217e+01,5.000000000000000000e-01
2.421100000000002339e+01,5.000000000000000000e-01
2.421200000000002461e+01,5.000000000000000000e-01
2.421300000000002228e+01,5.000000000000000000e-01
2.421400000000002350e+01,5.000000000000000000e-01
2.421500000000002473e+01,5.000000000000000000e-01
2.421600000000002240e+01,5.000000000000000000e-01
2.421700000000002362e+01,5.000000000000000000e-01
2.421800000000002484e+01,5.000000000000000000e-01
2.421900000000002251e+01,5.000000000000000000e-01
2.422000000000002373e+01,5.000000000000000000e-01
2.422100000000002495e+01,5.000000000000000000e-01
2.422200000000002262e+01,5.000000000000000000e-01
2.422300000000002385e+01,5.000000000000000000e-01
2.422400000000002152e+01,5.000000000000000000e-01
2.422500000000002274e+01,5.000000000000000000e-01
2.422600000000002396e+01,5.000000000000000000e-01
2.422700000000002163e+01,5.000000000000000000e-01
2.422800000000002285e+01,5.000000000000000000e-01
2.422900000000002407e+01,5.000000000000000000e-01
2.423000000000002174e+01,5.000000000000000000e-01
2.423100000000002296e+01,5.000000000000000000e-01
2.423200000000002419e+01,5.000000000000000000e-01
2.423300000000002186e+01,5.000000000000000000e-01
2.423400000000002308e+01,5.000000000000000000e-01
2.423500000000002430e+01,5.000000000000000000e-01
2.423600000000002197e+01,5.000000000000000000e-01
2.423700000000002319e+01,5.000000000000000000e-01
2.423800000000002441e+01,5.000000000000000000e-01
2.423900000000002208e+01,5.000000000000000000e-01
2.424000000000002331e+01,5.000000000000000000e-01
2.424100000000002453e+01,5.000000000000000000e-01
2.424200000000002220e+01,5.000000000000000000e-01
2.424300000000002342e+01,5.000000000000000000e-01
2.424400000000002464e+01,5.000000000000000000e-01
2.424500000000002231e+01,5.000000000000000000e-01
2.424600000000002353e+01,5.000000000000000000e-01
2.424700000000002476e+01,5.000000000000000000e-01
2.424800000000002242e+01,5.000000000000000000e-01
2.424900000000002365e+01,5.000000000000000000e-01
2.425000000000002487e+01,5.000000000000000000e-01
2.425100000000002254e+01,5.000000000000000000e-01
2.425200000000002376e+01,5.000000000000000000e-01
2.425300000000002143e+01,5.000000000000000000e-01
2.425400000000002265e+01,5.000000000000000000e-01
2.425500000000002387e+01,5.000000000000000000e-01
2.425600000000002154e+01,5.000000000000000000e-01
2.425700000000002277e+01,5.000000000000000000e-01
2.425800000000002399e+01,5.000000000000000000e-01
2.425900000000002166e+01,5.000000000000000000e-01
2.426000000000002288e+01,5.000000000000000000e-01
2.426100000000002410e+01,5.000000000000000000e-01
2.426200000000002177e+01,5.000000000000000000e-01
2.426300000000002299e+01,5.000000000000000000e-01
2.426400000000002422e+01,5.000000000000000000e-01
2.426500000000002188e+01,5.000000000000000000e-01
2.426600000000002311e+01,5.000000000000000000e-01
2.426700000000002433e+01,5.000000000000000000e-01
2.426800000000002200e+01,5.000000000000000000e-01
2.426900000000002322e+01,5.000000000000000000e-01
2.427000000000002444e+01,5.000000000000000000e-01
2.427100000000002211e+01,5.000000000000000000e-01
2.427200000000002333e+01,5.000000000000000000e-01
2.427300000000002456e+01,5.000000000000000000e-01
2.427400000000002223e+01,5.000000000000000000e-01
2.427500000000002345e+01,5.000000000000000000e-01
2.427600000000002467e+01,5.000000000000000000e-01
2.427700000000002234e+01,5.000000000000000000e-01
2.427800000000002356e+01,5.000000000000000000e-01
2.427900000000002478e+01,5.000000000000000000e-01
2.428000000000002245e+01,5.000000000000000000e-01
2.428100000000002368e+01,5.000000000000000000e-01
2.428200000000002490e+01,5.000000000000000000e-01
2.428300000000002257e+01,5.000000000000000000e-01
2.428400000000002379e+01,5.000000000000000000e-01
2.428500000000002501e+01,5.000000000000000000e-01
2.428600000000002268e+01,5.000000000000000000e-01
2.428700000000002390e+01,5.000000000000000000e-01
2.428800000000002157e+01,5.000000000000000000e-01
2.428900000000002279e+01,5.000000000000000000e-01
2.429000000000002402e+01,5.000000000000000000e-01
2.429100000000002169e+01,5.000000000000000000e-01
2.429200000000002291e+01,5.000000000000000000e-01
2.429300000000002413e+01,5.000000000000000000e-01
2.429400000000002180e+01,5.000000000000000000e-01
2.429500000000002302e+01,5.000000000000000000e-01
2.429600000000002424e+01,5.000000000000000000e-01
2.429700000000002191e+01,5.000000000000000000e-01
2.429800000000002314e+01,5.000000000000000000e-01
2.429900000000002436e+01,5.000000000000000000e-01
2.430000000000002203e+01,5.000000000000000000e-01
2.430100000000002325e+01,5.000000000000000000e-01
2.430200000000002447e+01,5.000000000000000000e-01
2.430300000000002214e+01,5.000000000000000000e-01
2.430400000000002336e+01,5.000000000000000000e-01
2.430500000000002458e+01,5.000000000000000000e-01
2.430600000000002225e+01,5.000000000000000000e-01
2.430700000000002348e+01,5.000000000000000000e-01
2.430800000000002470e+01,5.000000000000000000e-01
2.430900000000002237e+01,5.000000000000000000e-01
2.431000000000002359e+01,5.000000000000000000e-01
2.431100000000002481e+01,5.000000000000000000e-01
2.431200000000002248e+01,5.000000000000000000e-01
2.431300000000002370e+01,5.000000000000000000e-01
2.431400000000002493e+01,5.000000000000000000e-01
2.431500000000002260e+01,5.000000000000000000e-01
2.431600000000002382e+01,5.000000000000000000e-01
2.431700000000002149e+01,5.000000000000000000e-01
2.431800000000002271e+01,5.000000000000000000e-01
2.431900000000002393e+01,5.000000000000000000e-01
2.432000000000002160e+01,5.000000000000000000e-01
2.432100000000002282e+01,5.000000000000000000e-01
2.432200000000002404e+01,5.000000000000000000e-01
2.432300000000002171e+01,5.000000000000000000e-01
2.432400000000002294e+01,5.000000000000000000e-01
2.432500000000002416e+01,5.000000000000000000e-01
2.432600000000002183e+01,5.000000000000000000e-01
2.432700000000002305e+01,5.000000000000000000e-01
2.432800000000002427e+01,5.000000000000000000e-01
2.432900000000002194e+01,5.000000000000000000e-01
2.433000000000002316e+01,5.000000000000000000e-01
2.433100000000002439e+01,5.000000000000000000e-01
2.433200000000002206e+01,5.000000000000000000e-01
2.433300000000002328e+01,5.000000000000000000e-01
2.433400000000002450e+01,5.000000000000000000e-01
2.433500000000002217e+01,5.000000000000000000e-01
2.433600000000002339e+01,5.000000000000000000e-01
2.433700000000002461e+01,5.000000000000000000e-01
2.433800000000002228e+01,5.000000000000000000e-01
2.433900000000002350e+01,5.000000000000000000e-01
2.434000000000002473e+01,5.000000000000000000e-01
2.434100000000002240e+01,5.000000000000000000e-01
2.434200000000002362e+01,5.000000000000000000e-01
2.434300000000002484e+01,5.000000000000000000e-01
2.434400000000002251e+01,5.000000000000000000e-01
2.434500000000002373e+01,5.000000000000000000e-01
2.434600000000002495e+01,5.000000000000000000e-01
2.434700000000002262e+01,5.000000000000000000e-01
2.434800000000002385e+01,5.000000000000000000e-01
2.434900000000002507e+01,5.000000000000000000e-01
2.435000000000002274e+01,5.000000000000000000e-01
2.435100000000002396e+01,5.000000000000000000e-01
2.435200000000002163e+01,5.000000000000000000e-01
2.435300000000002285e+01,5.000000000000000000e-01
2.435400000000002407e+01,5.000000000000000000e-01
2.435500000000002174e+01,5.000000000000000000e-01
2.435600000000002296e+01,5.000000000000000000e-01
2.435700000000002419e+01,5.000000000000000000e-01
2.435800000000002186e+01,5.000000000000000000e-01
2.435900000000002308e+01,5.000000000000000000e-01
2.436000000000002430e+01,5.000000000000000000e-01
2.436100000000002197e+01,5.000000000000000000e-01
2.436200000000002319e+01,5.000000000000000000e-01
2.436300000000002441e+01,5.000000000000000000e-01
2.436400000000002208e+01,5.000000000000000000e-01
2.436500000000002331e+01,5.000000000000000000e-01
2.436600000000002453e+01,5.000000000000000000e-01
2.436700000000002220e+01,5.000000000000000000e-01
2.436800000000002342e+01,5.000000000000000000e-01
2.436900000000002464e+01,5.000000000000000000e-01
2.437000000000002231e+01,5.000000000000000000e-01
2.437100000000002353e+01,5.000000000000000000e-01
2.437200000000002476e+01,5.000000000000000000e-01
2.437300000000002242e+01,5.000000000000000000e-01
2.437400000000002365e+01,5.000000000000000000e-01
2.437500000000002487e+01,5.000000000000000000e-01
2.437600000000002254e+01,5.000000000000000000e-01
2.437700000000002376e+01,5.000000000000000000e-01
2.437800000000002498e+01,5.000000000000000000e-01
2.437900000000002265e+01,5.000000000000000000e-01
2.438000000000002387e+01,5.000000000000000000e-01
2.438100000000002154e+01,5.000000000000000000e-01
2.438200000000002277e+01,5.000000000000000000e-01
2.438300000000002399e+01,5.000000000000000000e-01
2.438400000000002166e+01,5.000000000000000000e-01
2.438500000000002288e+01,5.000000000000000000e-01
2.438600000000002410e+01,5.000000000000000000e-01
2.438700000000002177e+01,5.000000000000000000e-01
2.438800000000002299e+01,5.000000000000000000e-01
2.438900000000002422e+01,5.000000000000000000e-01
2.439000000000002188e+01,5.000000000000000000e-01
2.439100000000002311e+01,5.000000000000000000e-01
2.439200000000002433e+01,5.000000000000000000e-01
2.439300000000002200e+01,5.000000000000000000e-01
2.439400000000002322e+01,5.000000000000000000e-01
2.439500000000002444e+01,5.000000000000000000e-01
2.439600000000002211e+01,5.000000000000000000e-01
2.439700000000002333e+01,5.000000000000000000e-01
2.439800000000002456e+01,5.000000000000000000e-01
2.439900000000002223e+01,5.000000000000000000e-01
2.440000000000002345e+01,5.000000000000000000e-01
2.440100000000002467e+01,5.000000000000000000e-01
2.440200000000002234e+01,5.000000000000000000e-01
2.440300000000002356e+01,5.000000000000000000e-01
2.440400000000002478e+01,5.000000000000000000e-01
2.440500000000002245e+01,5.000000000000000000e-01
2.440600000000002368e+01,5.000000000000000000e-01
2.440700000000002490e+01,5.000000000000000000e-01
2.440800000000002257e+01,5.000000000000000000e-01
2.440900000000002379e+01,5.000000000000000000e-01
2.441000000000002501e+01,5.000000000000000000e-01
2.441100000000002268e+01,5.000000000000000000e-01
2.441200000000002390e+01,5.000000000000000000e-01
2.441300000000002512e+01,5.000000000000000000e-01
2.441400000000002279e+01,5.000000000000000000e-01
2.441500000000002402e+01,5.000000000000000000e-01
2.441600000000002169e+01,5.000000000000000000e-01
2.441700000000002291e+01,5.000000000000000000e-01
2.441800000000002413e+01,5.000000000000000000e-01
2.441900000000002180e+01,5.000000000000000000e-01
2.442000000000002302e+01,5.000000000000000000e-01
2.442100000000002424e+01,5.000000000000000000e-01
2.442200000000002191e+01,5.000000000000000000e-01
2.442300000000002314e+01,5.000000000000000000e-01
2.442400000000002436e+01,5.000000000000000000e-01
2.442500000000002203e+01,5.000000000000000000e-01
2.442600000000002325e+01,5.000000000000000000e-01
2.442700000000002447e+01,5.000000000000000000e-01
2.442800000000002214e+01,5.000000000000000000e-01
2.442900000000002336e+01,5.000000000000000000e-01
2.443000000000002458e+01,5.000000000000000000e-01
2.443100000000002225e+01,5.000000000000000000e-01
2.443200000000002348e+01,5.000000000000000000e-01
2.443300000000002470e+01,5.000000000000000000e-01
2.443400000000002237e+01,5.000000000000000000e-01
2.443500000000002359e+01,5.000000000000000000e-01
2.443600000000002481e+01,5.000000000000000000e-01
2.443700000000002248e+01,5.000000000000000000e-01
2.443800000000002370e+01,5.000000000000000000e-01
2.443900000000002493e+01,5.000000000000000000e-01
2.444000000000002260e+01,5.000000000000000000e-01
2.444100000000002382e+01,5.000000000000000000e-01
2.444200000000002504e+01,5.000000000000000000e-01
2.444300000000002271e+01,5.000000000000000000e-01
2.444400000000002393e+01,5.000000000000000000e-01
2.444500000000002160e+01,5.000000000000000000e-01
2.444600000000002282e+01,5.000000000000000000e-01
2.444700000000002404e+01,5.000000000000000000e-01
2.444800000000002171e+01,5.000000000000000000e-01
2.444900000000002294e+01,5.000000000000000000e-01
2.445000000000002416e+01,5.000000000000000000e-01
2.445100000000002183e+01,5.000000000000000000e-01
2.445200000000002305e+01,5.000000000000000000e-01
2.445300000000002427e+01,5.000000000000000000e-01
2.445400000000002194e+01,5.000000000000000000e-01
2.445500000000002316e+01,5.000000000000000000e-01
2.445600000000002439e+01,5.000000000000000000e-01
2.445700000000002206e+01,5.000000000000000000e-01
2.445800000000002328e+01,5.000000000000000000e-01
2.445900000000002450e+01,5.000000000000000000e-01
2.446000000000002217e+01,5.000000000000000000e-01
2.446100000000002339e+01,5.000000000000000000e-01
2.446200000000002461e+01,5.000000000000000000e-01
2.446300000000002228e+01,5.000000000000000000e-01
2.446400000000002350e+01,5.000000000000000000e-01
2.446500000000002473e+01,5.000000000000000000e-01
2.446600000000002240e+01,5.000000000000000000e-01
2.446700000000002362e+01,5.000000000000000000e-01
2.446800000000002484e+01,5.000000000000000000e-01
2.446900000000002251e+01,5.000000000000000000e-01
2.447000000000002373e+01,5.000000000000000000e-01
2.447100000000002495e+01,5.000000000000000000e-01
2.447200000000002262e+01,5.000000000000000000e-01
2.447300000000002385e+01,5.000000000000000000e-01
2.447400000000002507e+01,5.000000000000000000e-01
2.447500000000002274e+01,5.000000000000000000e-01
2.447600000000002396e+01,5.000000000000000000e-01
2.447700000000002518e+01,5.000000000000000000e-01
2.447800000000002285e+01,5.000000000000000000e-01
2.447900000000002407e+01,5.000000000000000000e-01
2.448000000000002174e+01,5.000000000000000000e-01
2.448100000000002296e+01,5.000000000000000000e-01
2.448200000000002419e+01,5.000000000000000000e-01
2.448300000000002186e+01,5.000000000000000000e-01
2.448400000000002308e+01,5.000000000000000000e-01
2.448500000000002430e+01,5.000000000000000000e-01
2.448600000000002197e+01,5.000000000000000000e-01
2.448700000000002319e+01,5.000000000000000000e-01
2.448800000000002441e+01,5.000000000000000000e-01
2.448900000000002208e+01,5.000000000000000000e-01
2.449000000000002331e+01,5.000000000000000000e-01
2.449100000000002453e+01,5.000000000000000000e-01
2.449200000000002220e+01,5.000000000000000000e-01
2.449300000000002342e+01,5.000000000000000000e-01
2.449400000000002464e+01,5.000000000000000000e-01
2.449500000000002231e+01,5.000000000000000000e-01
2.449600000000002353e+01,5.000000000000000000e-01
2.449700000000002476e+01,5.000000000000000000e-01
2.449800000000002242e+01,5.000000000000000000e-01
2.449900000000002365e+01,5.000000000000000000e-01
2.450000000000002487e+01,5.000000000000000000e-01
2.450100000000002254e+01,5.000000000000000000e-01
2.450200000000002376e+01,5.000000000000000000e-01
2.450300000000002498e+01,5.000000000000000000e-01
2.450400000000002265e+01,5.000000000000000000e-01
2.450500000000002387e+01,5.000000000000000000e-01
2.450600000000002510e+01,5.000000000000000000e-01
2.450700000000002277e+01,5.000000000000000000e-01
2.450800000000002399e+01,5.000000000000000000e-01
2.450900000000002166e+01,5.000000000000000000e-01
2.451000000000002288e+01,5.000000000000000000e-01
2.451100000000002410e+01,5.000000000000000000e-01
2.451200000000002177e+01,5.000000000000000000e-01
2.451300000000002299e+01,5.000000000000000000e-01
2.451400000000002422e+01,5.000000000000000000e-01
2.451500000000002188e+01,5.000000000000000000e-01
2.451600000000002311e+01,5.000000000000000000e-01
2.451700000000002433e+01,5.000000000000000000e-01
2.451800000000002200e+01,5.000000000000000000e-01
2.451900000000002322e+01,5.000000000000000000e-01
2.452000000000002444e+01,5.000000000000000000e-01
2.452100000000002211e+01,5.000000000000000000e-01
2.452200000000002333e+01,5.000000000000000000e-01
2.452300000000002456e+01,5.000000000000000000e-01
2.452400000000002223e+01,5.000000000000000000e-01
2.452500000000002345e+01,5.000000000000000000e-01
2.452600000000002467e+01,5.000000000000000000e-01
2.452700000000002234e+01,5.000000000000000000e-01
2.452800000000002356e+01,5.000000000000000000e-01
2.452900000000002478e+01,5.000000000000000000e-01
2.453000000000002245e+01,5.000000000000000000e-01
2.453100000000002368e+01,5.000000000000000000e-01
2.453200000000002490e+01,5.000000000000000000e-01
2.453300000000002257e+01,5.000000000000000000e-01
2.453400000000002379e+01,5.000000000000000000e-01
2.453500000000002501e+01,5.000000000000000000e-01
2.453600000000002268e+01,5.000000000000000000e-01
2.453700000000002390e+01,5.000000000000000000e-01
2.453800000000002512e+01,5.000000000000000000e-01
2.453900000000002279e+01,5.000000000000000000e-01
2.454000000000002402e+01,5.000000000000000000e-01
2.454100000000002524e+01,5.000000000000000000e-01
2.454200000000002291e+01,5.000000000000000000e-01
2.454300000000002413e+01,5.000000000000000000e-01
2.454400000000002180e+01,5.000000000000000000e-01
2.454500000000002302e+01,5.000000000000000000e-01
2.454600000000002424e+01,5.000000000000000000e-01
2.454700000000002191e+01,5.000000000000000000e-01
2.454800000000002314e+01,5.000000000000000000e-01
2.454900000000002436e+01,5.000000000000000000e-01
2.455000000000002203e+01,5.000000000000000000e-01
2.455100000000002325e+01,5.000000000000000000e-01
2.455200000000002447e+01,5.000000000000000000e-01
2.455300000000002214e+01,5.000000000000000000e-01
2.455400000000002336e+01,5.000000000000000000e-01
2.455500000000002458e+01,5.000000000000000000e-01
2.455600000000002225e+01,5.000000000000000000e-01
2.455700000000002348e+01,5.000000000000000000e-01
2.455800000000002470e+01,5.000000000000000000e-01
2.455900000000002237e+01,5.000000000000000000e-01
2.456000000000002359e+01,5.000000000000000000e-01
2.456100000000002481e+01,5.000000000000000000e-01
2.456200000000002248e+01,5.000000000000000000e-01
2.456300000000002370e+01,5.000000000000000000e-01
2.456400000000002493e+01,5.000000000000000000e-01
2.456500000000002260e+01,5.000000000000000000e-01
2.456600000000002382e+01,5.000000000000000000e-01
2.456700000000002504e+01,5.000000000000000000e-01
2.456800000000002271e+01,5.000000000000000000e-01
2.456900000000002393e+01,5.000000000000000000e-01
2.457000000000002515e+01,5.000000000000000000e-01
2.457100000000002282e+01,5.000000000000000000e-01
2.457200000000002404e+01,5.000000000000000000e-01
2.457300000000002171e+01,5.000000000000000000e-01
2.457400000000002294e+01,5.000000000000000000e-01
2.457500000000002416e+01,5.000000000000000000e-01
2.457600000000002183e+01,5.000000000000000000e-01
2.457700000000002305e+01,5.000000000000000000e-01
2.457800000000002427e+01,5.000000000000000000e-01
2.457900000000002194e+01,5.000000000000000000e-01
2.458000000000002316e+01,5.000000000000000000e-01
2.458100000000002439e+01,5.000000000000000000e-01
2.458200000000002206e+01,5.000000000000000000e-01
2.458300000000002328e+01,5.000000000000000000e-01
2.458400000000002450e+01,5.000000000000000000e-01
2.458500000000002217e+01,5.000000000000000000e-01
2.458600000000002339e+01,5.000000000000000000e-01
2.458700000000002461e+01,5.000000000000000000e-01
2.458800000000002228e+01,5.000000000000000000e-01
2.458900000000002350e+01,5.000000000000000000e-01
2.459000000000002473e+01,5.000000000000000000e-01
2.459100000000002240e+01,5.000000000000000000e-01
2.459200000000002362e+01,5.000000000000000000e-01
2.459300000000002484e+01,5.000000000000000000e-01
2.459400000000002251e+01,5.000000000000000000e-01
2.459500000000002373e+01,5.000000000000000000e-01
2.459600000000002495e+01,5.000000000000000000e-01
2.459700000000002262e+01,5.000000000000000000e-01
2.459800000000002385e+01,5.000000000000000000e-01
2.459900000000002507e+01,5.000000000000000000e-01
2.460000000000002274e+01,5.000000000000000000e-01
2.460100000000002396e+01,5.000000000000000000e-01
2.460200000000002518e+01,5.000000000000000000e-01
2.460300000000002285e+01,5.000000000000000000e-01
2.460400000000002407e+01,5.000000000000000000e-01
2.460500000000002530e+01,5.000000000000000000e-01
2.460600000000002296e+01,5.000000000000000000e-01
2.460700000000002419e+01,5.000000000000000000e-01
2.460800000000002186e+01,5.000000000000000000e-01
2.460900000000002308e+01,5.000000000000000000e-01
2.461000000000002430e+01,5.000000000000000000e-01
2.461100000000002197e+01,5.000000000000000000e-01
2.461200000000002319e+01,5.000000000000000000e-01
2.461300000000002441e+01,5.000000000000000000e-01
2.461400000000002208e+01,5.000000000000000000e-01
2.461500000000002331e+01,5.000000000000000000e-01
2.461600000000002453e+01,5.000000000000000000e-01
2.461700000000002220e+01,5.000000000000000000e-01
2.461800000000002342e+01,5.000000000000000000e-01
2.461900000000002464e+01,5.000000000000000000e-01
2.462000000000002231e+01,5.000000000000000000e-01
2.462100000000002353e+01,5.000000000000000000e-01
2.462200000000002476e+01,5.000000000000000000e-01
2.462300000000002242e+01,5.000000000000000000e-01
2.462400000000002365e+01,5.000000000000000000e-01
2.462500000000002487e+01,5.000000000000000000e-01
2.462600000000002254e+01,5.000000000000000000e-01
2.462700000000002376e+01,5.000000000000000000e-01
2.462800000000002498e+01,5.000000000000000000e-01
2.462900000000002265e+01,5.000000000000000000e-01
2.463000000000002387e+01,5.000000000000000000e-01
2.463100000000002510e+01,5.000000000000000000e-01
2.463200000000002277e+01,5.000000000000000000e-01
2.463300000000002399e+01,5.000000000000000000e-01
2.463400000000002521e+01,5.000000000000000000e-01
2.463500000000002288e+01,5.000000000000000000e-01
2.463600000000002410e+01,5.000000000000000000e-01
2.463700000000002177e+01,5.000000000000000000e-01
2.463800000000002299e+01,5.000000000000000000e-01
2.463900000000002422e+01,5.000000000000000000e-01
2.464000000000002188e+01,5.000000000000000000e-01
2.464100000000002311e+01,5.000000000000000000e-01
2.464200000000002433e+01,5.000000000000000000e-01
2.464300000000002200e+01,5.000000000000000000e-01
2.464400000000002322e+01,5.000000000000000000e-01
2.464500000000002444e+01,5.000000000000000000e-01
2.464600000000002211e+01,5.000000000000000000e-01
2.464700000000002333e+01,5.000000000000000000e-01
2.464800000000002456e+01,5.000000000000000000e-01
2.464900000000002223e+01,5.000000000000000000e-01
2.465000000000002345e+01,5.000000000000000000e-01
2.465100000000002467e+01,5.000000000000000000e-01
2.465200000000002234e+01,5.000000000000000000e-01
2.465300000000002356e+01,5.000000000000000000e-01
2.465400000000002478e+01,5.000000000000000000e-01
2.465500000000002245e+01,5.000000000000000000e-01
2.465600000000002368e+01,5.000000000000000000e-01
2.465700000000002490e+01,5.000000000000000000e-01
2.465800000000002257e+01,5.000000000000000000e-01
2.465900000000002379e+01,5.000000000000000000e-01
2.466000000000002501e+01,5.000000000000000000e-01
2.466100000000002268e+01,5.000000000000000000e-01
2.466200000000002390e+01,5.000000000000000000e-01
2.466300000000002512e+01,5.000000000000000000e-01
2.466400000000002279e+01,5.000000000000000000e-01
2.466500000000002402e+01,5.000000000000000000e-01
2.466600000000002524e+01,5.000000000000000000e-01
2.466700000000002291e+01,5.000000000000000000e-01
2.466800000000002413e+01,5.000000000000000000e-01
2.466900000000002535e+01,5.000000000000000000e-01
2.467000000000002302e+01,5.000000000000000000e-01
2.467100000000002424e+01,5.000000000000000000e-01
2.467200000000002191e+01,5.000000000000000000e-01
2.467300000000002314e+01,5.000000000000000000e-01
2.467400000000002436e+01,5.000000000000000000e-01
2.467500000000002203e+01,5.000000000000000000e-01
2.467600000000002325e+01,5.000000000000000000e-01
2.467700000000002447e+01,5.000000000000000000e-01
2.467800000000002214e+01,5.000000000000000000e-01
2.467900000000002336e+01,5.000000000000000000e-01
2.468000000000002458e+01,5.000000000000000000e-01
2.468100000000002225e+01,5.000000000000000000e-01
2.468200000000002348e+01,5.000000000000000000e-01
2.468300000000002470e+01,5.000000000000000000e-01
2.468400000000002237e+01,5.000000000000000000e-01
2.468500000000002359e+01,5.000000000000000000e-01
2.468600000000002481e+01,5.000000000000000000e-01
2.468700000000002248e+01,5.000000000000000000e-01
2.468800000000002370e+01,5.000000000000000000e-01
2.468900000000002493e+01,5.000000000000000000e-01
2.469000000000002260e+01,5.000000000000000000e-01
2.469100000000002382e+01,5.000000000000000000e-01
2.469200000000002504e+01,5.000000000000000000e-01
2.469300000000002271e+01,5.000000000000000000e-01
2.469400000000002393e+01,5.000000000000000000e-01
2.469500000000002515e+01,5.000000000000000000e-01
2.469600000000002282e+01,5.000000000000000000e-01
2.469700000000002404e+01,5.000000000000000000e-01
2.469800000000002527e+01,5.000000000000000000e-01
2.469900000000002294e+01,5.000000000000000000e-01
2.470000000000002416e+01,5.000000000000000000e-01
2.470100000000002183e+01,5.000000000000000000e-01
2.470200000000002305e+01,5.000000000000000000e-01
2.470300000000002427e+01,5.000000000000000000e-01
2.470400000000002194e+01,5.000000000000000000e-01
2.470500000000002316e+01,5.000000000000000000e-01
2.470600000000002439e+01,5.000000000000000000e-01
2.470700000000002206e+01,5.000000000000000000e-01
2.470800000000002328e+01,5.000000000000000000e-01
2.470900000000002450e+01,5.000000000000000000e-01
2.471000000000002217e+01,5.000000000000000000e-01
2.471100000000002339e+01,5.000000000000000000e-01
2.471200000000002461e+01,5.000000000000000000e-01
2.471300000000002228e+01,5.000000000000000000e-01
2.471400000000002350e+01,5.000000000000000000e-01
2.471500000000002473e+01,5.000000000000000000e-01
2.471600000000002240e+01,5.000000000000000000e-01
2.471700000000002362e+01,5.000000000000000000e-01
2.471800000000002484e+01,5.000000000000000000e-01
2.471900000000002251e+01,5.000000000000000000e-01
2.472000000000002373e+01,5.000000000000000000e-01
2.472100000000002495e+01,5.000000000000000000e-01
2.472200000000002262e+01,5.000000000000000000e-01
2.472300000000002385e+01,5.000000000000000000e-01
2.472400000000002507e+01,5.000000000000000000e-01
2.472500000000002274e+01,5.000000000000000000e-01
2.472600000000002396e+01,5.000000000000000000e-01
2.472700000000002518e+01,5.000000000000000000e-01
2.472800000000002285e+01,5.000000000000000000e-01
2.472900000000002407e+01,5.000000000000000000e-01
2.473000000000002530e+01,5.000000000000000000e-01
2.473100000000002296e+01,5.000000000000000000e-01
2.473200000000002419e+01,5.000000000000000000e-01
2.473300000000002541e+01,5.000000000000000000e-01
2.473400000000002308e+01,5.000000000000000000e-01
2.473500000000002430e+01,5.000000000000000000e-01
2.473600000000002197e+01,5.000000000000000000e-01
2.473700000000002319e+01,5.000000000000000000e-01
2.473800000000002441e+01,5.000000000000000000e-01
2.473900000000002208e+01,5.000000000000000000e-01
2.474000000000002331e+01,5.000000000000000000e-01
2.474100000000002453e+01,5.000000000000000000e-01
2.474200000000002220e+01,5.000000000000000000e-01
2.474300000000002342e+01,5.000000000000000000e-01
2.474400000000002464e+01,5.000000000000000000e-01
2.474500000000002231e+01,5.000000000000000000e-01
2.474600000000002353e+01,5.000000000000000000e-01
2.474700000000002476e+01,5.000000000000000000e-01
2.474800000000002242e+01,5.000000000000000000e-01
2.474900000000002365e+01,5.000000000000000000e-01
2.475000000000002487e+01,5.000000000000000000e-01
2.475100000000002254e+01,5.000000000000000000e-01
2.475200000000002376e+01,5.000000000000000000e-01
2.475300000000002498e+01,5.000000000000000000e-01
2.475400000000002265e+01,5.000000000000000000e-01
2.475500000000002387e+01,5.000000000000000000e-01
2.475600000000002510e+01,5.000000000000000000e-01
2.475700000000002277e+01,5.000000000000000000e-01
2.475800000000002399e+01,5.000000000000000000e-01
2.475900000000002521e+01,5.000000000000000000e-01
2.476000000000002288e+01,5.000000000000000000e-01
2.476100000000002410e+01,5.000000000000000000e-01
2.476200000000002532e+01,5.000000000000000000e-01
2.476300000000002299e+01,5.000000000000000000e-01
2.476400000000002422e+01,5.000000000000000000e-01
2.476500000000002188e+01,5.000000000000000000e-01
2.476600000000002311e+01,5.000000000000000000e-01
2.476700000000002433e+01,5.000000000000000000e-01
2.476800000000002200e+01,5.000000000000000000e-01
2.476900000000002322e+01,5.000000000000000000e-01
2.477000000000002444e+01,5.000000000000000000e-01
2.477100000000002211e+01,5.000000000000000000e-01
2.477200000000002333e+01,5.000000000000000000e-01
2.477300000000002456e+01,5.000000000000000000e-01
2.477400000000002223e+01,5.000000000000000000e-01
2.477500000000002345e+01,5.000000000000000000e-01
2.477600000000002467e+01,5.000000000000000000e-01
2.477700000000002234e+01,5.000000000000000000e-01
2.477800000000002356e+01,5.000000000000000000e-01
2.477900000000002478e+01,5.000000000000000000e-01
2.478000000000002245e+01,5.000000000000000000e-01
2.478100000000002368e+01,5.000000000000000000e-01
2.478200000000002490e+01,5.000000000000000000e-01
2.478300000000002257e+01,5.000000000000000000e-01
2.478400000000002379e+01,5.000000000000000000e-01
2.478500000000002501e+01,5.000000000000000000e-01
2.478600000000002268e+01,5.000000000000000000e-01
2.478700000000002390e+01,5.000000000000000000e-01
2.478800000000002512e+01,5.000000000000000000e-01
2.478900000000002279e+01,5.000000000000000000e-01
2.479000000000002402e+01,5.000000000000000000e-01
2.479100000000002524e+01,5.000000000000000000e-01
2.479200000000002291e+01,5.000000000000000000e-01
2.479300000000002413e+01,5.000000000000000000e-01
2.479400000000002535e+01,5.000000000000000000e-01
2.479500000000002302e+01,5.000000000000000000e-01
2.479600000000002424e+01,5.000000000000000000e-01
2.479700000000002547e+01,5.000000000000000000e-01
2.479800000000002314e+01,5.000000000000000000e-01
2.479900000000002436e+01,5.000000000000000000e-01
2.480000000000002203e+01,5.000000000000000000e-01
2.480100000000002325e+01,5.000000000000000000e-01
2.480200000000002447e+01,5.000000000000000000e-01
2.480300000000002214e+01,5.000000000000000000e-01
2.480400000000002336e+01,5.000000000000000000e-01
2.480500000000002458e+01,5.000000000000000000e-01
2.480600000000002225e+01,5.000000000000000000e-01
2.480700000000002348e+01,5.000000000000000000e-01
2.480800000000002470e+01,5.000000000000000000e-01
2.480900000000002237e+01,5.000000000000000000e-01
2.481000000000002359e+01,5.000000000000000000e-01
2.481100000000002481e+01,5.000000000000000000e-01
2.481200000000002248e+01,5.000000000000000000e-01
2.481300000000002370e+01,5.000000000000000000e-01
2.481400000000002493e+01,5.000000000000000000e-01
2.481500000000002260e+01,5.000000000000000000e-01
2.481600000000002382e+01,5.000000000000000000e-01
2.481700000000002504e+01,5.000000000000000000e-01
2.481800000000002271e+01,5.000000000000000000e-01
2.481900000000002393e+01,5.000000000000000000e-01
2.482000000000002515e+01,5.000000000000000000e-01
2.482100000000002282e+01,5.000000000000000000e-01
2.482200000000002404e+01,5.000000000000000000e-01
2.482300000000002527e+01,5.000000000000000000e-01
2.482400000000002294e+01,5.000000000000000000e-01
2.482500000000002416e+01,5.000000000000000000e-01
2.482600000000002538e+01,5.000000000000000000e-01
2.482700000000002305e+01,5.000000000000000000e-01
2.482800000000002427e+01,5.000000000000000000e-01
2.482900000000002194e+01,5.000000000000000000e-01
2.483000000000002316e+01,5.000000000000000000e-01
2.483100000000002439e+01,5.000000000000000000e-01
2.483200000000002206e+01,5.000000000000000000e-01
2.483300000000002328e+01,5.000000000000000000e-01
2.483400000000002450e+01,5.000000000000000000e-01
2.483500000000002217e+01,5.000000000000000000e-01
2.483600000000002339e+01,5.000000000000000000e-01
2.483700000000002461e+01,5.000000000000000000e-01
2.483800000000002228e+01,5.000000000000000000e-01
2.483900000000002350e+01,5.000000000000000000e-01
2.484000000000002473e+01,5.000000000000000000e-01
2.484100000000002240e+01,5.000000000000000000e-01
2.484200000000002362e+01,5.000000000000000000e-01
2.484300000000002484e+01,5.000000000000000000e-01
2.484400000000002251e+01,5.000000000000000000e-01
2.484500000000002373e+01,5.000000000000000000e-01
2.484600000000002495e+01,5.000000000000000000e-01
2.484700000000002262e+01,5.000000000000000000e-01
2.484800000000002385e+01,5.000000000000000000e-01
2.484900000000002507e+01,5.000000000000000000e-01
2.485000000000002274e+01,5.000000000000000000e-01
2.485100000000002396e+01,5.000000000000000000e-01
2.485200000000002518e+01,5.000000000000000000e-01
2.485300000000002285e+01,5.000000000000000000e-01
2.485400000000002407e+01,5.000000000000000000e-01
2.485500000000002530e+01,5.000000000000000000e-01
2.485600000000002296e+01,5.000000000000000000e-01
2.485700000000002419e+01,5.000000000000000000e-01
2.485800000000002541e+01,5.000000000000000000e-01
2.485900000000002308e+01,5.000000000000000000e-01
2.486000000000002430e+01,5.000000000000000000e-01
2.486100000000002552e+01,5.000000000000000000e-01
2.486200000000002319e+01,5.000000000000000000e-01
2.486300000000002441e+01,5.000000000000000000e-01
2.486400000000002208e+01,5.000000000000000000e-01
2.486500000000002331e+01,5.000000000000000000e-01
2.486600000000002453e+01,5.000000000000000000e-01
2.486700000000002220e+01,5.000000000000000000e-01
2.486800000000002342e+01,5.000000000000000000e-01
2.486900000000002464e+01,5.000000000000000000e-01
2.487000000000002231e+01,5.000000000000000000e-01
2.487100000000002353e+01,5.000000000000000000e-01
2.487200000000002476e+01,5.000000000000000000e-01
2.487300000000002242e+01,5.000000000000000000e-01
2.487400000000002365e+01,5.000000000000000000e-01
2.487500000000002487e+01,5.000000000000000000e-01
2.487600000000002254e+01,5.000000000000000000e-01
2.487700000000002376e+01,5.000000000000000000e-01
2.487800000000002498e+01,5.000000000000000000e-01
2.487900000000002265e+01,5.000000000000000000e-01
2.488000000000002387e+01,5.000000000000000000e-01
2.488100000000002510e+01,5.000000000000000000e-01
2.488200000000002277e+01,5.000000000000000000e-01
2.488300000000002399e+01,5.000000000000000000e-01
2.488400000000002521e+01,5.000000000000000000e-01
2.488500000000002288e+01,5.000000000000000000e-01
2.488600000000002410e+01,5.000000000000000000e-01
2.488700000000002532e+01,5.000000000000000000e-01
2.488800000000002299e+01,5.000000000000000000e-01
2.488900000000002422e+01,5.000000000000000000e-01
2.489000000000002544e+01,5.000000000000000000e-01
2.489100000000002311e+01,5.000000000000000000e-01
2.489200000000002433e+01,5.000000000000000000e-01
2.489300000000002200e+01,5.000000000000000000e-01
2.489400000000002322e+01,5.000000000000000000e-01
2.489500000000002444e+01,5.000000000000000000e-01
2.489600000000002211e+01,5.000000000000000000e-01
2.489700000000002333e+01,5.000000000000000000e-01
2.489800000000002456e+01,5.000000000000000000e-01
2.489900000000002223e+01,5.000000000000000000e-01
2.490000000000002345e+01,5.000000000000000000e-01
2.490100000000002467e+01,5.000000000000000000e-01
2.490200000000002234e+01,5.000000000000000000e-01
2.490300000000002356e+01,5.000000000000000000e-01
2.490400000000002478e+01,5.000000000000000000e-01
2.490500000000002245e+01,5.000000000000000000e-01
2.490600000000002368e+01,5.000000000000000000e-01
2.490700000000002490e+01,5.000000000000000000e-01
2.490800000000002257e+01,5.000000000000000000e-01
2.490900000000002379e+01,5.000000000000000000e-01
2.491000000000002501e+01,5.000000000000000000e-01
2.491100000000002268e+01,5.000000000000000000e-01
2.491200000000002390e+01,5.000000000000000000e-01
2.491300000000002512e+01,5.000000000000000000e-01
2.491400000000002279e+01,5.000000000000000000e-01
2.491500000000002402e+01,5.000000000000000000e-01
2.491600000000002524e+01,5.000000000000000000e-01
2.491700000000002291e+01,5.000000000000000000e-01
2.491800000000002413e+01,5.000000000000000000e-01
2.491900000000002535e+01,5.000000000000000000e-01
2.492000000000002302e+01,5.000000000000000000e-01
2.492100000000002424e+01,5.000000000000000000e-01
2.492200000000002547e+01,5.000000000000000000e-01
2.492300000000002314e+01,5.000000000000000000e-01
2.492400000000002436e+01,5.000000000000000000e-01
2.492500000000002558e+01,5.000000000000000000e-01
2.492600000000002325e+01,5.000000000000000000e-01
2.492700000000002447e+01,5.000000000000000000e-01
2.492800000000002214e+01,5.000000000000000000e-01
2.492900000000002336e+01,5.000000000000000000e-01
2.493000000000002458e+01,5.000000000000000000e-01
2.493100000000002225e+01,5.000000000000000000e-01
2.493200000000002348e+01,5.000000000000000000e-01
2.493300000000002470e+01,5.000000000000000000e-01
2.493400000000002237e+01,5.000000000000000000e-01
2.493500000000002359e+01,5.000000000000000000e-01
2.493600000000002481e+01,5.000000000000000000e-01
2.493700000000002248e+01,5.000000000000000000e-01
2.493800000000002370e+01,5.000000000000000000e-01
2.493900000000002493e+01,5.000000000000000000e-01
2.494000000000002260e+01,5.000000000000000000e-01
2.494100000000002382e+01,5.000000000000000000e-01
2.494200000000002504e+01,5.000000000000000000e-01
2.494300000000002271e+01,5.000000000000000000e-01
2.494400000000002393e+01,5.000000000000000000e-01
2.494500000000002515e+01,5.000000000000000000e-01
2.494600000000002282e+01,5.000000000000000000e-01
2.494700000000002404e+01,5.000000000000000000e-01
2.494800000000002527e+01,5.000000000000000000e-01
2.494900000000002294e+01,5.000000000000000000e-01
2.495000000000002416e+01,5.000000000000000000e-01
2.495100000000002538e+01,5.000000000000000000e-01
2.495200000000002305e+01,5.000000000000000000e-01
2.495300000000002427e+01,5.000000000000000000e-01
2.495400000000002549e+01,5.000000000000000000e-01
2.495500000000002316e+01,5.000000000000000000e-01
2.495600000000002439e+01,5.000000000000000000e-01
2.495700000000002206e+01,5.000000000000000000e-01
2.495800000000002328e+01,5.000000000000000000e-01
2.495900000000002450e+01,5.000000000000000000e-01
2.496000000000002217e+01,5.000000000000000000e-01
2.496100000000002339e+01,5.000000000000000000e-01
2.496200000000002461e+01,5.000000000000000000e-01
2.496300000000002228e+01,5.000000000000000000e-01
2.496400000000002350e+01,5.000000000000000000e-01
2.496500000000002473e+01,5.000000000000000000e-01
2.496600000000002240e+01,5.000000000000000000e-01
2.496700000000002362e+01,5.000000000000000000e-01
2.496800000000002484e+01,5.000000000000000000e-01
2.496900000000002251e+01,5.000000000000000000e-01
2.497000000000002373e+01,5.000000000000000000e-01
2.497100000000002495e+01,5.000000000000000000e-01
2.497200000000002262e+01,5.000000000000000000e-01
2.497300000000002385e+01,5.000000000000000000e-01
2.497400000000002507e+01,5.000000000000000000e-01
2.497500000000002274e+01,5.000000000000000000e-01
2.497600000000002396e+01,5.000000000000000000e-01
2.497700000000002518e+01,5.000000000000000000e-01
2.497800000000002285e+01,5.000000000000000000e-01
2.497900000000002407e+01,5.000000000000000000e-01
2.498000000000002530e+01,5.000000000000000000e-01
2.498100000000002296e+01,5.000000000000000000e-01
2.498200000000002419e+01,5.000000000000000000e-01
2.498300000000002541e+01,5.000000000000000000e-01
2.498400000000002308e+01,5.000000000000000000e-01
2.498500000000002430e+01,5.000000000000000000e-01
2.498600000000002552e+01,5.000000000000000000e-01
2.498700000000002319e+01,5.000000000000000000e-01
2.498800000000002441e+01,5.000000000000000000e-01
2.498900000000002564e+01,5.000000000000000000e-01
2.499000000000002331e+01,5.000000000000000000e-01
2.499100000000002453e+01,5.000000000000000000e-01
2.499200000000002220e+01,5.000000000000000000e-01
2.499300000000002342e+01,5.000000000000000000e-01
2.499400000000002464e+01,5.000000000000000000e-01
2.499500000000002231e+01,5.000000000000000000e-01
2.499600000000002353e+01,5.000000000000000000e-01
2.499700000000002476e+01,5.000000000000000000e-01
2.499800000000002242e+01,5.000000000000000000e-01
2.499900000000002365e+01,5.000000000000000000e-01
2.500000000000002487e+01,5.000000000000000000e-01
2.500100000000002254e+01,5.000000000000000000e-01
2.500200000000002376e+01,5.000000000000000000e-01
2.500300000000002498e+01,5.000000000000000000e-01
2.500400000000002265e+01,5.000000000000000000e-01
2.500500000000002387e+01,5.000000000000000000e-01
2.500600000000002510e+01,5.000000000000000000e-01
2.500700000000002277e+01,5.000000000000000000e-01
2.500800000000002399e+01,5.000000000000000000e-01
2.500900000000002521e+01,5.000000000000000000e-01
2.501000000000002288e+01,5.000000000000000000e-01
2.501100000000002410e+01,5.000000000000000000e-01
2.501200000000002532e+01,5.000000000000000000e-01
2.501300000000002299e+01,5.000000000000000000e-01
2.501400000000002422e+01,5.000000000000000000e-01
2.501500000000002544e+01,5.000000000000000000e-01
2.501600000000002311e+01,5.000000000000000000e-01
2.501700000000002433e+01,5.000000000000000000e-01
2.501800000000002555e+01,5.000000000000000000e-01
2.501900000000002322e+01,5.000000000000000000e-01
2.502000000000002444e+01,5.000000000000000000e-01
2.502100000000002211e+01,5.000000000000000000e-01
2.502200000000002333e+01,5.000000000000000000e-01
2.502300000000002456e+01,5.000000000000000000e-01
2.502400000000002223e+01,5.000000000000000000e-01
2.502500000000002345e+01,5.000000000000000000e-01
2.502600000000002467e+01,5.000000000000000000e-01
2.502700000000002234e+01,5.000000000000000000e-01
2.502800000000002356e+01,5.000000000000000000e-01
2.502900000000002478e+01,5.000000000000000000e-01
2.503000000000002245e+01,5.000000000000000000e-01
2.503100000000002368e+01,5.000000000000000000e-01
2.503200000000002490e+01,5.000000000000000000e-01
2.503300000000002257e+01,5.000000000000000000e-01
2.503400000000002379e+01,5.000000000000000000e-01
2.503500000000002501e+01,5.000000000000000000e-01
2.503600000000002268e+01,5.000000000000000000e-01
2.503700000000002390e+01,5.000000000000000000e-01
2.503800000000002512e+01,5.000000000000000000e-01
2.503900000000002279e+01,5.000000000000000000e-01
2.504000000000002402e+01,5.000000000000000000e-01
2.504100000000002524e+01,5.000000000000000000e-01
2.504200000000002291e+01,5.000000000000000000e-01
2.504300000000002413e+01,5.000000000000000000e-01
2.504400000000002535e+01,5.000000000000000000e-01
2.504500000000002302e+01,5.000000000000000000e-01
2.504600000000002424e+01,5.000000000000000000e-01
2.504700000000002547e+01,5.000000000000000000e-01
2.504800000000002314e+01,5.000000000000000000e-01
2.504900000000002436e+01,5.000000000000000000e-01
2.505000000000002558e+01,5.000000000000000000e-01
2.505100000000002325e+01,5.000000000000000000e-01
2.505200000000002447e+01,5.000000000000000000e-01
2.505300000000002569e+01,5.000000000000000000e-01
2.505400000000002336e+01,5.000000000000000000e-01
2.505500000000002458e+01,5.000000000000000000e-01
2.505600000000002225e+01,5.000000000000000000e-01
2.505700000000002348e+01,5.000000000000000000e-01
2.505800000000002470e+01,5.000000000000000000e-01
2.505900000000002237e+01,5.000000000000000000e-01
2.506000000000002359e+01,5.000000000000000000e-01
2.506100000000002481e+01,5.000000000000000000e-01
2.506200000000002248e+01,5.000000000000000000e-01
2.506300000000002370e+01,5.000000000000000000e-01
2.506400000000002493e+01,5.000000000000000000e-01
2.506500000000002260e+01,5.000000000000000000e-01
2.506600000000002382e+01,5.000000000000000000e-01
2.506700000000002504e+01,5.000000000000000000e-01
2.506800000000002271e+01,5.000000000000000000e-01
2.506900000000002393e+01,5.000000000000000000e-01
2.507000000000002515e+01,5.000000000000000000e-01
2.507100000000002282e+01,5.000000000000000000e-01
2.507200000000002404e+01,5.000000000000000000e-01
2.507300000000002527e+01,5.000000000000000000e-01
2.507400000000002294e+01,5.000000000000000000e-01
2.507500000000002416e+01,5.000000000000000000e-01
2.507600000000002538e+01,5.000000000000000000e-01
2.507700000000002305e+01,5.000000000000000000e-01
2.507800000000002427e+01,5.000000000000000000e-01
2.507900000000002549e+01,5.000000000000000000e-01
2.508000000000002316e+01,5.000000000000000000e-01
2.508100000000002439e+01,5.000000000000000000e-01
2.508200000000002561e+01,5.000000000000000000e-01
2.508300000000002328e+01,5.000000000000000000e-01
2.508400000000002450e+01,5.000000000000000000e-01
2.508500000000002217e+01,5.000000000000000000e-01
2.508600000000002339e+01,5.000000000000000000e-01
2.508700000000002461e+01,5.000000000000000000e-01
2.508800000000002228e+01,5.000000000000000000e-01
2.508900000000002350e+01,5.000000000000000000e-01
2.509000000000002473e+01,5.000000000000000000e-01
2.509100000000002240e+01,5.000000000000000000e-01
2.509200000000002362e+01,5.000000000000000000e-01
2.509300000000002484e+01,5.000000000000000000e-01
2.509400000000002251e+01,5.000000000000000000e-01
2.509500000000002373e+01,5.000000000000000000e-01
2.509600000000002495e+01,5.000000000000000000e-01
2.509700000000002262e+01,5.000000000000000000e-01
2.509800000000002385e+01,5.000000000000000000e-01
2.509900000000002507e+01,5.000000000000000000e-01
2.510000000000002274e+01,5.000000000000000000e-01
2.510100000000002396e+01,5.000000000000000000e-01
2.510200000000002518e+01,5.000000000000000000e-01
2.510300000000002285e+01,5.000000000000000000e-01
2.510400000000002407e+01,5.000000000000000000e-01
2.510500000000002530e+01,5.000000000000000000e-01
2.510600000000002296e+01,5.000000000000000000e-01
2.510700000000002419e+01,5.000000000000000000e-01
2.510800000000002541e+01,5.000000000000000000e-01
2.510900000000002308e+01,5.000000000000000000e-01
2.511000000000002430e+01,5.000000000000000000e-01
2.511100000000002552e+01,5.000000000000000000e-01
2.511200000000002319e+01,5.000000000000000000e-01
2.511300000000002441e+01,5.000000000000000000e-01
2.511400000000002564e+01,5.000000000000000000e-01
2.511500000000002331e+01,5.000000000000000000e-01
2.511600000000002453e+01,5.000000000000000000e-01
2.511700000000002575e+01,5.000000000000000000e-01
2.511800000000002342e+01,5.000000000000000000e-01
2.511900000000002464e+01,5.000000000000000000e-01
2.512000000000002231e+01,5.000000000000000000e-01
2.512100000000002353e+01,5.000000000000000000e-01
2.512200000000002476e+01,5.000000000000000000e-01
2.512300000000002242e+01,5.000000000000000000e-01
2.512400000000002365e+01,5.000000000000000000e-01
2.512500000000002487e+01,5.000000000000000000e-01
2.512600000000002254e+01,5.000000000000000000e-01
2.512700000000002376e+01,5.000000000000000000e-01
2.512800000000002498e+01,5.000000000000000000e-01
2.512900000000002265e+01,5.000000000000000000e-01
2.513000000000002387e+01,5.000000000000000000e-01
2.513100000000002510e+01,5.000000000000000000e-01
2.513200000000002277e+01,5.000000000000000000e-01
2.513300000000002399e+01,5.000000000000000000e-01
2.513400000000002521e+01,5.000000000000000000e-01
2.513500000000002288e+01,5.000000000000000000e-01
2.513600000000002410e+01,5.000000000000000000e-01
2.513700000000002532e+01,5.000000000000000000e-01
2.513800000000002299e+01,5.000000000000000000e-01
2.513900000000002422e+01,5.000000000000000000e-01
2.514000000000002544e+01,5.000000000000000000e-01
2.514100000000002311e+01,5.000000000000000000e-01
2.514200000000002433e+01,5.000000000000000000e-01
2.514300000000002555e+01,5.000000000000000000e-01
2.514400000000002322e+01,5.000000000000000000e-01
2.514500000000002444e+01,5.000000000000000000e-01
2.514600000000002566e+01,5.000000000000000000e-01
2.514700000000002333e+01,5.000000000000000000e-01
2.514800000000002456e+01,5.000000000000000000e-01
2.514900000000002223e+01,5.000000000000000000e-01
2.515000000000002345e+01,5.000000000000000000e-01
2.515100000000002467e+01,5.000000000000000000e-01
2.515200000000002234e+01,5.000000000000000000e-01
2.515300000000002356e+01,5.000000000000000000e-01
2.515400000000002478e+01,5.000000000000000000e-01
2.515500000000002245e+01,5.000000000000000000e-01
2.515600000000002368e+01,5.000000000000000000e-01
2.515700000000002490e+01,5.000000000000000000e-01
2.515800000000002257e+01,5.000000000000000000e-01
2.515900000000002379e+01,5.000000000000000000e-01
2.516000000000002501e+01,5.000000000000000000e-01
2.516100000000002268e+01,5.000000000000000000e-01
2.516200000000002390e+01,5.000000000000000000e-01
2.516300000000002512e+01,5.000000000000000000e-01
2.516400000000002279e+01,5.000000000000000000e-01
2.516500000000002402e+01,5.000000000000000000e-01
2.516600000000002524e+01,5.000000000000000000e-01
2.516700000000002291e+01,5.000000000000000000e-01
2.516800000000002413e+01,5.000000000000000000e-01
2.516900000000002535e+01,5.000000000000000000e-01
2.517000000000002302e+01,5.000000000000000000e-01
2.517100000000002424e+01,5.000000000000000000e-01
2.517200000000002547e+01,5.000000000000000000e-01
2.517300000000002314e+01,5.000000000000000000e-01
2.517400000000002436e+01,5.000000000000000000e-01
2.517500000000002558e+01,5.000000000000000000e-01
2.517600000000002325e+01,5.000000000000000000e-01
2.517700000000002447e+01,5.000000000000000000e-01
2.517800000000002569e+01,5.000000000000000000e-01
2.517900000000002336e+01,5.000000000000000000e-01
2.518000000000002458e+01,5.000000000000000000e-01
2.518100000000002581e+01,5.000000000000000000e-01
2.518200000000002348e+01,5.000000000000000000e-01
2.518300000000002470e+01,5.000000000000000000e-01
2.518400000000002237e+01,5.000000000000000000e-01
2.518500000000002359e+01,5.000000000000000000e-01
2.518600000000002481e+01,5.000000000000000000e-01
2.518700000000002248e+01,5.000000000000000000e-01
2.518800000000002370e+01,5.000000000000000000e-01
2.518900000000002493e+01,5.000000000000000000e-01
2.519000000000002260e+01,5.000000000000000000e-01
2.519100000000002382e+01,5.000000000000000000e-01
2.519200000000002504e+01,5.000000000000000000e-01
2.519300000000002271e+01,5.000000000000000000e-01
2.519400000000002393e+01,5.000000000000000000e-01
2.519500000000002515e+01,5.000000000000000000e-01
2.519600000000002282e+01,5.000000000000000000e-01
2.519700000000002404e+01,5.000000000000000000e-01
2.519800000000002527e+01,5.000000000000000000e-01
2.519900000000002294e+01,5.000000000000000000e-01
2.520000000000002416e+01,5.000000000000000000e-01
2.520100000000002538e+01,5.000000000000000000e-01
2.520200000000002305e+01,5.000000000000000000e-01
2.520300000000002427e+01,5.000000000000000000e-01
2.520400000000002549e+01,5.000000000000000000e-01
2.520500000000002316e+01,5.000000000000000000e-01
2.520600000000002439e+01,5.000000000000000000e-01
2.520700000000002561e+01,5.000000000000000000e-01
2.520800000000002328e+01,5.000000000000000000e-01
2.520900000000002450e+01,5.000000000000000000e-01
2.521000000000002572e+01,5.000000000000000000e-01
2.521100000000002339e+01,5.000000000000000000e-01
2.521200000000002461e+01,5.000000000000000000e-01
2.521300000000002228e+01,5.000000000000000000e-01
2.521400000000002350e+01,5.000000000000000000e-01
2.521500000000002473e+01,5.000000000000000000e-01
2.521600000000002240e+01,5.000000000000000000e-01
2.521700000000002362e+01,5.000000000000000000e-01
2.521800000000002484e+01,5.000000000000000000e-01
2.521900000000002251e+01,5.000000000000000000e-01
2.522000000000002373e+01,5.000000000000000000e-01
2.522100000000002495e+01,5.000000000000000000e-01
2.522200000000002262e+01,5.000000000000000000e-01
2.522300000000002385e+01,5.000000000000000000e-01
2.522400000000002507e+01,5.000000000000000000e-01
2.522500000000002274e+01,5.000000000000000000e-01
2.522600000000002396e+01,5.000000000000000000e-01
2.522700000000002518e+01,5.000000000000000000e-01
2.522800000000002285e+01,5.000000000000000000e-01
2.522900000000002407e+01,5.000000000000000000e-01
2.523000000000002530e+01,5.000000000000000000e-01
2.523100000000002296e+01,5.000000000000000000e-01
2.523200000000002419e+01,5.000000000000000000e-01
2.523300000000002541e+01,5.000000000000000000e-01
2.523400000000002308e+01,5.000000000000000000e-01
2.523500000000002430e+01,5.000000000000000000e-01
2.523600000000002552e+01,5.000000000000000000e-01
2.523700000000002319e+01,5.000000000000000000e-01
2.523800000000002441e+01,5.000000000000000000e-01
2.523900000000002564e+01,5.000000000000000000e-01
2.524000000000002331e+01,5.000000000000000000e-01
2.524100000000002453e+01,5.000000000000000000e-01
2.524200000000002575e+01,5.000000000000000000e-01
2.524300000000002342e+01,5.000000000000000000e-01
2.524400000000002464e+01,5.000000000000000000e-01
2.524500000000002586e+01,5.000000000000000000e-01
2.524600000000002353e+01,5.000000000000000000e-01
2.524700000000002476e+01,5.000000000000000000e-01
2.524800000000002242e+01,5.000000000000000000e-01
2.524900000000002365e+01,5.000000000000000000e-01
2.525000000000002487e+01,5.000000000000000000e-01
2.525100000000002254e+01,5.000000000000000000e-01
2.525200000000002376e+01,5.000000000000000000e-01
2.525300000000002498e+01,5.000000000000000000e-01
2.525400000000002265e+01,5.000000000000000000e-01
2.525500000000002387e+01,5.000000000000000000e-01
2.525600000000002510e+01,5.000000000000000000e-01
2.525700000000002277e+01,5.000000000000000000e-01
2.525800000000002399e+01,5.000000000000000000e-01
2.525900000000002521e+01,5.000000000000000000e-01
2.526000000000002288e+01,5.000000000000000000e-01
2.526100000000002410e+01,5.000000000000000000e-01
2.526200000000002532e+01,5.000000000000000000e-01
2.526300000000002299e+01,5.000000000000000000e-01
2.526400000000002422e+01,5.000000000000000000e-01
2.526500000000002544e+01,5.000000000000000000e-01
2.526600000000002311e+01,5.000000000000000000e-01
2.526700000000002433e+01,5.000000000000000000e-01
2.526800000000002555e+01,5.000000000000000000e-01
2.526900000000002322e+01,5.000000000000000000e-01
2.527000000000002444e+01,5.000000000000000000e-01
2.527100000000002566e+01,5.000000000000000000e-01
2.527200000000002333e+01,5.000000000000000000e-01
2.527300000000002456e+01,5.000000000000000000e-01
2.527400000000002578e+01,5.000000000000000000e-01
2.527500000000002345e+01,5.000000000000000000e-01
2.527600000000002467e+01,5.000000000000000000e-01
2.527700000000002234e+01,5.000000000000000000e-01
2.527800000000002356e+01,5.000000000000000000e-01
2.527900000000002478e+01,5.000000000000000000e-01
2.528000000000002245e+01,5.000000000000000000e-01
2.528100000000002368e+01,5.000000000000000000e-01
2.528200000000002490e+01,5.000000000000000000e-01
2.528300000000002257e+01,5.000000000000000000e-01
2.528400000000002379e+01,5.000000000000000000e-01
2.528500000000002501e+01,5.000000000000000000e-01
2.528600000000002268e+01,5.000000000000000000e-01
2.528700000000002390e+01,5.000000000000000000e-01
2.528800000000002512e+01,5.000000000000000000e-01
2.528900000000002279e+01,5.000000000000000000e-01
2.529000000000002402e+01,5.000000000000000000e-01
2.529100000000002524e+01,5.000000000000000000e-01
2.529200000000002291e+01,5.000000000000000000e-01
2.529300000000002413e+01,5.000000000000000000e-01
2.529400000000002535e+01,5.000000000000000000e-01
2.529500000000002302e+01,5.000000000000000000e-01
2.529600000000002424e+01,5.000000000000000000e-01
2.529700000000002547e+01,5.000000000000000000e-01
2.529800000000002314e+01,5.000000000000000000e-01
2.529900000000002436e+01,5.000000000000000000e-01
2.530000000000002558e+01,5.000000000000000000e-01
2.530100000000002325e+01,5.000000000000000000e-01
2.530200000000002447e+01,5.000000000000000000e-01
2.530300000000002569e+01,5.000000000000000000e-01
2.530400000000002336e+01,5.000000000000000000e-01
2.530500000000002458e+01,5.000000000000000000e-01
2.530600000000002581e+01,5.000000000000000000e-01
2.530700000000002348e+01,5.000000000000000000e-01
2.530800000000002470e+01,5.000000000000000000e-01
2.530900000000002592e+01,5.000000000000000000e-01
2.531000000000002359e+01,5.000000000000000000e-01
2.531100000000002481e+01,5.000000000000000000e-01
2.531200000000002248e+01,5.000000000000000000e-01
2.531300000000002370e+01,5.000000000000000000e-01
2.531400000000002493e+01,5.000000000000000000e-01
2.531500000000002260e+01,5.000000000000000000e-01
2.531600000000002382e+01,5.000000000000000000e-01
2.531700000000002504e+01,5.000000000000000000e-01
2.531800000000002271e+01,5.000000000000000000e-01
2.531900000000002393e+01,5.000000000000000000e-01
2.532000000000002515e+01,5.000000000000000000e-01
2.532100000000002282e+01,5.000000000000000000e-01
2.532200000000002404e+01,5.000000000000000000e-01
2.532300000000002527e+01,5.000000000000000000e-01
2.532400000000002294e+01,5.000000000000000000e-01
2.532500000000002416e+01,5.000000000000000000e-01
2.532600000000002538e+01,5.000000000000000000e-01
2.532700000000002305e+01,5.000000000000000000e-01
2.532800000000002427e+01,5.000000000000000000e-01
2.532900000000002549e+01,5.000000000000000000e-01
2.533000000000002316e+01,5.000000000000000000e-01
2.533100000000002439e+01,5.000000000000000000e-01
2.533200000000002561e+01,5.000000000000000000e-01
2.533300000000002328e+01,5.000000000000000000e-01
2.533400000000002450e+01,5.000000000000000000e-01
2.533500000000002572e+01,5.000000000000000000e-01
2.533600000000002339e+01,5.000000000000000000e-01
2.533700000000002461e+01,5.000000000000000000e-01
2.533800000000002584e+01,5.000000000000000000e-01
2.533900000000002350e+01,5.000000000000000000e-01
2.534000000000002473e+01,5.000000000000000000e-01
2.534100000000002240e+01,5.000000000000000000e-01
2.534200000000002362e+01,5.000000000000000000e-01
2.534300000000002484e+01,5.000000000000000000e-01
2.534400000000002251e+01,5.000000000000000000e-01
2.534500000000002373e+01,5.000000000000000000e-01
2.534600000000002495e+01,5.000000000000000000e-01
2.534700000000002262e+01,5.000000000000000000e-01
2.534800000000002385e+01,5.000000000000000000e-01
2.534900000000002507e+01,5.000000000000000000e-01
2.535000000000002274e+01,5.000000000000000000e-01
2.535100000000002396e+01,5.000000000000000000e-01
2.535200000000002518e+01,5.000000000000000000e-01
2.535300000000002285e+01,5.000000000000000000e-01
2.535400000000002407e+01,5.000000000000000000e-01
2.535500000000002530e+01,5.000000000000000000e-01
2.535600000000002296e+01,5.000000000000000000e-01
2.535700000000002419e+01,5.000000000000000000e-01
2.535800000000002541e+01,5.000000000000000000e-01
2.535900000000002308e+01,5.000000000000000000e-01
2.536000000000002430e+01,5.000000000000000000e-01
2.536100000000002552e+01,5.000000000000000000e-01
2.536200000000002319e+01,5.000000000000000000e-01
2.536300000000002441e+01,5.000000000000000000e-01
2.536400000000002564e+01,5.000000000000000000e-01
2.536500000000002331e+01,5.000000000000000000e-01
2.536600000000002453e+01,5.000000000000000000e-01
2.536700000000002575e+01,5.000000000000000000e-01
2.536800000000002342e+01,5.000000000000000000e-01
2.536900000000002464e+01,5.000000000000000000e-01
2.537000000000002586e+01,5.000000000000000000e-01
2.537100000000002353e+01,5.000000000000000000e-01
2.537200000000002476e+01,5.000000000000000000e-01
2.537300000000002598e+01,5.000000000000000000e-01
2.537400000000002365e+01,5.000000000000000000e-01
2.537500000000002487e+01,5.000000000000000000e-01
2.537600000000002254e+01,5.000000000000000000e-01
2.537700000000002376e+01,5.000000000000000000e-01
2.537800000000002498e+01,5.000000000000000000e-01
2.537900000000002265e+01,5.000000000000000000e-01
2.538000000000002387e+01,5.000000000000000000e-01
2.538100000000002510e+01,5.000000000000000000e-01
2.538200000000002277e+01,5.000000000000000000e-01
2.538300000000002399e+01,5.000000000000000000e-01
2.538400000000002521e+01,5.000000000000000000e-01
2.538500000000002288e+01,5.000000000000000000e-01
2.538600000000002410e+01,5.000000000000000000e-01
2.538700000000002532e+01,5.000000000000000000e-01
2.538800000000002299e+01,5.000000000000000000e-01
2.538900000000002422e+01,5.000000000000000000e-01
2.539000000000002544e+01,5.000000000000000000e-01
2.539100000000002311e+01,5.000000000000000000e-01
2.539200000000002433e+01,5.000000000000000000e-01
2.539300000000002555e+01,5.000000000000000000e-01
2.539400000000002322e+01,5.000000000000000000e-01
2.539500000000002444e+01,5.000000000000000000e-01
2.539600000000002566e+01,5.000000000000000000e-01
2.539700000000002333e+01,5.000000000000000000e-01
2.539800000000002456e+01,5.000000000000000000e-01
2.539900000000002578e+01,5.000000000000000000e-01
2.540000000000002345e+01,5.000000000000000000e-01
2.540100000000002467e+01,5.000000000000000000e-01
2.540200000000002589e+01,5.000000000000000000e-01
2.540300000000002356e+01,5.000000000000000000e-01
2.540400000000002478e+01,5.000000000000000000e-01
2.540500000000002245e+01,5.000000000000000000e-01
2.540600000000002368e+01,5.000000000000000000e-01
2.540700000000002490e+01,5.000000000000000000e-01
2.540800000000002257e+01,5.000000000000000000e-01
2.540900000000002379e+01,5.000000000000000000e-01
2.541000000000002501e+01,5.000000000000000000e-01
2.541100000000002268e+01,5.000000000000000000e-01
2.541200000000002390e+01,5.000000000000000000e-01
2.541300000000002512e+01,5.000000000000000000e-01
2.541400000000002279e+01,5.000000000000000000e-01
2.541500000000002402e+01,5.000000000000000000e-01
2.541600000000002524e+01,5.000000000000000000e-01
2.541700000000002291e+01,5.000000000000000000e-01
2.541800000000002413e+01,5.000000000000000000e-01
2.541900000000002535e+01,5.000000000000000000e-01
2.542000000000002302e+01,5.000000000000000000e-01
2.542100000000002424e+01,5.000000000000000000e-01
2.542200000000002547e+01,5.000000000000000000e-01
2.542300000000002314e+01,5.000000000000000000e-01
2.542400000000002436e+01,5.000000000000000000e-01
2.542500000000002558e+01,5.000000000000000000e-01
2.542600000000002325e+01,5.000000000000000000e-01
2.542700000000002447e+01,5.000000000000000000e-01
2.542800000000002569e+01,5.000000000000000000e-01
2.542900000000002336e+01,5.000000000000000000e-01
2.543000000000002458e+01,5.000000000000000000e-01
2.543100000000002581e+01,5.000000000000000000e-01
2.543200000000002348e+01,5.000000000000000000e-01
2.543300000000002470e+01,5.000000000000000000e-01
2.543400000000002592e+01,5.000000000000000000e-01
2.543500000000002359e+01,5.000000000000000000e-01
2.543600000000002481e+01,5.000000000000000000e-01
2.543700000000002603e+01,5.000000000000000000e-01
2.543800000000002370e+01,5.000000000000000000e-01
2.543900000000002493e+01,5.000000000000000000e-01
2.544000000000002260e+01,5.000000000000000000e-01
2.544100000000002382e+01,5.000000000000000000e-01
2.544200000000002504e+01,5.000000000000000000e-01
2.544300000000002271e+01,5.000000000000000000e-01
2.544400000000002393e+01,5.000000000000000000e-01
2.544500000000002515e+01,5.000000000000000000e-01
2.544600000000002282e+01,5.000000000000000000e-01
2.544700000000002404e+01,5.000000000000000000e-01
2.544800000000002527e+01,5.000000000000000000e-01
2.544900000000002294e+01,5.000000000000000000e-01
2.545000000000002416e+01,5.000000000000000000e-01
2.545100000000002538e+01,5.000000000000000000e-01
2.545200000000002305e+01,5.000000000000000000e-01
2.545300000000002427e+01,5.000000000000000000e-01
2.545400000000002549e+01,5.000000000000000000e-01
2.545500000000002316e+01,5.000000000000000000e-01
2.545600000000002439e+01,5.000000000000000000e-01
2.545700000000002561e+01,5.000000000000000000e-01
2.545800000000002328e+01,5.000000000000000000e-01
2.545900000000002450e+01,5.000000000000000000e-01
2.546000000000002572e+01,5.000000000000000000e-01
2.546100000000002339e+01,5.000000000000000000e-01
2.546200000000002461e+01,5.000000000000000000e-01
2.546300000000002584e+01,5.000000000000000000e-01
2.546400000000002350e+01,5.000000000000000000e-01
2.546500000000002473e+01,5.000000000000000000e-01
2.546600000000002595e+01,5.000000000000000000e-01
2.546700000000002362e+01,5.000000000000000000e-01
2.546800000000002484e+01,5.000000000000000000e-01
2.546900000000002251e+01,5.000000000000000000e-01
2.547000000000002373e+01,5.000000000000000000e-01
2.547100000000002495e+01,5.000000000000000000e-01
2.547200000000002262e+01,5.000000000000000000e-01
2.547300000000002385e+01,5.000000000000000000e-01
2.547400000000002507e+01,5.000000000000000000e-01
2.547500000000002274e+01,5.000000000000000000e-01
2.547600000000002396e+01,5.000000000000000000e-01
2.547700000000002518e+01,5.000000000000000000e-01
2.547800000000002285e+01,5.000000000000000000e-01
2.547900000000002407e+01,5.000000000000000000e-01
2.548000000000002530e+01,5.000000000000000000e-01
2.548100000000002296e+01,5.000000000000000000e-01
2.548200000000002419e+01,5.000000000000000000e-01
2.548300000000002541e+01,5.000000000000000000e-01
2.548400000000002308e+01,5.000000000000000000e-01
2.548500000000002430e+01,5.000000000000000000e-01
2.548600000000002552e+01,5.000000000000000000e-01
2.548700000000002319e+01,5.000000000000000000e-01
2.548800000000002441e+01,5.000000000000000000e-01
2.548900000000002564e+01,5.000000000000000000e-01
2.549000000000002331e+01,5.000000000000000000e-01
2.549100000000002453e+01,5.000000000000000000e-01
2.549200000000002575e+01,5.000000000000000000e-01
2.549300000000002342e+01,5.000000000000000000e-01
2.549400000000002464e+01,5.000000000000000000e-01
2.549500000000002586e+01,5.000000000000000000e-01
2.549600000000002353e+01,5.000000000000000000e-01
2.549700000000002476e+01,5.000000000000000000e-01
2.549800000000002598e+01,5.000000000000000000e-01
2.549900000000002365e+01,5.000000000000000000e-01
2.550000000000002487e+01,5.000000000000000000e-01
2.550100000000002609e+01,5.000000000000000000e-01
2.550200000000002376e+01,5.000000000000000000e-01
2.550300000000002498e+01,5.000000000000000000e-01
2.550400000000002265e+01,5.000000000000000000e-01
2.550500000000002387e+01,5.000000000000000000e-01
2.550600000000002510e+01,5.000000000000000000e-01
2.550700000000002277e+01,5.000000000000000000e-01
2.550800000000002399e+01,5.000000000000000000e-01
2.550900000000002521e+01,5.000000000000000000e-01
2.551000000000002288e+01,5.000000000000000000e-01
2.551100000000002410e+01,5.000000000000000000e-01
2.551200000000002532e+01,5.000000000000000000e-01
2.551300000000002299e+01,5.000000000000000000e-01
2.551400000000002422e+01,5.000000000000000000e-01
2.551500000000002544e+01,5.000000000000000000e-01
2.551600000000002311e+01,5.000000000000000000e-01
2.551700000000002433e+01,5.000000000000000000e-01
2.551800000000002555e+01,5.000000000000000000e-01
2.551900000000002322e+01,5.000000000000000000e-01
2.552000000000002444e+01,5.000000000000000000e-01
2.552100000000002566e+01,5.000000000000000000e-01
2.552200000000002333e+01,5.000000000000000000e-01
2.552300000000002456e+01,5.000000000000000000e-01
2.552400000000002578e+01,5.000000000000000000e-01
2.552500000000002345e+01,5.000000000000000000e-01
2.552600000000002467e+01,5.000000000000000000e-01
2.552700000000002589e+01,5.000000000000000000e-01
2.552800000000002356e+01,5.000000000000000000e-01
2.552900000000002478e+01,5.000000000000000000e-01
2.553000000000002601e+01,5.000000000000000000e-01
2.553100000000002368e+01,5.000000000000000000e-01
2.553200000000002490e+01,5.000000000000000000e-01
2.553300000000002257e+01,5.000000000000000000e-01
2.553400000000002379e+01,5.000000000000000000e-01
2.553500000000002501e+01,5.000000000000000000e-01
2.553600000000002268e+01,5.000000000000000000e-01
2.553700000000002390e+01,5.000000000000000000e-01
2.553800000000002512e+01,5.000000000000000000e-01
2.553900000000002279e+01,5.000000000000000000e-01
2.554000000000002402e+01,5.000000000000000000e-01
2.554100000000002524e+01,5.000000000000000000e-01
2.554200000000002291e+01,5.000000000000000000e-01
2.554300000000002413e+01,5.000000000000000000e-01
2.554400000000002535e+01,5.000000000000000000e-01
2.554500000000002302e+01,5.000000000000000000e-01
2.554600000000002424e+01,5.000000000000000000e-01
2.554700000000002547e+01,5.000000000000000000e-01
2.554800000000002314e+01,5.000000000000000000e-01
2.554900000000002436e+01,5.000000000000000000e-01
2.555000000000002558e+01,5.000000000000000000e-01
2.555100000000002325e+01,5.000000000000000000e-01
2.555200000000002447e+01,5.000000000000000000e-01
2.555300000000002569e+01,5.000000000000000000e-01
2.555400000000002336e+01,5.000000000000000000e-01
2.555500000000002458e+01,5.000000000000000000e-01
2.555600000000002581e+01,5.000000000000000000e-01
2.555700000000002348e+01,5.000000000000000000e-01
2.555800000000002470e+01,5.000000000000000000e-01
2.555900000000002592e+01,5.000000000000000000e-01
2.556000000000002359e+01,5.000000000000000000e-01
2.556100000000002481e+01,5.000000000000000000e-01
2.556200000000002603e+01,5.000000000000000000e-01
2.556300000000002370e+01,5.000000000000000000e-01
2.556400000000002493e+01,5.000000000000000000e-01
2.556500000000002615e+01,5.000000000000000000e-01
2.556600000000002382e+01,5.000000000000000000e-01
2.556700000000002504e+01,5.000000000000000000e-01
2.556800000000002271e+01,5.000000000000000000e-01
2.556900000000002393e+01,5.000000000000000000e-01
2.557000000000002515e+01,5.000000000000000000e-01
2.557100000000002282e+01,5.000000000000000000e-01
2.557200000000002404e+01,5.000000000000000000e-01
2.557300000000002527e+01,5.000000000000000000e-01
2.557400000000002294e+01,5.000000000000000000e-01
2.557500000000002416e+01,5.000000000000000000e-01
2.557600000000002538e+01,5.000000000000000000e-01
2.557700000000002305e+01,5.000000000000000000e-01
2.557800000000002427e+01,5.000000000000000000e-01
2.557900000000002549e+01,5.000000000000000000e-01
2.558000000000002316e+01,5.000000000000000000e-01
2.558100000000002439e+01,5.000000000000000000e-01
2.558200000000002561e+01,5.000000000000000000e-01
2.558300000000002328e+01,5.000000000000000000e-01
2.558400000000002450e+01,5.000000000000000000e-01
2.558500000000002572e+01,5.000000000000000000e-01
2.558600000000002339e+01,5.000000000000000000e-01
2.558700000000002461e+01,5.000000000000000000e-01
2.558800000000002584e+01,5.000000000000000000e-01
2.558900000000002350e+01,5.000000000000000000e-01
2.559000000000002473e+01,5.000000000000000000e-01
2.559100000000002595e+01,5.000000000000000000e-01
2.559200000000002362e+01,5.000000000000000000e-01
2.559300000000002484e+01,5.000000000000000000e-01
2.559400000000002606e+01,5.000000000000000000e-01
2.559500000000002373e+01,5.000000000000000000e-01
2.559600000000002495e+01,5.000000000000000000e-01
2.559700000000002262e+01,5.000000000000000000e-01
2.559800000000002385e+01,5.000000000000000000e-01
2.559900000000002507e+01,5.000000000000000000e-01
2.560000000000002274e+01,5.000000000000000000e-01
2.560100000000002396e+01,5.000000000000000000e-01
2.560200000000002518e+01,5.000000000000000000e-01
2.560300000000002285e+01,5.000000000000000000e-01
2.560400000000002407e+01,5.000000000000000000e-01
2.560500000000002530e+01,5.000000000000000000e-01
2.560600000000002296e+01,5.000000000000000000e-01
2.560700000000002419e+01,5.000000000000000000e-01
2.560800000000002541e+01,5.000000000000000000e-01
2.560900000000002308e+01,5.000000000000000000e-01
2.561000000000002430e+01,5.000000000000000000e-01
2.561100000000002552e+01,5.000000000000000000e-01
2.561200000000002319e+01,5.000000000000000000e-01
2.561300000000002441e+01,5.000000000000000000e-01
2.561400000000002564e+01,5.000000000000000000e-01
2.561500000000002331e+01,5.000000000000000000e-01
2.561600000000002453e+01,5.000000000000000000e-01
2.561700000000002575e+01,5.000000000000000000e-01
2.561800000000002342e+01,5.000000000000000000e-01
2.561900000000002464e+01,5.000000000000000000e-01
2.562000000000002586e+01,5.000000000000000000e-01
2.562100000000002353e+01,5.000000000000000000e-01
2.562200000000002476e+01,5.000000000000000000e-01
2.562300000000002598e+01,5.000000000000000000e-01
2.562400000000002365e+01,5.000000000000000000e-01
2.562500000000002487e+01,5.000000000000000000e-01
2.562600000000002609e+01,5.000000000000000000e-01
2.562700000000002376e+01,5.000000000000000000e-01
2.562800000000002498e+01,5.000000000000000000e-01
2.562900000000002620e+01,5.000000000000000000e-01
2.563000000000002387e+01,5.000000000000000000e-01
2.563100000000002510e+01,5.000000000000000000e-01
2.563200000000002277e+01,5.000000000000000000e-01
2.563300000000002399e+01,5.000000000000000000e-01
2.563400000000002521e+01,5.000000000000000000e-01
2.563500000000002288e+01,5.000000000000000000e-01
2.563600000000002410e+01,5.000000000000000000e-01
2.563700000000002532e+01,5.000000000000000000e-01
2.563800000000002299e+01,5.000000000000000000e-01
2.563900000000002422e+01,5.000000000000000000e-01
2.564000000000002544e+01,5.000000000000000000e-01
2.564100000000002311e+01,5.000000000000000000e-01
2.564200000000002433e+01,5.000000000000000000e-01
2.564300000000002555e+01,5.000000000000000000e-01
2.564400000000002322e+01,5.000000000000000000e-01
2.564500000000002444e+01,5.000000000000000000e-01
2.564600000000002566e+01,5.000000000000000000e-01
2.564700000000002333e+01,5.000000000000000000e-01
2.564800000000002456e+01,5.000000000000000000e-01
2.564900000000002578e+01,5.000000000000000000e-01
2.565000000000002345e+01,5.000000000000000000e-01
2.565100000000002467e+01,5.000000000000000000e-01
2.565200000000002589e+01,5.000000000000000000e-01
2.565300000000002356e+01,5.000000000000000000e-01
2.565400000000002478e+01,5.000000000000000000e-01
2.565500000000002601e+01,5.000000000000000000e-01
2.565600000000002368e+01,5.000000000000000000e-01
2.565700000000002490e+01,5.000000000000000000e-01
2.565800000000002612e+01,5.000000000000000000e-01
2.565900000000002379e+01,5.000000000000000000e-01
2.566000000000002501e+01,5.000000000000000000e-01
2.566100000000002268e+01,5.000000000000000000e-01
2.566200000000002390e+01,5.000000000000000000e-01
2.566300000000002512e+01,5.000000000000000000e-01
2.566400000000002279e+01,5.000000000000000000e-01
2.566500000000002402e+01,5.000000000000000000e-01
2.566600000000002524e+01,5.000000000000000000e-01
2.566700000000002291e+01,5.000000000000000000e-01
2.566800000000002413e+01,5.000000000000000000e-01
2.566900000000002535e+01,5.000000000000000000e-01
2.567000000000002302e+01,5.000000000000000000e-01
2.567100000000002424e+01,5.000000000000000000e-01
2.567200000000002547e+01,5.000000000000000000e-01
2.567300000000002314e+01,5.000000000000000000e-01
2.567400000000002436e+01,5.000000000000000000e-01
2.567500000000002558e+01,5.000000000000000000e-01
2.567600000000002325e+01,5.000000000000000000e-01
2.567700000000002447e+01,5.000000000000000000e-01
2.567800000000002569e+01,5.000000000000000000e-01
2.567900000000002336e+01,5.000000000000000000e-01
2.568000000000002458e+01,5.000000000000000000e-01
2.568100000000002581e+01,5.000000000000000000e-01
2.568200000000002348e+01,5.000000000000000000e-01
2.568300000000002470e+01,5.000000000000000000e-01
2.568400000000002592e+01,5.000000000000000000e-01
2.568500000000002359e+01,5.000000000000000000e-01
2.568600000000002481e+01,5.000000000000000000e-01
2.568700000000002603e+01,5.000000000000000000e-01
2.568800000000002370e+01,5.000000000000000000e-01
2.568900000000002493e+01,5.000000000000000000e-01
2.569000000000002615e+01,5.000000000000000000e-01
2.569100000000002382e+01,5.000000000000000000e-01
2.569200000000002504e+01,5.000000000000000000e-01
2.569300000000002626e+01,5.000000000000000000e-01
2.569400000000002393e+01,5.000000000000000000e-01
2.569500000000002515e+01,5.000000000000000000e-01
2.569600000000002282e+01,5.000000000000000000e-01
2.569700000000002404e+01,5.000000000000000000e-01
2.569800000000002527e+01,5.000000000000000000e-01
2.569900000000002294e+01,5.000000000000000000e-01
2.570000000000002416e+01,5.000000000000000000e-01
2.570100000000002538e+01,5.000000000000000000e-01
2.570200000000002305e+01,5.000000000000000000e-01
2.570300000000002427e+01,5.000000000000000000e-01
2.570400000000002549e+01,5.000000000000000000e-01
2.570500000000002316e+01,5.000000000000000000e-01
2.570600000000002439e+01,5.000000000000000000e-01
2.570700000000002561e+01,5.000000000000000000e-01
2.570800000000002328e+01,5.000000000000000000e-01
2.570900000000002450e+01,5.000000000000000000e-01
2.571000000000002572e+01,5.000000000000000000e-01
2.571100000000002339e+01,5.000000000000000000e-01
2.571200000000002461e+01,5.000000000000000000e-01
2.571300000000002584e+01,5.000000000000000000e-01
2.571400000000002350e+01,5.000000000000000000e-01
2.571500000000002473e+01,5.000000000000000000e-01
2.571600000000002595e+01,5.000000000000000000e-01
2.571700000000002362e+01,5.000000000000000000e-01
2.571800000000002484e+01,5.000000000000000000e-01
2.571900000000002606e+01,5.000000000000000000e-01
2.572000000000002373e+01,5.000000000000000000e-01
2.572100000000002495e+01,5.000000000000000000e-01
2.572200000000002618e+01,5.000000000000000000e-01
2.572300000000002385e+01,5.000000000000000000e-01
2.572400000000002507e+01,5.000000000000000000e-01
2.572500000000002274e+01,5.000000000000000000e-01
2.572600000000002396e+01,5.000000000000000000e-01
2.572700000000002518e+01,5.000000000000000000e-01
2.572800000000002285e+01,5.000000000000000000e-01
2.572900000000002407e+01,5.000000000000000000e-01
2.573000000000002530e+01,5.000000000000000000e-01
2.573100000000002296e+01,5.000000000000000000e-01
2.573200000000002419e+01,5.000000000000000000e-01
2.573300000000002541e+01,5.000000000000000000e-01
2.573400000000002308e+01,5.000000000000000000e-01
2.573500000000002430e+01,5.000000000000000000e-01
2.573600000000002552e+01,5.000000000000000000e-01
2.573700000000002319e+01,5.000000000000000000e-01
2.573800000000002441e+01,5.000000000000000000e-01
2.573900000000002564e+01,5.000000000000000000e-01
2.574000000000002331e+01,5.000000000000000000e-01
2.574100000000002453e+01,5.000000000000000000e-01
2.574200000000002575e+01,5.000000000000000000e-01
2.574300000000002342e+01,5.000000000000000000e-01
2.574400000000002464e+01,5.000000000000000000e-01
2.574500000000002586e+01,5.000000000000000000e-01
2.574600000000002353e+01,5.000000000000000000e-01
2.574700000000002476e+01,5.000000000000000000e-01
2.574800000000002598e+01,5.000000000000000000e-01
2.574900000000002365e+01,5.000000000000000000e-01
2.575000000000002487e+01,5.000000000000000000e-01
2.575100000000002609e+01,5.000000000000000000e-01
2.575200000000002376e+01,5.000000000000000000e-01
2.575300000000002498e+01,5.000000000000000000e-01
2.575400000000002620e+01,5.000000000000000000e-01
2.575500000000002387e+01,5.000000000000000000e-01
2.575600000000002510e+01,5.000000000000000000e-01
2.575700000000002632e+01,5.000000000000000000e-01
2.575800000000002399e+01,5.000000000000000000e-01
2.575900000000002521e+01,5.000000000000000000e-01
2.576000000000002288e+01,5.000000000000000000e-01
2.576100000000002410e+01,5.000000000000000000e-01
2.576200000000002532e+01,5.000000000000000000e-01
2.576300000000002299e+01,5.000000000000000000e-01
2.576400000000002422e+01,5.000000000000000000e-01
2.576500000000002544e+01,5.000000000000000000e-01
2.576600000000002311e+01,5.000000000000000000e-01
2.576700000000002433e+01,5.000000000000000000e-01
2.576800000000002555e+01,5.000000000000000000e-01
2.576900000000002322e+01,5.000000000000000000e-01
2.577000000000002444e+01,5.000000000000000000e-01
2.577100000000002566e+01,5.000000000000000000e-01
2.577200000000002333e+01,5.000000000000000000e-01
2.577300000000002456e+01,5.000000000000000000e-01
2.577400000000002578e+01,5.000000000000000000e-01
2.577500000000002345e+01,5.000000000000000000e-01
2.577600000000002467e+01,5.000000000000000000e-01
2.577700000000002589e+01,5.000000000000000000e-01
2.577800000000002356e+01,5.000000000000000000e-01
2.577900000000002478e+01,5.000000000000000000e-01
2.578000000000002601e+01,5.000000000000000000e-01
2.578100000000002368e+01,5.000000000000000000e-01
2.578200000000002490e+01,5.000000000000000000e-01
2.578300000000002612e+01,5.000000000000000000e-01
2.578400000000002379e+01,5.000000000000000000e-01
2.578500000000002501e+01,5.000000000000000000e-01
2.578600000000002623e+01,5.000000000000000000e-01
2.578700000000002390e+01,5.000000000000000000e-01
2.578800000000002512e+01,5.000000000000000000e-01
2.578900000000002279e+01,5.000000000000000000e-01
2.579000000000002402e+01,5.000000000000000000e-01
2.579100000000002524e+01,5.000000000000000000e-01
2.579200000000002291e+01,5.000000000000000000e-01
2.579300000000002413e+01,5.000000000000000000e-01
2.579400000000002535e+01,5.000000000000000000e-01
2.579500000000002302e+01,5.000000000000000000e-01
2.579600000000002424e+01,5.000000000000000000e-01
2.579700000000002547e+01,5.000000000000000000e-01
2.579800000000002314e+01,5.000000000000000000e-01
2.579900000000002436e+01,5.000000000000000000e-01
2.580000000000002558e+01,5.000000000000000000e-01
2.580100000000002325e+01,5.000000000000000000e-01
2.580200000000002447e+01,5.000000000000000000e-01
2.580300000000002569e+01,5.000000000000000000e-01
2.580400000000002336e+01,5.000000000000000000e-01
2.580500000000002458e+01,5.000000000000000000e-01
2.580600000000002581e+01,5.000000000000000000e-01
2.580700000000002348e+01,5.000000000000000000e-01
2.580800000000002470e+01,5.000000000000000000e-01
2.580900000000002592e+01,5.000000000000000000e-01
2.581000000000002359e+01,5.000000000000000000e-01
2.581100000000002481e+01,5.000000000000000000e-01
2.581200000000002603e+01,5.000000000000000000e-01
2.581300000000002370e+01,5.000000000000000000e-01
2.581400000000002493e+01,5.000000000000000000e-01
2.581500000000002615e+01,5.000000000000000000e-01
2.581600000000002382e+01,5.000000000000000000e-01
2.581700000000002504e+01,5.000000000000000000e-01
2.581800000000002626e+01,5.000000000000000000e-01
2.581900000000002393e+01,5.000000000000000000e-01
2.582000000000002515e+01,5.000000000000000000e-01
2.582100000000002638e+01,5.000000000000000000e-01
2.582200000000002404e+01,5.000000000000000000e-01
2.582300000000002527e+01,5.000000000000000000e-01
2.582400000000002294e+01,5.000000000000000000e-01
2.582500000000002416e+01,5.000000000000000000e-01
2.582600000000002538e+01,5.000000000000000000e-01
2.582700000000002305e+01,5.000000000000000000e-01
2.582800000000002427e+01,5.000000000000000000e-01
2.582900000000002549e+01,5.000000000000000000e-01
2.583000000000002316e+01,5.000000000000000000e-01
2.583100000000002439e+01,5.000000000000000000e-01
2.583200000000002561e+01,5.000000000000000000e-01
2.583300000000002328e+01,5.000000000000000000e-01
2.583400000000002450e+01,5.000000000000000000e-01
2.583500000000002572e+01,5.000000000000000000e-01
2.583600000000002339e+01,5.000000000000000000e-01
2.583700000000002461e+01,5.000000000000000000e-01
2.583800000000002584e+01,5.000000000000000000e-01
2.583900000000002350e+01,5.000000000000000000e-01
2.584000000000002473e+01,5.000000000000000000e-01
2.584100000000002595e+01,5.000000000000000000e-01
2.584200000000002362e+01,5.000000000000000000e-01
2.584300000000002484e+01,5.000000000000000000e-01
2.584400000000002606e+01,5.000000000000000000e-01
2.584500000000002373e+01,5.000000000000000000e-01
2.584600000000002495e+01,5.000000000000000000e-01
2.584700000000002618e+01,5.000000000000000000e-01
2.584800000000002385e+01,5.000000000000000000e-01
2.584900000000002507e+01,5.000000000000000000e-01
2.585000000000002629e+01,5.000000000000000000e-01
2.585100000000002396e+01,5.000000000000000000e-01
2.585200000000002518e+01,5.000000000000000000e-01
2.585300000000002285e+01,5.000000000000000000e-01
2.585400000000002407e+01,5.000000000000000000e-01
2.585500000000002530e+01,5.000000000000000000e-01
2.585600000000002296e+01,5.000000000000000000e-01
2.585700000000002419e+01,5.000000000000000000e-01
2.585800000000002541e+01,5.000000000000000000e-01
2.585900000000002308e+01,5.000000000000000000e-01
2.586000000000002430e+01,5.000000000000000000e-01
2.586100000000002552e+01,5.000000000000000000e-01
2.586200000000002319e+01,5.000000000000000000e-01
2.586300000000002441e+01,5.000000000000000000e-01
2.586400000000002564e+01,5.000000000000000000e-01
2.586500000000002331e+01,5.000000000000000000e-01
2.586600000000002453e+01,5.000000000000000000e-01
2.586700000000002575e+01,5.000000000000000000e-01
2.586800000000002342e+01,5.000000000000000000e-01
2.586900000000002464e+01,5.000000000000000000e-01
2.587000000000002586e+01,5.000000000000000000e-01
2.587100000000002353e+01,5.000000000000000000e-01
2.587200000000002476e+01,5.000000000000000000e-01
2.587300000000002598e+01,5.000000000000000000e-01
2.587400000000002365e+01,5.000000000000000000e-01
2.587500000000002487e+01,5.000000000000000000e-01
2.587600000000002609e+01,5.000000000000000000e-01
2.587700000000002376e+01,5.000000000000000000e-01
2.587800000000002498e+01,5.000000000000000000e-01
2.587900000000002620e+01,5.000000000000000000e-01
2.588000000000002387e+01,5.000000000000000000e-01
2.588100000000002510e+01,5.000000000000000000e-01
2.588200000000002632e+01,5.000000000000000000e-01
2.588300000000002399e+01,5.000000000000000000e-01
2.588400000000002521e+01,5.000000000000000000e-01
2.588500000000002643e+01,5.000000000000000000e-01
2.588600000000002410e+01,5.000000000000000000e-01
2.588700000000002532e+01,5.000000000000000000e-01
2.588800000000002299e+01,5.000000000000000000e-01
2.588900000000002422e+01,5.000000000000000000e-01
2.589000000000002544e+01,5.000000000000000000e-01
2.589100000000002311e+01,5.000000000000000000e-01
2.589200000000002433e+01,5.000000000000000000e-01
2.589300000000002555e+01,5.000000000000000000e-01
2.589400000000002322e+01,5.000000000000000000e-01
2.589500000000002444e+01,5.000000000000000000e-01
2.589600000000002566e+01,5.000000000000000000e-01
2.589700000000002333e+01,5.000000000000000000e-01
2.589800000000002456e+01,5.000000000000000000e-01
2.589900000000002578e+01,5.000000000000000000e-01
2.590000000000002345e+01,5.000000000000000000e-01
2.590100000000002467e+01,5.000000000000000000e-01
2.590200000000002589e+01,5.000000000000000000e-01
2.590300000000002356e+01,5.000000000000000000e-01
2.590400000000002478e+01,5.000000000000000000e-01
2.590500000000002601e+01,5.000000000000000000e-01
2.590600000000002368e+01,5.000000000000000000e-01
2.590700000000002490e+01,5.000000000000000000e-01
2.590800000000002612e+01,5.000000000000000000e-01
2.590900000000002379e+01,5.000000000000000000e-01
2.591000000000002501e+01,5.000000000000000000e-01
2.591100000000002623e+01,5.000000000000000000e-01
2.591200000000002390e+01,5.000000000000000000e-01
2.591300000000002512e+01,5.000000000000000000e-01
2.591400000000002635e+01,5.000000000000000000e-01
2.591500000000002402e+01,5.000000000000000000e-01
2.591600000000002524e+01,5.000000000000000000e-01
2.591700000000002291e+01,5.000000000000000000e-01
2.591800000000002413e+01,5.000000000000000000e-01
2.591900000000002535e+01,5.000000000000000000e-01
2.592000000000002302e+01,5.000000000000000000e-01
2.592100000000002424e+01,5.000000000000000000e-01
2.592200000000002547e+01,5.000000000000000000e-01
2.592300000000002314e+01,5.000000000000000000e-01
2.592400000000002436e+01,5.000000000000000000e-01
2.592500000000002558e+01,5.000000000000000000e-01
2.592600000000002325e+01,5.000000000000000000e-01
2.592700000000002447e+01,5.000000000000000000e-01
2.592800000000002569e+01,5.000000000000000000e-01
2.592900000000002336e+01,5.000000000000000000e-01
2.593000000000002458e+01,5.000000000000000000e-01
2.593100000000002581e+01,5.000000000000000000e-01
2.593200000000002348e+01,5.000000000000000000e-01
2.593300000000002470e+01,5.000000000000000000e-01
2.593400000000002592e+01,5.000000000000000000e-01
2.593500000000002359e+01,5.000000000000000000e-01
2.593600000000002481e+01,5.000000000000000000e-01
2.593700000000002603e+01,5.000000000000000000e-01
2.593800000000002370e+01,5.000000000000000000e-01
2.593900000000002493e+01,5.000000000000000000e-01
2.594000000000002615e+01,5.000000000000000000e-01
2.594100000000002382e+01,5.000000000000000000e-01
2.594200000000002504e+01,5.000000000000000000e-01
2.594300000000002626e+01,5.000000000000000000e-01
2.594400000000002393e+01,5.000000000000000000e-01
2.594500000000002515e+01,5.000000000000000000e-01
2.594600000000002638e+01,5.000000000000000000e-01
2.594700000000002404e+01,5.000000000000000000e-01
2.594800000000002527e+01,5.000000000000000000e-01
2.594900000000002649e+01,5.000000000000000000e-01
2.595000000000002416e+01,5.000000000000000000e-01
2.595100000000002538e+01,5.000000000000000000e-01
2.595200000000002305e+01,5.000000000000000000e-01
2.595300000000002427e+01,5.000000000000000000e-01
2.595400000000002549e+01,5.000000000000000000e-01
2.595500000000002316e+01,5.000000000000000000e-01
2.595600000000002439e+01,5.000000000000000000e-01
2.595700000000002561e+01,5.000000000000000000e-01
2.595800000000002328e+01,5.000000000000000000e-01
2.595900000000002450e+01,5.000000000000000000e-01
2.596000000000002572e+01,5.000000000000000000e-01
2.596100000000002339e+01,5.000000000000000000e-01
2.596200000000002461e+01,5.000000000000000000e-01
2.596300000000002584e+01,5.000000000000000000e-01
2.596400000000002350e+01,5.000000000000000000e-01
2.596500000000002473e+01,5.000000000000000000e-01
2.596600000000002595e+01,5.000000000000000000e-01
2.596700000000002362e+01,5.000000000000000000e-01
2.596800000000002484e+01,5.000000000000000000e-01
2.596900000000002606e+01,5.000000000000000000e-01
2.597000000000002373e+01,5.000000000000000000e-01
2.597100000000002495e+01,5.000000000000000000e-01
2.597200000000002618e+01,5.000000000000000000e-01
2.597300000000002385e+01,5.000000000000000000e-01
2.597400000000002507e+01,5.000000000000000000e-01
2.597500000000002629e+01,5.000000000000000000e-01
2.597600000000002396e+01,5.000000000000000000e-01
2.597700000000002518e+01,5.000000000000000000e-01
2.597800000000002640e+01,5.000000000000000000e-01
2.597900000000002407e+01,5.000000000000000000e-01
2.598000000000002530e+01,5.000000000000000000e-01
2.598100000000002296e+01,5.000000000000000000e-01
2.598200000000002419e+01,5.000000000000000000e-01
2.598300000000002541e+01,5.000000000000000000e-01
2.598400000000002308e+01,5.000000000000000000e-01
2.598500000000002430e+01,5.000000000000000000e-01
2.598600000000002552e+01,5.000000000000000000e-01
2.598700000000002319e+01,5.000000000000000000e-01
2.598800000000002441e+01,5.000000000000000000e-01
2.598900000000002564e+01,5.000000000000000000e-01
2.599000000000002331e+01,5.000000000000000000e-01
2.599100000000002453e+01,5.000000000000000000e-01
2.599200000000002575e+01,5.000000000000000000e-01
2.599300000000002342e+01,5.000000000000000000e-01
2.599400000000002464e+01,5.000000000000000000e-01
2.599500000000002586e+01,5.000000000000000000e-01
2.599600000000002353e+01,5.000000000000000000e-01
2.599700000000002476e+01,5.000000000000000000e-01
2.599800000000002598e+01,5.000000000000000000e-01
2.599900000000002365e+01,5.000000000000000000e-01
2.600000000000002487e+01,5.000000000000000000e-01
2.600100000000002609e+01,5.000000000000000000e-01
2.600200000000002376e+01,5.000000000000000000e-01
2.600300000000002498e+01,5.000000000000000000e-01
2.600400000000002620e+01,5.000000000000000000e-01
2.600500000000002387e+01,5.000000000000000000e-01
2.600600000000002510e+01,5.000000000000000000e-01
2.600700000000002632e+01,5.000000000000000000e-01
2.600800000000002399e+01,5.000000000000000000e-01
2.600900000000002521e+01,5.000000000000000000e-01
2.601000000000002643e+01,5.000000000000000000e-01
2.601100000000002410e+01,5.000000000000000000e-01
2.601200000000002532e+01,5.000000000000000000e-01
2.601300000000002655e+01,5.000000000000000000e-01
2.601400000000002422e+01,5.000000000000000000e-01
2.601500000000002544e+01,5.000000000000000000e-01
2.601600000000002311e+01,5.000000000000000000e-01
2.601700000000002433e+01,5.000000000000000000e-01
2.601800000000002555e+01,5.000000000000000000e-01
2.601900000000002322e+01,5.000000000000000000e-01
2.602000000000002444e+01,5.000000000000000000e-01
2.602100000000002566e+01,5.000000000000000000e-01
2.602200000000002333e+01,5.000000000000000000e-01
2.602300000000002456e+01,5.000000000000000000e-01
2.602400000000002578e+01,5.000000000000000000e-01
2.602500000000002345e+01,5.000000000000000000e-01
2.602600000000002467e+01,5.000000000000000000e-01
2.602700000000002589e+01,5.000000000000000000e-01
2.602800000000002356e+01,5.000000000000000000e-01
2.602900000000002478e+01,5.000000000000000000e-01
2.603000000000002601e+01,5.000000000000000000e-01
2.603100000000002368e+01,5.000000000000000000e-01
2.603200000000002490e+01,5.000000000000000000e-01
2.603300000000002612e+01,5.000000000000000000e-01
2.603400000000002379e+01,5.000000000000000000e-01
2.603500000000002501e+01,5.000000000000000000e-01
2.603600000000002623e+01,5.000000000000000000e-01
2.603700000000002390e+01,5.000000000000000000e-01
2.603800000000002512e+01,5.000000000000000000e-01
2.603900000000002635e+01,5.000000000000000000e-01
2.604000000000002402e+01,5.000000000000000000e-01
2.604100000000002524e+01,5.000000000000000000e-01
2.604200000000002646e+01,5.000000000000000000e-01
2.604300000000002413e+01,5.000000000000000000e-01
2.604400000000002535e+01,5.000000000000000000e-01
2.604500000000002302e+01,5.000000000000000000e-01
2.604600000000002424e+01,5.000000000000000000e-01
2.604700000000002547e+01,5.000000000000000000e-01
2.604800000000002314e+01,5.000000000000000000e-01
2.604900000000002436e+01,5.000000000000000000e-01
2.605000000000002558e+01,5.000000000000000000e-01
2.605100000000002325e+01,5.000000000000000000e-01
2.605200000000002447e+01,5.000000000000000000e-01
2.605300000000002569e+01,5.000000000000000000e-01
2.605400000000002336e+01,5.000000000000000000e-01
2.605500000000002458e+01,5.000000000000000000e-01
2.605600000000002581e+01,5.000000000000000000e-01
2.605700000000002348e+01,5.000000000000000000e-01
2.605800000000002470e+01,5.000000000000000000e-01
2.605900000000002592e+01,5.000000000000000000e-01
2.606000000000002359e+01,5.000000000000000000e-01
2.606100000000002481e+01,5.000000000000000000e-01
2.606200000000002603e+01,5.000000000000000000e-01
2.606300000000002370e+01,5.000000000000000000e-01
2.606400000000002493e+01,5.000000000000000000e-01
2.606500000000002615e+01,5.000000000000000000e-01
2.606600000000002382e+01,5.000000000000000000e-01
2.606700000000002504e+01,5.000000000000000000e-01
2.606800000000002626e+01,5.000000000000000000e-01
2.606900000000002393e+01,5.000000000000000000e-01
2.607000000000002515e+01,5.000000000000000000e-01
2.607100000000002638e+01,5.000000000000000000e-01
2.607200000000002404e+01,5.000000000000000000e-01
2.607300000000002527e+01,5.000000000000000000e-01
2.607400000000002649e+01,5.000000000000000000e-01
2.607500000000002416e+01,5.000000000000000000e-01
2.607600000000002538e+01,5.000000000000000000e-01
2.607700000000002660e+01,5.000000000000000000e-01
2.607800000000002427e+01,5.000000000000000000e-01
2.607900000000002549e+01,5.000000000000000000e-01
2.608000000000002316e+01,5.000000000000000000e-01
2.608100000000002439e+01,5.000000000000000000e-01
2.608200000000002561e+01,5.000000000000000000e-01
2.608300000000002328e+01,5.000000000000000000e-01
2.608400000000002450e+01,5.000000000000000000e-01
2.608500000000002572e+01,5.000000000000000000e-01
2.608600000000002339e+01,5.000000000000000000e-01
2.608700000000002461e+01,5.000000000000000000e-01
2.608800000000002584e+01,5.000000000000000000e-01
2.608900000000002350e+01,5.000000000000000000e-01
2.609000000000002473e+01,5.000000000000000000e-01
2.609100000000002595e+01,5.000000000000000000e-01
2.609200000000002362e+01,5.000000000000000000e-01
2.609300000000002484e+01,5.000000000000000000e-01
2.609400000000002606e+01,5.000000000000000000e-01
2.609500000000002373e+01,5.000000000000000000e-01
2.609600000000002495e+01,5.000000000000000000e-01
2.609700000000002618e+01,5.000000000000000000e-01
2.609800000000002385e+01,5.000000000000000000e-01
2.609900000000002507e+01,5.000000000000000000e-01
2.610000000000002629e+01,5.000000000000000000e-01
2.610100000000002396e+01,5.000000000000000000e-01
2.610200000000002518e+01,5.000000000000000000e-01
2.610300000000002640e+01,5.000000000000000000e-01
2.610400000000002407e+01,5.000000000000000000e-01
2.610500000000002530e+01,5.000000000000000000e-01
2.610600000000002652e+01,5.000000000000000000e-01
2.610700000000002419e+01,5.000000000000000000e-01
2.610800000000002541e+01,5.000000000000000000e-01
2.610900000000002308e+01,5.000000000000000000e-01
2.611000000000002430e+01,5.000000000000000000e-01
2.611100000000002552e+01,5.000000000000000000e-01
2.611200000000002319e+01,5.000000000000000000e-01
2.611300000000002441e+01,5.000000000000000000e-01
2.611400000000002564e+01,5.000000000000000000e-01
2.611500000000002331e+01,5.000000000000000000e-01
2.611600000000002453e+01,5.000000000000000000e-01
2.611700000000002575e+01,5.000000000000000000e-01
2.611800000000002342e+01,5.000000000000000000e-01
2.611900000000002464e+01,5.000000000000000000e-01
2.612000000000002586e+01,5.000000000000000000e-01
2.612100000000002353e+01,5.000000000000000000e-01
2.612200000000002476e+01,5.000000000000000000e-01
2.612300000000002598e+01,5.000000000000000000e-01
2.612400000000002365e+01,5.000000000000000000e-01
2.612500000000002487e+01,5.000000000000000000e-01
2.612600000000002609e+01,5.000000000000000000e-01
2.612700000000002376e+01,5.000000000000000000e-01
2.612800000000002498e+01,5.000000000000000000e-01
2.612900000000002620e+01,5.000000000000000000e-01
2.613000000000002387e+01,5.000000000000000000e-01
2.613100000000002510e+01,5.000000000000000000e-01
2.613200000000002632e+01,5.000000000000000000e-01
2.613300000000002399e+01,5.000000000000000000e-01
2.613400000000002521e+01,5.000000000000000000e-01
2.613500000000002643e+01,5.000000000000000000e-01
2.613600000000002410e+01,5.000000000000000000e-01
2.613700000000002532e+01,5.000000000000000000e-01
2.613800000000002655e+01,5.000000000000000000e-01
2.613900000000002422e+01,5.000000000000000000e-01
2.614000000000002544e+01,5.000000000000000000e-01
2.614100000000002666e+01,5.000000000000000000e-01
2.614200000000002433e+01,5.000000000000000000e-01
2.614300000000002555e+01,5.000000000000000000e-01
2.614400000000002322e+01,5.000000000000000000e-01
2.614500000000002444e+01,5.000000000000000000e-01
2.614600000000002566e+01,5.000000000000000000e-01
2.614700000000002333e+01,5.000000000000000000e-01
2.614800000000002456e+01,5.000000000000000000e-01
2.614900000000002578e+01,5.000000000000000000e-01
2.615000000000002345e+01,5.000000000000000000e-01
2.615100000000002467e+01,5.000000000000000000e-01
2.615200000000002589e+01,5.000000000000000000e-01
2.615300000000002356e+01,5.000000000000000000e-01
2.615400000000002478e+01,5.000000000000000000e-01
2.615500000000002601e+01,5.000000000000000000e-01
2.615600000000002368e+01,5.000000000000000000e-01
2.615700000000002490e+01,5.000000000000000000e-01
2.615800000000002612e+01,5.000000000000000000e-01
2.615900000000002379e+01,5.000000000000000000e-01
2.616000000000002501e+01,5.000000000000000000e-01
2.616100000000002623e+01,5.000000000000000000e-01
2.616200000000002390e+01,5.000000000000000000e-01
2.616300000000002512e+01,5.000000000000000000e-01
2.616400000000002635e+01,5.000000000000000000e-01
2.616500000000002402e+01,5.000000000000000000e-01
2.616600000000002524e+01,5.000000000000000000e-01
2.616700000000002646e+01,5.000000000000000000e-01
2.616800000000002413e+01,5.000000000000000000e-01
2.616900000000002535e+01,5.000000000000000000e-01
2.617000000000002657e+01,5.000000000000000000e-01
2.617100000000002424e+01,5.000000000000000000e-01
2.617200000000002547e+01,5.000000000000000000e-01
2.617300000000002314e+01,5.000000000000000000e-01
2.617400000000002436e+01,5.000000000000000000e-01
2.617500000000002558e+01,5.000000000000000000e-01
2.617600000000002325e+01,5.000000000000000000e-01
2.617700000000002447e+01,5.000000000000000000e-01
2.617800000000002569e+01,5.000000000000000000e-01
2.617900000000002336e+01,5.000000000000000000e-01
2.618000000000002458e+01,5.000000000000000000e-01
2.618100000000002581e+01,5.000000000000000000e-01
2.618200000000002348e+01,5.000000000000000000e-01
2.618300000000002470e+01,5.000000000000000000e-01
2.618400000000002592e+01,5.000000000000000000e-01
2.618500000000002359e+01,5.000000000000000000e-01
2.618600000000002481e+01,5.000000000000000000e-01
2.618700000000002603e+01,5.000000000000000000e-01
2.618800000000002370e+01,5.000000000000000000e-01
2.618900000000002493e+01,5.000000000000000000e-01
2.619000000000002615e+01,5.000000000000000000e-01
2.619100000000002382e+01,5.000000000000000000e-01
2.619200000000002504e+01,5.000000000000000000e-01
2.619300000000002626e+01,5.000000000000000000e-01
2.619400000000002393e+01,5.000000000000000000e-01
2.619500000000002515e+01,5.000000000000000000e-01
2.619600000000002638e+01,5.000000000000000000e-01
2.619700000000002404e+01,5.000000000000000000e-01
2.619800000000002527e+01,5.000000000000000000e-01
2.619900000000002649e+01,5.000000000000000000e-01
2.620000000000002416e+01,5.000000000000000000e-01
2.620100000000002538e+01,5.000000000000000000e-01
2.620200000000002660e+01,5.000000000000000000e-01
2.620300000000002427e+01,5.000000000000000000e-01
2.620400000000002549e+01,5.000000000000000000e-01
2.620500000000002672e+01,5.000000000000000000e-01
2.620600000000002439e+01,5.000000000000000000e-01
2.620700000000002561e+01,5.000000000000000000e-01
2.620800000000002328e+01,5.000000000000000000e-01
2.620900000000002450e+01,5.000000000000000000e-01
2.621000000000002572e+01,5.000000000000000000e-01
2.621100000000002339e+01,5.000000000000000000e-01
2.621200000000002461e+01,5.000000000000000000e-01
2.621300000000002584e+01,5.000000000000000000e-01
2.621400000000002350e+01,5.000000000000000000e-01
2.621500000000002473e+01,5.000000000000000000e-01
2.621600000000002595e+01,5.000000000000000000e-01
2.621700000000002362e+01,5.000000000000000000e-01
2.621800000000002484e+01,5.000000000000000000e-01
2.621900000000002606e+01,5.000000000000000000e-01
2.622000000000002373e+01,5.000000000000000000e-01
2.622100000000002495e+01,5.000000000000000000e-01
2.622200000000002618e+01,5.000000000000000000e-01
2.622300000000002385e+01,5.000000000000000000e-01
2.622400000000002507e+01,5.000000000000000000e-01
2.622500000000002629e+01,5.000000000000000000e-01
2.622600000000002396e+01,5.000000000000000000e-01
2.622700000000002518e+01,5.000000000000000000e-01
2.622800000000002640e+01,5.000000000000000000e-01
2.622900000000002407e+01,5.000000000000000000e-01
2.623000000000002530e+01,5.000000000000000000e-01
2.623100000000002652e+01,5.000000000000000000e-01
2.623200000000002419e+01,5.000000000000000000e-01
2.623300000000002541e+01,5.000000000000000000e-01
2.623400000000002663e+01,5.000000000000000000e-01
2.623500000000002430e+01,5.000000000000000000e-01
2.623600000000002552e+01,5.000000000000000000e-01
2.623700000000002319e+01,5.000000000000000000e-01
2.623800000000002441e+01,5.000000000000000000e-01
2.623900000000002564e+01,5.000000000000000000e-01
2.624000000000002331e+01,5.000000000000000000e-01
2.624100000000002453e+01,5.000000000000000000e-01
2.624200000000002575e+01,5.000000000000000000e-01
2.624300000000002342e+01,5.000000000000000000e-01
2.624400000000002464e+01,5.000000000000000000e-01
2.624500000000002586e+01,5.000000000000000000e-01
2.624600000000002353e+01,5.000000000000000000e-01
2.624700000000002476e+01,5.000000000000000000e-01
2.624800000000002598e+01,5.000000000000000000e-01
2.624900000000002365e+01,5.000000000000000000e-01
2.625000000000002487e+01,5.000000000000000000e-01
2.625100000000002609e+01,5.000000000000000000e-01
2.625200000000002376e+01,5.000000000000000000e-01
2.625300000000002498e+01,5.000000000000000000e-01
2.625400000000002620e+01,5.000000000000000000e-01
2.625500000000002387e+01,5.000000000000000000e-01
2.625600000000002510e+01,5.000000000000000000e-01
2.625700000000002632e+01,5.000000000000000000e-01
2.625800000000002399e+01,5.000000000000000000e-01
2.625900000000002521e+01,5.000000000000000000e-01
2.626000000000002643e+01,5.000000000000000000e-01
2.626100000000002410e+01,5.000000000000000000e-01
2.626200000000002532e+01,5.000000000000000000e-01
2.626300000000002655e+01,5.000000000000000000e-01
2.626400000000002422e+01,5.000000000000000000e-01
2.626500000000002544e+01,5.000000000000000000e-01
2.626600000000002666e+01,5.000000000000000000e-01
2.626700000000002433e+01,5.000000000000000000e-01
2.626800000000002555e+01,5.000000000000000000e-01
2.626900000000002677e+01,5.000000000000000000e-01
2.627000000000002444e+01,5.000000000000000000e-01
2.627100000000002566e+01,5.000000000000000000e-01
2.627200000000002333e+01,5.000000000000000000e-01
2.627300000000002456e+01,5.000000000000000000e-01
2.627400000000002578e+01,5.000000000000000000e-01
2.627500000000002345e+01,5.000000000000000000e-01
2.627600000000002467e+01,5.000000000000000000e-01
2.627700000000002589e+01,5.000000000000000000e-01
2.627800000000002356e+01,5.000000000000000000e-01
2.627900000000002478e+01,5.000000000000000000e-01
2.628000000000002601e+01,5.000000000000000000e-01
2.628100000000002368e+01,5.000000000000000000e-01
2.628200000000002490e+01,5.000000000000000000e-01
2.628300000000002612e+01,5.000000000000000000e-01
2.628400000000002379e+01,5.000000000000000000e-01
2.628500000000002501e+01,5.000000000000000000e-01
2.628600000000002623e+01,5.000000000000000000e-01
2.628700000000002390e+01,5.000000000000000000e-01
2.628800000000002512e+01,5.000000000000000000e-01
2.628900000000002635e+01,5.000000000000000000e-01
2.629000000000002402e+01,5.000000000000000000e-01
2.629100000000002524e+01,5.000000000000000000e-01
2.629200000000002646e+01,5.000000000000000000e-01
2.629300000000002413e+01,5.000000000000000000e-01
2.629400000000002535e+01,5.000000000000000000e-01
2.629500000000002657e+01,5.000000000000000000e-01
2.629600000000002424e+01,5.000000000000000000e-01
2.629700000000002547e+01,5.000000000000000000e-01
2.629800000000002669e+01,5.000000000000000000e-01
2.629900000000002436e+01,5.000000000000000000e-01
2.630000000000002558e+01,5.000000000000000000e-01
2.630100000000002325e+01,5.000000000000000000e-01
2.630200000000002447e+01,5.000000000000000000e-01
2.630300000000002569e+01,5.000000000000000000e-01
2.630400000000002336e+01,5.000000000000000000e-01
2.630500000000002458e+01,5.000000000000000000e-01
2.630600000000002581e+01,5.000000000000000000e-01
2.630700000000002348e+01,5.000000000000000000e-01
2.630800000000002470e+01,5.000000000000000000e-01
2.630900000000002592e+01,5.000000000000000000e-01
2.631000000000002359e+01,5.000000000000000000e-01
2.631100000000002481e+01,5.000000000000000000e-01
2.631200000000002603e+01,5.000000000000000000e-01
2.631300000000002370e+01,5.000000000000000000e-01
2.631400000000002493e+01,5.000000000000000000e-01
2.631500000000002615e+01,5.000000000000000000e-01
2.631600000000002382e+01,5.000000000000000000e-01
2.631700000000002504e+01,5.000000000000000000e-01
2.631800000000002626e+01,5.000000000000000000e-01
2.631900000000002393e+01,5.000000000000000000e-01
2.632000000000002515e+01,5.000000000000000000e-01
2.632100000000002638e+01,5.000000000000000000e-01
2.632200000000002404e+01,5.000000000000000000e-01
2.632300000000002527e+01,5.000000000000000000e-01
2.632400000000002649e+01,5.000000000000000000e-01
2.632500000000002416e+01,5.000000000000000000e-01
2.632600000000002538e+01,5.000000000000000000e-01
2.632700000000002660e+01,5.000000000000000000e-01
2.632800000000002427e+01,5.000000000000000000e-01
2.632900000000002549e+01,5.000000000000000000e-01
2.633000000000002672e+01,5.000000000000000000e-01
2.633100000000002439e+01,5.000000000000000000e-01
2.633200000000002561e+01,5.000000000000000000e-01
2.633300000000002683e+01,5.000000000000000000e-01
2.633400000000002450e+01,5.000000000000000000e-01
2.633500000000002572e+01,5.000000000000000000e-01
2.633600000000002339e+01,5.000000000000000000e-01
2.633700000000002461e+01,5.000000000000000000e-01
2.633800000000002584e+01,5.000000000000000000e-01
2.633900000000002350e+01,5.000000000000000000e-01
2.634000000000002473e+01,5.000000000000000000e-01
2.634100000000002595e+01,5.000000000000000000e-01
2.634200000000002362e+01,5.000000000000000000e-01
2.634300000000002484e+01,5.000000000000000000e-01
2.634400000000002606e+01,5.000000000000000000e-01
2.634500000000002373e+01,5.000000000000000000e-01
2.634600000000002495e+01,5.000000000000000000e-01
2.634700000000002618e+01,5.000000000000000000e-01
2.634800000000002385e+01,5.000000000000000000e-01
2.634900000000002507e+01,5.000000000000000000e-01
2.635000000000002629e+01,5.000000000000000000e-01
2.635100000000002396e+01,5.000000000000000000e-01
2.635200000000002518e+01,5.000000000000000000e-01
2.635300000000002640e+01,5.000000000000000000e-01
2.635400000000002407e+01,5.000000000000000000e-01
2.635500000000002530e+01,5.000000000000000000e-01
2.635600000000002652e+01,5.000000000000000000e-01
2.635700000000002419e+01,5.000000000000000000e-01
2.635800000000002541e+01,5.000000000000000000e-01
2.635900000000002663e+01,5.000000000000000000e-01
2.636000000000002430e+01,5.000000000000000000e-01
2.636100000000002552e+01,5.000000000000000000e-01
2.636200000000002674e+01,5.000000000000000000e-01
2.636300000000002441e+01,5.000000000000000000e-01
2.636400000000002564e+01,5.000000000000000000e-01
2.636500000000002331e+01,5.000000000000000000e-01
2.636600000000002453e+01,5.000000000000000000e-01
2.636700000000002575e+01,5.000000000000000000e-01
2.636800000000002342e+01,5.000000000000000000e-01
2.636900000000002464e+01,5.000000000000000000e-01
2.637000000000002586e+01,5.000000000000000000e-01
2.637100000000002353e+01,5.000000000000000000e-01
2.637200000000002476e+01,5.000000000000000000e-01
2.637300000000002598e+01,5.000000000000000000e-01
2.637400000000002365e+01,5.000000000000000000e-01
2.637500000000002487e+01,5.000000000000000000e-01
2.637600000000002609e+01,5.000000000000000000e-01
2.637700000000002376e+01,5.000000000000000000e-01
2.637800000000002498e+01,5.000000000000000000e-01
2.637900000000002620e+01,5.000000000000000000e-01
2.638000000000002387e+01,5.000000000000000000e-01
2.638100000000002510e+01,5.000000000000000000e-01
2.638200000000002632e+01,5.000000000000000000e-01
2.638300000000002399e+01,5.000000000000000000e-01
2.638400000000002521e+01,5.000000000000000000e-01
2.638500000000002643e+01,5.000000000000000000e-01
2.638600000000002410e+01,5.000000000000000000e-01
2.638700000000002532e+01,5.000000000000000000e-01
2.638800000000002655e+01,5.000000000000000000e-01
2.638900000000002422e+01,5.000000000000000000e-01
2.639000000000002544e+01,5.000000000000000000e-01
2.639100000000002666e+01,5.000000000000000000e-01
2.639200000000002433e+01,5.000000000000000000e-01
2.639300000000002555e+01,5.000000000000000000e-01
2.639400000000002677e+01,5.000000000000000000e-01
2.639500000000002444e+01,5.000000000000000000e-01
2.639600000000002566e+01,5.000000000000000000e-01
2.639700000000002689e+01,5.000000000000000000e-01
2.639800000000002456e+01,5.000000000000000000e-01
2.639900000000002578e+01,5.000000000000000000e-01
2.640000000000002345e+01,5.000000000000000000e-01
2.640100000000002467e+01,5.000000000000000000e-01
2.640200000000002589e+01,5.000000000000000000e-01
2.640300000000002356e+01,5.000000000000000000e-01
2.640400000000002478e+01,5.000000000000000000e-01
2.640500000000002601e+01,5.000000000000000000e-01
2.640600000000002368e+01,5.000000000000000000e-01
2.640700000000002490e+01,5.000000000000000000e-01
2.640800000000002612e+01,5.000000000000000000e-01
2.640900000000002379e+01,5.000000000000000000e-01
2.641000000000002501e+01,5.000000000000000000e-01
2.641100000000002623e+01,5.000000000000000000e-01
2.641200000000002390e+01,5.000000000000000000e-01
2.641300000000002512e+01,5.000000000000000000e-01
2.641400000000002635e+01,5.000000000000000000e-01
2.641500000000002402e+01,5.000000000000000000e-01
2.641600000000002524e+01,5.000000000000000000e-01
2.641700000000002646e+01,5.000000000000000000e-01
2.641800000000002413e+01,5.000000000000000000e-01
2.641900000000002535e+01,5.000000000000000000e-01
2.642000000000002657e+01,5.000000000000000000e-01
2.642100000000002424e+01,5.000000000000000000e-01
2.642200000000002547e+01,5.000000000000000000e-01
2.642300000000002669e+01,5.000000000000000000e-01
2.642400000000002436e+01,5.000000000000000000e-01
2.642500000000002558e+01,5.000000000000000000e-01
2.642600000000002680e+01,5.000000000000000000e-01
2.642700000000002447e+01,5.000000000000000000e-01
2.642800000000002569e+01,5.000000000000000000e-01
2.642900000000002336e+01,5.000000000000000000e-01
2.643000000000002458e+01,5.000000000000000000e-01
2.643100000000002581e+01,5.000000000000000000e-01
2.643200000000002348e+01,5.000000000000000000e-01
2.643300000000002470e+01,5.000000000000000000e-01
2.643400000000002592e+01,5.000000000000000000e-01
2.643500000000002359e+01,5.000000000000000000e-01
2.643600000000002481e+01,5.000000000000000000e-01
2.643700000000002603e+01,5.000000000000000000e-01
2.643800000000002370e+01,5.000000000000000000e-01
2.643900000000002493e+01,5.000000000000000000e-01
2.644000000000002615e+01,5.000000000000000000e-01
2.644100000000002382e+01,5.000000000000000000e-01
2.644200000000002504e+01,5.000000000000000000e-01
2.644300000000002626e+01,5.000000000000000000e-01
2.644400000000002393e+01,5.000000000000000000e-01
2.644500000000002515e+01,5.000000000000000000e-01
2.644600000000002638e+01,5.000000000000000000e-01
2.644700000000002404e+01,5.000000000000000000e-01
2.644800000000002527e+01,5.000000000000000000e-01
2.644900000000002649e+01,5.000000000000000000e-01
2.645000000000002416e+01,5.000000000000000000e-01
2.645100000000002538e+01,5.000000000000000000e-01
2.645200000000002660e+01,5.000000000000000000e-01
2.645300000000002427e+01,5.000000000000000000e-01
2.645400000000002549e+01,5.000000000000000000e-01
2.645500000000002672e+01,5.000000000000000000e-01
2.645600000000002439e+01,5.000000000000000000e-01
2.645700000000002561e+01,5.000000000000000000e-01
2.645800000000002683e+01,5.000000000000000000e-01
2.645900000000002450e+01,5.000000000000000000e-01
2.646000000000002572e+01,5.000000000000000000e-01
2.646100000000002694e+01,5.000000000000000000e-01
2.646200000000002461e+01,5.000000000000000000e-01
2.646300000000002584e+01,5.000000000000000000e-01
2.646400000000002350e+01,5.000000000000000000e-01
2.646500000000002473e+01,5.000000000000000000e-01
2.646600000000002595e+01,5.000000000000000000e-01
2.646700000000002362e+01,5.000000000000000000e-01
2.646800000000002484e+01,5.000000000000000000e-01
2.646900000000002606e+01,5.000000000000000000e-01
2.647000000000002373e+01,5.000000000000000000e-01
2.647100000000002495e+01,5.000000000000000000e-01
2.647200000000002618e+01,5.000000000000000000e-01
2.647300000000002385e+01,5.000000000000000000e-01
2.647400000000002507e+01,5.000000000000000000e-01
2.647500000000002629e+01,5.000000000000000000e-01
2.647600000000002396e+01,5.000000000000000000e-01
2.647700000000002518e+01,5.000000000000000000e-01
2.647800000000002640e+01,5.000000000000000000e-01
2.647900000000002407e+01,5.000000000000000000e-01
2.648000000000002530e+01,5.000000000000000000e-01
2.648100000000002652e+01,5.000000000000000000e-01
2.648200000000002419e+01,5.000000000000000000e-01
2.648300000000002541e+01,5.000000000000000000e-01
2.648400000000002663e+01,5.000000000000000000e-01
2.648500000000002430e+01,5.000000000000000000e-01
2.648600000000002552e+01,5.000000000000000000e-01
2.648700000000002674e+01,5.000000000000000000e-01
2.648800000000002441e+01,5.000000000000000000e-01
2.648900000000002564e+01,5.000000000000000000e-01
2.649000000000002686e+01,5.000000000000000000e-01
2.649100000000002453e+01,5.000000000000000000e-01
2.649200000000002575e+01,5.000000000000000000e-01
2.649300000000002342e+01,5.000000000000000000e-01
2.649400000000002464e+01,5.000000000000000000e-01
2.649500000000002586e+01,5.000000000000000000e-01
2.649600000000002353e+01,5.000000000000000000e-01
2.649700000000002476e+01,5.000000000000000000e-01
2.649800000000002598e+01,5.000000000000000000e-01
2.649900000000002365e+01,5.000000000000000000e-01
2.650000000000002487e+01,5.000000000000000000e-01
2.650100000000002609e+01,5.000000000000000000e-01
2.650200000000002376e+01,5.000000000000000000e-01
2.650300000000002498e+01,5.000000000000000000e-01
2.650400000000002620e+01,5.000000000000000000e-01
2.650500000000002387e+01,5.000000000000000000e-01
2.650600000000002510e+01,5.000000000000000000e-01
2.650700000000002632e+01,5.000000000000000000e-01
2.650800000000002399e+01,5.000000000000000000e-01
2.650900000000002521e+01,5.000000000000000000e-01
2.651000000000002643e+01,5.000000000000000000e-01
2.651100000000002410e+01,5.000000000000000000e-01
2.651200000000002532e+01,5.000000000000000000e-01
2.651300000000002655e+01,5.000000000000000000e-01
2.651400000000002422e+01,5.000000000000000000e-01
2.651500000000002544e+01,5.000000000000000000e-01
2.651600000000002666e+01,5.000000000000000000e-01
2.651700000000002433e+01,5.000000000000000000e-01
2.651800000000002555e+01,5.000000000000000000e-01
2.651900000000002677e+01,5.000000000000000000e-01
2.652000000000002444e+01,5.000000000000000000e-01
2.652100000000002566e+01,5.000000000000000000e-01
2.652200000000002689e+01,5.000000000000000000e-01
2.652300000000002456e+01,5.000000000000000000e-01
2.652400000000002578e+01,5.000000000000000000e-01
2.652500000000002700e+01,5.000000000000000000e-01
2.652600000000002467e+01,5.000000000000000000e-01
2.652700000000002589e+01,5.000000000000000000e-01
2.652800000000002356e+01,5.000000000000000000e-01
2.652900000000002478e+01,5.000000000000000000e-01
2.653000000000002601e+01,5.000000000000000000e-01
2.653100000000002368e+01,5.000000000000000000e-01
2.653200000000002490e+01,5.000000000000000000e-01
2.653300000000002612e+01,5.000000000000000000e-01
2.653400000000002379e+01,5.000000000000000000e-01
2.653500000000002501e+01,5.000000000000000000e-01
2.653600000000002623e+01,5.000000000000000000e-01
2.653700000000002390e+01,5.000000000000000000e-01
2.653800000000002512e+01,5.000000000000000000e-01
2.653900000000002635e+01,5.000000000000000000e-01
2.654000000000002402e+01,5.000000000000000000e-01
2.654100000000002524e+01,5.000000000000000000e-01
2.654200000000002646e+01,5.000000000000000000e-01
2.654300000000002413e+01,5.000000000000000000e-01
2.654400000000002535e+01,5.000000000000000000e-01
2.654500000000002657e+01,5.000000000000000000e-01
2.654600000000002424e+01,5.000000000000000000e-01
2.654700000000002547e+01,5.000000000000000000e-01
2.654800000000002669e+01,5.000000000000000000e-01
2.654900000000002436e+01,5.000000000000000000e-01
2.655000000000002558e+01,5.000000000000000000e-01
2.655100000000002680e+01,5.000000000000000000e-01
2.655200000000002447e+01,5.000000000000000000e-01
2.655300000000002569e+01,5.000000000000000000e-01
2.655400000000002692e+01,5.000000000000000000e-01
2.655500000000002458e+01,5.000000000000000000e-01
2.655600000000002581e+01,5.000000000000000000e-01
2.655700000000002348e+01,5.000000000000000000e-01
2.655800000000002470e+01,5.000000000000000000e-01
2.655900000000002592e+01,5.000000000000000000e-01
2.656000000000002359e+01,5.000000000000000000e-01
2.656100000000002481e+01,5.000000000000000000e-01
2.656200000000002603e+01,5.000000000000000000e-01
2.656300000000002370e+01,5.000000000000000000e-01
2.656400000000002493e+01,5.000000000000000000e-01
2.656500000000002615e+01,5.000000000000000000e-01
2.656600000000002382e+01,5.000000000000000000e-01
2.656700000000002504e+01,5.000000000000000000e-01
2.656800000000002626e+01,5.000000000000000000e-01
2.656900000000002393e+01,5.000000000000000000e-01
2.657000000000002515e+01,5.000000000000000000e-01
2.657100000000002638e+01,5.000000000000000000e-01
2.657200000000002404e+01,5.000000000000000000e-01
2.657300000000002527e+01,5.000000000000000000e-01
2.657400000000002649e+01,5.000000000000000000e-01
2.657500000000002416e+01,5.000000000000000000e-01
2.657600000000002538e+01,5.000000000000000000e-01
2.657700000000002660e+01,5.000000000000000000e-01
2.657800000000002427e+01,5.000000000000000000e-01
2.657900000000002549e+01,5.000000000000000000e-01
2.658000000000002672e+01,5.000000000000000000e-01
2.658100000000002439e+01,5.000000000000000000e-01
2.658200000000002561e+01,5.000000000000000000e-01
2.658300000000002683e+01,5.000000000000000000e-01
2.658400000000002450e+01,5.000000000000000000e-01
2.658500000000002572e+01,5.000000000000000000e-01
2.658600000000002694e+01,5.000000000000000000e-01
2.658700000000002461e+01,5.000000000000000000e-01
2.658800000000002584e+01,5.000000000000000000e-01
2.658900000000002706e+01,5.000000000000000000e-01
2.659000000000002473e+01,5.000000000000000000e-01
2.659100000000002595e+01,5.000000000000000000e-01
2.659200000000002362e+01,5.000000000000000000e-01
2.659300000000002484e+01,5.000000000000000000e-01
2.659400000000002606e+01,5.000000000000000000e-01
2.659500000000002373e+01,5.000000000000000000e-01
2.659600000000002495e+01,5.000000000000000000e-01
2.659700000000002618e+01,5.000000000000000000e-01
2.659800000000002385e+01,5.000000000000000000e-01
2.659900000000002507e+01,5.000000000000000000e-01
2.660000000000002629e+01,5.000000000000000000e-01
2.660100000000002396e+01,5.000000000000000000e-01
2.660200000000002518e+01,5.000000000000000000e-01
2.660300000000002640e+01,5.000000000000000000e-01
2.660400000000002407e+01,5.000000000000000000e-01
2.660500000000002530e+01,5.000000000000000000e-01
2.660600000000002652e+01,5.000000000000000000e-01
2.660700000000002419e+01,5.000000000000000000e-01
2.660800000000002541e+01,5.000000000000000000e-01
2.660900000000002663e+01,5.000000000000000000e-01
2.661000000000002430e+01,5.000000000000000000e-01
2.661100000000002552e+01,5.000000000000000000e-01
2.661200000000002674e+01,5.000000000000000000e-01
2.661300000000002441e+01,5.000000000000000000e-01
2.661400000000002564e+01,5.000000000000000000e-01
2.661500000000002686e+01,5.000000000000000000e-01
2.661600000000002453e+01,5.000000000000000000e-01
2.661700000000002575e+01,5.000000000000000000e-01
2.661800000000002697e+01,5.000000000000000000e-01
2.661900000000002464e+01,5.000000000000000000e-01
2.662000000000002586e+01,5.000000000000000000e-01
2.662100000000002353e+01,5.000000000000000000e-01
2.662200000000002476e+01,5.000000000000000000e-01
2.662300000000002598e+01,5.000000000000000000e-01
2.662400000000002365e+01,5.000000000000000000e-01
2.662500000000002487e+01,5.000000000000000000e-01
2.662600000000002609e+01,5.000000000000000000e-01
2.662700000000002376e+01,5.000000000000000000e-01
2.662800000000002498e+01,5.000000000000000000e-01
2.662900000000002620e+01,5.000000000000000000e-01
2.663000000000002387e+01,5.000000000000000000e-01
2.663100000000002510e+01,5.000000000000000000e-01
2.663200000000002632e+01,5.000000000000000000e-01
2.663300000000002399e+01,5.000000000000000000e-01
2.663400000000002521e+01,5.000000000000000000e-01
2.663500000000002643e+01,5.000000000000000000e-01
2.663600000000002410e+01,5.000000000000000000e-01
2.663700000000002532e+01,5.000000000000000000e-01
2.663800000000002655e+01,5.000000000000000000e-01
2.663900000000002422e+01,5.000000000000000000e-01
2.664000000000002544e+01,5.000000000000000000e-01
2.664100000000002666e+01,5.000000000000000000e-01
2.664200000000002433e+01,5.000000000000000000e-01
2.664300000000002555e+01,5.000000000000000000e-01
2.664400000000002677e+01,5.000000000000000000e-01
2.664500000000002444e+01,5.000000000000000000e-01
2.664600000000002566e+01,5.000000000000000000e-01
2.664700000000002689e+01,5.000000000000000000e-01
2.664800000000002456e+01,5.000000000000000000e-01
2.664900000000002578e+01,5.000000000000000000e-01
2.665000000000002700e+01,5.000000000000000000e-01
2.665100000000002467e+01,5.000000000000000000e-01
2.665200000000002589e+01,5.000000000000000000e-01
2.665300000000002711e+01,5.000000000000000000e-01
2.665400000000002478e+01,5.000000000000000000e-01
2.665500000000002601e+01,5.000000000000000000e-01
2.665600000000002368e+01,5.000000000000000000e-01
2.665700000000002490e+01,5.000000000000000000e-01
2.665800000000002612e+01,5.000000000000000000e-01
2.665900000000002379e+01,5.000000000000000000e-01
2.666000000000002501e+01,5.000000000000000000e-01
2.666100000000002623e+01,5.000000000000000000e-01
2.666200000000002390e+01,5.000000000000000000e-01
2.666300000000002512e+01,5.000000000000000000e-01
2.666400000000002635e+01,5.000000000000000000e-01
2.666500000000002402e+01,5.000000000000000000e-01
2.666600000000002524e+01,5.000000000000000000e-01
2.666700000000002646e+01,5.000000000000000000e-01
2.666800000000002413e+01,5.000000000000000000e-01
2.666900000000002535e+01,5.000000000000000000e-01
2.667000000000002657e+01,5.000000000000000000e-01
2.667100000000002424e+01,5.000000000000000000e-01
2.667200000000002547e+01,5.000000000000000000e-01
2.667300000000002669e+01,5.000000000000000000e-01
2.667400000000002436e+01,5.000000000000000000e-01
2.667500000000002558e+01,5.000000000000000000e-01
2.667600000000002680e+01,5.000000000000000000e-01
2.667700000000002447e+01,5.000000000000000000e-01
2.667800000000002569e+01,5.000000000000000000e-01
2.667900000000002692e+01,5.000000000000000000e-01
2.668000000000002458e+01,5.000000000000000000e-01
2.668100000000002581e+01,5.000000000000000000e-01
2.668200000000002703e+01,5.000000000000000000e-01
2.668300000000002470e+01,5.000000000000000000e-01
2.668400000000002592e+01,5.000000000000000000e-01
2.668500000000002359e+01,5.000000000000000000e-01
2.668600000000002481e+01,5.000000000000000000e-01
2.668700000000002603e+01,5.000000000000000000e-01
2.668800000000002370e+01,5.000000000000000000e-01
2.668900000000002493e+01,5.000000000000000000e-01
2.669000000000002615e+01,5.000000000000000000e-01
2.669100000000002382e+01,5.000000000000000000e-01
2.669200000000002504e+01,5.000000000000000000e-01
2.669300000000002626e+01,5.000000000000000000e-01
2.669400000000002393e+01,5.000000000000000000e-01
2.669500000000002515e+01,5.000000000000000000e-01
2.669600000000002638e+01,5.000000000000000000e-01
2.669700000000002404e+01,5.000000000000000000e-01
2.669800000000002527e+01,5.000000000000000000e-01
2.669900000000002649e+01,5.000000000000000000e-01
2.670000000000002416e+01,5.000000000000000000e-01
2.670100000000002538e+01,5.000000000000000000e-01
2.670200000000002660e+01,5.000000000000000000e-01
2.670300000000002427e+01,5.000000000000000000e-01
2.670400000000002549e+01,5.000000000000000000e-01
2.670500000000002672e+01,5.000000000000000000e-01
2.670600000000002439e+01,5.000000000000000000e-01
2.670700000000002561e+01,5.000000000000000000e-01
2.670800000000002683e+01,5.000000000000000000e-01
2.670900000000002450e+01,5.000000000000000000e-01
2.671000000000002572e+01,5.000000000000000000e-01
2.671100000000002694e+01,5.000000000000000000e-01
2.671200000000002461e+01,5.000000000000000000e-01
2.671300000000002584e+01,5.000000000000000000e-01
2.671400000000002706e+01,5.000000000000000000e-01
2.671500000000002473e+01,5.000000000000000000e-01
2.671600000000002595e+01,5.000000000000000000e-01
2.671700000000002717e+01,5.000000000000000000e-01
2.671800000000002484e+01,5.000000000000000000e-01
2.671900000000002606e+01,5.000000000000000000e-01
2.672000000000002373e+01,5.000000000000000000e-01
2.672100000000002495e+01,5.000000000000000000e-01
2.672200000000002618e+01,5.000000000000000000e-01
2.672300000000002385e+01,5.000000000000000000e-01
2.672400000000002507e+01,5.000000000000000000e-01
2.672500000000002629e+01,5.000000000000000000e-01
2.672600000000002396e+01,5.000000000000000000e-01
2.672700000000002518e+01,5.000000000000000000e-01
2.672800000000002640e+01,5.000000000000000000e-01
2.672900000000002407e+01,5.000000000000000000e-01
2.673000000000002530e+01,5.000000000000000000e-01
2.673100000000002652e+01,5.000000000000000000e-01
2.673200000000002419e+01,5.000000000000000000e-01
2.673300000000002541e+01,5.000000000000000000e-01
2.673400000000002663e+01,5.000000000000000000e-01
2.673500000000002430e+01,5.000000000000000000e-01
2.673600000000002552e+01,5.000000000000000000e-01
2.673700000000002674e+01,5.000000000000000000e-01
2.673800000000002441e+01,5.000000000000000000e-01
2.673900000000002564e+01,5.000000000000000000e-01
2.674000000000002686e+01,5.000000000000000000e-01
2.674100000000002453e+01,5.000000000000000000e-01
2.674200000000002575e+01,5.000000000000000000e-01
2.674300000000002697e+01,5.000000000000000000e-01
2.674400000000002464e+01,5.000000000000000000e-01
2.674500000000002586e+01,5.000000000000000000e-01
2.674600000000002709e+01,5.000000000000000000e-01
2.674700000000002476e+01,5.000000000000000000e-01
2.674800000000002598e+01,5.000000000000000000e-01
2.674900000000002365e+01,5.000000000000000000e-01
2.675000000000002487e+01,5.000000000000000000e-01
2.675100000000002609e+01,5.000000000000000000e-01
2.675200000000002376e+01,5.000000000000000000e-01
2.675300000000002498e+01,5.000000000000000000e-01
2.675400000000002620e+01,5.000000000000000000e-01
2.675500000000002387e+01,5.000000000000000000e-01
2.675600000000002510e+01,5.000000000000000000e-01
2.675700000000002632e+01,5.000000000000000000e-01
2.675800000000002399e+01,5.000000000000000000e-01
2.675900000000002521e+01,5.000000000000000000e-01
2.676000000000002643e+01,5.000000000000000000e-01
2.676100000000002410e+01,5.000000000000000000e-01
2.676200000000002532e+01,5.000000000000000000e-01
2.676300000000002655e+01,5.000000000000000000e-01
2.676400000000002422e+01,5.000000000000000000e-01
2.676500000000002544e+01,5.000000000000000000e-01
2.676600000000002666e+01,5.000000000000000000e-01
2.676700000000002433e+01,5.000000000000000000e-01
2.676800000000002555e+01,5.000000000000000000e-01
2.676900000000002677e+01,5.000000000000000000e-01
2.677000000000002444e+01,5.000000000000000000e-01
2.677100000000002566e+01,5.000000000000000000e-01
2.677200000000002689e+01,5.000000000000000000e-01
2.677300000000002456e+01,5.000000000000000000e-01
2.677400000000002578e+01,5.000000000000000000e-01
2.677500000000002700e+01,5.000000000000000000e-01
2.677600000000002467e+01,5.000000000000000000e-01
2.677700000000002589e+01,5.000000000000000000e-01
2.677800000000002711e+01,5.000000000000000000e-01
2.677900000000002478e+01,5.000000000000000000e-01
2.678000000000002601e+01,5.000000000000000000e-01
2.678100000000002723e+01,5.000000000000000000e-01
2.678200000000002490e+01,5.000000000000000000e-01
2.678300000000002612e+01,5.000000000000000000e-01
2.678400000000002379e+01,5.000000000000000000e-01
2.678500000000002501e+01,5.000000000000000000e-01
2.678600000000002623e+01,5.000000000000000000e-01
2.678700000000002390e+01,5.000000000000000000e-01
2.678800000000002512e+01,5.000000000000000000e-01
2.678900000000002635e+01,5.000000000000000000e-01
2.679000000000002402e+01,5.000000000000000000e-01
2.679100000000002524e+01,5.000000000000000000e-01
2.679200000000002646e+01,5.000000000000000000e-01
2.679300000000002413e+01,5.000000000000000000e-01
2.679400000000002535e+01,5.000000000000000000e-01
2.679500000000002657e+01,5.000000000000000000e-01
2.679600000000002424e+01,5.000000000000000000e-01
2.679700000000002547e+01,5.000000000000000000e-01
2.679800000000002669e+01,5.000000000000000000e-01
2.679900000000002436e+01,5.000000000000000000e-01
2.680000000000002558e+01,5.000000000000000000e-01
2.680100000000002680e+01,5.000000000000000000e-01
2.680200000000002447e+01,5.000000000000000000e-01
2.680300000000002569e+01,5.000000000000000000e-01
2.680400000000002692e+01,5.000000000000000000e-01
2.680500000000002458e+01,5.000000000000000000e-01
2.680600000000002581e+01,5.000000000000000000e-01
2.680700000000002703e+01,5.000000000000000000e-01
2.680800000000002470e+01,5.000000000000000000e-01
2.680900000000002592e+01,5.000000000000000000e-01
2.681000000000002714e+01,5.000000000000000000e-01
2.681100000000002481e+01,5.000000000000000000e-01
2.681200000000002603e+01,5.000000000000000000e-01
2.681300000000002370e+01,5.000000000000000000e-01
2.681400000000002493e+01,5.000000000000000000e-01
2.681500000000002615e+01,5.000000000000000000e-01
2.681600000000002382e+01,5.000000000000000000e-01
2.681700000000002504e+01,5.000000000000000000e-01
2.681800000000002626e+01,5.000000000000000000e-01
2.681900000000002393e+01,5.000000000000000000e-01
2.682000000000002515e+01,5.000000000000000000e-01
2.682100000000002638e+01,5.000000000000000000e-01
2.682200000000002404e+01,5.000000000000000000e-01
2.682300000000002527e+01,5.000000000000000000e-01
2.682400000000002649e+01,5.000000000000000000e-01
2.682500000000002416e+01,5.000000000000000000e-01
2.682600000000002538e+01,5.000000000000000000e-01
2.682700000000002660e+01,5.000000000000000000e-01
2.682800000000002427e+01,5.000000000000000000e-01
2.682900000000002549e+01,5.000000000000000000e-01
2.683000000000002672e+01,5.000000000000000000e-01
2.683100000000002439e+01,5.000000000000000000e-01
2.683200000000002561e+01,5.000000000000000000e-01
2.683300000000002683e+01,5.000000000000000000e-01
2.683400000000002450e+01,5.000000000000000000e-01
2.683500000000002572e+01,5.000000000000000000e-01
2.683600000000002694e+01,5.000000000000000000e-01
2.683700000000002461e+01,5.000000000000000000e-01
2.683800000000002584e+01,5.000000000000000000e-01
2.683900000000002706e+01,5.000000000000000000e-01
2.684000000000002473e+01,5.000000000000000000e-01
2.684100000000002595e+01,5.000000000000000000e-01
2.684200000000002717e+01,5.000000000000000000e-01
2.684300000000002484e+01,5.000000000000000000e-01
2.684400000000002606e+01,5.000000000000000000e-01
2.684500000000002728e+01,5.000000000000000000e-01
2.684600000000002495e+01,5.000000000000000000e-01
2.684700000000002618e+01,5.000000000000000000e-01
2.684800000000002385e+01,5.000000000000000000e-01
2.684900000000002507e+01,5.000000000000000000e-01
2.685000000000002629e+01,5.000000000000000000e-01
2.685100000000002396e+01,5.000000000000000000e-01
2.685200000000002518e+01,5.000000000000000000e-01
2.685300000000002640e+01,5.000000000000000000e-01
2.685400000000002407e+01,5.000000000000000000e-01
2.685500000000002530e+01,5.000000000000000000e-01
2.685600000000002652e+01,5.000000000000000000e-01
2.685700000000002419e+01,5.000000000000000000e-01
2.685800000000002541e+01,5.000000000000000000e-01
2.685900000000002663e+01,5.000000000000000000e-01
2.686000000000002430e+01,5.000000000000000000e-01
2.686100000000002552e+01,5.000000000000000000e-01
2.686200000000002674e+01,5.000000000000000000e-01
2.686300000000002441e+01,5.000000000000000000e-01
2.686400000000002564e+01,5.000000000000000000e-01
2.686500000000002686e+01,5.000000000000000000e-01
2.686600000000002453e+01,5.000000000000000000e-01
2.686700000000002575e+01,5.000000000000000000e-01
2.686800000000002697e+01,5.000000000000000000e-01
2.686900000000002464e+01,5.000000000000000000e-01
2.687000000000002586e+01,5.000000000000000000e-01
2.687100000000002709e+01,5.000000000000000000e-01
2.687200000000002476e+01,5.000000000000000000e-01
2.687300000000002598e+01,5.000000000000000000e-01
2.687400000000002720e+01,5.000000000000000000e-01
2.687500000000002487e+01,5.000000000000000000e-01
2.687600000000002609e+01,5.000000000000000000e-01
2.687700000000002376e+01,5.000000000000000000e-01
2.687800000000002498e+01,5.000000000000000000e-01
2.687900000000002620e+01,5.000000000000000000e-01
2.688000000000002387e+01,5.000000000000000000e-01
2.688100000000002510e+01,5.000000000000000000e-01
2.688200000000002632e+01,5.000000000000000000e-01
2.688300000000002399e+01,5.000000000000000000e-01
2.688400000000002521e+01,5.000000000000000000e-01
2.688500000000002643e+01,5.000000000000000000e-01
2.688600000000002410e+01,5.000000000000000000e-01
2.688700000000002532e+01,5.000000000000000000e-01
2.688800000000002655e+01,5.000000000000000000e-01
2.688900000000002422e+01,5.000000000000000000e-01
2.689000000000002544e+01,5.000000000000000000e-01
2.689100000000002666e+01,5.000000000000000000e-01
2.689200000000002433e+01,5.000000000000000000e-01
2.689300000000002555e+01,5.000000000000000000e-01
2.689400000000002677e+01,5.000000000000000000e-01
2.689500000000002444e+01,5.000000000000000000e-01
2.689600000000002566e+01,5.000000000000000000e-01
2.689700000000002689e+01,5.000000000000000000e-01
2.689800000000002456e+01,5.000000000000000000e-01
2.689900000000002578e+01,5.000000000000000000e-01
2.690000000000002700e+01,5.000000000000000000e-01
2.690100000000002467e+01,5.000000000000000000e-01
2.690200000000002589e+01,5.000000000000000000e-01
2.690300000000002711e+01,5.000000000000000000e-01
2.690400000000002478e+01,5.000000000000000000e-01
2.690500000000002601e+01,5.000000000000000000e-01
2.690600000000002723e+01,5.000000000000000000e-01
2.690700000000002490e+01,5.000000000000000000e-01
2.690800000000002612e+01,5.000000000000000000e-01
2.690900000000002734e+01,5.000000000000000000e-01
2.691000000000002501e+01,5.000000000000000000e-01
2.691100000000002623e+01,5.000000000000000000e-01
2.691200000000002390e+01,5.000000000000000000e-01
2.691300000000002512e+01,5.000000000000000000e-01
2.691400000000002635e+01,5.000000000000000000e-01
2.691500000000002402e+01,5.000000000000000000e-01
2.691600000000002524e+01,5.000000000000000000e-01
2.691700000000002646e+01,5.000000000000000000e-01
2.691800000000002413e+01,5.000000000000000000e-01
2.691900000000002535e+01,5.000000000000000000e-01
2.692000000000002657e+01,5.000000000000000000e-01
2.692100000000002424e+01,5.000000000000000000e-01
2.692200000000002547e+01,5.000000000000000000e-01
2.692300000000002669e+01,5.000000000000000000e-01
2.692400000000002436e+01,5.000000000000000000e-01
2.692500000000002558e+01,5.000000000000000000e-01
2.692600000000002680e+01,5.000000000000000000e-01
2.692700000000002447e+01,5.000000000000000000e-01
2.692800000000002569e+01,5.000000000000000000e-01
2.692900000000002692e+01,5.000000000000000000e-01
2.693000000000002458e+01,5.000000000000000000e-01
2.693100000000002581e+01,5.000000000000000000e-01
2.693200000000002703e+01,5.000000000000000000e-01
2.693300000000002470e+01,5.000000000000000000e-01
2.693400000000002592e+01,5.000000000000000000e-01
2.693500000000002714e+01,5.000000000000000000e-01
2.693600000000002481e+01,5.000000000000000000e-01
2.693700000000002603e+01,5.000000000000000000e-01
2.693800000000002726e+01,5.000000000000000000e-01
2.693900000000002493e+01,5.000000000000000000e-01
2.694000000000002615e+01,5.000000000000000000e-01
2.694100000000002382e+01,5.000000000000000000e-01
2.694200000000002504e+01,5.000000000000000000e-01
2.694300000000002626e+01,5.000000000000000000e-01
2.694400000000002393e+01,5.000000000000000000e-01
2.694500000000002515e+01,5.000000000000000000e-01
2.694600000000002638e+01,5.000000000000000000e-01
2.694700000000002404e+01,5.000000000000000000e-01
2.694800000000002527e+01,5.000000000000000000e-01
2.694900000000002649e+01,5.000000000000000000e-01
2.695000000000002416e+01,5.000000000000000000e-01
2.695100000000002538e+01,5.000000000000000000e-01
2.695200000000002660e+01,5.000000000000000000e-01
2.695300000000002427e+01,5.000000000000000000e-01
2.695400000000002549e+01,5.000000000000000000e-01
2.695500000000002672e+01,5.000000000000000000e-01
2.695600000000002439e+01,5.000000000000000000e-01
2.695700000000002561e+01,5.000000000000000000e-01
2.695800000000002683e+01,5.000000000000000000e-01
2.695900000000002450e+01,5.000000000000000000e-01
2.696000000000002572e+01,5.000000000000000000e-01
2.696100000000002694e+01,5.000000000000000000e-01
2.696200000000002461e+01,5.000000000000000000e-01
2.696300000000002584e+01,5.000000000000000000e-01
2.696400000000002706e+01,5.000000000000000000e-01
2.696500000000002473e+01,5.000000000000000000e-01
2.696600000000002595e+01,5.000000000000000000e-01
2.696700000000002717e+01,5.000000000000000000e-01
2.696800000000002484e+01,5.000000000000000000e-01
2.696900000000002606e+01,5.000000000000000000e-01
2.697000000000002728e+01,5.000000000000000000e-01
2.697100000000002495e+01,5.000000000000000000e-01
2.697200000000002618e+01,5.000000000000000000e-01
2.697300000000002740e+01,5.000000000000000000e-01
2.697400000000002507e+01,5.000000000000000000e-01
2.697500000000002629e+01,5.000000000000000000e-01
2.697600000000002396e+01,5.000000000000000000e-01
2.697700000000002518e+01,5.000000000000000000e-01
2.697800000000002640e+01,5.000000000000000000e-01
2.697900000000002407e+01,5.000000000000000000e-01
2.698000000000002530e+01,5.000000000000000000e-01
2.698100000000002652e+01,5.000000000000000000e-01
2.698200000000002419e+01,5.000000000000000000e-01
2.698300000000002541e+01,5.000000000000000000e-01
2.698400000000002663e+01,5.000000000000000000e-01
2.698500000000002430e+01,5.000000000000000000e-01
2.698600000000002552e+01,5.000000000000000000e-01
2.698700000000002674e+01,5.000000000000000000e-01
2.698800000000002441e+01,5.000000000000000000e-01
2.698900000000002564e+01,5.000000000000000000e-01
2.699000000000002686e+01,5.000000000000000000e-01
2.699100000000002453e+01,5.000000000000000000e-01
2.699200000000002575e+01,5.000000000000000000e-01
2.699300000000002697e+01,5.000000000000000000e-01
2.699400000000002464e+01,5.000000000000000000e-01
2.699500000000002586e+01,5.000000000000000000e-01
2.699600000000002709e+01,5.000000000000000000e-01
2.699700000000002476e+01,5.000000000000000000e-01
2.699800000000002598e+01,5.000000000000000000e-01
2.699900000000002720e+01,5.000000000000000000e-01
2.700000000000002487e+01,5.000000000000000000e-01
2.700100000000002609e+01,5.000000000000000000e-01
2.700200000000002731e+01,5.000000000000000000e-01
2.700300000000002498e+01,5.000000000000000000e-01
2.700400000000002620e+01,5.000000000000000000e-01
2.700500000000002387e+01,5.000000000000000000e-01
2.700600000000002510e+01,5.000000000000000000e-01
2.700700000000002632e+01,5.000000000000000000e-01
2.700800000000002399e+01,5.000000000000000000e-01
2.700900000000002521e+01,5.000000000000000000e-01
2.701000000000002643e+01,5.000000000000000000e-01
2.701100000000002410e+01,5.000000000000000000e-01
2.701200000000002532e+01,5.000000000000000000e-01
2.701300000000002655e+01,5.000000000000000000e-01
2.701400000000002422e+01,5.000000000000000000e-01
2.701500000000002544e+01,5.000000000000000000e-01
2.701600000000002666e+01,5.000000000000000000e-01
2.701700000000002433e+01,5.000000000000000000e-01
2.701800000000002555e+01,5.000000000000000000e-01
2.701900000000002677e+01,5.000000000000000000e-01
2.702000000000002444e+01,5.000000000000000000e-01
2.702100000000002566e+01,5.000000000000000000e-01
2.702200000000002689e+01,5.000000000000000000e-01
2.702300000000002456e+01,5.000000000000000000e-01
2.702400000000002578e+01,5.000000000000000000e-01
2.702500000000002700e+01,5.000000000000000000e-01
2.702600000000002467e+01,5.000000000000000000e-01
2.702700000000002589e+01,5.000000000000000000e-01
2.702800000000002711e+01,5.000000000000000000e-01
2.702900000000002478e+01,5.000000000000000000e-01
2.703000000000002601e+01,5.000000000000000000e-01
2.703100000000002723e+01,5.000000000000000000e-01
2.703200000000002490e+01,5.000000000000000000e-01
2.703300000000002612e+01,5.000000000000000000e-01
2.703400000000002734e+01,5.000000000000000000e-01
2.703500000000002501e+01,5.000000000000000000e-01
2.703600000000002623e+01,5.000000000000000000e-01
2.703700000000002746e+01,5.000000000000000000e-01
2.703800000000002512e+01,5.000000000000000000e-01
2.703900000000002635e+01,5.000000000000000000e-01
2.704000000000002402e+01,5.000000000000000000e-01
2.704100000000002524e+01,5.000000000000000000e-01
2.704200000000002646e+01,5.000000000000000000e-01
2.704300000000002413e+01,5.000000000000000000e-01
2.704400000000002535e+01,5.000000000000000000e-01
2.704500000000002657e+01,5.000000000000000000e-01
2.704600000000002424e+01,5.000000000000000000e-01
2.704700000000002547e+01,5.000000000000000000e-01
2.704800000000002669e+01,5.000000000000000000e-01
2.704900000000002436e+01,5.000000000000000000e-01
2.705000000000002558e+01,5.000000000000000000e-01
2.705100000000002680e+01,5.000000000000000000e-01
2.705200000000002447e+01,5.000000000000000000e-01
2.705300000000002569e+01,5.000000000000000000e-01
2.705400000000002692e+01,5.000000000000000000e-01
2.705500000000002458e+01,5.000000000000000000e-01
2.705600000000002581e+01,5.000000000000000000e-01
2.705700000000002703e+01,5.000000000000000000e-01
2.705800000000002470e+01,5.000000000000000000e-01
2.705900000000002592e+01,5.000000000000000000e-01
2.706000000000002714e+01,5.000000000000000000e-01
2.706100000000002481e+01,5.000000000000000000e-01
2.706200000000002603e+01,5.000000000000000000e-01
2.706300000000002726e+01,5.000000000000000000e-01
2.706400000000002493e+01,5.000000000000000000e-01
2.706500000000002615e+01,5.000000000000000000e-01
2.706600000000002737e+01,5.000000000000000000e-01
2.706700000000002504e+01,5.000000000000000000e-01
2.706800000000002626e+01,5.000000000000000000e-01
2.706900000000002393e+01,5.000000000000000000e-01
2.707000000000002515e+01,5.000000000000000000e-01
2.707100000000002638e+01,5.000000000000000000e-01
2.707200000000002404e+01,5.000000000000000000e-01
2.707300000000002527e+01,5.000000000000000000e-01
2.707400000000002649e+01,5.000000000000000000e-01
2.707500000000002416e+01,5.000000000000000000e-01
2.707600000000002538e+01,5.000000000000000000e-01
2.707700000000002660e+01,5.000000000000000000e-01
2.707800000000002427e+01,5.000000000000000000e-01
2.707900000000002549e+01,5.000000000000000000e-01
2.708000000000002672e+01,5.000000000000000000e-01
2.708100000000002439e+01,5.000000000000000000e-01
2.708200000000002561e+01,5.000000000000000000e-01
2.708300000000002683e+01,5.000000000000000000e-01
2.708400000000002450e+01,5.000000000000000000e-01
2.708500000000002572e+01,5.000000000000000000e-01
2.708600000000002694e+01,5.000000000000000000e-01
2.708700000000002461e+01,5.000000000000000000e-01
2.708800000000002584e+01,5.000000000000000000e-01
2.708900000000002706e+01,5.000000000000000000e-01
2.709000000000002473e+01,5.000000000000000000e-01
2.709100000000002595e+01,5.000000000000000000e-01
2.709200000000002717e+01,5.000000000000000000e-01
2.709300000000002484e+01,5.000000000000000000e-01
2.709400000000002606e+01,5.000000000000000000e-01
2.709500000000002728e+01,5.000000000000000000e-01
2.709600000000002495e+01,5.000000000000000000e-01
2.709700000000002618e+01,5.000000000000000000e-01
2.709800000000002740e+01,5.000000000000000000e-01
2.709900000000002507e+01,5.000000000000000000e-01
2.710000000000002629e+01,5.000000000000000000e-01
2.710100000000002751e+01,5.000000000000000000e-01
2.710200000000002518e+01,5.000000000000000000e-01
2.710300000000002640e+01,5.000000000000000000e-01
2.710400000000002407e+01,5.000000000000000000e-01
2.710500000000002530e+01,5.000000000000000000e-01
2.710600000000002652e+01,5.000000000000000000e-01
2.710700000000002419e+01,5.000000000000000000e-01
2.710800000000002541e+01,5.000000000000000000e-01
2.710900000000002663e+01,5.000000000000000000e-01
2.711000000000002430e+01,5.000000000000000000e-01
2.711100000000002552e+01,5.000000000000000000e-01
2.711200000000002674e+01,5.000000000000000000e-01
2.711300000000002441e+01,5.000000000000000000e-01
2.711400000000002564e+01,5.000000000000000000e-01
2.711500000000002686e+01,5.000000000000000000e-01
2.711600000000002453e+01,5.000000000000000000e-01
2.711700000000002575e+01,5.000000000000000000e-01
2.711800000000002697e+01,5.000000000000000000e-01
2.711900000000002464e+01,5.000000000000000000e-01
2.712000000000002586e+01,5.000000000000000000e-01
2.712100000000002709e+01,5.000000000000000000e-01
2.712200000000002476e+01,5.000000000000000000e-01
2.712300000000002598e+01,5.000000000000000000e-01
2.712400000000002720e+01,5.000000000000000000e-01
2.712500000000002487e+01,5.000000000000000000e-01
2.712600000000002609e+01,5.000000000000000000e-01
2.712700000000002731e+01,5.000000000000000000e-01
2.712800000000002498e+01,5.000000000000000000e-01
2.712900000000002620e+01,5.000000000000000000e-01
2.713000000000002743e+01,5.000000000000000000e-01
2.713100000000002510e+01,5.000000000000000000e-01
2.713200000000002632e+01,5.000000000000000000e-01
2.713300000000002399e+01,5.000000000000000000e-01
2.713400000000002521e+01,5.000000000000000000e-01
2.713500000000002643e+01,5.000000000000000000e-01
2.713600000000002410e+01,5.000000000000000000e-01
2.713700000000002532e+01,5.000000000000000000e-01
2.713800000000002655e+01,5.000000000000000000e-01
2.713900000000002422e+01,5.000000000000000000e-01
2.714000000000002544e+01,5.000000000000000000e-01
2.714100000000002666e+01,5.000000000000000000e-01
2.714200000000002433e+01,5.000000000000000000e-01
2.714300000000002555e+01,5.000000000000000000e-01
2.714400000000002677e+01,5.000000000000000000e-01
2.714500000000002444e+01,5.000000000000000000e-01
2.714600000000002566e+01,5.000000000000000000e-01
2.714700000000002689e+01,5.000000000000000000e-01
2.714800000000002456e+01,5.000000000000000000e-01
2.714900000000002578e+01,5.000000000000000000e-01
2.715000000000002700e+01,5.000000000000000000e-01
2.715100000000002467e+01,5.000000000000000000e-01
2.715200000000002589e+01,5.000000000000000000e-01
2.715300000000002711e+01,5.000000000000000000e-01
2.715400000000002478e+01,5.000000000000000000e-01
2.715500000000002601e+01,5.000000000000000000e-01
2.715600000000002723e+01,5.000000000000000000e-01
2.715700000000002490e+01,5.000000000000000000e-01
2.715800000000002612e+01,5.000000000000000000e-01
2.715900000000002734e+01,5.000000000000000000e-01
2.716000000000002501e+01,5.000000000000000000e-01
2.716100000000002623e+01,5.000000000000000000e-01
2.716200000000002746e+01,5.000000000000000000e-01
2.716300000000002512e+01,5.000000000000000000e-01
2.716400000000002635e+01,5.000000000000000000e-01
2.716500000000002757e+01,5.000000000000000000e-01
2.716600000000002524e+01,5.000000000000000000e-01
2.716700000000002646e+01,5.000000000000000000e-01
2.716800000000002413e+01,5.000000000000000000e-01
2.716900000000002535e+01,5.000000000000000000e-01
2.717000000000002657e+01,5.000000000000000000e-01
2.717100000000002424e+01,5.000000000000000000e-01
2.717200000000002547e+01,5.000000000000000000e-01
2.717300000000002669e+01,5.000000000000000000e-01
2.717400000000002436e+01,5.000000000000000000e-01
2.717500000000002558e+01,5.000000000000000000e-01
2.717600000000002680e+01,5.000000000000000000e-01
2.717700000000002447e+01,5.000000000000000000e-01
2.717800000000002569e+01,5.000000000000000000e-01
2.717900000000002692e+01,5.000000000000000000e-01
2.718000000000002458e+01,5.000000000000000000e-01
2.718100000000002581e+01,5.000000000000000000e-01
2.718200000000002703e+01,5.000000000000000000e-01
2.718300000000002470e+01,5.000000000000000000e-01
2.718400000000002592e+01,5.000000000000000000e-01
2.718500000000002714e+01,5.000000000000000000e-01
2.718600000000002481e+01,5.000000000000000000e-01
2.718700000000002603e+01,5.000000000000000000e-01
2.718800000000002726e+01,5.000000000000000000e-01
2.718900000000002493e+01,5.000000000000000000e-01
2.719000000000002615e+01,5.000000000000000000e-01
2.719100000000002737e+01,5.000000000000000000e-01
2.719200000000002504e+01,5.000000000000000000e-01
2.719300000000002626e+01,5.000000000000000000e-01
2.719400000000002748e+01,5.000000000000000000e-01
2.719500000000002515e+01,5.000000000000000000e-01
2.719600000000002638e+01,5.000000000000000000e-01
2.719700000000002404e+01,5.000000000000000000e-01
2.719800000000002527e+01,5.000000000000000000e-01
2.719900000000002649e+01,5.000000000000000000e-01
2.720000000000002416e+01,5.000000000000000000e-01
2.720100000000002538e+01,5.000000000000000000e-01
2.720200000000002660e+01,5.000000000000000000e-01
2.720300000000002427e+01,5.000000000000000000e-01
2.720400000000002549e+01,5.000000000000000000e-01
2.720500000000002672e+01,5.000000000000000000e-01
2.720600000000002439e+01,5.000000000000000000e-01
2.720700000000002561e+01,5.000000000000000000e-01
2.720800000000002683e+01,5.000000000000000000e-01
2.720900000000002450e+01,5.000000000000000000e-01
2.721000000000002572e+01,5.000000000000000000e-01
2.721100000000002694e+01,5.000000000000000000e-01
2.721200000000002461e+01,5.000000000000000000e-01
2.721300000000002584e+01,5.000000000000000000e-01
2.721400000000002706e+01,5.000000000000000000e-01
2.721500000000002473e+01,5.000000000000000000e-01
2.721600000000002595e+01,5.000000000000000000e-01
2.721700000000002717e+01,5.000000000000000000e-01
2.721800000000002484e+01,5.000000000000000000e-01
2.721900000000002606e+01,5.000000000000000000e-01
2.722000000000002728e+01,5.000000000000000000e-01
2.722100000000002495e+01,5.000000000000000000e-01
2.722200000000002618e+01,5.000000000000000000e-01
2.722300000000002740e+01,5.000000000000000000e-01
2.722400000000002507e+01,5.000000000000000000e-01
2.722500000000002629e+01,5.000000000000000000e-01
2.722600000000002751e+01,5.000000000000000000e-01
2.722700000000002518e+01,5.000000000000000000e-01
2.722800000000002640e+01,5.000000000000000000e-01
2.722900000000002763e+01,5.000000000000000000e-01
2.723000000000002530e+01,5.000000000000000000e-01
2.723100000000002652e+01,5.000000000000000000e-01
2.723200000000002419e+01,5.000000000000000000e-01
2.723300000000002541e+01,5.000000000000000000e-01
2.723400000000002663e+01,5.000000000000000000e-01
2.723500000000002430e+01,5.000000000000000000e-01
2.723600000000002552e+01,5.000000000000000000e-01
2.723700000000002674e+01,5.000000000000000000e-01
2.723800000000002441e+01,5.000000000000000000e-01
2.723900000000002564e+01,5.000000000000000000e-01
2.724000000000002686e+01,5.000000000000000000e-01
2.724100000000002453e+01,5.000000000000000000e-01
2.724200000000002575e+01,5.000000000000000000e-01
2.724300000000002697e+01,5.000000000000000000e-01
2.724400000000002464e+01,5.000000000000000000e-01
2.724500000000002586e+01,5.000000000000000000e-01
2.724600000000002709e+01,5.000000000000000000e-01
2.724700000000002476e+01,5.000000000000000000e-01
2.724800000000002598e+01,5.000000000000000000e-01
2.724900000000002720e+01,5.000000000000000000e-01
2.725000000000002487e+01,5.000000000000000000e-01
2.725100000000002609e+01,5.000000000000000000e-01
2.725200000000002731e+01,5.000000000000000000e-01
2.725300000000002498e+01,5.000000000000000000e-01
2.725400000000002620e+01,5.000000000000000000e-01
2.725500000000002743e+01,5.000000000000000000e-01
2.725600000000002510e+01,5.000000000000000000e-01
2.725700000000002632e+01,5.000000000000000000e-01
2.725800000000002754e+01,5.000000000000000000e-01
2.725900000000002521e+01,5.000000000000000000e-01
2.726000000000002643e+01,5.000000000000000000e-01
2.726100000000002410e+01,5.000000000000000000e-01
2.726200000000002532e+01,5.000000000000000000e-01
2.726300000000002655e+01,5.000000000000000000e-01
2.726400000000002422e+01,5.000000000000000000e-01
2.726500000000002544e+01,5.000000000000000000e-01
2.726600000000002666e+01,5.000000000000000000e-01
2.726700000000002433e+01,5.000000000000000000e-01
2.726800000000002555e+01,5.000000000000000000e-01
2.726900000000002677e+01,5.000000000000000000e-01
2.727000000000002444e+01,5.000000000000000000e-01
2.727100000000002566e+01,5.000000000000000000e-01
2.727200000000002689e+01,5.000000000000000000e-01
2.727300000000002456e+01,5.000000000000000000e-01
2.727400000000002578e+01,5.000000000000000000e-01
2.727500000000002700e+01,5.000000000000000000e-01
2.727600000000002467e+01,5.000000000000000000e-01
2.727700000000002589e+01,5.000000000000000000e-01
2.727800000000002711e+01,5.000000000000000000e-01
2.727900000000002478e+01,5.000000000000000000e-01
2.728000000000002601e+01,5.000000000000000000e-01
2.728100000000002723e+01,5.000000000000000000e-01
2.728200000000002490e+01,5.000000000000000000e-01
2.728300000000002612e+01,5.000000000000000000e-01
2.728400000000002734e+01,5.000000000000000000e-01
2.728500000000002501e+01,5.000000000000000000e-01
2.728600000000002623e+01,5.000000000000000000e-01
2.728700000000002746e+01,5.000000000000000000e-01
2.728800000000002512e+01,5.000000000000000000e-01
2.728900000000002635e+01,5.000000000000000000e-01
2.729000000000002757e+01,5.000000000000000000e-01
2.729100000000002524e+01,5.000000000000000000e-01
2.729200000000002646e+01,5.000000000000000000e-01
2.729300000000002768e+01,5.000000000000000000e-01
2.729400000000002535e+01,5.000000000000000000e-01
2.729500000000002657e+01,5.000000000000000000e-01
2.729600000000002424e+01,5.000000000000000000e-01
2.729700000000002547e+01,5.000000000000000000e-01
2.729800000000002669e+01,5.000000000000000000e-01
2.729900000000002436e+01,5.000000000000000000e-01
2.730000000000002558e+01,5.000000000000000000e-01
2.730100000000002680e+01,5.000000000000000000e-01
2.730200000000002447e+01,5.000000000000000000e-01
2.730300000000002569e+01,5.000000000000000000e-01
2.730400000000002692e+01,5.000000000000000000e-01
2.730500000000002458e+01,5.000000000000000000e-01
2.730600000000002581e+01,5.000000000000000000e-01
2.730700000000002703e+01,5.000000000000000000e-01
2.730800000000002470e+01,5.000000000000000000e-01
2.730900000000002592e+01,5.000000000000000000e-01
2.731000000000002714e+01,5.000000000000000000e-01
2.731100000000002481e+01,5.000000000000000000e-01
2.731200000000002603e+01,5.000000000000000000e-01
2.731300000000002726e+01,5.000000000000000000e-01
2.731400000000002493e+01,5.000000000000000000e-01
2.731500000000002615e+01,5.000000000000000000e-01
2.731600000000002737e+01,5.000000000000000000e-01
2.731700000000002504e+01,5.000000000000000000e-01
2.731800000000002626e+01,5.000000000000000000e-01
2.731900000000002748e+01,5.000000000000000000e-01
2.732000000000002515e+01,5.000000000000000000e-01
2.732100000000002638e+01,5.000000000000000000e-01
2.732200000000002760e+01,5.000000000000000000e-01
2.732300000000002527e+01,5.000000000000000000e-01
2.732400000000002649e+01,5.000000000000000000e-01
2.732500000000002416e+01,5.000000000000000000e-01
2.732600000000002538e+01,5.000000000000000000e-01
2.732700000000002660e+01,5.000000000000000000e-01
2.732800000000002427e+01,5.000000000000000000e-01
2.732900000000002549e+01,5.000000000000000000e-01
2.733000000000002672e+01,5.000000000000000000e-01
2.733100000000002439e+01,5.000000000000000000e-01
2.733200000000002561e+01,5.000000000000000000e-01
2.733300000000002683e+01,5.000000000000000000e-01
2.733400000000002450e+01,5.000000000000000000e-01
2.733500000000002572e+01,5.000000000000000000e-01
2.733600000000002694e+01,5.000000000000000000e-01
2.733700000000002461e+01,5.000000000000000000e-01
2.733800000000002584e+01,5.000000000000000000e-01
2.733900000000002706e+01,5.000000000000000000e-01
2.734000000000002473e+01,5.000000000000000000e-01
2.734100000000002595e+01,5.000000000000000000e-01
2.734200000000002717e+01,5.000000000000000000e-01
2.734300000000002484e+01,5.000000000000000000e-01
2.734400000000002606e+01,5.000000000000000000e-01
2.734500000000002728e+01,5.000000000000000000e-01
2.734600000000002495e+01,5.000000000000000000e-01
2.734700000000002618e+01,5.000000000000000000e-01
2.734800000000002740e+01,5.000000000000000000e-01
2.734900000000002507e+01,5.000000000000000000e-01
2.735000000000002629e+01,5.000000000000000000e-01
2.735100000000002751e+01,5.000000000000000000e-01
2.735200000000002518e+01,5.000000000000000000e-01
2.735300000000002640e+01,5.000000000000000000e-01
2.735400000000002763e+01,5.000000000000000000e-01
2.735500000000002530e+01,5.000000000000000000e-01
2.735600000000002652e+01,5.000000000000000000e-01
2.735700000000002774e+01,5.000000000000000000e-01
2.735800000000002541e+01,5.000000000000000000e-01
2.735900000000002663e+01,5.000000000000000000e-01
2.736000000000002430e+01,5.000000000000000000e-01
2.736100000000002552e+01,5.000000000000000000e-01
2.736200000000002674e+01,5.000000000000000000e-01
2.736300000000002441e+01,5.000000000000000000e-01
2.736400000000002564e+01,5.000000000000000000e-01
2.736500000000002686e+01,5.000000000000000000e-01
2.736600000000002453e+01,5.000000000000000000e-01
2.736700000000002575e+01,5.000000000000000000e-01
2.736800000000002697e+01,5.000000000000000000e-01
2.736900000000002464e+01,5.000000000000000000e-01
2.737000000000002586e+01,5.000000000000000000e-01
2.737100000000002709e+01,5.000000000000000000e-01
2.737200000000002476e+01,5.000000000000000000e-01
2.737300000000002598e+01,5.000000000000000000e-01
2.737400000000002720e+01,5.000000000000000000e-01
2.737500000000002487e+01,5.000000000000000000e-01
2.737600000000002609e+01,5.000000000000000000e-01
2.737700000000002731e+01,5.000000000000000000e-01
2.737800000000002498e+01,5.000000000000000000e-01
2.737900000000002620e+01,5.000000000000000000e-01
2.738000000000002743e+01,5.000000000000000000e-01
2.738100000000002510e+01,5.000000000000000000e-01
2.738200000000002632e+01,5.000000000000000000e-01
2.738300000000002754e+01,5.000000000000000000e-01
2.738400000000002521e+01,5.000000000000000000e-01
2.738500000000002643e+01,5.000000000000000000e-01
2.738600000000002765e+01,5.000000000000000000e-01
2.738700000000002532e+01,5.000000000000000000e-01
2.738800000000002655e+01,5.000000000000000000e-01
2.738900000000002422e+01,5.000000000000000000e-01
2.739000000000002544e+01,5.000000000000000000e-01
2.739100000000002666e+01,5.000000000000000000e-01
2.739200000000002433e+01,5.000000000000000000e-01
2.739300000000002555e+01,5.000000000000000000e-01
2.739400000000002677e+01,5.000000000000000000e-01
2.739500000000002444e+01,5.000000000000000000e-01
2.739600000000002566e+01,5.000000000000000000e-01
2.739700000000002689e+01,5.000000000000000000e-01
2.739800000000002456e+01,5.000000000000000000e-01
2.739900000000002578e+01,5.000000000000000000e-01
2.740000000000002700e+01,5.000000000000000000e-01
2.740100000000002467e+01,5.000000000000000000e-01
2.740200000000002589e+01,5.000000000000000000e-01
2.740300000000002711e+01,5.000000000000000000e-01
2.740400000000002478e+01,5.000000000000000000e-01
2.740500000000002601e+01,5.000000000000000000e-01
2.740600000000002723e+01,5.000000000000000000e-01
2.740700000000002490e+01,5.000000000000000000e-01
2.740800000000002612e+01,5.000000000000000000e-01
2.740900000000002734e+01,5.000000000000000000e-01
2.741000000000002501e+01,5.000000000000000000e-01
2.741100000000002623e+01,5.000000000000000000e-01
2.741200000000002746e+01,5.000000000000000000e-01
2.741300000000002512e+01,5.000000000000000000e-01
2.741400000000002635e+01,5.000000000000000000e-01
2.741500000000002757e+01,5.000000000000000000e-01
2.741600000000002524e+01,5.000000000000000000e-01
2.741700000000002646e+01,5.000000000000000000e-01
2.741800000000002768e+01,5.000000000000000000e-01
2.741900000000002535e+01,5.000000000000000000e-01
2.742000000000002657e+01,5.000000000000000000e-01
2.742100000000002780e+01,5.000000000000000000e-01
2.742200000000002547e+01,5.000000000000000000e-01
2.742300000000002669e+01,5.000000000000000000e-01
2.742400000000002436e+01,5.000000000000000000e-01
2.742500000000002558e+01,5.000000000000000000e-01
2.742600000000002680e+01,5.000000000000000000e-01
2.742700000000002447e+01,5.000000000000000000e-01
2.742800000000002569e+01,5.000000000000000000e-01
2.742900000000002692e+01,5.000000000000000000e-01
2.743000000000002458e+01,5.000000000000000000e-01
2.743100000000002581e+01,5.000000000000000000e-01
2.743200000000002703e+01,5.000000000000000000e-01
2.743300000000002470e+01,5.000000000000000000e-01
2.743400000000002592e+01,5.000000000000000000e-01
2.743500000000002714e+01,5.000000000000000000e-01
2.743600000000002481e+01,5.000000000000000000e-01
2.743700000000002603e+01,5.000000000000000000e-01
2.743800000000002726e+01,5.000000000000000000e-01
2.743900000000002493e+01,5.000000000000000000e-01
2.744000000000002615e+01,5.000000000000000000e-01
2.744100000000002737e+01,5.000000000000000000e-01
2.744200000000002504e+01,5.000000000000000000e-01
2.744300000000002626e+01,5.000000000000000000e-01
2.744400000000002748e+01,5.000000000000000000e-01
2.744500000000002515e+01,5.000000000000000000e-01
2.744600000000002638e+01,5.000000000000000000e-01
2.744700000000002760e+01,5.000000000000000000e-01
2.744800000000002527e+01,5.000000000000000000e-01
2.744900000000002649e+01,5.000000000000000000e-01
2.745000000000002771e+01,5.000000000000000000e-01
2.745100000000002538e+01,5.000000000000000000e-01
2.745200000000002660e+01,5.000000000000000000e-01
2.745300000000002427e+01,5.000000000000000000e-01
2.745400000000002549e+01,5.000000000000000000e-01
2.745500000000002672e+01,5.000000000000000000e-01
2.745600000000002439e+01,5.000000000000000000e-01
2.745700000000002561e+01,5.000000000000000000e-01
2.745800000000002683e+01,5.000000000000000000e-01
2.745900000000002450e+01,5.000000000000000000e-01
2.746000000000002572e+01,5.000000000000000000e-01
2.746100000000002694e+01,5.000000000000000000e-01
2.746200000000002461e+01,5.000000000000000000e-01
2.746300000000002584e+01,5.000000000000000000e-01
2.746400000000002706e+01,5.000000000000000000e-01
2.746500000000002473e+01,5.000000000000000000e-01
2.746600000000002595e+01,5.000000000000000000e-01
2.746700000000002717e+01,5.000000000000000000e-01
2.746800000000002484e+01,5.000000000000000000e-01
2.746900000000002606e+01,5.000000000000000000e-01
2.747000000000002728e+01,5.000000000000000000e-01
2.747100000000002495e+01,5.000000000000000000e-01
2.747200000000002618e+01,5.000000000000000000e-01
2.747300000000002740e+01,5.000000000000000000e-01
2.747400000000002507e+01,5.000000000000000000e-01
2.747500000000002629e+01,5.000000000000000000e-01
2.747600000000002751e+01,5.000000000000000000e-01
2.747700000000002518e+01,5.000000000000000000e-01
2.747800000000002640e+01,5.000000000000000000e-01
2.747900000000002763e+01,5.000000000000000000e-01
2.748000000000002530e+01,5.000000000000000000e-01
2.748100000000002652e+01,5.000000000000000000e-01
2.748200000000002774e+01,5.000000000000000000e-01
2.748300000000002541e+01,5.000000000000000000e-01
2.748400000000002663e+01,5.000000000000000000e-01
2.748500000000002785e+01,5.000000000000000000e-01
2.748600000000002552e+01,5.000000000000000000e-01
2.748700000000002674e+01,5.000000000000000000e-01
2.748800000000002441e+01,5.000000000000000000e-01
2.748900000000002564e+01,5.000000000000000000e-01
2.749000000000002686e+01,5.000000000000000000e-01
2.749100000000002453e+01,5.000000000000000000e-01
2.749200000000002575e+01,5.000000000000000000e-01
2.749300000000002697e+01,5.000000000000000000e-01
2.749400000000002464e+01,5.000000000000000000e-01
2.749500000000002586e+01,5.000000000000000000e-01
2.749600000000002709e+01,5.000000000000000000e-01
2.749700000000002476e+01,5.000000000000000000e-01
2.749800000000002598e+01,5.000000000000000000e-01
2.749900000000002720e+01,5.000000000000000000e-01
2.750000000000002487e+01,5.000000000000000000e-01
2.750100000000002609e+01,5.000000000000000000e-01
2.750200000000002731e+01,5.000000000000000000e-01
2.750300000000002498e+01,5.000000000000000000e-01
2.750400000000002620e+01,5.000000000000000000e-01
2.750500000000002743e+01,5.000000000000000000e-01
2.750600000000002510e+01,5.000000000000000000e-01
2.750700000000002632e+01,5.000000000000000000e-01
2.750800000000002754e+01,5.000000000000000000e-01
2.750900000000002521e+01,5.000000000000000000e-01
2.751000000000002643e+01,5.000000000000000000e-01
2.751100000000002765e+01,5.000000000000000000e-01
2.751200000000002532e+01,5.000000000000000000e-01
2.751300000000002655e+01,5.000000000000000000e-01
2.751400000000002777e+01,5.000000000000000000e-01
2.751500000000002544e+01,5.000000000000000000e-01
2.751600000000002666e+01,5.000000000000000000e-01
2.751700000000002433e+01,5.000000000000000000e-01
2.751800000000002555e+01,5.000000000000000000e-01
2.751900000000002677e+01,5.000000000000000000e-01
2.752000000000002444e+01,5.000000000000000000e-01
2.752100000000002566e+01,5.000000000000000000e-01
2.752200000000002689e+01,5.000000000000000000e-01
2.752300000000002456e+01,5.000000000000000000e-01
2.752400000000002578e+01,5.000000000000000000e-01
2.752500000000002700e+01,5.000000000000000000e-01
2.752600000000002467e+01,5.000000000000000000e-01
2.752700000000002589e+01,5.000000000000000000e-01
2.752800000000002711e+01,5.000000000000000000e-01
2.752900000000002478e+01,5.000000000000000000e-01
2.753000000000002601e+01,5.000000000000000000e-01
2.753100000000002723e+01,5.000000000000000000e-01
2.753200000000002490e+01,5.000000000000000000e-01
2.753300000000002612e+01,5.000000000000000000e-01
2.753400000000002734e+01,5.000000000000000000e-01
2.753500000000002501e+01,5.000000000000000000e-01
2.753600000000002623e+01,5.000000000000000000e-01
2.753700000000002746e+01,5.000000000000000000e-01
2.753800000000002512e+01,5.000000000000000000e-01
2.753900000000002635e+01,5.000000000000000000e-01
2.754000000000002757e+01,5.000000000000000000e-01
2.754100000000002524e+01,5.000000000000000000e-01
2.754200000000002646e+01,5.000000000000000000e-01
2.754300000000002768e+01,5.000000000000000000e-01
2.754400000000002535e+01,5.000000000000000000e-01
2.754500000000002657e+01,5.000000000000000000e-01
2.754600000000002780e+01,5.000000000000000000e-01
2.754700000000002547e+01,5.000000000000000000e-01
2.754800000000002669e+01,5.000000000000000000e-01
2.754900000000002791e+01,5.000000000000000000e-01
2.755000000000002558e+01,5.000000000000000000e-01
2.755100000000002680e+01,5.000000000000000000e-01
2.755200000000002447e+01,5.000000000000000000e-01
2.755300000000002569e+01,5.000000000000000000e-01
2.755400000000002692e+01,5.000000000000000000e-01
2.755500000000002458e+01,5.000000000000000000e-01
2.755600000000002581e+01,5.000000000000000000e-01
2.755700000000002703e+01,5.000000000000000000e-01
2.755800000000002470e+01,5.000000000000000000e-01
2.755900000000002592e+01,5.000000000000000000e-01
2.756000000000002714e+01,5.000000000000000000e-01
2.756100000000002481e+01,5.000000000000000000e-01
2.756200000000002603e+01,5.000000000000000000e-01
2.756300000000002726e+01,5.000000000000000000e-01
2.756400000000002493e+01,5.000000000000000000e-01
2.756500000000002615e+01,5.000000000000000000e-01
2.756600000000002737e+01,5.000000000000000000e-01
2.756700000000002504e+01,5.000000000000000000e-01
2.756800000000002626e+01,5.000000000000000000e-01
2.756900000000002748e+01,5.000000000000000000e-01
2.757000000000002515e+01,5.000000000000000000e-01
2.757100000000002638e+01,5.000000000000000000e-01
2.757200000000002760e+01,5.000000000000000000e-01
2.757300000000002527e+01,5.000000000000000000e-01
2.757400000000002649e+01,5.000000000000000000e-01
2.757500000000002771e+01,5.000000000000000000e-01
2.757600000000002538e+01,5.000000000000000000e-01
2.757700000000002660e+01,5.000000000000000000e-01
2.757800000000002782e+01,5.000000000000000000e-01
2.757900000000002549e+01,5.000000000000000000e-01
2.758000000000002672e+01,5.000000000000000000e-01
2.758100000000002439e+01,5.000000000000000000e-01
2.758200000000002561e+01,5.000000000000000000e-01
2.758300000000002683e+01,5.000000000000000000e-01
2.758400000000002450e+01,5.000000000000000000e-01
2.758500000000002572e+01,5.000000000000000000e-01
2.758600000000002694e+01,5.000000000000000000e-01
2.758700000000002461e+01,5.000000000000000000e-01
2.758800000000002584e+01,5.000000000000000000e-01
2.758900000000002706e+01,5.000000000000000000e-01
2.759000000000002473e+01,5.000000000000000000e-01
2.759100000000002595e+01,5.000000000000000000e-01
2.759200000000002717e+01,5.000000000000000000e-01
2.759300000000002484e+01,5.000000000000000000e-01
2.759400000000002606e+01,5.000000000000000000e-01
2.759500000000002728e+01,5.000000000000000000e-01
2.759600000000002495e+01,5.000000000000000000e-01
2.759700000000002618e+01,5.000000000000000000e-01
2.759800000000002740e+01,5.000000000000000000e-01
2.759900000000002507e+01,5.000000000000000000e-01
2.760000000000002629e+01,5.000000000000000000e-01
2.760100000000002751e+01,5.000000000000000000e-01
2.760200000000002518e+01,5.000000000000000000e-01
2.760300000000002640e+01,5.000000000000000000e-01
2.760400000000002763e+01,5.000000000000000000e-01
2.760500000000002530e+01,5.000000000000000000e-01
2.760600000000002652e+01,5.000000000000000000e-01
2.760700000000002774e+01,5.000000000000000000e-01
2.760800000000002541e+01,5.000000000000000000e-01
2.760900000000002663e+01,5.000000000000000000e-01
2.761000000000002785e+01,5.000000000000000000e-01
2.761100000000002552e+01,5.000000000000000000e-01
2.761200000000002674e+01,5.000000000000000000e-01
2.761300000000002797e+01,5.000000000000000000e-01
2.761400000000002564e+01,5.000000000000000000e-01
2.761500000000002686e+01,5.000000000000000000e-01
2.761600000000002453e+01,5.000000000000000000e-01
2.761700000000002575e+01,5.000000000000000000e-01
2.761800000000002697e+01,5.000000000000000000e-01
2.761900000000002464e+01,5.000000000000000000e-01
2.762000000000002586e+01,5.000000000000000000e-01
2.762100000000002709e+01,5.000000000000000000e-01
2.762200000000002476e+01,5.000000000000000000e-01
2.762300000000002598e+01,5.000000000000000000e-01
2.762400000000002720e+01,5.000000000000000000e-01
2.762500000000002487e+01,5.000000000000000000e-01
2.762600000000002609e+01,5.000000000000000000e-01
2.762700000000002731e+01,5.000000000000000000e-01
2.762800000000002498e+01,5.000000000000000000e-01
2.762900000000002620e+01,5.000000000000000000e-01
2.763000000000002743e+01,5.000000000000000000e-01
2.763100000000002510e+01,5.000000000000000000e-01
2.763200000000002632e+01,5.000000000000000000e-01
2.763300000000002754e+01,5.000000000000000000e-01
2.763400000000002521e+01,5.000000000000000000e-01
2.763500000000002643e+01,5.000000000000000000e-01
2.763600000000002765e+01,5.000000000000000000e-01
2.763700000000002532e+01,5.000000000000000000e-01
2.763800000000002655e+01,5.000000000000000000e-01
2.763900000000002777e+01,5.000000000000000000e-01
2.764000000000002544e+01,5.000000000000000000e-01
2.764100000000002666e+01,5.000000000000000000e-01
2.764200000000002788e+01,5.000000000000000000e-01
2.764300000000002555e+01,5.000000000000000000e-01
2.764400000000002677e+01,5.000000000000000000e-01
2.764500000000002444e+01,5.000000000000000000e-01
2.764600000000002566e+01,5.000000000000000000e-01
2.764700000000002689e+01,5.000000000000000000e-01
2.764800000000002456e+01,5.000000000000000000e-01
2.764900000000002578e+01,5.000000000000000000e-01
2.765000000000002700e+01,5.000000000000000000e-01
2.765100000000002467e+01,5.000000000000000000e-01
2.765200000000002589e+01,5.000000000000000000e-01
2.765300000000002711e+01,5.000000000000000000e-01
2.765400000000002478e+01,5.000000000000000000e-01
2.765500000000002601e+01,5.000000000000000000e-01
2.765600000000002723e+01,5.000000000000000000e-01
2.765700000000002490e+01,5.000000000000000000e-01
2.765800000000002612e+01,5.000000000000000000e-01
2.765900000000002734e+01,5.000000000000000000e-01
2.766000000000002501e+01,5.000000000000000000e-01
2.766100000000002623e+01,5.000000000000000000e-01
2.766200000000002746e+01,5.000000000000000000e-01
2.766300000000002512e+01,5.000000000000000000e-01
2.766400000000002635e+01,5.000000000000000000e-01
2.766500000000002757e+01,5.000000000000000000e-01
2.766600000000002524e+01,5.000000000000000000e-01
2.766700000000002646e+01,5.000000000000000000e-01
2.766800000000002768e+01,5.000000000000000000e-01
2.766900000000002535e+01,5.000000000000000000e-01
2.767000000000002657e+01,5.000000000000000000e-01
2.767100000000002780e+01,5.000000000000000000e-01
2.767200000000002547e+01,5.000000000000000000e-01
2.767300000000002669e+01,5.000000000000000000e-01
2.767400000000002791e+01,5.000000000000000000e-01
2.767500000000002558e+01,5.000000000000000000e-01
2.767600000000002680e+01,5.000000000000000000e-01
2.767700000000002802e+01,5.000000000000000000e-01
2.767800000000002569e+01,5.000000000000000000e-01
2.767900000000002692e+01,5.000000000000000000e-01
2.768000000000002458e+01,5.000000000000000000e-01
2.768100000000002581e+01,5.000000000000000000e-01
2.768200000000002703e+01,5.000000000000000000e-01
2.768300000000002470e+01,5.000000000000000000e-01
2.768400000000002592e+01,5.000000000000000000e-01
2.768500000000002714e+01,5.000000000000000000e-01
2.768600000000002481e+01,5.000000000000000000e-01
2.768700000000002603e+01,5.000000000000000000e-01
2.768800000000002726e+01,5.000000000000000000e-01
2.768900000000002493e+01,5.000000000000000000e-01
2.769000000000002615e+01,5.000000000000000000e-01
2.769100000000002737e+01,5.000000000000000000e-01
2.769200000000002504e+01,5.000000000000000000e-01
2.769300000000002626e+01,5.000000000000000000e-01
2.769400000000002748e+01,5.000000000000000000e-01
2.769500000000002515e+01,5.000000000000000000e-01
2.769600000000002638e+01,5.000000000000000000e-01
2.769700000000002760e+01,5.000000000000000000e-01
2.769800000000002527e+01,5.000000000000000000e-01
2.769900000000002649e+01,5.000000000000000000e-01
2.770000000000002771e+01,5.000000000000000000e-01
2.770100000000002538e+01,5.000000000000000000e-01
2.770200000000002660e+01,5.000000000000000000e-01
2.770300000000002782e+01,5.000000000000000000e-01
2.770400000000002549e+01,5.000000000000000000e-01
2.770500000000002672e+01,5.000000000000000000e-01
2.770600000000002794e+01,5.000000000000000000e-01
2.770700000000002561e+01,5.000000000000000000e-01
2.770800000000002683e+01,5.000000000000000000e-01
2.770900000000002450e+01,5.000000000000000000e-01
2.771000000000002572e+01,5.000000000000000000e-01
2.771100000000002694e+01,5.000000000000000000e-01
2.771200000000002461e+01,5.000000000000000000e-01
2.771300000000002584e+01,5.000000000000000000e-01
2.771400000000002706e+01,5.000000000000000000e-01
2.771500000000002473e+01,5.000000000000000000e-01
2.771600000000002595e+01,5.000000000000000000e-01
2.771700000000002717e+01,5.000000000000000000e-01
2.771800000000002484e+01,5.000000000000000000e-01
2.771900000000002606e+01,5.000000000000000000e-01
2.772000000000002728e+01,5.000000000000000000e-01
2.772100000000002495e+01,5.000000000000000000e-01
2.772200000000002618e+01,5.000000000000000000e-01
2.772300000000002740e+01,5.000000000000000000e-01
2.772400000000002507e+01,5.000000000000000000e-01
2.772500000000002629e+01,5.000000000000000000e-01
2.772600000000002751e+01,5.000000000000000000e-01
2.772700000000002518e+01,5.000000000000000000e-01
2.772800000000002640e+01,5.000000000000000000e-01
2.772900000000002763e+01,5.000000000000000000e-01
2.773000000000002530e+01,5.000000000000000000e-01
2.773100000000002652e+01,5.000000000000000000e-01
2.773200000000002774e+01,5.000000000000000000e-01
2.773300000000002541e+01,5.000000000000000000e-01
2.773400000000002663e+01,5.000000000000000000e-01
2.773500000000002785e+01,5.000000000000000000e-01
2.773600000000002552e+01,5.000000000000000000e-01
2.773700000000002674e+01,5.000000000000000000e-01
2.773800000000002797e+01,5.000000000000000000e-01
2.773900000000002564e+01,5.000000000000000000e-01
2.774000000000002686e+01,5.000000000000000000e-01
2.774100000000002808e+01,5.000000000000000000e-01
2.774200000000002575e+01,5.000000000000000000e-01
2.774300000000002697e+01,5.000000000000000000e-01
2.774400000000002464e+01,5.000000000000000000e-01
2.774500000000002586e+01,5.000000000000000000e-01
2.774600000000002709e+01,5.000000000000000000e-01
2.774700000000002476e+01,5.000000000000000000e-01
2.774800000000002598e+01,5.000000000000000000e-01
2.774900000000002720e+01,5.000000000000000000e-01
2.775000000000002487e+01,5.000000000000000000e-01
2.775100000000002609e+01,5.000000000000000000e-01
2.775200000000002731e+01,5.000000000000000000e-01
2.775300000000002498e+01,5.000000000000000000e-01
2.775400000000002620e+01,5.000000000000000000e-01
2.775500000000002743e+01,5.000000000000000000e-01
2.775600000000002510e+01,5.000000000000000000e-01
2.775700000000002632e+01,5.000000000000000000e-01
2.775800000000002754e+01,5.000000000000000000e-01
2.775900000000002521e+01,5.000000000000000000e-01
2.776000000000002643e+01,5.000000000000000000e-01
2.776100000000002765e+01,5.000000000000000000e-01
2.776200000000002532e+01,5.000000000000000000e-01
2.776300000000002655e+01,5.000000000000000000e-01
2.776400000000002777e+01,5.000000000000000000e-01
2.776500000000002544e+01,5.000000000000000000e-01
2.776600000000002666e+01,5.000000000000000000e-01
2.776700000000002788e+01,5.000000000000000000e-01
2.776800000000002555e+01,5.000000000000000000e-01
2.776900000000002677e+01,5.000000000000000000e-01
2.777000000000002800e+01,5.000000000000000000e-01
2.777100000000002566e+01,5.000000000000000000e-01
2.777200000000002689e+01,5.000000000000000000e-01
2.777300000000002456e+01,5.000000000000000000e-01
2.777400000000002578e+01,5.000000000000000000e-01
2.777500000000002700e+01,5.000000000000000000e-01
2.777600000000002467e+01,5.000000000000000000e-01
2.777700000000002589e+01,5.000000000000000000e-01
2.777800000000002711e+01,5.000000000000000000e-01
2.777900000000002478e+01,5.000000000000000000e-01
2.778000000000002601e+01,5.000000000000000000e-01
2.778100000000002723e+01,5.000000000000000000e-01
2.778200000000002490e+01,5.000000000000000000e-01
2.778300000000002612e+01,5.000000000000000000e-01
2.778400000000002734e+01,5.000000000000000000e-01
2.778500000000002501e+01,5.000000000000000000e-01
2.778600000000002623e+01,5.000000000000000000e-01
2.778700000000002746e+01,5.000000000000000000e-01
2.778800000000002512e+01,5.000000000000000000e-01
2.778900000000002635e+01,5.000000000000000000e-01
2.779000000000002757e+01,5.000000000000000000e-01
2.779100000000002524e+01,5.000000000000000000e-01
2.779200000000002646e+01,5.000000000000000000e-01
2.779300000000002768e+01,5.000000000000000000e-01
2.779400000000002535e+01,5.000000000000000000e-01
2.779500000000002657e+01,5.000000000000000000e-01
2.779600000000002780e+01,5.000000000000000000e-01
2.779700000000002547e+01,5.000000000000000000e-01
2.779800000000002669e+01,5.000000000000000000e-01
2.779900000000002791e+01,5.000000000000000000e-01
2.780000000000002558e+01,5.000000000000000000e-01
2.780100000000002680e+01,5.000000000000000000e-01
2.780200000000002802e+01,5.000000000000000000e-01
2.780300000000002569e+01,5.000000000000000000e-01
2.780400000000002692e+01,5.000000000000000000e-01
2.780500000000002814e+01,5.000000000000000000e-01
2.780600000000002581e+01,5.000000000000000000e-01
2.780700000000002703e+01,5.000000000000000000e-01
2.780800000000002470e+01,5.000000000000000000e-01
2.780900000000002592e+01,5.000000000000000000e-01
2.781000000000002714e+01,5.000000000000000000e-01
2.781100000000002481e+01,5.000000000000000000e-01
2.781200000000002603e+01,5.000000000000000000e-01
2.781300000000002726e+01,5.000000000000000000e-01
2.781400000000002493e+01,5.000000000000000000e-01
2.781500000000002615e+01,5.000000000000000000e-01
2.781600000000002737e+01,5.000000000000000000e-01
2.781700000000002504e+01,5.000000000000000000e-01
2.781800000000002626e+01,5.000000000000000000e-01
2.781900000000002748e+01,5.000000000000000000e-01
2.782000000000002515e+01,5.000000000000000000e-01
2.782100000000002638e+01,5.000000000000000000e-01
2.782200000000002760e+01,5.000000000000000000e-01
2.782300000000002527e+01,5.000000000000000000e-01
2.782400000000002649e+01,5.000000000000000000e-01
2.782500000000002771e+01,5.000000000000000000e-01
2.782600000000002538e+01,5.000000000000000000e-01
2.782700000000002660e+01,5.000000000000000000e-01
2.782800000000002782e+01,5.000000000000000000e-01
2.782900000000002549e+01,5.000000000000000000e-01
2.783000000000002672e+01,5.000000000000000000e-01
2.783100000000002794e+01,5.000000000000000000e-01
2.783200000000002561e+01,5.000000000000000000e-01
2.783300000000002683e+01,5.000000000000000000e-01
2.783400000000002805e+01,5.000000000000000000e-01
2.783500000000002572e+01,5.000000000000000000e-01
2.783600000000002694e+01,5.000000000000000000e-01
2.783700000000002461e+01,5.000000000000000000e-01
2.783800000000002584e+01,5.000000000000000000e-01
2.783900000000002706e+01,5.000000000000000000e-01
2.784000000000002473e+01,5.000000000000000000e-01
2.784100000000002595e+01,5.000000000000000000e-01
2.784200000000002717e+01,5.000000000000000000e-01
2.784300000000002484e+01,5.000000000000000000e-01
2.784400000000002606e+01,5.000000000000000000e-01
2.784500000000002728e+01,5.000000000000000000e-01
2.784600000000002495e+01,5.000000000000000000e-01
2.784700000000002618e+01,5.000000000000000000e-01
2.784800000000002740e+01,5.000000000000000000e-01
2.784900000000002507e+01,5.000000000000000000e-01
2.785000000000002629e+01,5.000000000000000000e-01
2.785100000000002751e+01,5.000000000000000000e-01
2.785200000000002518e+01,5.000000000000000000e-01
2.785300000000002640e+01,5.000000000000000000e-01
2.785400000000002763e+01,5.000000000000000000e-01
2.785500000000002530e+01,5.000000000000000000e-01
2.785600000000002652e+01,5.000000000000000000e-01
2.785700000000002774e+01,5.000000000000000000e-01
2.785800000000002541e+01,5.000000000000000000e-01
2.785900000000002663e+01,5.000000000000000000e-01
2.786000000000002785e+01,5.000000000000000000e-01
2.786100000000002552e+01,5.000000000000000000e-01
2.786200000000002674e+01,5.000000000000000000e-01
2.786300000000002797e+01,5.000000000000000000e-01
2.786400000000002564e+01,5.000000000000000000e-01
2.786500000000002686e+01,5.000000000000000000e-01
2.786600000000002808e+01,5.000000000000000000e-01
2.786700000000002575e+01,5.000000000000000000e-01
2.786800000000002697e+01,5.000000000000000000e-01
2.786900000000002819e+01,5.000000000000000000e-01
2.787000000000002586e+01,5.000000000000000000e-01
2.787100000000002709e+01,5.000000000000000000e-01
2.787200000000002476e+01,5.000000000000000000e-01
2.787300000000002598e+01,5.000000000000000000e-01
2.787400000000002720e+01,5.000000000000000000e-01
2.787500000000002487e+01,5.000000000000000000e-01
2.787600000000002609e+01,5.000000000000000000e-01
2.787700000000002731e+01,5.000000000000000000e-01
2.787800000000002498e+01,5.000000000000000000e-01
2.787900000000002620e+01,5.000000000000000000e-01
2.788000000000002743e+01,5.000000000000000000e-01
2.788100000000002510e+01,5.000000000000000000e-01
2.788200000000002632e+01,5.000000000000000000e-01
2.788300000000002754e+01,5.000000000000000000e-01
2.788400000000002521e+01,5.000000000000000000e-01
2.788500000000002643e+01,5.000000000000000000e-01
2.788600000000002765e+01,5.000000000000000000e-01
2.788700000000002532e+01,5.000000000000000000e-01
2.788800000000002655e+01,5.000000000000000000e-01
2.788900000000002777e+01,5.000000000000000000e-01
2.789000000000002544e+01,5.000000000000000000e-01
2.789100000000002666e+01,5.000000000000000000e-01
2.789200000000002788e+01,5.000000000000000000e-01
2.789300000000002555e+01,5.000000000000000000e-01
2.789400000000002677e+01,5.000000000000000000e-01
2.789500000000002800e+01,5.000000000000000000e-01
2.789600000000002566e+01,5.000000000000000000e-01
2.789700000000002689e+01,5.000000000000000000e-01
2.789800000000002811e+01,5.000000000000000000e-01
2.789900000000002578e+01,5.000000000000000000e-01
2.790000000000002700e+01,5.000000000000000000e-01
2.790100000000002467e+01,5.000000000000000000e-01
2.790200000000002589e+01,5.000000000000000000e-01
2.790300000000002711e+01,5.000000000000000000e-01
2.790400000000002478e+01,5.000000000000000000e-01
2.790500000000002601e+01,5.000000000000000000e-01
2.790600000000002723e+01,5.000000000000000000e-01
2.790700000000002490e+01,5.000000000000000000e-01
2.790800000000002612e+01,5.000000000000000000e-01
2.790900000000002734e+01,5.000000000000000000e-01
2.791000000000002501e+01,5.000000000000000000e-01
2.791100000000002623e+01,5.000000000000000000e-01
2.791200000000002746e+01,5.000000000000000000e-01
2.791300000000002512e+01,5.000000000000000000e-01
2.791400000000002635e+01,5.000000000000000000e-01
2.791500000000002757e+01,5.000000000000000000e-01
2.791600000000002524e+01,5.000000000000000000e-01
2.791700000000002646e+01,5.000000000000000000e-01
2.791800000000002768e+01,5.000000000000000000e-01
2.791900000000002535e+01,5.000000000000000000e-01
2.792000000000002657e+01,5.000000000000000000e-01
2.792100000000002780e+01,5.000000000000000000e-01
2.792200000000002547e+01,5.000000000000000000e-01
2.792300000000002669e+01,5.000000000000000000e-01
2.792400000000002791e+01,5.000000000000000000e-01
2.792500000000002558e+01,5.000000000000000000e-01
2.792600000000002680e+01,5.000000000000000000e-01
2.792700000000002802e+01,5.000000000000000000e-01
2.792800000000002569e+01,5.000000000000000000e-01
2.792900000000002692e+01,5.000000000000000000e-01
2.793000000000002814e+01,5.000000000000000000e-01
2.793100000000002581e+01,5.000000000000000000e-01
2.793200000000002703e+01,5.000000000000000000e-01
2.793300000000002825e+01,5.000000000000000000e-01
2.793400000000002592e+01,5.000000000000000000e-01
2.793500000000002714e+01,5.000000000000000000e-01
2.793600000000002481e+01,5.000000000000000000e-01
2.793700000000002603e+01,5.000000000000000000e-01
2.793800000000002726e+01,5.000000000000000000e-01
2.793900000000002493e+01,5.000000000000000000e-01
2.794000000000002615e+01,5.000000000000000000e-01
2.794100000000002737e+01,5.000000000000000000e-01
2.794200000000002504e+01,5.000000000000000000e-01
2.794300000000002626e+01,5.000000000000000000e-01
2.794400000000002748e+01,5.000000000000000000e-01
2.794500000000002515e+01,5.000000000000000000e-01
2.794600000000002638e+01,5.000000000000000000e-01
2.794700000000002760e+01,5.000000000000000000e-01
2.794800000000002527e+01,5.000000000000000000e-01
2.794900000000002649e+01,5.000000000000000000e-01
2.795000000000002771e+01,5.000000000000000000e-01
2.795100000000002538e+01,5.000000000000000000e-01
2.795200000000002660e+01,5.000000000000000000e-01
2.795300000000002782e+01,5.000000000000000000e-01
2.795400000000002549e+01,5.000000000000000000e-01
2.795500000000002672e+01,5.000000000000000000e-01
2.795600000000002794e+01,5.000000000000000000e-01
2.795700000000002561e+01,5.000000000000000000e-01
2.795800000000002683e+01,5.000000000000000000e-01
2.795900000000002805e+01,5.000000000000000000e-01
2.796000000000002572e+01,5.000000000000000000e-01
2.796100000000002694e+01,5.000000000000000000e-01
2.796200000000002817e+01,5.000000000000000000e-01
2.796300000000002584e+01,5.000000000000000000e-01
2.796400000000002706e+01,5.000000000000000000e-01
2.796500000000002473e+01,5.000000000000000000e-01
2.796600000000002595e+01,5.000000000000000000e-01
2.796700000000002717e+01,5.000000000000000000e-01
2.796800000000002484e+01,5.000000000000000000e-01
2.796900000000002606e+01,5.000000000000000000e-01
2.797000000000002728e+01,5.000000000000000000e-01
2.797100000000002495e+01,5.000000000000000000e-01
2.797200000000002618e+01,5.000000000000000000e-01
2.797300000000002740e+01,5.000000000000000000e-01
2.797400000000002507e+01,5.000000000000000000e-01
2.797500000000002629e+01,5.000000000000000000e-01
2.797600000000002751e+01,5.000000000000000000e-01
2.797700000000002518e+01,5.000000000000000000e-01
2.797800000000002640e+01,5.000000000000000000e-01
2.797900000000002763e+01,5.000000000000000000e-01
2.798000000000002530e+01,5.000000000000000000e-01
2.798100000000002652e+01,5.000000000000000000e-01
2.798200000000002774e+01,5.000000000000000000e-01
2.798300000000002541e+01,5.000000000000000000e-01
2.798400000000002663e+01,5.000000000000000000e-01
2.798500000000002785e+01,5.000000000000000000e-01
2.798600000000002552e+01,5.000000000000000000e-01
2.798700000000002674e+01,5.000000000000000000e-01
2.798800000000002797e+01,5.000000000000000000e-01
2.798900000000002564e+01,5.000000000000000000e-01
2.799000000000002686e+01,5.000000000000000000e-01
2.799100000000002808e+01,5.000000000000000000e-01
2.799200000000002575e+01,5.000000000000000000e-01
2.799300000000002697e+01,5.000000000000000000e-01
2.799400000000002819e+01,5.000000000000000000e-01
2.799500000000002586e+01,5.000000000000000000e-01
2.799600000000002709e+01,5.000000000000000000e-01
2.799700000000002831e+01,5.000000000000000000e-01
2.799800000000002598e+01,5.000000000000000000e-01
2.799900000000002720e+01,5.000000000000000000e-01
2.800000000000002487e+01,5.000000000000000000e-01
2.800100000000002609e+01,5.000000000000000000e-01
2.800200000000002731e+01,5.000000000000000000e-01
2.800300000000002498e+01,5.000000000000000000e-01
2.800400000000002620e+01,5.000000000000000000e-01
2.800500000000002743e+01,5.000000000000000000e-01
2.800600000000002510e+01,5.000000000000000000e-01
2.800700000000002632e+01,5.000000000000000000e-01
2.800800000000002754e+01,5.000000000000000000e-01
2.800900000000002521e+01,5.000000000000000000e-01
2.801000000000002643e+01,5.000000000000000000e-01
2.801100000000002765e+01,5.000000000000000000e-01
2.801200000000002532e+01,5.000000000000000000e-01
2.801300000000002655e+01,5.000000000000000000e-01
2.801400000000002777e+01,5.000000000000000000e-01
2.801500000000002544e+01,5.000000000000000000e-01
2.801600000000002666e+01,5.000000000000000000e-01
2.801700000000002788e+01,5.000000000000000000e-01
2.801800000000002555e+01,5.000000000000000000e-01
2.801900000000002677e+01,5.000000000000000000e-01
2.802000000000002800e+01,5.000000000000000000e-01
2.802100000000002566e+01,5.000000000000000000e-01
2.802200000000002689e+01,5.000000000000000000e-01
2.802300000000002811e+01,5.000000000000000000e-01
2.802400000000002578e+01,5.000000000000000000e-01
2.802500000000002700e+01,5.000000000000000000e-01
2.802600000000002822e+01,5.000000000000000000e-01
2.802700000000002589e+01,5.000000000000000000e-01
2.802800000000002711e+01,5.000000000000000000e-01
2.802900000000002478e+01,5.000000000000000000e-01
2.803000000000002601e+01,5.000000000000000000e-01
2.803100000000002723e+01,5.000000000000000000e-01
2.803200000000002490e+01,5.000000000000000000e-01
2.803300000000002612e+01,5.000000000000000000e-01
2.803400000000002734e+01,5.000000000000000000e-01
2.803500000000002501e+01,5.000000000000000000e-01
2.803600000000002623e+01,5.000000000000000000e-01
2.803700000000002746e+01,5.000000000000000000e-01
2.803800000000002512e+01,5.000000000000000000e-01
2.803900000000002635e+01,5.000000000000000000e-01
2.804000000000002757e+01,5.000000000000000000e-01
2.804100000000002524e+01,5.000000000000000000e-01
2.804200000000002646e+01,5.000000000000000000e-01
2.804300000000002768e+01,5.000000000000000000e-01
2.804400000000002535e+01,5.000000000000000000e-01
2.804500000000002657e+01,5.000000000000000000e-01
2.804600000000002780e+01,5.000000000000000000e-01
2.804700000000002547e+01,5.000000000000000000e-01
2.804800000000002669e+01,5.000000000000000000e-01
2.804900000000002791e+01,5.000000000000000000e-01
2.805000000000002558e+01,5.000000000000000000e-01
2.805100000000002680e+01,5.000000000000000000e-01
2.805200000000002802e+01,5.000000000000000000e-01
2.805300000000002569e+01,5.000000000000000000e-01
2.805400000000002692e+01,5.000000000000000000e-01
2.805500000000002814e+01,5.000000000000000000e-01
2.805600000000002581e+01,5.000000000000000000e-01
2.805700000000002703e+01,5.000000000000000000e-01
2.805800000000002825e+01,5.000000000000000000e-01
2.805900000000002592e+01,5.000000000000000000e-01
2.806000000000002714e+01,5.000000000000000000e-01
2.806100000000002836e+01,5.000000000000000000e-01
2.806200000000002603e+01,5.000000000000000000e-01
2.806300000000002726e+01,5.000000000000000000e-01
2.806400000000002493e+01,5.000000000000000000e-01
2.806500000000002615e+01,5.000000000000000000e-01
2.806600000000002737e+01,5.000000000000000000e-01
2.806700000000002504e+01,5.000000000000000000e-01
2.806800000000002626e+01,5.000000000000000000e-01
2.806900000000002748e+01,5.000000000000000000e-01
2.807000000000002515e+01,5.000000000000000000e-01
2.807100000000002638e+01,5.000000000000000000e-01
2.807200000000002760e+01,5.000000000000000000e-01
2.807300000000002527e+01,5.000000000000000000e-01
2.807400000000002649e+01,5.000000000000000000e-01
2.807500000000002771e+01,5.000000000000000000e-01
2.807600000000002538e+01,5.000000000000000000e-01
2.807700000000002660e+01,5.000000000000000000e-01
2.807800000000002782e+01,5.000000000000000000e-01
2.807900000000002549e+01,5.000000000000000000e-01
2.808000000000002672e+01,5.000000000000000000e-01
2.808100000000002794e+01,5.000000000000000000e-01
2.808200000000002561e+01,5.000000000000000000e-01
2.808300000000002683e+01,5.000000000000000000e-01
2.808400000000002805e+01,5.000000000000000000e-01
2.808500000000002572e+01,5.000000000000000000e-01
2.808600000000002694e+01,5.000000000000000000e-01
2.808700000000002817e+01,5.000000000000000000e-01
2.808800000000002584e+01,5.000000000000000000e-01
2.808900000000002706e+01,5.000000000000000000e-01
2.809000000000002828e+01,5.000000000000000000e-01
2.809100000000002595e+01,5.000000000000000000e-01
2.809200000000002717e+01,5.000000000000000000e-01
2.809300000000002484e+01,5.000000000000000000e-01
2.809400000000002606e+01,5.000000000000000000e-01
2.809500000000002728e+01,5.000000000000000000e-01
2.809600000000002495e+01,5.000000000000000000e-01
2.809700000000002618e+01,5.000000000000000000e-01
2.809800000000002740e+01,5.000000000000000000e-01
2.809900000000002507e+01,5.000000000000000000e-01
2.810000000000002629e+01,5.000000000000000000e-01
2.810100000000002751e+01,5.000000000000000000e-01
2.810200000000002518e+01,5.000000000000000000e-01
2.810300000000002640e+01,5.000000000000000000e-01
2.810400000000002763e+01,5.000000000000000000e-01
2.810500000000002530e+01,5.000000000000000000e-01
2.810600000000002652e+01,5.000000000000000000e-01
2.810700000000002774e+01,5.000000000000000000e-01
2.810800000000002541e+01,5.000000000000000000e-01
2.810900000000002663e+01,5.000000000000000000e-01
2.811000000000002785e+01,5.000000000000000000e-01
2.811100000000002552e+01,5.000000000000000000e-01
2.811200000000002674e+01,5.000000000000000000e-01
2.811300000000002797e+01,5.000000000000000000e-01
2.811400000000002564e+01,5.000000000000000000e-01
2.811500000000002686e+01,5.000000000000000000e-01
2.811600000000002808e+01,5.000000000000000000e-01
2.811700000000002575e+01,5.000000000000000000e-01
2.811800000000002697e+01,5.000000000000000000e-01
2.811900000000002819e+01,5.000000000000000000e-01
2.812000000000002586e+01,5.000000000000000000e-01
2.812100000000002709e+01,5.000000000000000000e-01
2.812200000000002831e+01,5.000000000000000000e-01
2.812300000000002598e+01,5.000000000000000000e-01
2.812400000000002720e+01,5.000000000000000000e-01
2.812500000000002842e+01,5.000000000000000000e-01
2.812600000000002609e+01,5.000000000000000000e-01
2.812700000000002731e+01,5.000000000000000000e-01
2.812800000000002498e+01,5.000000000000000000e-01
2.812900000000002620e+01,5.000000000000000000e-01
2.813000000000002743e+01,5.000000000000000000e-01
2.813100000000002510e+01,5.000000000000000000e-01
2.813200000000002632e+01,5.000000000000000000e-01
2.813300000000002754e+01,5.000000000000000000e-01
2.813400000000002521e+01,5.000000000000000000e-01
2.813500000000002643e+01,5.000000000000000000e-01
2.813600000000002765e+01,5.000000000000000000e-01
2.813700000000002532e+01,5.000000000000000000e-01
2.813800000000002655e+01,5.000000000000000000e-01
2.813900000000002777e+01,5.000000000000000000e-01
2.814000000000002544e+01,5.000000000000000000e-01
2.814100000000002666e+01,5.000000000000000000e-01
2.814200000000002788e+01,5.000000000000000000e-01
2.814300000000002555e+01,5.000000000000000000e-01
2.814400000000002677e+01,5.000000000000000000e-01
2.814500000000002800e+01,5.000000000000000000e-01
2.814600000000002566e+01,5.000000000000000000e-01
2.814700000000002689e+01,5.000000000000000000e-01
2.814800000000002811e+01,5.000000000000000000e-01
2.814900000000002578e+01,5.000000000000000000e-01
2.815000000000002700e+01,5.000000000000000000e-01
2.815100000000002822e+01,5.000000000000000000e-01
2.815200000000002589e+01,5.000000000000000000e-01
2.815300000000002711e+01,5.000000000000000000e-01
2.815400000000002834e+01,5.000000000000000000e-01
2.815500000000002601e+01,5.000000000000000000e-01
2.815600000000002723e+01,5.000000000000000000e-01
2.815700000000002490e+01,5.000000000000000000e-01
2.815800000000002612e+01,5.000000000000000000e-01
2.815900000000002734e+01,5.000000000000000000e-01
2.816000000000002501e+01,5.000000000000000000e-01
2.816100000000002623e+01,5.000000000000000000e-01
2.816200000000002746e+01,5.000000000000000000e-01
2.816300000000002512e+01,5.000000000000000000e-01
2.816400000000002635e+01,5.000000000000000000e-01
2.816500000000002757e+01,5.000000000000000000e-01
2.816600000000002524e+01,5.000000000000000000e-01
2.816700000000002646e+01,5.000000000000000000e-01
2.816800000000002768e+01,5.000000000000000000e-01
2.816900000000002535e+01,5.000000000000000000e-01
2.817000000000002657e+01,5.000000000000000000e-01
2.817100000000002780e+01,5.000000000000000000e-01
2.817200000000002547e+01,5.000000000000000000e-01
2.817300000000002669e+01,5.000000000000000000e-01
2.817400000000002791e+01,5.000000000000000000e-01
2.817500000000002558e+01,5.000000000000000000e-01
2.817600000000002680e+01,5.000000000000000000e-01
2.817700000000002802e+01,5.000000000000000000e-01
2.817800000000002569e+01,5.000000000000000000e-01
2.817900000000002692e+01,5.000000000000000000e-01
2.818000000000002814e+01,5.000000000000000000e-01
2.818100000000002581e+01,5.000000000000000000e-01
2.818200000000002703e+01,5.000000000000000000e-01
2.818300000000002825e+01,5.000000000000000000e-01
2.818400000000002592e+01,5.000000000000000000e-01
2.818500000000002714e+01,5.000000000000000000e-01
2.818600000000002836e+01,5.000000000000000000e-01
2.818700000000002603e+01,5.000000000000000000e-01
2.818800000000002726e+01,5.000000000000000000e-01
2.818900000000002848e+01,5.000000000000000000e-01
2.819000000000002615e+01,5.000000000000000000e-01
2.819100000000002737e+01,5.000000000000000000e-01
2.819200000000002504e+01,5.000000000000000000e-01
2.819300000000002626e+01,5.000000000000000000e-01
2.819400000000002748e+01,5.000000000000000000e-01
2.819500000000002515e+01,5.000000000000000000e-01
2.819600000000002638e+01,5.000000000000000000e-01
2.819700000000002760e+01,5.000000000000000000e-01
2.819800000000002527e+01,5.000000000000000000e-01
2.819900000000002649e+01,5.000000000000000000e-01
2.820000000000002771e+01,5.000000000000000000e-01
2.820100000000002538e+01,5.000000000000000000e-01
2.820200000000002660e+01,5.000000000000000000e-01
2.820300000000002782e+01,5.000000000000000000e-01
2.820400000000002549e+01,5.000000000000000000e-01
2.820500000000002672e+01,5.000000000000000000e-01
2.820600000000002794e+01,5.000000000000000000e-01
2.820700000000002561e+01,5.000000000000000000e-01
2.820800000000002683e+01,5.000000000000000000e-01
2.820900000000002805e+01,5.000000000000000000e-01
2.821000000000002572e+01,5.000000000000000000e-01
2.821100000000002694e+01,5.000000000000000000e-01
2.821200000000002817e+01,5.000000000000000000e-01
2.821300000000002584e+01,5.000000000000000000e-01
2.821400000000002706e+01,5.000000000000000000e-01
2.821500000000002828e+01,5.000000000000000000e-01
2.821600000000002595e+01,5.000000000000000000e-01
2.821700000000002717e+01,5.000000000000000000e-01
2.821800000000002839e+01,5.000000000000000000e-01
2.821900000000002606e+01,5.000000000000000000e-01
2.822000000000002728e+01,5.000000000000000000e-01
2.822100000000002495e+01,5.000000000000000000e-01
2.822200000000002618e+01,5.000000000000000000e-01
2.822300000000002740e+01,5.000000000000000000e-01
2.822400000000002507e+01,5.000000000000000000e-01
2.822500000000002629e+01,5.000000000000000000e-01
2.822600000000002751e+01,5.000000000000000000e-01
2.822700000000002518e+01,5.000000000000000000e-01
2.822800000000002640e+01,5.000000000000000000e-01
2.822900000000002763e+01,5.000000000000000000e-01
2.823000000000002530e+01,5.000000000000000000e-01
2.823100000000002652e+01,5.000000000000000000e-01
2.823200000000002774e+01,5.000000000000000000e-01
2.823300000000002541e+01,5.000000000000000000e-01
2.823400000000002663e+01,5.000000000000000000e-01
2.823500000000002785e+01,5.000000000000000000e-01
2.823600000000002552e+01,5.000000000000000000e-01
2.823700000000002674e+01,5.000000000000000000e-01
2.823800000000002797e+01,5.000000000000000000e-01
2.823900000000002564e+01,5.000000000000000000e-01
2.824000000000002686e+01,5.000000000000000000e-01
2.824100000000002808e+01,5.000000000000000000e-01
2.824200000000002575e+01,5.000000000000000000e-01
2.824300000000002697e+01,5.000000000000000000e-01
2.824400000000002819e+01,5.000000000000000000e-01
2.824500000000002586e+01,5.000000000000000000e-01
2.824600000000002709e+01,5.000000000000000000e-01
2.824700000000002831e+01,5.000000000000000000e-01
2.824800000000002598e+01,5.000000000000000000e-01
2.824900000000002720e+01,5.000000000000000000e-01
2.825000000000002842e+01,5.000000000000000000e-01
2.825100000000002609e+01,5.000000000000000000e-01
2.825200000000002731e+01,5.000000000000000000e-01
2.825300000000002854e+01,5.000000000000000000e-01
2.825400000000002620e+01,5.000000000000000000e-01
2.825500000000002743e+01,5.000000000000000000e-01
2.825600000000002510e+01,5.000000000000000000e-01
2.825700000000002632e+01,5.000000000000000000e-01
2.825800000000002754e+01,5.000000000000000000e-01
2.825900000000002521e+01,5.000000000000000000e-01
2.826000000000002643e+01,5.000000000000000000e-01
2.826100000000002765e+01,5.000000000000000000e-01
2.826200000000002532e+01,5.000000000000000000e-01
2.826300000000002655e+01,5.000000000000000000e-01
2.826400000000002777e+01,5.000000000000000000e-01
2.826500000000002544e+01,5.000000000000000000e-01
2.826600000000002666e+01,5.000000000000000000e-01
2.826700000000002788e+01,5.000000000000000000e-01
2.826800000000002555e+01,5.000000000000000000e-01
2.826900000000002677e+01,5.000000000000000000e-01
2.827000000000002800e+01,5.000000000000000000e-01
2.827100000000002566e+01,5.000000000000000000e-01
2.827200000000002689e+01,5.000000000000000000e-01
2.827300000000002811e+01,5.000000000000000000e-01
2.827400000000002578e+01,5.000000000000000000e-01
2.827500000000002700e+01,5.000000000000000000e-01
2.827600000000002822e+01,5.000000000000000000e-01
2.827700000000002589e+01,5.000000000000000000e-01
2.827800000000002711e+01,5.000000000000000000e-01
2.827900000000002834e+01,5.000000000000000000e-01
2.828000000000002601e+01,5.000000000000000000e-01
2.828100000000002723e+01,5.000000000000000000e-01
2.828200000000002845e+01,5.000000000000000000e-01
2.828300000000002612e+01,5.000000000000000000e-01
2.828400000000002734e+01,5.000000000000000000e-01
2.828500000000002501e+01,5.000000000000000000e-01
2.828600000000002623e+01,5.000000000000000000e-01
2.828700000000002746e+01,5.000000000000000000e-01
2.828800000000002512e+01,5.000000000000000000e-01
2.828900000000002635e+01,5.000000000000000000e-01
2.829000000000002757e+01,5.000000000000000000e-01
2.829100000000002524e+01,5.000000000000000000e-01
2.829200000000002646e+01,5.000000000000000000e-01
2.829300000000002768e+01,5.000000000000000000e-01
2.829400000000002535e+01,5.000000000000000000e-01
2.829500000000002657e+01,5.000000000000000000e-01
2.829600000000002780e+01,5.000000000000000000e-01
2.829700000000002547e+01,5.000000000000000000e-01
2.829800000000002669e+01,5.000000000000000000e-01
2.829900000000002791e+01,5.000000000000000000e-01
2.830000000000002558e+01,5.000000000000000000e-01
2.830100000000002680e+01,5.000000000000000000e-01
2.830200000000002802e+01,5.000000000000000000e-01
2.830300000000002569e+01,5.000000000000000000e-01
2.830400000000002692e+01,5.000000000000000000e-01
2.830500000000002814e+01,5.000000000000000000e-01
2.830600000000002581e+01,5.000000000000000000e-01
2.830700000000002703e+01,5.000000000000000000e-01
2.830800000000002825e+01,5.000000000000000000e-01
2.830900000000002592e+01,5.000000000000000000e-01
2.831000000000002714e+01,5.000000000000000000e-01
2.831100000000002836e+01,5.000000000000000000e-01
2.831200000000002603e+01,5.000000000000000000e-01
2.831300000000002726e+01,5.000000000000000000e-01
2.831400000000002848e+01,5.000000000000000000e-01
2.831500000000002615e+01,5.000000000000000000e-01
2.831600000000002737e+01,5.000000000000000000e-01
2.831700000000002859e+01,5.000000000000000000e-01
2.831800000000002626e+01,5.000000000000000000e-01
2.831900000000002748e+01,5.000000000000000000e-01
2.832000000000002515e+01,5.000000000000000000e-01
2.832100000000002638e+01,5.000000000000000000e-01
2.832200000000002760e+01,5.000000000000000000e-01
2.832300000000002527e+01,5.000000000000000000e-01
2.832400000000002649e+01,5.000000000000000000e-01
2.832500000000002771e+01,5.000000000000000000e-01
2.832600000000002538e+01,5.000000000000000000e-01
2.832700000000002660e+01,5.000000000000000000e-01
2.832800000000002782e+01,5.000000000000000000e-01
2.832900000000002549e+01,5.000000000000000000e-01
2.833000000000002672e+01,5.000000000000000000e-01
2.833100000000002794e+01,5.000000000000000000e-01
2.833200000000002561e+01,5.000000000000000000e-01
2.833300000000002683e+01,5.000000000000000000e-01
2.833400000000002805e+01,5.000000000000000000e-01
2.833500000000002572e+01,5.000000000000000000e-01
2.833600000000002694e+01,5.000000000000000000e-01
2.833700000000002817e+01,5.000000000000000000e-01
2.833800000000002584e+01,5.000000000000000000e-01
2.833900000000002706e+01,5.000000000000000000e-01
2.834000000000002828e+01,5.000000000000000000e-01
2.834100000000002595e+01,5.000000000000000000e-01
2.834200000000002717e+01,5.000000000000000000e-01
2.834300000000002839e+01,5.000000000000000000e-01
2.834400000000002606e+01,5.000000000000000000e-01
2.834500000000002728e+01,5.000000000000000000e-01
2.834600000000002851e+01,5.000000000000000000e-01
2.834700000000002618e+01,5.000000000000000000e-01
2.834800000000002740e+01,5.000000000000000000e-01
2.834900000000002507e+01,5.000000000000000000e-01
2.835000000000002629e+01,5.000000000000000000e-01
2.835100000000002751e+01,5.000000000000000000e-01
2.835200000000002518e+01,5.000000000000000000e-01
2.835300000000002640e+01,5.000000000000000000e-01
2.835400000000002763e+01,5.000000000000000000e-01
2.835500000000002530e+01,5.000000000000000000e-01
2.835600000000002652e+01,5.000000000000000000e-01
2.835700000000002774e+01,5.000000000000000000e-01
2.835800000000002541e+01,5.000000000000000000e-01
2.835900000000002663e+01,5.000000000000000000e-01
2.836000000000002785e+01,5.000000000000000000e-01
2.836100000000002552e+01,5.000000000000000000e-01
2.836200000000002674e+01,5.000000000000000000e-01
2.836300000000002797e+01,5.000000000000000000e-01
2.836400000000002564e+01,5.000000000000000000e-01
2.836500000000002686e+01,5.000000000000000000e-01
2.836600000000002808e+01,5.000000000000000000e-01
2.836700000000002575e+01,5.000000000000000000e-01
2.836800000000002697e+01,5.000000000000000000e-01
2.836900000000002819e+01,5.000000000000000000e-01
2.837000000000002586e+01,5.000000000000000000e-01
2.837100000000002709e+01,5.000000000000000000e-01
2.837200000000002831e+01,5.000000000000000000e-01
2.837300000000002598e+01,5.000000000000000000e-01
2.837400000000002720e+01,5.000000000000000000e-01
2.837500000000002842e+01,5.000000000000000000e-01
2.837600000000002609e+01,5.000000000000000000e-01
2.837700000000002731e+01,5.000000000000000000e-01
2.837800000000002854e+01,5.000000000000000000e-01
2.837900000000002620e+01,5.000000000000000000e-01
2.838000000000002743e+01,5.000000000000000000e-01
2.838100000000002865e+01,5.000000000000000000e-01
2.838200000000002632e+01,5.000000000000000000e-01
2.838300000000002754e+01,5.000000000000000000e-01
2.838400000000002521e+01,5.000000000000000000e-01
2.838500000000002643e+01,5.000000000000000000e-01
2.838600000000002765e+01,5.000000000000000000e-01
2.838700000000002532e+01,5.000000000000000000e-01
2.838800000000002655e+01,5.000000000000000000e-01
2.838900000000002777e+01,5.000000000000000000e-01
2.839000000000002544e+01,5.000000000000000000e-01
2.839100000000002666e+01,5.000000000000000000e-01
2.839200000000002788e+01,5.000000000000000000e-01
2.839300000000002555e+01,5.000000000000000000e-01
2.839400000000002677e+01,5.000000000000000000e-01
2.839500000000002800e+01,5.000000000000000000e-01
2.839600000000002566e+01,5.000000000000000000e-01
2.839700000000002689e+01,5.000000000000000000e-01
2.839800000000002811e+01,5.000000000000000000e-01
2.839900000000002578e+01,5.000000000000000000e-01
2.840000000000002700e+01,5.000000000000000000e-01
2.840100000000002822e+01,5.000000000000000000e-01
2.840200000000002589e+01,5.000000000000000000e-01
2.840300000000002711e+01,5.000000000000000000e-01
2.840400000000002834e+01,5.000000000000000000e-01
2.840500000000002601e+01,5.000000000000000000e-01
2.840600000000002723e+01,5.000000000000000000e-01
2.840700000000002845e+01,5.000000000000000000e-01
2.840800000000002612e+01,5.000000000000000000e-01
2.840900000000002734e+01,5.000000000000000000e-01
2.841000000000002856e+01,5.000000000000000000e-01
2.841100000000002623e+01,5.000000000000000000e-01
2.841200000000002746e+01,5.000000000000000000e-01
2.841300000000002512e+01,5.000000000000000000e-01
2.841400000000002635e+01,5.000000000000000000e-01
2.841500000000002757e+01,5.000000000000000000e-01
2.841600000000002524e+01,5.000000000000000000e-01
2.841700000000002646e+01,5.000000000000000000e-01
2.841800000000002768e+01,5.000000000000000000e-01
2.841900000000002535e+01,5.000000000000000000e-01
2.842000000000002657e+01,5.000000000000000000e-01
2.842100000000002780e+01,5.000000000000000000e-01
2.842200000000002547e+01,5.000000000000000000e-01
2.842300000000002669e+01,5.000000000000000000e-01
2.842400000000002791e+01,5.000000000000000000e-01
2.842500000000002558e+01,5.000000000000000000e-01
2.842600000000002680e+01,5.000000000000000000e-01
2.842700000000002802e+01,5.000000000000000000e-01
2.842800000000002569e+01,5.000000000000000000e-01
2.842900000000002692e+01,5.000000000000000000e-01
2.843000000000002814e+01,5.000000000000000000e-01
2.843100000000002581e+01,5.000000000000000000e-01
2.843200000000002703e+01,5.000000000000000000e-01
2.843300000000002825e+01,5.000000000000000000e-01
2.843400000000002592e+01,5.000000000000000000e-01
2.843500000000002714e+01,5.000000000000000000e-01
2.843600000000002836e+01,5.000000000000000000e-01
2.843700000000002603e+01,5.000000000000000000e-01
2.843800000000002726e+01,5.000000000000000000e-01
2.843900000000002848e+01,5.000000000000000000e-01
2.844000000000002615e+01,5.000000000000000000e-01
2.844100000000002737e+01,5.000000000000000000e-01
2.844200000000002859e+01,5.000000000000000000e-01
2.844300000000002626e+01,5.000000000000000000e-01
2.844400000000002748e+01,5.000000000000000000e-01
2.844500000000002871e+01,5.000000000000000000e-01
2.844600000000002638e+01,5.000000000000000000e-01
2.844700000000002760e+01,5.000000000000000000e-01
2.844800000000002527e+01,5.000000000000000000e-01
2.844900000000002649e+01,5.000000000000000000e-01
2.845000000000002771e+01,5.000000000000000000e-01
2.845100000000002538e+01,5.000000000000000000e-01
2.845200000000002660e+01,5.000000000000000000e-01
2.845300000000002782e+01,5.000000000000000000e-01
2.845400000000002549e+01,5.000000000000000000e-01
2.845500000000002672e+01,5.000000000000000000e-01
2.845600000000002794e+01,5.000000000000000000e-01
2.845700000000002561e+01,5.000000000000000000e-01
2.845800000000002683e+01,5.000000000000000000e-01
2.845900000000002805e+01,5.000000000000000000e-01
2.846000000000002572e+01,5.000000000000000000e-01
2.846100000000002694e+01,5.000000000000000000e-01
2.846200000000002817e+01,5.000000000000000000e-01
2.846300000000002584e+01,5.000000000000000000e-01
2.846400000000002706e+01,5.000000000000000000e-01
2.846500000000002828e+01,5.000000000000000000e-01
2.846600000000002595e+01,5.000000000000000000e-01
2.846700000000002717e+01,5.000000000000000000e-01
2.846800000000002839e+01,5.000000000000000000e-01
2.846900000000002606e+01,5.000000000000000000e-01
2.847000000000002728e+01,5.000000000000000000e-01
2.847100000000002851e+01,5.000000000000000000e-01
2.847200000000002618e+01,5.000000000000000000e-01
2.847300000000002740e+01,5.000000000000000000e-01
2.847400000000002862e+01,5.000000000000000000e-01
2.847500000000002629e+01,5.000000000000000000e-01
2.847600000000002751e+01,5.000000000000000000e-01
2.847700000000002518e+01,5.000000000000000000e-01
2.847800000000002640e+01,5.000000000000000000e-01
2.847900000000002763e+01,5.000000000000000000e-01
2.848000000000002530e+01,5.000000000000000000e-01
2.848100000000002652e+01,5.000000000000000000e-01
2.848200000000002774e+01,5.000000000000000000e-01
2.848300000000002541e+01,5.000000000000000000e-01
2.848400000000002663e+01,5.000000000000000000e-01
2.848500000000002785e+01,5.000000000000000000e-01
2.848600000000002552e+01,5.000000000000000000e-01
2.848700000000002674e+01,5.000000000000000000e-01
2.848800000000002797e+01,5.000000000000000000e-01
2.848900000000002564e+01,5.000000000000000000e-01
2.849000000000002686e+01,5.000000000000000000e-01
2.849100000000002808e+01,5.000000000000000000e-01
2.849200000000002575e+01,5.000000000000000000e-01
2.849300000000002697e+01,5.000000000000000000e-01
2.849400000000002819e+01,5.000000000000000000e-01
2.849500000000002586e+01,5.000000000000000000e-01
2.849600000000002709e+01,5.000000000000000000e-01
2.849700000000002831e+01,5.000000000000000000e-01
2.849800000000002598e+01,5.000000000000000000e-01
2.849900000000002720e+01,5.000000000000000000e-01
2.850000000000002842e+01,5.000000000000000000e-01
2.850100000000002609e+01,5.000000000000000000e-01
2.850200000000002731e+01,5.000000000000000000e-01
2.850300000000002854e+01,5.000000000000000000e-01
2.850400000000002620e+01,5.000000000000000000e-01
2.850500000000002743e+01,5.000000000000000000e-01
2.850600000000002865e+01,5.000000000000000000e-01
2.850700000000002632e+01,5.000000000000000000e-01
2.850800000000002754e+01,5.000000000000000000e-01
2.850900000000002876e+01,5.000000000000000000e-01
2.851000000000002643e+01,5.000000000000000000e-01
2.851100000000002765e+01,5.000000000000000000e-01
2.851200000000002532e+01,5.000000000000000000e-01
2.851300000000002655e+01,5.000000000000000000e-01
2.851400000000002777e+01,5.000000000000000000e-01
2.851500000000002544e+01,5.000000000000000000e-01
2.851600000000002666e+01,5.000000000000000000e-01
2.851700000000002788e+01,5.000000000000000000e-01
2.851800000000002555e+01,5.000000000000000000e-01
2.851900000000002677e+01,5.000000000000000000e-01
2.852000000000002800e+01,5.000000000000000000e-01
2.852100000000002566e+01,5.000000000000000000e-01
2.852200000000002689e+01,5.000000000000000000e-01
2.852300000000002811e+01,5.000000000000000000e-01
2.852400000000002578e+01,5.000000000000000000e-01
2.852500000000002700e+01,5.000000000000000000e-01
2.852600000000002822e+01,5.000000000000000000e-01
2.852700000000002589e+01,5.000000000000000000e-01
2.852800000000002711e+01,5.000000000000000000e-01
2.852900000000002834e+01,5.000000000000000000e-01
2.853000000000002601e+01,5.000000000000000000e-01
2.853100000000002723e+01,5.000000000000000000e-01
2.853200000000002845e+01,5.000000000000000000e-01
2.853300000000002612e+01,5.000000000000000000e-01
2.853400000000002734e+01,5.000000000000000000e-01
2.853500000000002856e+01,5.000000000000000000e-01
2.853600000000002623e+01,5.000000000000000000e-01
2.853700000000002746e+01,5.000000000000000000e-01
2.853800000000002868e+01,5.000000000000000000e-01
2.853900000000002635e+01,5.000000000000000000e-01
2.854000000000002757e+01,5.000000000000000000e-01
2.854100000000002524e+01,5.000000000000000000e-01
2.854200000000002646e+01,5.000000000000000000e-01
2.854300000000002768e+01,5.000000000000000000e-01
2.854400000000002535e+01,5.000000000000000000e-01
2.854500000000002657e+01,5.000000000000000000e-01
2.854600000000002780e+01,5.000000000000000000e-01
2.854700000000002547e+01,5.000000000000000000e-01
2.854800000000002669e+01,5.000000000000000000e-01
2.854900000000002791e+01,5.000000000000000000e-01
2.855000000000002558e+01,5.000000000000000000e-01
2.855100000000002680e+01,5.000000000000000000e-01
2.855200000000002802e+01,5.000000000000000000e-01
2.855300000000002569e+01,5.000000000000000000e-01
2.855400000000002692e+01,5.000000000000000000e-01
2.855500000000002814e+01,5.000000000000000000e-01
2.855600000000002581e+01,5.000000000000000000e-01
2.855700000000002703e+01,5.000000000000000000e-01
2.855800000000002825e+01,5.000000000000000000e-01
2.855900000000002592e+01,5.000000000000000000e-01
2.856000000000002714e+01,5.000000000000000000e-01
2.856100000000002836e+01,5.000000000000000000e-01
2.856200000000002603e+01,5.000000000000000000e-01
2.856300000000002726e+01,5.000000000000000000e-01
2.856400000000002848e+01,5.000000000000000000e-01
2.856500000000002615e+01,5.000000000000000000e-01
2.856600000000002737e+01,5.000000000000000000e-01
2.856700000000002859e+01,5.000000000000000000e-01
2.856800000000002626e+01,5.000000000000000000e-01
2.856900000000002748e+01,5.000000000000000000e-01
2.857000000000002871e+01,5.000000000000000000e-01
2.857100000000002638e+01,5.000000000000000000e-01
2.857200000000002760e+01,5.000000000000000000e-01
2.857300000000002882e+01,5.000000000000000000e-01
2.857400000000002649e+01,5.000000000000000000e-01
2.857500000000002771e+01,5.000000000000000000e-01
2.857600000000002538e+01,5.000000000000000000e-01
2.857700000000002660e+01,5.000000000000000000e-01
2.857800000000002782e+01,5.000000000000000000e-01
2.857900000000002549e+01,5.000000000000000000e-01
2.858000000000002672e+01,5.000000000000000000e-01
2.858100000000002794e+01,5.000000000000000000e-01
2.858200000000002561e+01,5.000000000000000000e-01
2.858300000000002683e+01,5.000000000000000000e-01
2.858400000000002805e+01,5.000000000000000000e-01
2.858500000000002572e+01,5.000000000000000000e-01
2.858600000000002694e+01,5.000000000000000000e-01
2.858700000000002817e+01,5.000000000000000000e-01
2.858800000000002584e+01,5.000000000000000000e-01
2.858900000000002706e+01,5.000000000000000000e-01
2.859000000000002828e+01,5.000000000000000000e-01
2.859100000000002595e+01,5.000000000000000000e-01
2.859200000000002717e+01,5.000000000000000000e-01
2.859300000000002839e+01,5.000000000000000000e-01
2.859400000000002606e+01,5.000000000000000000e-01
2.859500000000002728e+01,5.000000000000000000e-01
2.859600000000002851e+01,5.000000000000000000e-01
2.859700000000002618e+01,5.000000000000000000e-01
2.859800000000002740e+01,5.000000000000000000e-01
2.859900000000002862e+01,5.000000000000000000e-01
2.860000000000002629e+01,5.000000000000000000e-01
2.860100000000002751e+01,5.000000000000000000e-01
2.860200000000002873e+01,5.000000000000000000e-01
2.860300000000002640e+01,5.000000000000000000e-01
2.860400000000002763e+01,5.000000000000000000e-01
2.860500000000002530e+01,5.000000000000000000e-01
2.860600000000002652e+01,5.000000000000000000e-01
2.860700000000002774e+01,5.000000000000000000e-01
2.860800000000002541e+01,5.000000000000000000e-01
2.860900000000002663e+01,5.000000000000000000e-01
2.861000000000002785e+01,5.000000000000000000e-01
2.861100000000002552e+01,5.000000000000000000e-01
2.861200000000002674e+01,5.000000000000000000e-01
2.861300000000002797e+01,5.000000000000000000e-01
2.861400000000002564e+01,5.000000000000000000e-01
2.861500000000002686e+01,5.000000000000000000e-01
2.861600000000002808e+01,5.000000000000000000e-01
2.861700000000002575e+01,5.000000000000000000e-01
2.861800000000002697e+01,5.000000000000000000e-01
2.861900000000002819e+01,5.000000000000000000e-01
2.862000000000002586e+01,5.000000000000000000e-01
2.862100000000002709e+01,5.000000000000000000e-01
2.862200000000002831e+01,5.000000000000000000e-01
2.862300000000002598e+01,5.000000000000000000e-01
2.862400000000002720e+01,5.000000000000000000e-01
2.862500000000002842e+01,5.000000000000000000e-01
2.862600000000002609e+01,5.000000000000000000e-01
2.862700000000002731e+01,5.000000000000000000e-01
2.862800000000002854e+01,5.000000000000000000e-01
2.862900000000002620e+01,5.000000000000000000e-01
2.863000000000002743e+01,5.000000000000000000e-01
2.863100000000002865e+01,5.000000000000000000e-01
2.863200000000002632e+01,5.000000000000000000e-01
2.863300000000002754e+01,5.000000000000000000e-01
2.863400000000002876e+01,5.000000000000000000e-01
2.863500000000002643e+01,5.000000000000000000e-01
2.863600000000002765e+01,5.000000000000000000e-01
2.863700000000002888e+01,5.000000000000000000e-01
2.863800000000002655e+01,5.000000000000000000e-01
2.863900000000002777e+01,5.000000000000000000e-01
2.864000000000002544e+01,5.000000000000000000e-01
2.864100000000002666e+01,5.000000000000000000e-01
2.864200000000002788e+01,5.000000000000000000e-01
2.864300000000002555e+01,5.000000000000000000e-01
2.864400000000002677e+01,5.000000000000000000e-01
2.864500000000002800e+01,5.000000000000000000e-01
2.864600000000002566e+01,5.000000000000000000e-01
2.864700000000002689e+01,5.000000000000000000e-01
2.864800000000002811e+01,5.000000000000000000e-01
2.864900000000002578e+01,5.000000000000000000e-01
2.865000000000002700e+01,5.000000000000000000e-01
2.865100000000002822e+01,5.000000000000000000e-01
2.865200000000002589e+01,5.000000000000000000e-01
2.865300000000002711e+01,5.000000000000000000e-01
2.865400000000002834e+01,5.000000000000000000e-01
2.865500000000002601e+01,5.000000000000000000e-01
2.865600000000002723e+01,5.000000000000000000e-01
2.865700000000002845e+01,5.000000000000000000e-01
2.865800000000002612e+01,5.000000000000000000e-01
2.865900000000002734e+01,5.000000000000000000e-01
2.866000000000002856e+01,5.000000000000000000e-01
2.866100000000002623e+01,5.000000000000000000e-01
2.866200000000002746e+01,5.000000000000000000e-01
2.866300000000002868e+01,5.000000000000000000e-01
2.866400000000002635e+01,5.000000000000000000e-01
2.866500000000002757e+01,5.000000000000000000e-01
2.866600000000002879e+01,5.000000000000000000e-01
2.866700000000002646e+01,5.000000000000000000e-01
2.866800000000002768e+01,5.000000000000000000e-01
2.866900000000002535e+01,5.000000000000000000e-01
2.867000000000002657e+01,5.000000000000000000e-01
2.867100000000002780e+01,5.000000000000000000e-01
2.867200000000002547e+01,5.000000000000000000e-01
2.867300000000002669e+01,5.000000000000000000e-01
2.867400000000002791e+01,5.000000000000000000e-01
2.867500000000002558e+01,5.000000000000000000e-01
2.867600000000002680e+01,5.000000000000000000e-01
2.867700000000002802e+01,5.000000000000000000e-01
2.867800000000002569e+01,5.000000000000000000e-01
2.867900000000002692e+01,5.000000000000000000e-01
2.868000000000002814e+01,5.000000000000000000e-01
2.868100000000002581e+01,5.000000000000000000e-01
2.868200000000002703e+01,5.000000000000000000e-01
2.868300000000002825e+01,5.000000000000000000e-01
2.868400000000002592e+01,5.000000000000000000e-01
2.868500000000002714e+01,5.000000000000000000e-01
2.868600000000002836e+01,5.000000000000000000e-01
2.868700000000002603e+01,5.000000000000000000e-01
2.868800000000002726e+01,5.000000000000000000e-01
2.868900000000002848e+01,5.000000000000000000e-01
2.869000000000002615e+01,5.000000000000000000e-01
2.869100000000002737e+01,5.000000000000000000e-01
2.869200000000002859e+01,5.000000000000000000e-01
2.869300000000002626e+01,5.000000000000000000e-01
2.869400000000002748e+01,5.000000000000000000e-01
2.869500000000002871e+01,5.000000000000000000e-01
2.869600000000002638e+01,5.000000000000000000e-01
2.869700000000002760e+01,5.000000000000000000e-01
2.869800000000002882e+01,5.000000000000000000e-01
2.869900000000002649e+01,5.000000000000000000e-01
2.870000000000002771e+01,5.000000000000000000e-01
2.870100000000002893e+01,5.000000000000000000e-01
2.870200000000002660e+01,5.000000000000000000e-01
2.870300000000002782e+01,5.000000000000000000e-01
2.870400000000002549e+01,5.000000000000000000e-01
2.870500000000002672e+01,5.000000000000000000e-01
2.870600000000002794e+01,5.000000000000000000e-01
2.870700000000002561e+01,5.000000000000000000e-01
2.870800000000002683e+01,5.000000000000000000e-01
2.870900000000002805e+01,5.000000000000000000e-01
2.871000000000002572e+01,5.000000000000000000e-01
2.871100000000002694e+01,5.000000000000000000e-01
2.871200000000002817e+01,5.000000000000000000e-01
2.871300000000002584e+01,5.000000000000000000e-01
2.871400000000002706e+01,5.000000000000000000e-01
2.871500000000002828e+01,5.000000000000000000e-01
2.871600000000002595e+01,5.000000000000000000e-01
2.871700000000002717e+01,5.000000000000000000e-01
2.871800000000002839e+01,5.000000000000000000e-01
2.871900000000002606e+01,5.000000000000000000e-01
2.872000000000002728e+01,5.000000000000000000e-01
2.872100000000002851e+01,5.000000000000000000e-01
2.872200000000002618e+01,5.000000000000000000e-01
2.872300000000002740e+01,5.000000000000000000e-01
2.872400000000002862e+01,5.000000000000000000e-01
2.872500000000002629e+01,5.000000000000000000e-01
2.872600000000002751e+01,5.000000000000000000e-01
2.872700000000002873e+01,5.000000000000000000e-01
2.872800000000002640e+01,5.000000000000000000e-01
2.872900000000002763e+01,5.000000000000000000e-01
2.873000000000002885e+01,5.000000000000000000e-01
2.873100000000002652e+01,5.000000000000000000e-01
2.873200000000002774e+01,5.000000000000000000e-01
2.873300000000002541e+01,5.000000000000000000e-01
2.873400000000002663e+01,5.000000000000000000e-01
2.873500000000002785e+01,5.000000000000000000e-01
2.873600000000002552e+01,5.000000000000000000e-01
2.873700000000002674e+01,5.000000000000000000e-01
2.873800000000002797e+01,5.000000000000000000e-01
2.873900000000002564e+01,5.000000000000000000e-01
2.874000000000002686e+01,5.000000000000000000e-01
2.874100000000002808e+01,5.000000000000000000e-01
2.874200000000002575e+01,5.000000000000000000e-01
2.874300000000002697e+01,5.000000000000000000e-01
2.874400000000002819e+01,5.000000000000000000e-01
2.874500000000002586e+01,5.000000000000000000e-01
2.874600000000002709e+01,5.000000000000000000e-01
2.874700000000002831e+01,5.000000000000000000e-01
2.874800000000002598e+01,5.000000000000000000e-01
2.874900000000002720e+01,5.000000000000000000e-01
2.875000000000002842e+01,5.000000000000000000e-01
2.875100000000002609e+01,5.000000000000000000e-01
2.875200000000002731e+01,5.000000000000000000e-01
2.875300000000002854e+01,5.000000000000000000e-01
2.875400000000002620e+01,5.000000000000000000e-01
2.875500000000002743e+01,5.000000000000000000e-01
2.875600000000002865e+01,5.000000000000000000e-01
2.875700000000002632e+01,5.000000000000000000e-01
2.875800000000002754e+01,5.000000000000000000e-01
2.875900000000002876e+01,5.000000000000000000e-01
2.876000000000002643e+01,5.000000000000000000e-01
2.876100000000002765e+01,5.000000000000000000e-01
2.876200000000002888e+01,5.000000000000000000e-01
2.876300000000002655e+01,5.000000000000000000e-01
2.876400000000002777e+01,5.000000000000000000e-01
2.876500000000002899e+01,5.000000000000000000e-01
2.876600000000002666e+01,5.000000000000000000e-01
2.876700000000002788e+01,5.000000000000000000e-01
2.876800000000002555e+01,5.000000000000000000e-01
2.876900000000002677e+01,5.000000000000000000e-01
2.877000000000002800e+01,5.000000000000000000e-01
2.877100000000002566e+01,5.000000000000000000e-01
2.877200000000002689e+01,5.000000000000000000e-01
2.877300000000002811e+01,5.000000000000000000e-01
2.877400000000002578e+01,5.000000000000000000e-01
2.877500000000002700e+01,5.000000000000000000e-01
2.877600000000002822e+01,5.000000000000000000e-01
2.877700000000002589e+01,5.000000000000000000e-01
2.877800000000002711e+01,5.000000000000000000e-01
2.877900000000002834e+01,5.000000000000000000e-01
2.878000000000002601e+01,5.000000000000000000e-01
2.878100000000002723e+01,5.000000000000000000e-01
2.878200000000002845e+01,5.000000000000000000e-01
2.878300000000002612e+01,5.000000000000000000e-01
2.878400000000002734e+01,5.000000000000000000e-01
2.878500000000002856e+01,5.000000000000000000e-01
2.878600000000002623e+01,5.000000000000000000e-01
2.878700000000002746e+01,5.000000000000000000e-01
2.878800000000002868e+01,5.000000000000000000e-01
2.878900000000002635e+01,5.000000000000000000e-01
2.879000000000002757e+01,5.000000000000000000e-01
2.879100000000002879e+01,5.000000000000000000e-01
2.879200000000002646e+01,5.000000000000000000e-01
2.879300000000002768e+01,5.000000000000000000e-01
2.879400000000002890e+01,5.000000000000000000e-01
2.879500000000002657e+01,5.000000000000000000e-01
2.879600000000002780e+01,5.000000000000000000e-01
2.879700000000002547e+01,5.000000000000000000e-01
2.879800000000002669e+01,5.000000000000000000e-01
2.879900000000002791e+01,5.000000000000000000e-01
2.880000000000002558e+01,5.000000000000000000e-01
2.880100000000002680e+01,5.000000000000000000e-01
2.880200000000002802e+01,5.000000000000000000e-01
2.880300000000002569e+01,5.000000000000000000e-01
2.880400000000002692e+01,5.000000000000000000e-01
2.880500000000002814e+01,5.000000000000000000e-01
2.880600000000002581e+01,5.000000000000000000e-01
2.880700000000002703e+01,5.000000000000000000e-01
2.880800000000002825e+01,5.000000000000000000e-01
2.880900000000002592e+01,5.000000000000000000e-01
2.881000000000002714e+01,5.000000000000000000e-01
2.881100000000002836e+01,5.000000000000000000e-01
2.881200000000002603e+01,5.000000000000000000e-01
2.881300000000002726e+01,5.000000000000000000e-01
2.881400000000002848e+01,5.000000000000000000e-01
2.881500000000002615e+01,5.000000000000000000e-01
2.881600000000002737e+01,5.000000000000000000e-01
2.881700000000002859e+01,5.000000000000000000e-01
2.881800000000002626e+01,5.000000000000000000e-01
2.881900000000002748e+01,5.000000000000000000e-01
2.882000000000002871e+01,5.000000000000000000e-01
2.882100000000002638e+01,5.000000000000000000e-01
2.882200000000002760e+01,5.000000000000000000e-01
2.882300000000002882e+01,5.000000000000000000e-01
2.882400000000002649e+01,5.000000000000000000e-01
2.882500000000002771e+01,5.000000000000000000e-01
2.882600000000002893e+01,5.000000000000000000e-01
2.882700000000002660e+01,5.000000000000000000e-01
2.882800000000002782e+01,5.000000000000000000e-01
2.882900000000002905e+01,5.000000000000000000e-01
2.883000000000002672e+01,5.000000000000000000e-01
2.883100000000002794e+01,5.000000000000000000e-01
2.883200000000002561e+01,5.000000000000000000e-01
2.883300000000002683e+01,5.000000000000000000e-01
2.883400000000002805e+01,5.000000000000000000e-01
2.883500000000002572e+01,5.000000000000000000e-01
2.883600000000002694e+01,5.000000000000000000e-01
2.883700000000002817e+01,5.000000000000000000e-01
2.883800000000002584e+01,5.000000000000000000e-01
2.883900000000002706e+01,5.000000000000000000e-01
2.884000000000002828e+01,5.000000000000000000e-01
2.884100000000002595e+01,5.000000000000000000e-01
2.884200000000002717e+01,5.000000000000000000e-01
2.884300000000002839e+01,5.000000000000000000e-01
2.884400000000002606e+01,5.000000000000000000e-01
2.884500000000002728e+01,5.000000000000000000e-01
2.884600000000002851e+01,5.000000000000000000e-01
2.884700000000002618e+01,5.000000000000000000e-01
2.884800000000002740e+01,5.000000000000000000e-01
2.884900000000002862e+01,5.000000000000000000e-01
2.885000000000002629e+01,5.000000000000000000e-01
2.885100000000002751e+01,5.000000000000000000e-01
2.885200000000002873e+01,5.000000000000000000e-01
2.885300000000002640e+01,5.000000000000000000e-01
2.885400000000002763e+01,5.000000000000000000e-01
2.885500000000002885e+01,5.000000000000000000e-01
2.885600000000002652e+01,5.000000000000000000e-01
2.885700000000002774e+01,5.000000000000000000e-01
2.885800000000002896e+01,5.000000000000000000e-01
2.885900000000002663e+01,5.000000000000000000e-01
2.886000000000002785e+01,5.000000000000000000e-01
2.886100000000002552e+01,5.000000000000000000e-01
2.886200000000002674e+01,5.000000000000000000e-01
2.886300000000002797e+01,5.000000000000000000e-01
2.886400000000002564e+01,5.000000000000000000e-01
2.886500000000002686e+01,5.000000000000000000e-01
2.886600000000002808e+01,5.000000000000000000e-01
2.886700000000002575e+01,5.000000000000000000e-01
2.886800000000002697e+01,5.000000000000000000e-01
2.886900000000002819e+01,5.000000000000000000e-01
2.887000000000002586e+01,5.000000000000000000e-01
2.887100000000002709e+01,5.000000000000000000e-01
2.887200000000002831e+01,5.000000000000000000e-01
2.887300000000002598e+01,5.000000000000000000e-01
2.887400000000002720e+01,5.000000000000000000e-01
2.887500000000002842e+01,5.000000000000000000e-01
2.887600000000002609e+01,5.000000000000000000e-01
2.887700000000002731e+01,5.000000000000000000e-01
2.887800000000002854e+01,5.000000000000000000e-01
2.887900000000002620e+01,5.000000000000000000e-01
2.888000000000002743e+01,5.000000000000000000e-01
2.888100000000002865e+01,5.000000000000000000e-01
2.888200000000002632e+01,5.000000000000000000e-01
2.888300000000002754e+01,5.000000000000000000e-01
2.888400000000002876e+01,5.000000000000000000e-01
2.888500000000002643e+01,5.000000000000000000e-01
2.888600000000002765e+01,5.000000000000000000e-01
2.888700000000002888e+01,5.000000000000000000e-01
2.888800000000002655e+01,5.000000000000000000e-01
2.888900000000002777e+01,5.000000000000000000e-01
2.889000000000002899e+01,5.000000000000000000e-01
2.889100000000002666e+01,5.000000000000000000e-01
2.889200000000002788e+01,5.000000000000000000e-01
2.889300000000002910e+01,5.000000000000000000e-01
2.889400000000002677e+01,5.000000000000000000e-01
2.889500000000002800e+01,5.000000000000000000e-01
2.889600000000002566e+01,5.000000000000000000e-01
2.889700000000002689e+01,5.000000000000000000e-01
2.889800000000002811e+01,5.000000000000000000e-01
2.889900000000002578e+01,5.000000000000000000e-01
2.890000000000002700e+01,5.000000000000000000e-01
2.890100000000002822e+01,5.000000000000000000e-01
2.890200000000002589e+01,5.000000000000000000e-01
2.890300000000002711e+01,5.000000000000000000e-01
2.890400000000002834e+01,5.000000000000000000e-01
2.890500000000002601e+01,5.000000000000000000e-01
2.890600000000002723e+01,5.000000000000000000e-01
2.890700000000002845e+01,5.000000000000000000e-01
2.890800000000002612e+01,5.000000000000000000e-01
2.890900000000002734e+01,5.000000000000000000e-01
2.891000000000002856e+01,5.000000000000000000e-01
2.891100000000002623e+01,5.000000000000000000e-01
2.891200000000002746e+01,5.000000000000000000e-01
2.891300000000002868e+01,5.000000000000000000e-01
2.891400000000002635e+01,5.000000000000000000e-01
2.891500000000002757e+01,5.000000000000000000e-01
2.891600000000002879e+01,5.000000000000000000e-01
2.891700000000002646e+01,5.000000000000000000e-01
2.891800000000002768e+01,5.000000000000000000e-01
2.891900000000002890e+01,5.000000000000000000e-01
2.892000000000002657e+01,5.000000000000000000e-01
2.892100000000002780e+01,5.000000000000000000e-01
2.892200000000002902e+01,5.000000000000000000e-01
2.892300000000002669e+01,5.000000000000000000e-01
2.892400000000002791e+01,5.000000000000000000e-01
2.892500000000002558e+01,5.000000000000000000e-01
2.892600000000002680e+01,5.000000000000000000e-01
2.892700000000002802e+01,5.000000000000000000e-01
2.892800000000002569e+01,5.000000000000000000e-01
2.892900000000002692e+01,5.000000000000000000e-01
2.893000000000002814e+01,5.000000000000000000e-01
2.893100000000002581e+01,5.000000000000000000e-01
2.893200000000002703e+01,5.000000000000000000e-01
2.893300000000002825e+01,5.000000000000000000e-01
2.893400000000002592e+01,5.000000000000000000e-01
2.893500000000002714e+01,5.000000000000000000e-01
2.893600000000002836e+01,5.000000000000000000e-01
2.893700000000002603e+01,5.000000000000000000e-01
2.893800000000002726e+01,5.000000000000000000e-01
2.893900000000002848e+01,5.000000000000000000e-01
2.894000000000002615e+01,5.000000000000000000e-01
2.894100000000002737e+01,5.000000000000000000e-01
2.894200000000002859e+01,5.000000000000000000e-01
2.894300000000002626e+01,5.000000000000000000e-01
2.894400000000002748e+01,5.000000000000000000e-01
2.894500000000002871e+01,5.000000000000000000e-01
2.894600000000002638e+01,5.000000000000000000e-01
2.894700000000002760e+01,5.000000000000000000e-01
2.894800000000002882e+01,5.000000000000000000e-01
2.894900000000002649e+01,5.000000000000000000e-01
2.895000000000002771e+01,5.000000000000000000e-01
2.895100000000002893e+01,5.000000000000000000e-01
2.895200000000002660e+01,5.000000000000000000e-01
2.895300000000002782e+01,5.000000000000000000e-01
2.895400000000002905e+01,5.000000000000000000e-01
2.895500000000002672e+01,5.000000000000000000e-01
2.895600000000002794e+01,5.000000000000000000e-01
2.895700000000002916e+01,5.000000000000000000e-01
2.895800000000002683e+01,5.000000000000000000e-01
2.895900000000002805e+01,5.000000000000000000e-01
2.896000000000002572e+01,5.000000000000000000e-01
2.896100000000002694e+01,5.000000000000000000e-01
2.896200000000002817e+01,5.000000000000000000e-01
2.896300000000002584e+01,5.000000000000000000e-01
2.896400000000002706e+01,5.000000000000000000e-01
2.896500000000002828e+01,5.000000000000000000e-01
2.896600000000002595e+01,5.000000000000000000e-01
2.896700000000002717e+01,5.000000000000000000e-01
2.896800000000002839e+01,5.000000000000000000e-01
2.896900000000002606e+01,5.000000000000000000e-01
2.897000000000002728e+01,5.000000000000000000e-01
2.897100000000002851e+01,5.000000000000000000e-01
2.897200000000002618e+01,5.000000000000000000e-01
2.897300000000002740e+01,5.000000000000000000e-01
2.897400000000002862e+01,5.000000000000000000e-01
2.897500000000002629e+01,5.000000000000000000e-01
2.897600000000002751e+01,5.000000000000000000e-01
2.897700000000002873e+01,5.000000000000000000e-01
2.897800000000002640e+01,5.000000000000000000e-01
2.897900000000002763e+01,5.000000000000000000e-01
2.898000000000002885e+01,5.000000000000000000e-01
2.898100000000002652e+01,5.000000000000000000e-01
2.898200000000002774e+01,5.000000000000000000e-01
2.898300000000002896e+01,5.000000000000000000e-01
2.898400000000002663e+01,5.000000000000000000e-01
2.898500000000002785e+01,5.000000000000000000e-01
2.898600000000002908e+01,5.000000000000000000e-01
2.898700000000002674e+01,5.000000000000000000e-01
2.898800000000002797e+01,5.000000000000000000e-01
2.898900000000002564e+01,5.000000000000000000e-01
2.899000000000002686e+01,5.000000000000000000e-01
2.899100000000002808e+01,5.000000000000000000e-01
2.899200000000002575e+01,5.000000000000000000e-01
2.899300000000002697e+01,5.000000000000000000e-01
2.899400000000002819e+01,5.000000000000000000e-01
2.899500000000002586e+01,5.000000000000000000e-01
2.899600000000002709e+01,5.000000000000000000e-01
2.899700000000002831e+01,5.000000000000000000e-01
2.899800000000002598e+01,5.000000000000000000e-01
2.899900000000002720e+01,5.000000000000000000e-01
2.900000000000002842e+01,5.000000000000000000e-01
2.900100000000002609e+01,5.000000000000000000e-01
2.900200000000002731e+01,5.000000000000000000e-01
2.900300000000002854e+01,5.000000000000000000e-01
2.900400000000002620e+01,5.000000000000000000e-01
2.900500000000002743e+01,5.000000000000000000e-01
2.900600000000002865e+01,5.000000000000000000e-01
2.900700000000002632e+01,5.000000000000000000e-01
2.900800000000002754e+01,5.000000000000000000e-01
2.900900000000002876e+01,5.000000000000000000e-01
2.901000000000002643e+01,5.000000000000000000e-01
2.901100000000002765e+01,5.000000000000000000e-01
2.901200000000002888e+01,5.000000000000000000e-01
2.901300000000002655e+01,5.000000000000000000e-01
2.901400000000002777e+01,5.000000000000000000e-01
2.901500000000002899e+01,5.000000000000000000e-01
2.901600000000002666e+01,5.000000000000000000e-01
2.901700000000002788e+01,5.000000000000000000e-01
2.901800000000002910e+01,5.000000000000000000e-01
2.901900000000002677e+01,5.000000000000000000e-01
2.902000000000002800e+01,5.000000000000000000e-01
2.902100000000002922e+01,5.000000000000000000e-01
2.902200000000002689e+01,5.000000000000000000e-01
2.902300000000002811e+01,5.000000000000000000e-01
2.902400000000002578e+01,5.000000000000000000e-01
2.902500000000002700e+01,5.000000000000000000e-01
2.902600000000002822e+01,5.000000000000000000e-01
2.902700000000002589e+01,5.000000000000000000e-01
2.902800000000002711e+01,5.000000000000000000e-01
2.902900000000002834e+01,5.000000000000000000e-01
2.903000000000002601e+01,5.000000000000000000e-01
2.903100000000002723e+01,5.000000000000000000e-01
2.903200000000002845e+01,5.000000000000000000e-01
2.903300000000002612e+01,5.000000000000000000e-01
2.903400000000002734e+01,5.000000000000000000e-01
2.903500000000002856e+01,5.000000000000000000e-01
2.903600000000002623e+01,5.000000000000000000e-01
2.903700000000002746e+01,5.000000000000000000e-01
2.903800000000002868e+01,5.000000000000000000e-01
2.903900000000002635e+01,5.000000000000000000e-01
2.904000000000002757e+01,5.000000000000000000e-01
2.904100000000002879e+01,5.000000000000000000e-01
2.904200000000002646e+01,5.000000000000000000e-01
2.904300000000002768e+01,5.000000000000000000e-01
2.904400000000002890e+01,5.000000000000000000e-01
2.904500000000002657e+01,5.000000000000000000e-01
2.904600000000002780e+01,5.000000000000000000e-01
2.904700000000002902e+01,5.000000000000000000e-01
2.904800000000002669e+01,5.000000000000000000e-01
2.904900000000002791e+01,5.000000000000000000e-01
2.905000000000002913e+01,5.000000000000000000e-01
2.905100000000002680e+01,5.000000000000000000e-01
2.905200000000002802e+01,5.000000000000000000e-01
2.905300000000002569e+01,5.000000000000000000e-01
2.905400000000002692e+01,5.000000000000000000e-01
2.905500000000002814e+01,5.000000000000000000e-01
2.905600000000002581e+01,5.000000000000000000e-01
2.905700000000002703e+01,5.000000000000000000e-01
2.905800000000002825e+01,5.000000000000000000e-01
2.905900000000002592e+01,5.000000000000000000e-01
2.906000000000002714e+01,5.000000000000000000e-01
2.906100000000002836e+01,5.000000000000000000e-01
2.906200000000002603e+01,5.000000000000000000e-01
2.906300000000002726e+01,5.000000000000000000e-01
2.906400000000002848e+01,5.000000000000000000e-01
2.906500000000002615e+01,5.000000000000000000e-01
2.906600000000002737e+01,5.000000000000000000e-01
2.906700000000002859e+01,5.000000000000000000e-01
2.906800000000002626e+01,5.000000000000000000e-01
2.906900000000002748e+01,5.000000000000000000e-01
2.907000000000002871e+01,5.000000000000000000e-01
2.907100000000002638e+01,5.000000000000000000e-01
2.907200000000002760e+01,5.000000000000000000e-01
2.907300000000002882e+01,5.000000000000000000e-01
2.907400000000002649e+01,5.000000000000000000e-01
2.907500000000002771e+01,5.000000000000000000e-01
2.907600000000002893e+01,5.000000000000000000e-01
2.907700000000002660e+01,5.000000000000000000e-01
2.907800000000002782e+01,5.000000000000000000e-01
2.907900000000002905e+01,5.000000000000000000e-01
2.908000000000002672e+01,5.000000000000000000e-01
2.908100000000002794e+01,5.000000000000000000e-01
2.908200000000002916e+01,5.000000000000000000e-01
2.908300000000002683e+01,5.000000000000000000e-01
2.908400000000002805e+01,5.000000000000000000e-01
2.908500000000002927e+01,5.000000000000000000e-01
2.908600000000002694e+01,5.000000000000000000e-01
2.908700000000002817e+01,5.000000000000000000e-01
2.908800000000002584e+01,5.000000000000000000e-01
2.908900000000002706e+01,5.000000000000000000e-01
2.909000000000002828e+01,5.000000000000000000e-01
2.909100000000002595e+01,5.000000000000000000e-01
2.909200000000002717e+01,5.000000000000000000e-01
2.909300000000002839e+01,5.000000000000000000e-01
2.909400000000002606e+01,5.000000000000000000e-01
2.909500000000002728e+01,5.000000000000000000e-01
2.909600000000002851e+01,5.000000000000000000e-01
2.909700000000002618e+01,5.000000000000000000e-01
2.909800000000002740e+01,5.000000000000000000e-01
2.909900000000002862e+01,5.000000000000000000e-01
2.910000000000002629e+01,5.000000000000000000e-01
2.910100000000002751e+01,5.000000000000000000e-01
2.910200000000002873e+01,5.000000000000000000e-01
2.910300000000002640e+01,5.000000000000000000e-01
2.910400000000002763e+01,5.000000000000000000e-01
2.910500000000002885e+01,5.000000000000000000e-01
2.910600000000002652e+01,5.000000000000000000e-01
2.910700000000002774e+01,5.000000000000000000e-01
2.910800000000002896e+01,5.000000000000000000e-01
2.910900000000002663e+01,5.000000000000000000e-01
2.911000000000002785e+01,5.000000000000000000e-01
2.911100000000002908e+01,5.000000000000000000e-01
2.911200000000002674e+01,5.000000000000000000e-01
2.911300000000002797e+01,5.000000000000000000e-01
2.911400000000002919e+01,5.000000000000000000e-01
2.911500000000002686e+01,5.000000000000000000e-01
2.911600000000002808e+01,5.000000000000000000e-01
2.911700000000002575e+01,5.000000000000000000e-01
2.911800000000002697e+01,5.000000000000000000e-01
2.911900000000002819e+01,5.000000000000000000e-01
2.912000000000002586e+01,5.000000000000000000e-01
2.912100000000002709e+01,5.000000000000000000e-01
2.912200000000002831e+01,5.000000000000000000e-01
2.912300000000002598e+01,5.000000000000000000e-01
2.912400000000002720e+01,5.000000000000000000e-01
2.912500000000002842e+01,5.000000000000000000e-01
2.912600000000002609e+01,5.000000000000000000e-01
2.912700000000002731e+01,5.000000000000000000e-01
2.912800000000002854e+01,5.000000000000000000e-01
2.912900000000002620e+01,5.000000000000000000e-01
2.913000000000002743e+01,5.000000000000000000e-01
2.913100000000002865e+01,5.000000000000000000e-01
2.913200000000002632e+01,5.000000000000000000e-01
2.913300000000002754e+01,5.000000000000000000e-01
2.913400000000002876e+01,5.000000000000000000e-01
2.913500000000002643e+01,5.000000000000000000e-01
2.913600000000002765e+01,5.000000000000000000e-01
2.913700000000002888e+01,5.000000000000000000e-01
2.913800000000002655e+01,5.000000000000000000e-01
2.913900000000002777e+01,5.000000000000000000e-01
2.914000000000002899e+01,5.000000000000000000e-01
2.914100000000002666e+01,5.000000000000000000e-01
2.914200000000002788e+01,5.000000000000000000e-01
2.914300000000002910e+01,5.000000000000000000e-01
2.914400000000002677e+01,5.000000000000000000e-01
2.914500000000002800e+01,5.000000000000000000e-01
2.914600000000002922e+01,5.000000000000000000e-01
2.914700000000002689e+01,5.000000000000000000e-01
2.914800000000002811e+01,5.000000000000000000e-01
2.914900000000002933e+01,5.000000000000000000e-01
2.915000000000002700e+01,5.000000000000000000e-01
2.915100000000002822e+01,5.000000000000000000e-01
2.915200000000002589e+01,5.000000000000000000e-01
2.915300000000002711e+01,5.000000000000000000e-01
2.915400000000002834e+01,5.000000000000000000e-01
2.915500000000002601e+01,5.000000000000000000e-01
2.915600000000002723e+01,5.000000000000000000e-01
2.915700000000002845e+01,5.000000000000000000e-01
2.915800000000002612e+01,5.000000000000000000e-01
2.915900000000002734e+01,5.000000000000000000e-01
2.916000000000002856e+01,5.000000000000000000e-01
2.916100000000002623e+01,5.000000000000000000e-01
2.916200000000002746e+01,5.000000000000000000e-01
2.916300000000002868e+01,5.000000000000000000e-01
2.916400000000002635e+01,5.000000000000000000e-01
2.916500000000002757e+01,5.000000000000000000e-01
2.916600000000002879e+01,5.000000000000000000e-01
2.916700000000002646e+01,5.000000000000000000e-01
2.916800000000002768e+01,5.000000000000000000e-01
2.916900000000002890e+01,5.000000000000000000e-01
2.917000000000002657e+01,5.000000000000000000e-01
2.917100000000002780e+01,5.000000000000000000e-01
2.917200000000002902e+01,5.000000000000000000e-01
2.917300000000002669e+01,5.000000000000000000e-01
2.917400000000002791e+01,5.000000000000000000e-01
2.917500000000002913e+01,5.000000000000000000e-01
2.917600000000002680e+01,5.000000000000000000e-01
2.917700000000002802e+01,5.000000000000000000e-01
2.917800000000002925e+01,5.000000000000000000e-01
2.917900000000002692e+01,5.000000000000000000e-01
2.918000000000002814e+01,5.000000000000000000e-01
2.918100000000002581e+01,5.000000000000000000e-01
2.918200000000002703e+01,5.000000000000000000e-01
2.918300000000002825e+01,5.000000000000000000e-01
2.918400000000002592e+01,5.000000000000000000e-01
2.918500000000002714e+01,5.000000000000000000e-01
2.918600000000002836e+01,5.000000000000000000e-01
2.918700000000002603e+01,5.000000000000000000e-01
2.918800000000002726e+01,5.000000000000000000e-01
2.918900000000002848e+01,5.000000000000000000e-01
2.919000000000002615e+01,5.000000000000000000e-01
2.919100000000002737e+01,5.000000000000000000e-01
2.919200000000002859e+01,5.000000000000000000e-01
2.919300000000002626e+01,5.000000000000000000e-01
2.919400000000002748e+01,5.000000000000000000e-01
2.919500000000002871e+01,5.000000000000000000e-01
2.919600000000002638e+01,5.000000000000000000e-01
2.919700000000002760e+01,5.000000000000000000e-01
2.919800000000002882e+01,5.000000000000000000e-01
2.919900000000002649e+01,5.000000000000000000e-01
2.920000000000002771e+01,5.000000000000000000e-01
2.920100000000002893e+01,5.000000000000000000e-01
2.920200000000002660e+01,5.000000000000000000e-01
2.920300000000002782e+01,5.000000000000000000e-01
2.920400000000002905e+01,5.000000000000000000e-01
2.920500000000002672e+01,5.000000000000000000e-01
2.920600000000002794e+01,5.000000000000000000e-01
2.920700000000002916e+01,5.000000000000000000e-01
2.920800000000002683e+01,5.000000000000000000e-01
2.920900000000002805e+01,5.000000000000000000e-01
2.921000000000002927e+01,5.000000000000000000e-01
2.921100000000002694e+01,5.000000000000000000e-01
2.921200000000002817e+01,5.000000000000000000e-01
2.921300000000002939e+01,5.000000000000000000e-01
2.921400000000002706e+01,5.000000000000000000e-01
2.921500000000002828e+01,5.000000000000000000e-01
2.921600000000002595e+01,5.000000000000000000e-01
2.921700000000002717e+01,5.000000000000000000e-01
2.921800000000002839e+01,5.000000000000000000e-01
2.921900000000002606e+01,5.000000000000000000e-01
2.922000000000002728e+01,5.000000000000000000e-01
2.922100000000002851e+01,5.000000000000000000e-01
2.922200000000002618e+01,5.000000000000000000e-01
2.922300000000002740e+01,5.000000000000000000e-01
2.922400000000002862e+01,5.000000000000000000e-01
2.922500000000002629e+01,5.000000000000000000e-01
2.922600000000002751e+01,5.000000000000000000e-01
2.922700000000002873e+01,5.000000000000000000e-01
2.922800000000002640e+01,5.000000000000000000e-01
2.922900000000002763e+01,5.000000000000000000e-01
2.923000000000002885e+01,5.000000000000000000e-01
2.923100000000002652e+01,5.000000000000000000e-01
2.923200000000002774e+01,5.000000000000000000e-01
2.923300000000002896e+01,5.000000000000000000e-01
2.923400000000002663e+01,5.000000000000000000e-01
2.923500000000002785e+01,5.000000000000000000e-01
2.923600000000002908e+01,5.000000000000000000e-01
2.923700000000002674e+01,5.000000000000000000e-01
2.923800000000002797e+01,5.000000000000000000e-01
2.923900000000002919e+01,5.000000000000000000e-01
2.924000000000002686e+01,5.000000000000000000e-01
2.924100000000002808e+01,5.000000000000000000e-01
2.924200000000002930e+01,5.000000000000000000e-01
2.924300000000002697e+01,5.000000000000000000e-01
2.924400000000002819e+01,5.000000000000000000e-01
2.924500000000002586e+01,5.000000000000000000e-01
2.924600000000002709e+01,5.000000000000000000e-01
2.924700000000002831e+01,5.000000000000000000e-01
2.924800000000002598e+01,5.000000000000000000e-01
2.924900000000002720e+01,5.000000000000000000e-01
2.925000000000002842e+01,5.000000000000000000e-01
2.925100000000002609e+01,5.000000000000000000e-01
2.925200000000002731e+01,5.000000000000000000e-01
2.925300000000002854e+01,5.000000000000000000e-01
2.925400000000002620e+01,5.000000000000000000e-01
2.925500000000002743e+01,5.000000000000000000e-01
2.925600000000002865e+01,5.000000000000000000e-01
2.925700000000002632e+01,5.000000000000000000e-01
2.925800000000002754e+01,5.000000000000000000e-01
2.925900000000002876e+01,5.000000000000000000e-01
2.926000000000002643e+01,5.000000000000000000e-01
2.926100000000002765e+01,5.000000000000000000e-01
2.926200000000002888e+01,5.000000000000000000e-01
2.926300000000002655e+01,5.000000000000000000e-01
2.926400000000002777e+01,5.000000000000000000e-01
2.926500000000002899e+01,5.000000000000000000e-01
2.926600000000002666e+01,5.000000000000000000e-01
2.926700000000002788e+01,5.000000000000000000e-01
2.926800000000002910e+01,5.000000000000000000e-01
2.926900000000002677e+01,5.000000000000000000e-01
2.927000000000002800e+01,5.000000000000000000e-01
2.927100000000002922e+01,5.000000000000000000e-01
2.927200000000002689e+01,5.000000000000000000e-01
2.927300000000002811e+01,5.000000000000000000e-01
2.927400000000002933e+01,5.000000000000000000e-01
2.927500000000002700e+01,5.000000000000000000e-01
2.927600000000002822e+01,5.000000000000000000e-01
2.927700000000002944e+01,5.000000000000000000e-01
2.927800000000002711e+01,5.000000000000000000e-01
2.927900000000002834e+01,5.000000000000000000e-01
2.928000000000002601e+01,5.000000000000000000e-01
2.928100000000002723e+01,5.000000000000000000e-01
2.928200000000002845e+01,5.000000000000000000e-01
2.928300000000002612e+01,5.000000000000000000e-01
2.928400000000002734e+01,5.000000000000000000e-01
2.928500000000002856e+01,5.000000000000000000e-01
2.928600000000002623e+01,5.000000000000000000e-01
2.928700000000002746e+01,5.000000000000000000e-01
2.928800000000002868e+01,5.000000000000000000e-01
2.928900000000002635e+01,5.000000000000000000e-01
2.929000000000002757e+01,5.000000000000000000e-01
2.929100000000002879e+01,5.000000000000000000e-01
2.929200000000002646e+01,5.000000000000000000e-01
2.929300000000002768e+01,5.000000000000000000e-01
2.929400000000002890e+01,5.000000000000000000e-01
2.929500000000002657e+01,5.000000000000000000e-01
2.929600000000002780e+01,5.000000000000000000e-01
2.929700000000002902e+01,5.000000000000000000e-01
2.929800000000002669e+01,5.000000000000000000e-01
2.929900000000002791e+01,5.000000000000000000e-01
2.930000000000002913e+01,5.000000000000000000e-01
2.930100000000002680e+01,5.000000000000000000e-01
2.930200000000002802e+01,5.000000000000000000e-01
2.930300000000002925e+01,5.000000000000000000e-01
2.930400000000002692e+01,5.000000000000000000e-01
2.930500000000002814e+01,5.000000000000000000e-01
2.930600000000002936e+01,5.000000000000000000e-01
2.930700000000002703e+01,5.000000000000000000e-01
2.930800000000002825e+01,5.000000000000000000e-01
2.930900000000002592e+01,5.000000000000000000e-01
2.931000000000002714e+01,5.000000000000000000e-01
2.931100000000002836e+01,5.000000000000000000e-01
2.931200000000002603e+01,5.000000000000000000e-01
2.931300000000002726e+01,5.000000000000000000e-01
2.931400000000002848e+01,5.000000000000000000e-01
2.931500000000002615e+01,5.000000000000000000e-01
2.931600000000002737e+01,5.000000000000000000e-01
2.931700000000002859e+01,5.000000000000000000e-01
2.931800000000002626e+01,5.000000000000000000e-01
2.931900000000002748e+01,5.000000000000000000e-01
2.932000000000002871e+01,5.000000000000000000e-01
2.932100000000002638e+01,5.000000000000000000e-01
2.932200000000002760e+01,5.000000000000000000e-01
2.932300000000002882e+01,5.000000000000000000e-01
2.932400000000002649e+01,5.000000000000000000e-01
2.932500000000002771e+01,5.000000000000000000e-01
2.932600000000002893e+01,5.000000000000000000e-01
2.932700000000002660e+01,5.000000000000000000e-01
2.932800000000002782e+01,5.000000000000000000e-01
2.932900000000002905e+01,5.000000000000000000e-01
2.933000000000002672e+01,5.000000000000000000e-01
2.933100000000002794e+01,5.000000000000000000e-01
2.933200000000002916e+01,5.000000000000000000e-01
2.933300000000002683e+01,5.000000000000000000e-01
2.933400000000002805e+01,5.000000000000000000e-01
2.933500000000002927e+01,5.000000000000000000e-01
2.933600000000002694e+01,5.000000000000000000e-01
2.933700000000002817e+01,5.000000000000000000e-01
2.933800000000002939e+01,5.000000000000000000e-01
2.933900000000002706e+01,5.000000000000000000e-01
2.934000000000002828e+01,5.000000000000000000e-01
2.934100000000002950e+01,5.000000000000000000e-01
2.934200000000002717e+01,5.000000000000000000e-01
2.934300000000002839e+01,5.000000000000000000e-01
2.934400000000002606e+01,5.000000000000000000e-01
2.934500000000002728e+01,5.000000000000000000e-01
2.934600000000002851e+01,5.000000000000000000e-01
2.934700000000002618e+01,5.000000000000000000e-01
2.934800000000002740e+01,5.000000000000000000e-01
2.934900000000002862e+01,5.000000000000000000e-01
2.935000000000002629e+01,5.000000000000000000e-01
2.935100000000002751e+01,5.000000000000000000e-01
2.935200000000002873e+01,5.000000000000000000e-01
2.935300000000002640e+01,5.000000000000000000e-01
2.935400000000002763e+01,5.000000000000000000e-01
2.935500000000002885e+01,5.000000000000000000e-01
2.935600000000002652e+01,5.000000000000000000e-01
2.935700000000002774e+01,5.000000000000000000e-01
2.935800000000002896e+01,5.000000000000000000e-01
2.935900000000002663e+01,5.000000000000000000e-01
2.936000000000002785e+01,5.000000000000000000e-01
2.936100000000002908e+01,5.000000000000000000e-01
2.936200000000002674e+01,5.000000000000000000e-01
2.936300000000002797e+01,5.000000000000000000e-01
2.936400000000002919e+01,5.000000000000000000e-01
2.936500000000002686e+01,5.000000000000000000e-01
2.936600000000002808e+01,5.000000000000000000e-01
2.936700000000002930e+01,5.000000000000000000e-01
2.936800000000002697e+01,5.000000000000000000e-01
2.936900000000002819e+01,5.000000000000000000e-01
2.937000000000002942e+01,5.000000000000000000e-01
2.937100000000002709e+01,5.000000000000000000e-01
2.937200000000002831e+01,5.000000000000000000e-01
2.937300000000002598e+01,5.000000000000000000e-01
2.937400000000002720e+01,5.000000000000000000e-01
2.937500000000002842e+01,5.000000000000000000e-01
2.937600000000002609e+01,5.000000000000000000e-01
2.937700000000002731e+01,5.000000000000000000e-01
2.937800000000002854e+01,5.000000000000000000e-01
2.937900000000002620e+01,5.000000000000000000e-01
2.938000000000002743e+01,5.000000000000000000e-01
2.938100000000002865e+01,5.000000000000000000e-01
2.938200000000002632e+01,5.000000000000000000e-01
2.938300000000002754e+01,5.000000000000000000e-01
2.938400000000002876e+01,5.000000000000000000e-01
2.938500000000002643e+01,5.000000000000000000e-01
2.938600000000002765e+01,5.000000000000000000e-01
2.938700000000002888e+01,5.000000000000000000e-01
2.938800000000002655e+01,5.000000000000000000e-01
2.938900000000002777e+01,5.000000000000000000e-01
2.939000000000002899e+01,5.000000000000000000e-01
2.939100000000002666e+01,5.000000000000000000e-01
2.939200000000002788e+01,5.000000000000000000e-01
2.939300000000002910e+01,5.000000000000000000e-01
2.939400000000002677e+01,5.000000000000000000e-01
2.939500000000002800e+01,5.000000000000000000e-01
2.939600000000002922e+01,5.000000000000000000e-01
2.939700000000002689e+01,5.000000000000000000e-01
2.939800000000002811e+01,5.000000000000000000e-01
2.939900000000002933e+01,5.000000000000000000e-01
2.940000000000002700e+01,5.000000000000000000e-01
2.940100000000002822e+01,5.000000000000000000e-01
2.940200000000002944e+01,5.000000000000000000e-01
2.940300000000002711e+01,5.000000000000000000e-01
2.940400000000002834e+01,5.000000000000000000e-01
2.940500000000002956e+01,5.000000000000000000e-01
2.940600000000002723e+01,5.000000000000000000e-01
2.940700000000002845e+01,5.000000000000000000e-01
2.940800000000002612e+01,5.000000000000000000e-01
2.940900000000002734e+01,5.000000000000000000e-01
2.941000000000002856e+01,5.000000000000000000e-01
2.941100000000002623e+01,5.000000000000000000e-01
2.941200000000002746e+01,5.000000000000000000e-01
2.941300000000002868e+01,5.000000000000000000e-01
2.941400000000002635e+01,5.000000000000000000e-01
2.941500000000002757e+01,5.000000000000000000e-01
2.941600000000002879e+01,5.000000000000000000e-01
2.941700000000002646e+01,5.000000000000000000e-01
2.941800000000002768e+01,5.000000000000000000e-01
2.941900000000002890e+01,5.000000000000000000e-01
2.942000000000002657e+01,5.000000000000000000e-01
2.942100000000002780e+01,5.000000000000000000e-01
2.942200000000002902e+01,5.000000000000000000e-01
2.942300000000002669e+01,5.000000000000000000e-01
2.942400000000002791e+01,5.000000000000000000e-01
2.942500000000002913e+01,5.000000000000000000e-01
2.942600000000002680e+01,5.000000000000000000e-01
2.942700000000002802e+01,5.000000000000000000e-01
2.942800000000002925e+01,5.000000000000000000e-01
2.942900000000002692e+01,5.000000000000000000e-01
2.943000000000002814e+01,5.000000000000000000e-01
2.943100000000002936e+01,5.000000000000000000e-01
2.943200000000002703e+01,5.000000000000000000e-01
2.943300000000002825e+01,5.000000000000000000e-01
2.943400000000002947e+01,5.000000000000000000e-01
2.943500000000002714e+01,5.000000000000000000e-01
2.943600000000002836e+01,5.000000000000000000e-01
2.943700000000002603e+01,5.000000000000000000e-01
2.943800000000002726e+01,5.000000000000000000e-01
2.943900000000002848e+01,5.000000000000000000e-01
2.944000000000002615e+01,5.000000000000000000e-01
2.944100000000002737e+01,5.000000000000000000e-01
2.944200000000002859e+01,5.000000000000000000e-01
2.944300000000002626e+01,5.000000000000000000e-01
2.944400000000002748e+01,5.000000000000000000e-01
2.944500000000002871e+01,5.000000000000000000e-01
2.944600000000002638e+01,5.000000000000000000e-01
2.944700000000002760e+01,5.000000000000000000e-01
2.944800000000002882e+01,5.000000000000000000e-01
2.944900000000002649e+01,5.000000000000000000e-01
2.945000000000002771e+01,5.000000000000000000e-01
2.945100000000002893e+01,5.000000000000000000e-01
2.945200000000002660e+01,5.000000000000000000e-01
2.945300000000002782e+01,5.000000000000000000e-01
2.945400000000002905e+01,5.000000000000000000e-01
2.945500000000002672e+01,5.000000000000000000e-01
2.945600000000002794e+01,5.000000000000000000e-01
2.945700000000002916e+01,5.000000000000000000e-01
2.945800000000002683e+01,5.000000000000000000e-01
2.945900000000002805e+01,5.000000000000000000e-01
2.946000000000002927e+01,5.000000000000000000e-01
2.946100000000002694e+01,5.000000000000000000e-01
2.946200000000002817e+01,5.000000000000000000e-01
2.946300000000002939e+01,5.000000000000000000e-01
2.946400000000002706e+01,5.000000000000000000e-01
2.946500000000002828e+01,5.000000000000000000e-01
2.946600000000002950e+01,5.000000000000000000e-01
2.946700000000002717e+01,5.000000000000000000e-01
2.946800000000002839e+01,5.000000000000000000e-01
2.946900000000002962e+01,5.000000000000000000e-01
2.947000000000002728e+01,5.000000000000000000e-01
2.947100000000002851e+01,5.000000000000000000e-01
2.947200000000002618e+01,5.000000000000000000e-01
2.947300000000002740e+01,5.000000000000000000e-01
2.947400000000002862e+01,5.000000000000000000e-01
2.947500000000002629e+01,5.000000000000000000e-01
2.947600000000002751e+01,5.000000000000000000e-01
2.947700000000002873e+01,5.000000000000000000e-01
2.947800000000002640e+01,5.000000000000000000e-01
2.947900000000002763e+01,5.000000000000000000e-01
2.948000000000002885e+01,5.000000000000000000e-01
2.948100000000002652e+01,5.000000000000000000e-01
2.948200000000002774e+01,5.000000000000000000e-01
2.948300000000002896e+01,5.000000000000000000e-01
2.948400000000002663e+01,5.000000000000000000e-01
2.948500000000002785e+01,5.000000000000000000e-01
2.948600000000002908e+01,5.000000000000000000e-01
2.948700000000002674e+01,5.000000000000000000e-01
2.948800000000002797e+01,5.000000000000000000e-01
2.948900000000002919e+01,5.000000000000000000e-01
2.949000000000002686e+01,5.000000000000000000e-01
2.949100000000002808e+01,5.000000000000000000e-01
2.949200000000002930e+01,5.000000000000000000e-01
2.949300000000002697e+01,5.000000000000000000e-01
2.949400000000002819e+01,5.000000000000000000e-01
2.949500000000002942e+01,5.000000000000000000e-01
2.949600000000002709e+01,5.000000000000000000e-01
2.949700000000002831e+01,5.000000000000000000e-01
2.949800000000002953e+01,5.000000000000000000e-01
2.949900000000002720e+01,5.000000000000000000e-01
2.950000000000002842e+01,5.000000000000000000e-01
2.950100000000002609e+01,5.000000000000000000e-01
2.950200000000002731e+01,5.000000000000000000e-01
2.950300000000002854e+01,5.000000000000000000e-01
2.950400000000002620e+01,5.000000000000000000e-01
2.950500000000002743e+01,5.000000000000000000e-01
2.950600000000002865e+01,5.000000000000000000e-01
2.950700000000002632e+01,5.000000000000000000e-01
2.950800000000002754e+01,5.000000000000000000e-01
2.950900000000002876e+01,5.000000000000000000e-01
2.951000000000002643e+01,5.000000000000000000e-01
2.951100000000002765e+01,5.000000000000000000e-01
2.951200000000002888e+01,5.000000000000000000e-01
2.951300000000002655e+01,5.000000000000000000e-01
2.951400000000002777e+01,5.000000000000000000e-01
2.951500000000002899e+01,5.000000000000000000e-01
2.951600000000002666e+01,5.000000000000000000e-01
2.951700000000002788e+01,5.000000000000000000e-01
2.951800000000002910e+01,5.000000000000000000e-01
2.951900000000002677e+01,5.000000000000000000e-01
2.952000000000002800e+01,5.000000000000000000e-01
2.952100000000002922e+01,5.000000000000000000e-01
2.952200000000002689e+01,5.000000000000000000e-01
2.952300000000002811e+01,5.000000000000000000e-01
2.952400000000002933e+01,5.000000000000000000e-01
2.952500000000002700e+01,5.000000000000000000e-01
2.952600000000002822e+01,5.000000000000000000e-01
2.952700000000002944e+01,5.000000000000000000e-01
2.952800000000002711e+01,5.000000000000000000e-01
2.952900000000002834e+01,5.000000000000000000e-01
2.953000000000002956e+01,5.000000000000000000e-01
2.953100000000002723e+01,5.000000000000000000e-01
2.953200000000002845e+01,5.000000000000000000e-01
2.953300000000002967e+01,5.000000000000000000e-01
2.953400000000002734e+01,5.000000000000000000e-01
2.953500000000002856e+01,5.000000000000000000e-01
2.953600000000002623e+01,5.000000000000000000e-01
2.953700000000002746e+01,5.000000000000000000e-01
2.953800000000002868e+01,5.000000000000000000e-01
2.953900000000002635e+01,5.000000000000000000e-01
2.954000000000002757e+01,5.000000000000000000e-01
2.954100000000002879e+01,5.000000000000000000e-01
2.954200000000002646e+01,5.000000000000000000e-01
2.954300000000002768e+01,5.000000000000000000e-01
2.954400000000002890e+01,5.000000000000000000e-01
2.954500000000002657e+01,5.000000000000000000e-01
2.954600000000002780e+01,5.000000000000000000e-01
2.954700000000002902e+01,5.000000000000000000e-01
2.954800000000002669e+01,5.000000000000000000e-01
2.954900000000002791e+01,5.000000000000000000e-01
2.955000000000002913e+01,5.000000000000000000e-01
2.955100000000002680e+01,5.000000000000000000e-01
2.955200000000002802e+01,5.000000000000000000e-01
2.955300000000002925e+01,5.000000000000000000e-01
2.955400000000002692e+01,5.000000000000000000e-01
2.955500000000002814e+01,5.000000000000000000e-01
2.955600000000002936e+01,5.000000000000000000e-01
2.955700000000002703e+01,5.000000000000000000e-01
2.955800000000002825e+01,5.000000000000000000e-01
2.955900000000002947e+01,5.000000000000000000e-01
2.956000000000002714e+01,5.000000000000000000e-01
2.956100000000002836e+01,5.000000000000000000e-01
2.956200000000002959e+01,5.000000000000000000e-01
2.956300000000002726e+01,5.000000000000000000e-01
2.956400000000002848e+01,5.000000000000000000e-01
2.956500000000002615e+01,5.000000000000000000e-01
2.956600000000002737e+01,5.000000000000000000e-01
2.956700000000002859e+01,5.000000000000000000e-01
2.956800000000002626e+01,5.000000000000000000e-01
2.956900000000002748e+01,5.000000000000000000e-01
2.957000000000002871e+01,5.000000000000000000e-01
2.957100000000002638e+01,5.000000000000000000e-01
2.957200000000002760e+01,5.000000000000000000e-01
2.957300000000002882e+01,5.000000000000000000e-01
2.957400000000002649e+01,5.000000000000000000e-01
2.957500000000002771e+01,5.000000000000000000e-01
2.957600000000002893e+01,5.000000000000000000e-01
2.957700000000002660e+01,5.000000000000000000e-01
2.957800000000002782e+01,5.000000000000000000e-01
2.957900000000002905e+01,5.000000000000000000e-01
2.958000000000002672e+01,5.000000000000000000e-01
2.958100000000002794e+01,5.000000000000000000e-01
2.958200000000002916e+01,5.000000000000000000e-01
2.958300000000002683e+01,5.000000000000000000e-01
2.958400000000002805e+01,5.000000000000000000e-01
2.958500000000002927e+01,5.000000000000000000e-01
2.958600000000002694e+01,5.000000000000000000e-01
2.958700000000002817e+01,5.000000000000000000e-01
2.958800000000002939e+01,5.000000000000000000e-01
2.958900000000002706e+01,5.000000000000000000e-01
2.959000000000002828e+01,5.000000000000000000e-01
2.959100000000002950e+01,5.000000000000000000e-01
2.959200000000002717e+01,5.000000000000000000e-01
2.959300000000002839e+01,5.000000000000000000e-01
2.959400000000002962e+01,5.000000000000000000e-01
2.959500000000002728e+01,5.000000000000000000e-01
2.959600000000002851e+01,5.000000000000000000e-01
2.959700000000002973e+01,5.000000000000000000e-01
2.959800000000002740e+01,5.000000000000000000e-01
2.959900000000002862e+01,5.000000000000000000e-01
2.960000000000002629e+01,5.000000000000000000e-01
2.960100000000002751e+01,5.000000000000000000e-01
2.960200000000002873e+01,5.000000000000000000e-01
2.960300000000002640e+01,5.000000000000000000e-01
2.960400000000002763e+01,5.000000000000000000e-01
2.960500000000002885e+01,5.000000000000000000e-01
2.960600000000002652e+01,5.000000000000000000e-01
2.960700000000002774e+01,5.000000000000000000e-01
2.960800000000002896e+01,5.000000000000000000e-01
2.960900000000002663e+01,5.000000000000000000e-01
2.961000000000002785e+01,5.000000000000000000e-01
2.961100000000002908e+01,5.000000000000000000e-01
2.961200000000002674e+01,5.000000000000000000e-01
2.961300000000002797e+01,5.000000000000000000e-01
2.961400000000002919e+01,5.000000000000000000e-01
2.961500000000002686e+01,5.000000000000000000e-01
2.961600000000002808e+01,5.000000000000000000e-01
2.961700000000002930e+01,5.000000000000000000e-01
2.961800000000002697e+01,5.000000000000000000e-01
2.961900000000002819e+01,5.000000000000000000e-01
2.962000000000002942e+01,5.000000000000000000e-01
2.962100000000002709e+01,5.000000000000000000e-01
2.962200000000002831e+01,5.000000000000000000e-01
2.962300000000002953e+01,5.000000000000000000e-01
2.962400000000002720e+01,5.000000000000000000e-01
2.962500000000002842e+01,5.000000000000000000e-01
2.962600000000002964e+01,5.000000000000000000e-01
2.962700000000002731e+01,5.000000000000000000e-01
2.962800000000002854e+01,5.000000000000000000e-01
2.962900000000002620e+01,5.000000000000000000e-01
2.963000000000002743e+01,5.000000000000000000e-01
2.963100000000002865e+01,5.000000000000000000e-01
2.963200000000002632e+01,5.000000000000000000e-01
2.963300000000002754e+01,5.000000000000000000e-01
2.963400000000002876e+01,5.000000000000000000e-01
2.963500000000002643e+01,5.000000000000000000e-01
2.963600000000002765e+01,5.000000000000000000e-01
2.963700000000002888e+01,5.000000000000000000e-01
2.963800000000002655e+01,5.000000000000000000e-01
2.963900000000002777e+01,5.000000000000000000e-01
2.964000000000002899e+01,5.000000000000000000e-01
2.964100000000002666e+01,5.000000000000000000e-01
2.964200000000002788e+01,5.000000000000000000e-01
2.964300000000002910e+01,5.000000000000000000e-01
2.964400000000002677e+01,5.000000000000000000e-01
2.964500000000002800e+01,5.000000000000000000e-01
2.964600000000002922e+01,5.000000000000000000e-01
2.964700000000002689e+01,5.000000000000000000e-01
2.964800000000002811e+01,5.000000000000000000e-01
2.964900000000002933e+01,5.000000000000000000e-01
2.965000000000002700e+01,5.000000000000000000e-01
2.965100000000002822e+01,5.000000000000000000e-01
2.965200000000002944e+01,5.000000000000000000e-01
2.965300000000002711e+01,5.000000000000000000e-01
2.965400000000002834e+01,5.000000000000000000e-01
2.965500000000002956e+01,5.000000000000000000e-01
2.965600000000002723e+01,5.000000000000000000e-01
2.965700000000002845e+01,5.000000000000000000e-01
2.965800000000002967e+01,5.000000000000000000e-01
2.965900000000002734e+01,5.000000000000000000e-01
2.966000000000002856e+01,5.000000000000000000e-01
2.966100000000002979e+01,5.000000000000000000e-01
2.966200000000002746e+01,5.000000000000000000e-01
2.966300000000002868e+01,5.000000000000000000e-01
2.966400000000002635e+01,5.000000000000000000e-01
2.966500000000002757e+01,5.000000000000000000e-01
2.966600000000002879e+01,5.000000000000000000e-01
2.966700000000002646e+01,5.000000000000000000e-01
2.966800000000002768e+01,5.000000000000000000e-01
2.966900000000002890e+01,5.000000000000000000e-01
2.967000000000002657e+01,5.000000000000000000e-01
2.967100000000002780e+01,5.000000000000000000e-01
2.967200000000002902e+01,5.000000000000000000e-01
2.967300000000002669e+01,5.000000000000000000e-01
2.967400000000002791e+01,5.000000000000000000e-01
2.967500000000002913e+01,5.000000000000000000e-01
2.967600000000002680e+01,5.000000000000000000e-01
2.967700000000002802e+01,5.000000000000000000e-01
2.967800000000002925e+01,5.000000000000000000e-01
2.967900000000002692e+01,5.000000000000000000e-01
2.968000000000002814e+01,5.000000000000000000e-01
2.968100000000002936e+01,5.000000000000000000e-01
2.968200000000002703e+01,5.000000000000000000e-01
2.968300000000002825e+01,5.000000000000000000e-01
2.968400000000002947e+01,5.000000000000000000e-01
2.968500000000002714e+01,5.000000000000000000e-01
2.968600000000002836e+01,5.000000000000000000e-01
2.968700000000002959e+01,5.000000000000000000e-01
2.968800000000002726e+01,5.000000000000000000e-01
2.968900000000002848e+01,5.000000000000000000e-01
2.969000000000002970e+01,5.000000000000000000e-01
2.969100000000002737e+01,5.000000000000000000e-01
2.969200000000002859e+01,5.000000000000000000e-01
2.969300000000002626e+01,5.000000000000000000e-01
2.969400000000002748e+01,5.000000000000000000e-01
2.969500000000002871e+01,5.000000000000000000e-01
2.969600000000002638e+01,5.000000000000000000e-01
2.969700000000002760e+01,5.000000000000000000e-01
2.969800000000002882e+01,5.000000000000000000e-01
2.969900000000002649e+01,5.000000000000000000e-01
2.970000000000002771e+01,5.000000000000000000e-01
2.970100000000002893e+01,5.000000000000000000e-01
2.970200000000002660e+01,5.000000000000000000e-01
2.970300000000002782e+01,5.000000000000000000e-01
2.970400000000002905e+01,5.000000000000000000e-01
2.970500000000002672e+01,5.000000000000000000e-01
2.970600000000002794e+01,5.000000000000000000e-01
2.970700000000002916e+01,5.000000000000000000e-01
2.970800000000002683e+01,5.000000000000000000e-01
2.970900000000002805e+01,5.000000000000000000e-01
2.971000000000002927e+01,5.000000000000000000e-01
2.971100000000002694e+01,5.000000000000000000e-01
2.971200000000002817e+01,5.000000000000000000e-01
2.971300000000002939e+01,5.000000000000000000e-01
2.971400000000002706e+01,5.000000000000000000e-01
2.971500000000002828e+01,5.000000000000000000e-01
2.971600000000002950e+01,5.000000000000000000e-01
2.971700000000002717e+01,5.000000000000000000e-01
2.971800000000002839e+01,5.000000000000000000e-01
2.971900000000002962e+01,5.000000000000000000e-01
2.972000000000002728e+01,5.000000000000000000e-01
2.972100000000002851e+01,5.000000000000000000e-01
2.972200000000002973e+01,5.000000000000000000e-01
2.972300000000002740e+01,5.000000000000000000e-01
2.972400000000002862e+01,5.000000000000000000e-01
2.972500000000002984e+01,5.000000000000000000e-01
2.972600000000002751e+01,5.000000000000000000e-01
2.972700000000002873e+01,5.000000000000000000e-01
2.972800000000002640e+01,5.000000000000000000e-01
2.972900000000002763e+01,5.000000000000000000e-01
2.973000000000002885e+01,5.000000000000000000e-01
2.973100000000002652e+01,5.000000000000000000e-01
2.973200000000002774e+01,5.000000000000000000e-01
2.973300000000002896e+01,5.000000000000000000e-01
2.973400000000002663e+01,5.000000000000000000e-01
2.973500000000002785e+01,5.000000000000000000e-01
2.973600000000002908e+01,5.000000000000000000e-01
2.973700000000002674e+01,5.000000000000000000e-01
2.973800000000002797e+01,5.000000000000000000e-01
2.973900000000002919e+01,5.000000000000000000e-01
2.974000000000002686e+01,5.000000000000000000e-01
2.974100000000002808e+01,5.000000000000000000e-01
2.974200000000002930e+01,5.000000000000000000e-01
2.974300000000002697e+01,5.000000000000000000e-01
2.974400000000002819e+01,5.000000000000000000e-01
2.974500000000002942e+01,5.000000000000000000e-01
2.974600000000002709e+01,5.000000000000000000e-01
2.974700000000002831e+01,5.000000000000000000e-01
2.974800000000002953e+01,5.000000000000000000e-01
2.974900000000002720e+01,5.000000000000000000e-01
2.975000000000002842e+01,5.000000000000000000e-01
2.975100000000002964e+01,5.000000000000000000e-01
2.975200000000002731e+01,5.000000000000000000e-01
2.975300000000002854e+01,5.000000000000000000e-01
2.975400000000002976e+01,5.000000000000000000e-01
2.975500000000002743e+01,5.000000000000000000e-01
2.975600000000002865e+01,5.000000000000000000e-01
2.975700000000002632e+01,5.000000000000000000e-01
2.975800000000002754e+01,5.000000000000000000e-01
2.975900000000002876e+01,5.000000000000000000e-01
2.976000000000002643e+01,5.000000000000000000e-01
2.976100000000002765e+01,5.000000000000000000e-01
2.976200000000002888e+01,5.000000000000000000e-01
2.976300000000002655e+01,5.000000000000000000e-01
2.976400000000002777e+01,5.000000000000000000e-01
2.976500000000002899e+01,5.000000000000000000e-01
2.976600000000002666e+01,5.000000000000000000e-01
2.976700000000002788e+01,5.000000000000000000e-01
2.976800000000002910e+01,5.000000000000000000e-01
2.976900000000002677e+01,5.000000000000000000e-01
2.977000000000002800e+01,5.000000000000000000e-01
2.977100000000002922e+01,5.000000000000000000e-01
2.977200000000002689e+01,5.000000000000000000e-01
2.977300000000002811e+01,5.000000000000000000e-01
2.977400000000002933e+01,5.000000000000000000e-01
2.977500000000002700e+01,5.000000000000000000e-01
2.977600000000002822e+01,5.000000000000000000e-01
2.977700000000002944e+01,5.000000000000000000e-01
2.977800000000002711e+01,5.000000000000000000e-01
2.977900000000002834e+01,5.000000000000000000e-01
2.978000000000002956e+01,5.000000000000000000e-01
2.978100000000002723e+01,5.000000000000000000e-01
2.978200000000002845e+01,5.000000000000000000e-01
2.978300000000002967e+01,5.000000000000000000e-01
2.978400000000002734e+01,5.000000000000000000e-01
2.978500000000002856e+01,5.000000000000000000e-01
2.978600000000002979e+01,5.000000000000000000e-01
2.978700000000002746e+01,5.000000000000000000e-01
2.978800000000002868e+01,5.000000000000000000e-01
2.978900000000002990e+01,5.000000000000000000e-01
2.979000000000002757e+01,5.000000000000000000e-01
2.979100000000002879e+01,5.000000000000000000e-01
2.979200000000002646e+01,5.000000000000000000e-01
2.979300000000002768e+01,5.000000000000000000e-01
2.979400000000002890e+01,5.000000000000000000e-01
2.979500000000002657e+01,5.000000000000000000e-01
2.979600000000002780e+01,5.000000000000000000e-01
2.979700000000002902e+01,5.000000000000000000e-01
2.979800000000002669e+01,5.000000000000000000e-01
2.979900000000002791e+01,5.000000000000000000e-01
2.980000000000002913e+01,5.000000000000000000e-01
2.980100000000002680e+01,5.000000000000000000e-01
2.980200000000002802e+01,5.000000000000000000e-01
2.980300000000002925e+01,5.000000000000000000e-01
2.980400000000002692e+01,5.000000000000000000e-01
2.980500000000002814e+01,5.000000000000000000e-01
2.980600000000002936e+01,5.000000000000000000e-01
2.980700000000002703e+01,5.000000000000000000e-01
2.980800000000002825e+01,5.000000000000000000e-01
2.980900000000002947e+01,5.000000000000000000e-01
2.981000000000002714e+01,5.000000000000000000e-01
2.981100000000002836e+01,5.000000000000000000e-01
2.981200000000002959e+01,5.000000000000000000e-01
2.981300000000002726e+01,5.000000000000000000e-01
2.981400000000002848e+01,5.000000000000000000e-01
2.981500000000002970e+01,5.000000000000000000e-01
2.981600000000002737e+01,5.000000000000000000e-01
2.981700000000002859e+01,5.000000000000000000e-01
2.981800000000002981e+01,5.000000000000000000e-01
2.981900000000002748e+01,5.000000000000000000e-01
2.982000000000002871e+01,5.000000000000000000e-01
2.982100000000002638e+01,5.000000000000000000e-01
2.982200000000002760e+01,5.000000000000000000e-01
2.982300000000002882e+01,5.000000000000000000e-01
2.982400000000002649e+01,5.000000000000000000e-01
2.982500000000002771e+01,5.000000000000000000e-01
2.982600000000002893e+01,5.000000000000000000e-01
2.982700000000002660e+01,5.000000000000000000e-01
2.982800000000002782e+01,5.000000000000000000e-01
2.982900000000002905e+01,5.000000000000000000e-01
2.983000000000002672e+01,5.000000000000000000e-01
2.983100000000002794e+01,5.000000000000000000e-01
2.983200000000002916e+01,5.000000000000000000e-01
2.983300000000002683e+01,5.000000000000000000e-01
2.983400000000002805e+01,5.000000000000000000e-01
2.983500000000002927e+01,5.000000000000000000e-01
2.983600000000002694e+01,5.000000000000000000e-01
2.983700000000002817e+01,5.000000000000000000e-01
2.983800000000002939e+01,5.000000000000000000e-01
2.983900000000002706e+01,5.000000000000000000e-01
2.984000000000002828e+01,5.000000000000000000e-01
2.984100000000002950e+01,5.000000000000000000e-01
2.984200000000002717e+01,5.000000000000000000e-01
2.984300000000002839e+01,5.000000000000000000e-01
2.984400000000002962e+01,5.000000000000000000e-01
2.984500000000002728e+01,5.000000000000000000e-01
2.984600000000002851e+01,5.000000000000000000e-01
2.984700000000002973e+01,5.000000000000000000e-01
2.984800000000002740e+01,5.000000000000000000e-01
2.984900000000002862e+01,5.000000000000000000e-01
2.985000000000002984e+01,5.000000000000000000e-01
2.985100000000002751e+01,5.000000000000000000e-01
2.985200000000002873e+01,5.000000000000000000e-01
2.985300000000002996e+01,5.000000000000000000e-01
2.985400000000002763e+01,5.000000000000000000e-01
2.985500000000002885e+01,5.000000000000000000e-01
2.985600000000002652e+01,5.000000000000000000e-01
2.985700000000002774e+01,5.000000000000000000e-01
2.985800000000002896e+01,5.000000000000000000e-01
2.985900000000002663e+01,5.000000000000000000e-01
2.986000000000002785e+01,5.000000000000000000e-01
2.986100000000002908e+01,5.000000000000000000e-01
2.986200000000002674e+01,5.000000000000000000e-01
2.986300000000002797e+01,5.000000000000000000e-01
2.986400000000002919e+01,5.000000000000000000e-01
2.986500000000002686e+01,5.000000000000000000e-01
2.986600000000002808e+01,5.000000000000000000e-01
2.986700000000002930e+01,5.000000000000000000e-01
2.986800000000002697e+01,5.000000000000000000e-01
2.986900000000002819e+01,5.000000000000000000e-01
2.987000000000002942e+01,5.000000000000000000e-01
2.987100000000002709e+01,5.000000000000000000e-01
2.987200000000002831e+01,5.000000000000000000e-01
2.987300000000002953e+01,5.000000000000000000e-01
2.987400000000002720e+01,5.000000000000000000e-01
2.987500000000002842e+01,5.000000000000000000e-01
2.987600000000002964e+01,5.000000000000000000e-01
2.987700000000002731e+01,5.000000000000000000e-01
2.987800000000002854e+01,5.000000000000000000e-01
2.987900000000002976e+01,5.000000000000000000e-01
2.988000000000002743e+01,5.000000000000000000e-01
2.988100000000002865e+01,5.000000000000000000e-01
2.988200000000002987e+01,5.000000000000000000e-01
2.988300000000002754e+01,5.000000000000000000e-01
2.988400000000002876e+01,5.000000000000000000e-01
2.988500000000002643e+01,5.000000000000000000e-01
2.988600000000002765e+01,5.000000000000000000e-01
2.988700000000002888e+01,5.000000000000000000e-01
2.988800000000002655e+01,5.000000000000000000e-01
2.988900000000002777e+01,5.000000000000000000e-01
2.989000000000002899e+01,5.000000000000000000e-01
2.989100000000002666e+01,5.000000000000000000e-01
2.989200000000002788e+01,5.000000000000000000e-01
2.989300000000002910e+01,5.000000000000000000e-01
2.989400000000002677e+01,5.000000000000000000e-01
2.989500000000002800e+01,5.000000000000000000e-01
2.989600000000002922e+01,5.000000000000000000e-01
2.989700000000002689e+01,5.000000000000000000e-01
2.989800000000002811e+01,5.000000000000000000e-01
2.989900000000002933e+01,5.000000000000000000e-01
2.990000000000002700e+01,5.000000000000000000e-01
2.990100000000002822e+01,5.000000000000000000e-01
2.990200000000002944e+01,5.000000000000000000e-01
2.990300000000002711e+01,5.000000000000000000e-01
2.990400000000002834e+01,5.000000000000000000e-01
2.990500000000002956e+01,5.000000000000000000e-01
2.990600000000002723e+01,5.000000000000000000e-01
2.990700000000002845e+01,5.000000000000000000e-01
2.990800000000002967e+01,5.000000000000000000e-01
2.990900000000002734e+01,5.000000000000000000e-01
2.991000000000002856e+01,5.000000000000000000e-01
2.991100000000002979e+01,5.000000000000000000e-01
2.991200000000002746e+01,5.000000000000000000e-01
2.991300000000002868e+01,5.000000000000000000e-01
2.991400000000002990e+01,5.000000000000000000e-01
2.991500000000002757e+01,5.000000000000000000e-01
2.991600000000002879e+01,5.000000000000000000e-01
2.991700000000003001e+01,5.000000000000000000e-01
2.991800000000002768e+01,5.000000000000000000e-01
2.991900000000002890e+01,5.000000000000000000e-01
2.992000000000002657e+01,5.000000000000000000e-01
2.992100000000002780e+01,5.000000000000000000e-01
2.992200000000002902e+01,5.000000000000000000e-01
2.992300000000002669e+01,5.000000000000000000e-01
2.992400000000002791e+01,5.000000000000000000e-01
2.992500000000002913e+01,5.000000000000000000e-01
2.992600000000002680e+01,5.000000000000000000e-01
2.992700000000002802e+01,5.000000000000000000e-01
2.992800000000002925e+01,5.000000000000000000e-01
2.992900000000002692e+01,5.000000000000000000e-01
2.993000000000002814e+01,5.000000000000000000e-01
2.993100000000002936e+01,5.000000000000000000e-01
2.993200000000002703e+01,5.000000000000000000e-01
2.993300000000002825e+01,5.000000000000000000e-01
2.993400000000002947e+01,5.000000000000000000e-01
2.993500000000002714e+01,5.000000000000000000e-01
2.993600000000002836e+01,5.000000000000000000e-01
2.993700000000002959e+01,5.000000000000000000e-01
2.993800000000002726e+01,5.000000000000000000e-01
2.993900000000002848e+01,5.000000000000000000e-01
2.994000000000002970e+01,5.000000000000000000e-01
2.994100000000002737e+01,5.000000000000000000e-01
2.994200000000002859e+01,5.000000000000000000e-01
2.994300000000002981e+01,5.000000000000000000e-01
2.994400000000002748e+01,5.000000000000000000e-01
2.994500000000002871e+01,5.000000000000000000e-01
2.994600000000002993e+01,5.000000000000000000e-01
2.994700000000002760e+01,5.000000000000000000e-01
2.994800000000002882e+01,5.000000000000000000e-01
2.994900000000002649e+01,5.000000000000000000e-01
2.995000000000002771e+01,5.000000000000000000e-01
2.995100000000002893e+01,5.000000000000000000e-01
2.995200000000002660e+01,5.000000000000000000e-01
2.995300000000002782e+01,5.000000000000000000e-01
2.995400000000002905e+01,5.000000000000000000e-01
2.995500000000002672e+01,5.000000000000000000e-01
2.995600000000002794e+01,5.000000000000000000e-01
2.995700000000002916e+01,5.000000000000000000e-01
2.995800000000002683e+01,5.000000000000000000e-01
2.995900000000002805e+01,5.000000000000000000e-01
2.996000000000002927e+01,5.000000000000000000e-01
2.996100000000002694e+01,5.000000000000000000e-01
2.996200000000002817e+01,5.000000000000000000e-01
2.996300000000002939e+01,5.000000000000000000e-01
2.996400000000002706e+01,5.000000000000000000e-01
2.996500000000002828e+01,5.000000000000000000e-01
2.996600000000002950e+01,5.000000000000000000e-01
2.996700000000002717e+01,5.000000000000000000e-01
2.996800000000002839e+01,5.000000000000000000e-01
2.996900000000002962e+01,5.000000000000000000e-01
2.997000000000002728e+01,5.000000000000000000e-01
2.997100000000002851e+01,5.000000000000000000e-01
2.997200000000002973e+01,5.000000000000000000e-01
2.997300000000002740e+01,5.000000000000000000e-01
2.997400000000002862e+01,5.000000000000000000e-01
2.997500000000002984e+01,5.000000000000000000e-01
2.997600000000002751e+01,5.000000000000000000e-01
2.997700000000002873e+01,5.000000000000000000e-01
2.997800000000002996e+01,5.000000000000000000e-01
2.997900000000002763e+01,5.000000000000000000e-01
2.998000000000002885e+01,5.000000000000000000e-01
2.998100000000003007e+01,5.000000000000000000e-01
2.998200000000002774e+01,5.000000000000000000e-01
2.998300000000002896e+01,5.000000000000000000e-01
2.998400000000002663e+01,5.000000000000000000e-01
2.998500000000002785e+01,5.000000000000000000e-01
2.998600000000002908e+01,5.000000000000000000e-01
2.998700000000002674e+01,5.000000000000000000e-01
2.998800000000002797e+01,5.000000000000000000e-01
2.998900000000002919e+01,5.000000000000000000e-01
2.999000000000002686e+01,5.000000000000000000e-01
2.999100000000002808e+01,5.000000000000000000e-01
2.999200000000002930e+01,5.000000000000000000e-01
2.999300000000002697e+01,5.000000000000000000e-01
2.999400000000002819e+01,5.000000000000000000e-01
2.999500000000002942e+01,5.000000000000000000e-01
2.999600000000002709e+01,5.000000000000000000e-01
2.999700000000002831e+01,5.000000000000000000e-01
2.999800000000002953e+01,5.000000000000000000e-01
2.999900000000002720e+01,5.000000000000000000e-01
3.000000000000002842e+01,5.000000000000000000e-01
3.000100000000002964e+01,5.000000000000000000e-01
3.000200000000002731e+01,5.000000000000000000e-01
3.000300000000002854e+01,5.000000000000000000e-01
3.000400000000002976e+01,5.000000000000000000e-01
3.000500000000002743e+01,5.000000000000000000e-01
3.000600000000002865e+01,5.000000000000000000e-01
3.000700000000002987e+01,5.000000000000000000e-01
3.000800000000002754e+01,5.000000000000000000e-01
3.000900000000002876e+01,5.000000000000000000e-01
3.001000000000002998e+01,5.000000000000000000e-01
3.001100000000002765e+01,5.000000000000000000e-01
3.001200000000002888e+01,5.000000000000000000e-01
3.001300000000002655e+01,5.000000000000000000e-01
3.001400000000002777e+01,5.000000000000000000e-01
3.001500000000002899e+01,5.000000000000000000e-01
3.001600000000002666e+01,5.000000000000000000e-01
3.001700000000002788e+01,5.000000000000000000e-01
3.001800000000002910e+01,5.000000000000000000e-01
3.001900000000002677e+01,5.000000000000000000e-01
3.002000000000002800e+01,5.000000000000000000e-01
3.002100000000002922e+01,5.000000000000000000e-01
3.002200000000002689e+01,5.000000000000000000e-01
3.002300000000002811e+01,5.000000000000000000e-01
3.002400000000002933e+01,5.000000000000000000e-01
3.002500000000002700e+01,5.000000000000000000e-01
3.002600000000002822e+01,5.000000000000000000e-01
3.002700000000002944e+01,5.000000000000000000e-01
3.002800000000002711e+01,5.000000000000000000e-01
3.002900000000002834e+01,5.000000000000000000e-01
3.003000000000002956e+01,5.000000000000000000e-01
3.003100000000002723e+01,5.000000000000000000e-01
3.003200000000002845e+01,5.000000000000000000e-01
3.003300000000002967e+01,5.000000000000000000e-01
3.003400000000002734e+01,5.000000000000000000e-01
3.003500000000002856e+01,5.000000000000000000e-01
3.003600000000002979e+01,5.000000000000000000e-01
3.003700000000002746e+01,5.000000000000000000e-01
3.003800000000002868e+01,5.000000000000000000e-01
3.003900000000002990e+01,5.000000000000000000e-01
3.004000000000002757e+01,5.000000000000000000e-01
3.004100000000002879e+01,5.000000000000000000e-01
3.004200000000003001e+01,5.000000000000000000e-01
3.004300000000002768e+01,5.000000000000000000e-01
3.004400000000002890e+01,5.000000000000000000e-01
3.004500000000003013e+01,5.000000000000000000e-01
3.004600000000002780e+01,5.000000000000000000e-01
3.004700000000002902e+01,5.000000000000000000e-01
3.004800000000002669e+01,5.000000000000000000e-01
3.004900000000002791e+01,5.000000000000000000e-01
3.005000000000002913e+01,5.000000000000000000e-01
3.005100000000002680e+01,5.000000000000000000e-01
3.005200000000002802e+01,5.000000000000000000e-01
3.005300000000002925e+01,5.000000000000000000e-01
3.005400000000002692e+01,5.000000000000000000e-01
3.005500000000002814e+01,5.000000000000000000e-01
3.005600000000002936e+01,5.000000000000000000e-01
3.005700000000002703e+01,5.000000000000000000e-01
3.005800000000002825e+01,5.000000000000000000e-01
3.005900000000002947e+01,5.000000000000000000e-01
3.006000000000002714e+01,5.000000000000000000e-01
3.006100000000002836e+01,5.000000000000000000e-01
3.006200000000002959e+01,5.000000000000000000e-01
3.006300000000002726e+01,5.000000000000000000e-01
3.006400000000002848e+01,5.000000000000000000e-01
3.006500000000002970e+01,5.000000000000000000e-01
3.006600000000002737e+01,5.000000000000000000e-01
3.006700000000002859e+01,5.000000000000000000e-01
3.006800000000002981e+01,5.000000000000000000e-01
3.006900000000002748e+01,5.000000000000000000e-01
3.007000000000002871e+01,5.000000000000000000e-01
3.007100000000002993e+01,5.000000000000000000e-01
3.007200000000002760e+01,5.000000000000000000e-01
3.007300000000002882e+01,5.000000000000000000e-01
3.007400000000003004e+01,5.000000000000000000e-01
3.007500000000002771e+01,5.000000000000000000e-01
3.007600000000002893e+01,5.000000000000000000e-01
3.007700000000002660e+01,5.000000000000000000e-01
3.007800000000002782e+01,5.000000000000000000e-01
3.007900000000002905e+01,5.000000000000000000e-01
3.008000000000002672e+01,5.000000000000000000e-01
3.008100000000002794e+01,5.000000000000000000e-01
3.008200000000002916e+01,5.000000000000000000e-01
3.008300000000002683e+01,5.000000000000000000e-01
3.008400000000002805e+01,5.000000000000000000e-01
3.008500000000002927e+01,5.000000000000000000e-01
3.008600000000002694e+01,5.000000000000000000e-01
3.008700000000002817e+01,5.000000000000000000e-01
3.008800000000002939e+01,5.000000000000000000e-01
3.008900000000002706e+01,5.000000000000000000e-01
3.009000000000002828e+01,5.000000000000000000e-01
3.009100000000002950e+01,5.000000000000000000e-01
3.009200000000002717e+01,5.000000000000000000e-01
3.009300000000002839e+01,5.000000000000000000e-01
3.009400000000002962e+01,5.000000000000000000e-01
3.009500000000002728e+01,5.000000000000000000e-01
3.009600000000002851e+01,5.000000000000000000e-01
3.009700000000002973e+01,5.000000000000000000e-01
3.009800000000002740e+01,5.000000000000000000e-01
3.009900000000002862e+01,5.000000000000000000e-01
3.010000000000002984e+01,5.000000000000000000e-01
3.010100000000002751e+01,5.000000000000000000e-01
3.010200000000002873e+01,5.000000000000000000e-01
3.010300000000002996e+01,5.000000000000000000e-01
3.010400000000002763e+01,5.000000000000000000e-01
3.010500000000002885e+01,5.000000000000000000e-01
3.010600000000003007e+01,5.000000000000000000e-01
3.010700000000002774e+01,5.000000000000000000e-01
3.010800000000002896e+01,5.000000000000000000e-01
3.010900000000003018e+01,5.000000000000000000e-01
3.011000000000002785e+01,5.000000000000000000e-01
3.011100000000002908e+01,5.000000000000000000e-01
3.011200000000002674e+01,5.000000000000000000e-01
3.011300000000002797e+01,5.000000000000000000e-01
3.011400000000002919e+01,5.000000000000000000e-01
3.011500000000002686e+01,5.000000000000000000e-01
3.011600000000002808e+01,5.000000000000000000e-01
3.011700000000002930e+01,5.000000000000000000e-01
3.011800000000002697e+01,5.000000000000000000e-01
3.011900000000002819e+01,5.000000000000000000e-01
3.012000000000002942e+01,5.000000000000000000e-01
3.012100000000002709e+01,5.000000000000000000e-01
3.012200000000002831e+01,5.000000000000000000e-01
3.012300000000002953e+01,5.000000000000000000e-01
3.012400000000002720e+01,5.000000000000000000e-01
3.012500000000002842e+01,5.000000000000000000e-01
3.012600000000002964e+01,5.000000000000000000e-01
3.012700000000002731e+01,5.000000000000000000e-01
3.012800000000002854e+01,5.000000000000000000e-01
3.012900000000002976e+01,5.000000000000000000e-01
3.013000000000002743e+01,5.000000000000000000e-01
3.013100000000002865e+01,5.000000000000000000e-01
3.013200000000002987e+01,5.000000000000000000e-01
3.013300000000002754e+01,5.000000000000000000e-01
3.013400000000002876e+01,5.000000000000000000e-01
3.013500000000002998e+01,5.000000000000000000e-01
3.013600000000002765e+01,5.000000000000000000e-01
3.013700000000002888e+01,5.000000000000000000e-01
3.013800000000003010e+01,5.000000000000000000e-01
3.013900000000002777e+01,5.000000000000000000e-01
3.014000000000002899e+01,5.000000000000000000e-01
3.014100000000002666e+01,5.000000000000000000e-01
3.014200000000002788e+01,5.000000000000000000e-01
3.014300000000002910e+01,5.000000000000000000e-01
3.014400000000002677e+01,5.000000000000000000e-01
3.014500000000002800e+01,5.000000000000000000e-01
3.014600000000002922e+01,5.000000000000000000e-01
3.014700000000002689e+01,5.000000000000000000e-01
3.014800000000002811e+01,5.000000000000000000e-01
3.014900000000002933e+01,5.000000000000000000e-01
3.015000000000002700e+01,5.000000000000000000e-01
3.015100000000002822e+01,5.000000000000000000e-01
3.015200000000002944e+01,5.000000000000000000e-01
3.015300000000002711e+01,5.000000000000000000e-01
3.015400000000002834e+01,5.000000000000000000e-01
3.015500000000002956e+01,5.000000000000000000e-01
3.015600000000002723e+01,5.000000000000000000e-01
3.015700000000002845e+01,5.000000000000000000e-01
3.015800000000002967e+01,5.000000000000000000e-01
3.015900000000002734e+01,5.000000000000000000e-01
3.016000000000002856e+01,5.000000000000000000e-01
3.016100000000002979e+01,5.000000000000000000e-01
3.016200000000002746e+01,5.000000000000000000e-01
3.016300000000002868e+01,5.000000000000000000e-01
3.016400000000002990e+01,5.000000000000000000e-01
3.016500000000002757e+01,5.000000000000000000e-01
3.016600000000002879e+01,5.000000000000000000e-01
3.016700000000003001e+01,5.000000000000000000e-01
3.016800000000002768e+01,5.000000000000000000e-01
3.016900000000002890e+01,5.000000000000000000e-01
3.017000000000003013e+01,5.000000000000000000e-01
3.017100000000002780e+01,5.000000000000000000e-01
3.017200000000002902e+01,5.000000000000000000e-01
3.017300000000003024e+01,5.000000000000000000e-01
3.017400000000002791e+01,5.000000000000000000e-01
3.017500000000002913e+01,5.000000000000000000e-01
3.017600000000002680e+01,5.000000000000000000e-01
3.017700000000002802e+01,5.000000000000000000e-01
3.017800000000002925e+01,5.000000000000000000e-01
3.017900000000002692e+01,5.000000000000000000e-01
3.018000000000002814e+01,5.000000000000000000e-01
3.018100000000002936e+01,5.000000000000000000e-01
3.018200000000002703e+01,5.000000000000000000e-01
3.018300000000002825e+01,5.000000000000000000e-01
3.018400000000002947e+01,5.000000000000000000e-01
3.018500000000002714e+01,5.000000000000000000e-01
3.018600000000002836e+01,5.000000000000000000e-01
3.018700000000002959e+01,5.000000000000000000e-01
3.018800000000002726e+01,5.000000000000000000e-01
3.018900000000002848e+01,5.000000000000000000e-01
3.019000000000002970e+01,5.000000000000000000e-01
3.019100000000002737e+01,5.000000000000000000e-01
3.019200000000002859e+01,5.000000000000000000e-01
3.019300000000002981e+01,5.000000000000000000e-01
3.019400000000002748e+01,5.000000000000000000e-01
3.019500000000002871e+01,5.000000000000000000e-01
3.019600000000002993e+01,5.000000000000000000e-01
3.019700000000002760e+01,5.000000000000000000e-01
3.019800000000002882e+01,5.000000000000000000e-01
3.019900000000003004e+01,5.000000000000000000e-01
3.020000000000002771e+01,5.000000000000000000e-01
3.020100000000002893e+01,5.000000000000000000e-01
3.020200000000003016e+01,5.000000000000000000e-01
3.020300000000002782e+01,5.000000000000000000e-01
3.020400000000002905e+01,5.000000000000000000e-01
3.020500000000002672e+01,5.000000000000000000e-01
3.020600000000002794e+01,5.000000000000000000e-01
3.020700000000002916e+01,5.000000000000000000e-01
3.020800000000002683e+01,5.000000000000000000e-01
3.020900000000002805e+01,5.000000000000000000e-01
3.021000000000002927e+01,5.000000000000000000e-01
3.021100000000002694e+01,5.000000000000000000e-01
3.021200000000002817e+01,5.000000000000000000e-01
3.021300000000002939e+01,5.000000000000000000e-01
3.021400000000002706e+01,5.000000000000000000e-01
3.021500000000002828e+01,5.000000000000000000e-01
3.021600000000002950e+01,5.000000000000000000e-01
3.021700000000002717e+01,5.000000000000000000e-01
3.021800000000002839e+01,5.000000000000000000e-01
3.021900000000002962e+01,5.000000000000000000e-01
3.022000000000002728e+01,5.000000000000000000e-01
3.022100000000002851e+01,5.000000000000000000e-01
3.022200000000002973e+01,5.000000000000000000e-01
3.022300000000002740e+01,5.000000000000000000e-01
3.022400000000002862e+01,5.000000000000000000e-01
3.022500000000002984e+01,5.000000000000000000e-01
3.022600000000002751e+01,5.000000000000000000e-01
3.022700000000002873e+01,5.000000000000000000e-01
3.022800000000002996e+01,5.000000000000000000e-01
3.022900000000002763e+01,5.000000000000000000e-01
3.023000000000002885e+01,5.000000000000000000e-01
3.023100000000003007e+01,5.000000000000000000e-01
3.023200000000002774e+01,5.000000000000000000e-01
3.023300000000002896e+01,5.000000000000000000e-01
3.023400000000003018e+01,5.000000000000000000e-01
3.023500000000002785e+01,5.000000000000000000e-01
3.023600000000002908e+01,5.000000000000000000e-01
3.023700000000003030e+01,5.000000000000000000e-01
3.023800000000002797e+01,5.000000000000000000e-01
3.023900000000002919e+01,5.000000000000000000e-01
3.024000000000002686e+01,5.000000000000000000e-01
3.024100000000002808e+01,5.000000000000000000e-01
3.024200000000002930e+01,5.000000000000000000e-01
3.024300000000002697e+01,5.000000000000000000e-01
3.024400000000002819e+01,5.000000000000000000e-01
3.024500000000002942e+01,5.000000000000000000e-01
3.024600000000002709e+01,5.000000000000000000e-01
3.024700000000002831e+01,5.000000000000000000e-01
3.024800000000002953e+01,5.000000000000000000e-01
3.024900000000002720e+01,5.000000000000000000e-01
3.025000000000002842e+01,5.000000000000000000e-01
3.025100000000002964e+01,5.000000000000000000e-01
3.025200000000002731e+01,5.000000000000000000e-01
3.025300000000002854e+01,5.000000000000000000e-01
3.025400000000002976e+01,5.000000000000000000e-01
3.025500000000002743e+01,5.000000000000000000e-01
3.025600000000002865e+01,5.000000000000000000e-01
3.025700000000002987e+01,5.000000000000000000e-01
3.025800000000002754e+01,5.000000000000000000e-01
3.025900000000002876e+01,5.000000000000000000e-01
3.026000000000002998e+01,5.000000000000000000e-01
3.026100000000002765e+01,5.000000000000000000e-01
3.026200000000002888e+01,5.000000000000000000e-01
3.026300000000003010e+01,5.000000000000000000e-01
3.026400000000002777e+01,5.000000000000000000e-01
3.026500000000002899e+01,5.000000000000000000e-01
3.026600000000003021e+01,5.000000000000000000e-01
3.026700000000002788e+01,5.000000000000000000e-01
3.026800000000002910e+01,5.000000000000000000e-01
3.026900000000002677e+01,5.000000000000000000e-01
3.027000000000002800e+01,5.000000000000000000e-01
3.027100000000002922e+01,5.000000000000000000e-01
3.027200000000002689e+01,5.000000000000000000e-01
3.027300000000002811e+01,5.000000000000000000e-01
3.027400000000002933e+01,5.000000000000000000e-01
3.027500000000002700e+01,5.000000000000000000e-01
3.027600000000002822e+01,5.000000000000000000e-01
3.027700000000002944e+01,5.000000000000000000e-01
3.027800000000002711e+01,5.000000000000000000e-01
3.027900000000002834e+01,5.000000000000000000e-01
3.028000000000002956e+01,5.000000000000000000e-01
3.028100000000002723e+01,5.000000000000000000e-01
3.028200000000002845e+01,5.000000000000000000e-01
3.028300000000002967e+01,5.000000000000000000e-01
3.028400000000002734e+01,5.000000000000000000e-01
3.028500000000002856e+01,5.000000000000000000e-01
3.028600000000002979e+01,5.000000000000000000e-01
3.028700000000002746e+01,5.000000000000000000e-01
3.028800000000002868e+01,5.000000000000000000e-01
3.028900000000002990e+01,5.000000000000000000e-01
3.029000000000002757e+01,5.000000000000000000e-01
3.029100000000002879e+01,5.000000000000000000e-01
3.029200000000003001e+01,5.000000000000000000e-01
3.029300000000002768e+01,5.000000000000000000e-01
3.029400000000002890e+01,5.000000000000000000e-01
3.029500000000003013e+01,5.000000000000000000e-01
3.029600000000002780e+01,5.000000000000000000e-01
3.029700000000002902e+01,5.000000000000000000e-01
3.029800000000003024e+01,5.000000000000000000e-01
3.029900000000002791e+01,5.000000000000000000e-01
3.030000000000002913e+01,5.000000000000000000e-01
3.030100000000003035e+01,5.000000000000000000e-01
3.030200000000002802e+01,5.000000000000000000e-01
3.030300000000002925e+01,5.000000000000000000e-01
3.030400000000002692e+01,5.000000000000000000e-01
3.030500000000002814e+01,5.000000000000000000e-01
3.030600000000002936e+01,5.000000000000000000e-01
3.030700000000002703e+01,5.000000000000000000e-01
3.030800000000002825e+01,5.000000000000000000e-01
3.030900000000002947e+01,5.000000000000000000e-01
3.031000000000002714e+01,5.000000000000000000e-01
3.031100000000002836e+01,5.000000000000000000e-01
3.031200000000002959e+01,5.000000000000000000e-01
3.031300000000002726e+01,5.000000000000000000e-01
3.031400000000002848e+01,5.000000000000000000e-01
3.031500000000002970e+01,5.000000000000000000e-01
3.031600000000002737e+01,5.000000000000000000e-01
3.031700000000002859e+01,5.000000000000000000e-01
3.031800000000002981e+01,5.000000000000000000e-01
3.031900000000002748e+01,5.000000000000000000e-01
3.032000000000002871e+01,5.000000000000000000e-01
3.032100000000002993e+01,5.000000000000000000e-01
3.032200000000002760e+01,5.000000000000000000e-01
3.032300000000002882e+01,5.000000000000000000e-01
3.032400000000003004e+01,5.000000000000000000e-01
3.032500000000002771e+01,5.000000000000000000e-01
3.032600000000002893e+01,5.000000000000000000e-01
3.032700000000003016e+01,5.000000000000000000e-01
3.032800000000002782e+01,5.000000000000000000e-01
3.032900000000002905e+01,5.000000000000000000e-01
3.033000000000003027e+01,5.000000000000000000e-01
3.033100000000002794e+01,5.000000000000000000e-01
3.033200000000002916e+01,5.000000000000000000e-01
3.033300000000002683e+01,5.000000000000000000e-01
3.033400000000002805e+01,5.000000000000000000e-01
3.033500000000002927e+01,5.000000000000000000e-01
3.033600000000002694e+01,5.000000000000000000e-01
3.033700000000002817e+01,5.000000000000000000e-01
3.033800000000002939e+01,5.000000000000000000e-01
3.033900000000002706e+01,5.000000000000000000e-01
3.034000000000002828e+01,5.000000000000000000e-01
3.034100000000002950e+01,5.000000000000000000e-01
3.034200000000002717e+01,5.000000000000000000e-01
3.034300000000002839e+01,5.000000000000000000e-01
3.034400000000002962e+01,5.000000000000000000e-01
3.034500000000002728e+01,5.000000000000000000e-01
3.034600000000002851e+01,5.000000000000000000e-01
3.034700000000002973e+01,5.000000000000000000e-01
3.034800000000002740e+01,5.000000000000000000e-01
3.034900000000002862e+01,5.000000000000000000e-01
3.035000000000002984e+01,5.000000000000000000e-01
3.035100000000002751e+01,5.000000000000000000e-01
3.035200000000002873e+01,5.000000000000000000e-01
3.035300000000002996e+01,5.000000000000000000e-01
3.035400000000002763e+01,5.000000000000000000e-01
3.035500000000002885e+01,5.000000000000000000e-01
3.035600000000003007e+01,5.000000000000000000e-01
3.035700000000002774e+01,5.000000000000000000e-01
3.035800000000002896e+01,5.000000000000000000e-01
3.035900000000003018e+01,5.000000000000000000e-01
3.036000000000002785e+01,5.000000000000000000e-01
3.036100000000002908e+01,5.000000000000000000e-01
3.036200000000003030e+01,5.000000000000000000e-01
3.036300000000002797e+01,5.000000000000000000e-01
3.036400000000002919e+01,5.000000000000000000e-01
3.036500000000003041e+01,5.000000000000000000e-01
3.036600000000002808e+01,5.000000000000000000e-01
3.036700000000002930e+01,5.000000000000000000e-01
3.036800000000002697e+01,5.000000000000000000e-01
3.036900000000002819e+01,5.000000000000000000e-01
3.037000000000002942e+01,5.000000000000000000e-01
3.037100000000002709e+01,5.000000000000000000e-01
3.037200000000002831e+01,5.000000000000000000e-01
3.037300000000002953e+01,5.000000000000000000e-01
3.037400000000002720e+01,5.000000000000000000e-01
3.037500000000002842e+01,5.000000000000000000e-01
3.037600000000002964e+01,5.000000000000000000e-01
3.037700000000002731e+01,5.000000000000000000e-01
3.037800000000002854e+01,5.000000000000000000e-01
3.037900000000002976e+01,5.000000000000000000e-01
3.038000000000002743e+01,5.000000000000000000e-01
3.038100000000002865e+01,5.000000000000000000e-01
3.038200000000002987e+01,5.000000000000000000e-01
3.038300000000002754e+01,5.000000000000000000e-01
3.038400000000002876e+01,5.000000000000000000e-01
3.038500000000002998e+01,5.000000000000000000e-01
3.038600000000002765e+01,5.000000000000000000e-01
3.038700000000002888e+01,5.000000000000000000e-01
3.038800000000003010e+01,5.000000000000000000e-01
3.038900000000002777e+01,5.000000000000000000e-01
3.039000000000002899e+01,5.000000000000000000e-01
3.039100000000003021e+01,5.000000000000000000e-01
3.039200000000002788e+01,5.000000000000000000e-01
3.039300000000002910e+01,5.000000000000000000e-01
3.039400000000003033e+01,5.000000000000000000e-01
3.039500000000002800e+01,5.000000000000000000e-01
3.039600000000002922e+01,5.000000000000000000e-01
3.039700000000002689e+01,5.000000000000000000e-01
3.039800000000002811e+01,5.000000000000000000e-01
3.039900000000002933e+01,5.000000000000000000e-01
3.040000000000002700e+01,5.000000000000000000e-01
3.040100000000002822e+01,5.000000000000000000e-01
3.040200000000002944e+01,5.000000000000000000e-01
3.040300000000002711e+01,5.000000000000000000e-01
3.040400000000002834e+01,5.000000000000000000e-01
3.040500000000002956e+01,5.000000000000000000e-01
3.040600000000002723e+01,5.000000000000000000e-01
3.040700000000002845e+01,5.000000000000000000e-01
3.040800000000002967e+01,5.000000000000000000e-01
3.040900000000002734e+01,5.000000000000000000e-01
3.041000000000002856e+01,5.000000000000000000e-01
3.041100000000002979e+01,5.000000000000000000e-01
3.041200000000002746e+01,5.000000000000000000e-01
3.041300000000002868e+01,5.000000000000000000e-01
3.041400000000002990e+01,5.000000000000000000e-01
3.041500000000002757e+01,5.000000000000000000e-01
3.041600000000002879e+01,5.000000000000000000e-01
3.041700000000003001e+01,5.000000000000000000e-01
3.041800000000002768e+01,5.000000000000000000e-01
3.041900000000002890e+01,5.000000000000000000e-01
3.042000000000003013e+01,5.000000000000000000e-01
3.042100000000002780e+01,5.000000000000000000e-01
3.042200000000002902e+01,5.000000000000000000e-01
3.042300000000003024e+01,5.000000000000000000e-01
3.042400000000002791e+01,5.000000000000000000e-01
3.042500000000002913e+01,5.000000000000000000e-01
3.042600000000003035e+01,5.000000000000000000e-01
3.042700000000002802e+01,5.000000000000000000e-01
3.042800000000002925e+01,5.000000000000000000e-01
3.042900000000003047e+01,5.000000000000000000e-01
3.043000000000002814e+01,5.000000000000000000e-01
3.043100000000002936e+01,5.000000000000000000e-01
3.043200000000002703e+01,5.000000000000000000e-01
3.043300000000002825e+01,5.000000000000000000e-01
3.043400000000002947e+01,5.000000000000000000e-01
3.043500000000002714e+01,5.000000000000000000e-01
3.043600000000002836e+01,5.000000000000000000e-01
3.043700000000002959e+01,5.000000000000000000e-01
3.043800000000002726e+01,5.000000000000000000e-01
3.043900000000002848e+01,5.000000000000000000e-01
3.044000000000002970e+01,5.000000000000000000e-01
3.044100000000002737e+01,5.000000000000000000e-01
3.044200000000002859e+01,5.000000000000000000e-01
3.044300000000002981e+01,5.000000000000000000e-01
3.044400000000002748e+01,5.000000000000000000e-01
3.044500000000002871e+01,5.000000000000000000e-01
3.044600000000002993e+01,5.000000000000000000e-01
3.044700000000002760e+01,5.000000000000000000e-01
3.044800000000002882e+01,5.000000000000000000e-01
3.044900000000003004e+01,5.000000000000000000e-01
3.045000000000002771e+01,5.000000000000000000e-01
3.045100000000002893e+01,5.000000000000000000e-01
3.045200000000003016e+01,5.000000000000000000e-01
3.045300000000002782e+01,5.000000000000000000e-01
3.045400000000002905e+01,5.000000000000000000e-01
3.045500000000003027e+01,5.000000000000000000e-01
3.045600000000002794e+01,5.000000000000000000e-01
3.045700000000002916e+01,5.000000000000000000e-01
3.045800000000003038e+01,5.000000000000000000e-01
3.045900000000002805e+01,5.000000000000000000e-01
3.046000000000002927e+01,5.000000000000000000e-01
3.046100000000002694e+01,5.000000000000000000e-01
3.046200000000002817e+01,5.000000000000000000e-01
3.046300000000002939e+01,5.000000000000000000e-01
3.046400000000002706e+01,5.000000000000000000e-01
3.046500000000002828e+01,5.000000000000000000e-01
3.046600000000002950e+01,5.000000000000000000e-01
3.046700000000002717e+01,5.000000000000000000e-01
3.046800000000002839e+01,5.000000000000000000e-01
3.046900000000002962e+01,5.000000000000000000e-01
3.047000000000002728e+01,5.000000000000000000e-01
3.047100000000002851e+01,5.000000000000000000e-01
3.047200000000002973e+01,5.000000000000000000e-01
3.047300000000002740e+01,5.000000000000000000e-01
3.047400000000002862e+01,5.000000000000000000e-01
3.047500000000002984e+01,5.000000000000000000e-01
3.047600000000002751e+01,5.000000000000000000e-01
3.047700000000002873e+01,5.000000000000000000e-01
3.047800000000002996e+01,5.000000000000000000e-01
3.047900000000002763e+01,5.000000000000000000e-01
3.048000000000002885e+01,5.000000000000000000e-01
3.048100000000003007e+01,5.000000000000000000e-01
3.048200000000002774e+01,5.000000000000000000e-01
3.048300000000002896e+01,5.000000000000000000e-01
3.048400000000003018e+01,5.000000000000000000e-01
3.048500000000002785e+01,5.000000000000000000e-01
3.048600000000002908e+01,5.000000000000000000e-01
3.048700000000003030e+01,5.000000000000000000e-01
3.048800000000002797e+01,5.000000000000000000e-01
3.048900000000002919e+01,5.000000000000000000e-01
3.049000000000003041e+01,5.000000000000000000e-01
3.049100000000002808e+01,5.000000000000000000e-01
3.049200000000002930e+01,5.000000000000000000e-01
3.049300000000003052e+01,5.000000000000000000e-01
3.049400000000002819e+01,5.000000000000000000e-01
3.049500000000002942e+01,5.000000000000000000e-01
3.049600000000002709e+01,5.000000000000000000e-01
3.049700000000002831e+01,5.000000000000000000e-01
3.049800000000002953e+01,5.000000000000000000e-01
3.049900000000002720e+01,5.000000000000000000e-01
3.050000000000002842e+01,5.000000000000000000e-01
3.050100000000002964e+01,5.000000000000000000e-01
3.050200000000002731e+01,5.000000000000000000e-01
3.050300000000002854e+01,5.000000000000000000e-01
3.050400000000002976e+01,5.000000000000000000e-01
3.050500000000002743e+01,5.000000000000000000e-01
3.050600000000002865e+01,5.000000000000000000e-01
3.050700000000002987e+01,5.000000000000000000e-01
3.050800000000002754e+01,5.000000000000000000e-01
3.050900000000002876e+01,5.000000000000000000e-01
3.051000000000002998e+01,5.000000000000000000e-01
3.051100000000002765e+01,5.000000000000000000e-01
3.051200000000002888e+01,5.000000000000000000e-01
3.051300000000003010e+01,5.000000000000000000e-01
3.051400000000002777e+01,5.000000000000000000e-01
3.051500000000002899e+01,5.000000000000000000e-01
3.051600000000003021e+01,5.000000000000000000e-01
3.051700000000002788e+01,5.000000000000000000e-01
3.051800000000002910e+01,5.000000000000000000e-01
3.051900000000003033e+01,5.000000000000000000e-01
3.052000000000002800e+01,5.000000000000000000e-01
3.052100000000002922e+01,5.000000000000000000e-01
3.052200000000003044e+01,5.000000000000000000e-01
3.052300000000002811e+01,5.000000000000000000e-01
3.052400000000002933e+01,5.000000000000000000e-01
3.052500000000002700e+01,5.000000000000000000e-01
3.052600000000002822e+01,5.000000000000000000e-01
3.052700000000002944e+01,5.000000000000000000e-01
3.052800000000002711e+01,5.000000000000000000e-01
3.052900000000002834e+01,5.000000000000000000e-01
3.053000000000002956e+01,5.000000000000000000e-01
3.053100000000002723e+01,5.000000000000000000e-01
3.053200000000002845e+01,5.000000000000000000e-01
3.053300000000002967e+01,5.000000000000000000e-01
3.053400000000002734e+01,5.000000000000000000e-01
3.053500000000002856e+01,5.000000000000000000e-01
3.053600000000002979e+01,5.000000000000000000e-01
3.053700000000002746e+01,5.000000000000000000e-01
3.053800000000002868e+01,5.000000000000000000e-01
3.053900000000002990e+01,5.000000000000000000e-01
3.054000000000002757e+01,5.000000000000000000e-01
3.054100000000002879e+01,5.000000000000000000e-01
3.054200000000003001e+01,5.000000000000000000e-01
3.054300000000002768e+01,5.000000000000000000e-01
3.054400000000002890e+01,5.000000000000000000e-01
3.054500000000003013e+01,5.000000000000000000e-01
3.054600000000002780e+01,5.000000000000000000e-01
3.054700000000002902e+01,5.000000000000000000e-01
3.054800000000003024e+01,5.000000000000000000e-01
3.054900000000002791e+01,5.000000000000000000e-01
3.055000000000002913e+01,5.000000000000000000e-01
3.055100000000003035e+01,5.000000000000000000e-01
3.055200000000002802e+01,5.000000000000000000e-01
3.055300000000002925e+01,5.000000000000000000e-01
3.055400000000003047e+01,5.000000000000000000e-01
3.055500000000002814e+01,5.000000000000000000e-01
3.055600000000002936e+01,5.000000000000000000e-01
3.055700000000003058e+01,5.000000000000000000e-01
3.055800000000002825e+01,5.000000000000000000e-01
3.055900000000002947e+01,5.000000000000000000e-01
3.056000000000002714e+01,5.000000000000000000e-01
3.056100000000002836e+01,5.000000000000000000e-01
3.056200000000002959e+01,5.000000000000000000e-01
3.056300000000002726e+01,5.000000000000000000e-01
3.056400000000002848e+01,5.000000000000000000e-01
3.056500000000002970e+01,5.000000000000000000e-01
3.056600000000002737e+01,5.000000000000000000e-01
3.056700000000002859e+01,5.000000000000000000e-01
3.056800000000002981e+01,5.000000000000000000e-01
3.056900000000002748e+01,5.000000000000000000e-01
3.057000000000002871e+01,5.000000000000000000e-01
3.057100000000002993e+01,5.000000000000000000e-01
3.057200000000002760e+01,5.000000000000000000e-01
3.057300000000002882e+01,5.000000000000000000e-01
3.057400000000003004e+01,5.000000000000000000e-01
3.057500000000002771e+01,5.000000000000000000e-01
3.057600000000002893e+01,5.000000000000000000e-01
3.057700000000003016e+01,5.000000000000000000e-01
3.057800000000002782e+01,5.000000000000000000e-01
3.057900000000002905e+01,5.000000000000000000e-01
3.058000000000003027e+01,5.000000000000000000e-01
3.058100000000002794e+01,5.000000000000000000e-01
3.058200000000002916e+01,5.000000000000000000e-01
3.058300000000003038e+01,5.000000000000000000e-01
3.058400000000002805e+01,5.000000000000000000e-01
3.058500000000002927e+01,5.000000000000000000e-01
3.058600000000003050e+01,5.000000000000000000e-01
3.058700000000002817e+01,5.000000000000000000e-01
3.058800000000002939e+01,5.000000000000000000e-01
3.058900000000002706e+01,5.000000000000000000e-01
3.059000000000002828e+01,5.000000000000000000e-01
3.059100000000002950e+01,5.000000000000000000e-01
3.059200000000002717e+01,5.000000000000000000e-01
3.059300000000002839e+01,5.000000000000000000e-01
3.059400000000002962e+01,5.000000000000000000e-01
3.059500000000002728e+01,5.000000000000000000e-01
3.059600000000002851e+01,5.000000000000000000e-01
3.059700000000002973e+01,5.000000000000000000e-01
3.059800000000002740e+01,5.000000000000000000e-01
3.059900000000002862e+01,5.000000000000000000e-01
3.060000000000002984e+01,5.000000000000000000e-01
3.060100000000002751e+01,5.000000000000000000e-01
3.060200000000002873e+01,5.000000000000000000e-01
3.060300000000002996e+01,5.000000000000000000e-01
3.060400000000002763e+01,5.000000000000000000e-01
3.060500000000002885e+01,5.000000000000000000e-01
3.060600000000003007e+01,5.000000000000000000e-01
3.060700000000002774e+01,5.000000000000000000e-01
3.060800000000002896e+01,5.000000000000000000e-01
3.060900000000003018e+01,5.000000000000000000e-01
3.061000000000002785e+01,5.000000000000000000e-01
3.061100000000002908e+01,5.000000000000000000e-01
3.061200000000003030e+01,5.000000000000000000e-01
3.061300000000002797e+01,5.000000000000000000e-01
3.061400000000002919e+01,5.000000000000000000e-01
3.061500000000003041e+01,5.000000000000000000e-01
3.061600000000002808e+01,5.000000000000000000e-01
3.061700000000002930e+01,5.000000000000000000e-01
3.061800000000003052e+01,5.000000000000000000e-01
3.061900000000002819e+01,5.000000000000000000e-01
3.062000000000002942e+01,5.000000000000000000e-01
3.062100000000003064e+01,5.000000000000000000e-01
3.062200000000002831e+01,5.000000000000000000e-01
3.062300000000002953e+01,5.000000000000000000e-01
3.062400000000002720e+01,5.000000000000000000e-01
3.062500000000002842e+01,5.000000000000000000e-01
3.062600000000002964e+01,5.000000000000000000e-01
3.062700000000002731e+01,5.000000000000000000e-01
3.062800000000002854e+01,5.000000000000000000e-01
3.062900000000002976e+01,5.000000000000000000e-01
3.063000000000002743e+01,5.000000000000000000e-01
3.063100000000002865e+01,5.000000000000000000e-01
3.063200000000002987e+01,5.000000000000000000e-01
3.063300000000002754e+01,5.000000000000000000e-01
3.063400000000002876e+01,5.000000000000000000e-01
3.063500000000002998e+01,5.000000000000000000e-01
3.063600000000002765e+01,5.000000000000000000e-01
3.063700000000002888e+01,5.000000000000000000e-01
3.063800000000003010e+01,5.000000000000000000e-01
3.063900000000002777e+01,5.000000000000000000e-01
3.064000000000002899e+01,5.000000000000000000e-01
3.064100000000003021e+01,5.000000000000000000e-01
3.064200000000002788e+01,5.000000000000000000e-01
3.064300000000002910e+01,5.000000000000000000e-01
3.064400000000003033e+01,5.000000000000000000e-01
3.064500000000002800e+01,5.000000000000000000e-01
3.064600000000002922e+01,5.000000000000000000e-01
3.064700000000003044e+01,5.000000000000000000e-01
3.064800000000002811e+01,5.000000000000000000e-01
3.064900000000002933e+01,5.000000000000000000e-01
3.065000000000003055e+01,5.000000000000000000e-01
3.065100000000002822e+01,5.000000000000000000e-01
3.065200000000002944e+01,5.000000000000000000e-01
3.065300000000002711e+01,5.000000000000000000e-01
3.065400000000002834e+01,5.000000000000000000e-01
3.065500000000002956e+01,5.000000000000000000e-01
3.065600000000002723e+01,5.000000000000000000e-01
3.065700000000002845e+01,5.000000000000000000e-01
3.065800000000002967e+01,5.000000000000000000e-01
3.065900000000002734e+01,5.000000000000000000e-01
3.066000000000002856e+01,5.000000000000000000e-01
3.066100000000002979e+01,5.000000000000000000e-01
3.066200000000002746e+01,5.000000000000000000e-01
3.066300000000002868e+01,5.000000000000000000e-01
3.066400000000002990e+01,5.000000000000000000e-01
3.066500000000002757e+01,5.000000000000000000e-01
3.066600000000002879e+01,5.000000000000000000e-01
3.066700000000003001e+01,5.000000000000000000e-01
3.066800000000002768e+01,5.000000000000000000e-01
3.066900000000002890e+01,5.000000000000000000e-01
3.067000000000003013e+01,5.000000000000000000e-01
3.067100000000002780e+01,5.000000000000000000e-01
3.067200000000002902e+01,5.000000000000000000e-01
3.067300000000003024e+01,5.000000000000000000e-01
3.067400000000002791e+01,5.000000000000000000e-01
3.067500000000002913e+01,5.000000000000000000e-01
3.067600000000003035e+01,5.000000000000000000e-01
3.067700000000002802e+01,5.000000000000000000e-01
3.067800000000002925e+01,5.000000000000000000e-01
3.067900000000003047e+01,5.000000000000000000e-01
3.068000000000002814e+01,5.000000000000000000e-01
3.068100000000002936e+01,5.000000000000000000e-01
3.068200000000003058e+01,5.000000000000000000e-01
3.068300000000002825e+01,5.000000000000000000e-01
3.068400000000002947e+01,5.000000000000000000e-01
3.068500000000003070e+01,5.000000000000000000e-01
3.068600000000002836e+01,5.000000000000000000e-01
3.068700000000002959e+01,5.000000000000000000e-01
3.068800000000002726e+01,5.000000000000000000e-01
3.068900000000002848e+01,5.000000000000000000e-01
3.069000000000002970e+01,5.000000000000000000e-01
3.069100000000002737e+01,5.000000000000000000e-01
3.069200000000002859e+01,5.000000000000000000e-01
3.069300000000002981e+01,5.000000000000000000e-01
3.069400000000002748e+01,5.000000000000000000e-01
3.069500000000002871e+01,5.000000000000000000e-01
3.069600000000002993e+01,5.000000000000000000e-01
3.069700000000002760e+01,5.000000000000000000e-01
3.069800000000002882e+01,5.000000000000000000e-01
3.069900000000003004e+01,5.000000000000000000e-01
3.070000000000002771e+01,5.000000000000000000e-01
3.070100000000002893e+01,5.000000000000000000e-01
3.070200000000003016e+01,5.000000000000000000e-01
3.070300000000002782e+01,5.000000000000000000e-01
3.070400000000002905e+01,5.000000000000000000e-01
3.070500000000003027e+01,5.000000000000000000e-01
3.070600000000002794e+01,5.000000000000000000e-01
3.070700000000002916e+01,5.000000000000000000e-01
3.070800000000003038e+01,5.000000000000000000e-01
3.070900000000002805e+01,5.000000000000000000e-01
3.071000000000002927e+01,5.000000000000000000e-01
3.071100000000003050e+01,5.000000000000000000e-01
3.071200000000002817e+01,5.000000000000000000e-01
3.071300000000002939e+01,5.000000000000000000e-01
3.071400000000003061e+01,5.000000000000000000e-01
3.071500000000002828e+01,5.000000000000000000e-01
3.071600000000002950e+01,5.000000000000000000e-01
3.071700000000002717e+01,5.000000000000000000e-01
3.071800000000002839e+01,5.000000000000000000e-01
3.071900000000002962e+01,5.000000000000000000e-01
3.072000000000002728e+01,5.000000000000000000e-01
3.072100000000002851e+01,5.000000000000000000e-01
3.072200000000002973e+01,5.000000000000000000e-01
3.072300000000002740e+01,5.000000000000000000e-01
3.072400000000002862e+01,5.000000000000000000e-01
3.072500000000002984e+01,5.000000000000000000e-01
3.072600000000002751e+01,5.000000000000000000e-01
3.072700000000002873e+01,5.000000000000000000e-01
3.072800000000002996e+01,5.000000000000000000e-01
3.072900000000002763e+01,5.000000000000000000e-01
3.073000000000002885e+01,5.000000000000000000e-01
3.073100000000003007e+01,5.000000000000000000e-01
3.073200000000002774e+01,5.000000000000000000e-01
3.073300000000002896e+01,5.000000000000000000e-01
3.073400000000003018e+01,5.000000000000000000e-01
3.073500000000002785e+01,5.000000000000000000e-01
3.073600000000002908e+01,5.000000000000000000e-01
3.073700000000003030e+01,5.000000000000000000e-01
3.073800000000002797e+01,5.000000000000000000e-01
3.073900000000002919e+01,5.000000000000000000e-01
3.074000000000003041e+01,5.000000000000000000e-01
3.074100000000002808e+01,5.000000000000000000e-01
3.074200000000002930e+01,5.000000000000000000e-01
3.074300000000003052e+01,5.000000000000000000e-01
3.074400000000002819e+01,5.000000000000000000e-01
3.074500000000002942e+01,5.000000000000000000e-01
3.074600000000003064e+01,5.000000000000000000e-01
3.074700000000002831e+01,5.000000000000000000e-01
3.074800000000002953e+01,5.000000000000000000e-01
3.074900000000003075e+01,5.000000000000000000e-01
3.075000000000002842e+01,5.000000000000000000e-01
3.075100000000002964e+01,5.000000000000000000e-01
3.075200000000002731e+01,5.000000000000000000e-01
3.075300000000002854e+01,5.000000000000000000e-01
3.075400000000002976e+01,5.000000000000000000e-01
3.075500000000002743e+01,5.000000000000000000e-01
3.075600000000002865e+01,5.000000000000000000e-01
3.075700000000002987e+01,5.000000000000000000e-01
3.075800000000002754e+01,5.000000000000000000e-01
3.075900000000002876e+01,5.000000000000000000e-01
3.076000000000002998e+01,5.000000000000000000e-01
3.076100000000002765e+01,5.000000000000000000e-01
3.076200000000002888e+01,5.000000000000000000e-01
3.076300000000003010e+01,5.000000000000000000e-01
3.076400000000002777e+01,5.000000000000000000e-01
3.076500000000002899e+01,5.000000000000000000e-01
3.076600000000003021e+01,5.000000000000000000e-01
3.076700000000002788e+01,5.000000000000000000e-01
3.076800000000002910e+01,5.000000000000000000e-01
3.076900000000003033e+01,5.000000000000000000e-01
3.077000000000002800e+01,5.000000000000000000e-01
3.077100000000002922e+01,5.000000000000000000e-01
3.077200000000003044e+01,5.000000000000000000e-01
3.077300000000002811e+01,5.000000000000000000e-01
3.077400000000002933e+01,5.000000000000000000e-01
3.077500000000003055e+01,5.000000000000000000e-01
3.077600000000002822e+01,5.000000000000000000e-01
3.077700000000002944e+01,5.000000000000000000e-01
3.077800000000003067e+01,5.000000000000000000e-01
3.077900000000002834e+01,5.000000000000000000e-01
3.078000000000002956e+01,5.000000000000000000e-01
3.078100000000002723e+01,5.000000000000000000e-01
3.078200000000002845e+01,5.000000000000000000e-01
3.078300000000002967e+01,5.000000000000000000e-01
3.078400000000002734e+01,5.000000000000000000e-01
3.078500000000002856e+01,5.000000000000000000e-01
3.078600000000002979e+01,5.000000000000000000e-01
3.078700000000002746e+01,5.000000000000000000e-01
3.078800000000002868e+01,5.000000000000000000e-01
3.078900000000002990e+01,5.000000000000000000e-01
3.079000000000002757e+01,5.000000000000000000e-01
3.079100000000002879e+01,5.000000000000000000e-01
3.079200000000003001e+01,5.000000000000000000e-01
3.079300000000002768e+01,5.000000000000000000e-01
3.079400000000002890e+01,5.000000000000000000e-01
3.079500000000003013e+01,5.000000000000000000e-01
3.079600000000002780e+01,5.000000000000000000e-01
3.079700000000002902e+01,5.000000000000000000e-01
3.079800000000003024e+01,5.000000000000000000e-01
3.079900000000002791e+01,5.000000000000000000e-01
3.080000000000002913e+01,5.000000000000000000e-01
3.080100000000003035e+01,5.000000000000000000e-01
3.080200000000002802e+01,5.000000000000000000e-01
3.080300000000002925e+01,5.000000000000000000e-01
3.080400000000003047e+01,5.000000000000000000e-01
3.080500000000002814e+01,5.000000000000000000e-01
3.080600000000002936e+01,5.000000000000000000e-01
3.080700000000003058e+01,5.000000000000000000e-01
3.080800000000002825e+01,5.000000000000000000e-01
3.080900000000002947e+01,5.000000000000000000e-01
3.081000000000003070e+01,5.000000000000000000e-01
3.081100000000002836e+01,5.000000000000000000e-01
3.081200000000002959e+01,5.000000000000000000e-01
3.081300000000003081e+01,5.000000000000000000e-01
3.081400000000002848e+01,5.000000000000000000e-01
3.081500000000002970e+01,5.000000000000000000e-01
3.081600000000002737e+01,5.000000000000000000e-01
3.081700000000002859e+01,5.000000000000000000e-01
3.081800000000002981e+01,5.000000000000000000e-01
3.081900000000002748e+01,5.000000000000000000e-01
3.082000000000002871e+01,5.000000000000000000e-01
3.082100000000002993e+01,5.000000000000000000e-01
3.082200000000002760e+01,5.000000000000000000e-01
3.082300000000002882e+01,5.000000000000000000e-01
3.082400000000003004e+01,5.000000000000000000e-01
3.082500000000002771e+01,5.000000000000000000e-01
3.082600000000002893e+01,5.000000000000000000e-01
3.082700000000003016e+01,5.000000000000000000e-01
3.082800000000002782e+01,5.000000000000000000e-01
3.082900000000002905e+01,5.000000000000000000e-01
3.083000000000003027e+01,5.000000000000000000e-01
3.083100000000002794e+01,5.000000000000000000e-01
3.083200000000002916e+01,5.000000000000000000e-01
3.083300000000003038e+01,5.000000000000000000e-01
3.083400000000002805e+01,5.000000000000000000e-01
3.083500000000002927e+01,5.000000000000000000e-01
3.083600000000003050e+01,5.000000000000000000e-01
3.083700000000002817e+01,5.000000000000000000e-01
3.083800000000002939e+01,5.000000000000000000e-01
3.083900000000003061e+01,5.000000000000000000e-01
3.084000000000002828e+01,5.000000000000000000e-01
3.084100000000002950e+01,5.000000000000000000e-01
3.084200000000003072e+01,5.000000000000000000e-01
3.084300000000002839e+01,5.000000000000000000e-01
3.084400000000002962e+01,5.000000000000000000e-01
3.084500000000002728e+01,5.000000000000000000e-01
3.084600000000002851e+01,5.000000000000000000e-01
3.084700000000002973e+01,5.000000000000000000e-01
3.084800000000002740e+01,5.000000000000000000e-01
3.084900000000002862e+01,5.000000000000000000e-01
3.085000000000002984e+01,5.000000000000000000e-01
3.085100000000002751e+01,5.000000000000000000e-01
3.085200000000002873e+01,5.000000000000000000e-01
3.085300000000002996e+01,5.000000000000000000e-01
3.085400000000002763e+01,5.000000000000000000e-01
3.085500000000002885e+01,5.000000000000000000e-01
3.085600000000003007e+01,5.000000000000000000e-01
3.085700000000002774e+01,5.000000000000000000e-01
3.085800000000002896e+01,5.000000000000000000e-01
3.085900000000003018e+01,5.000000000000000000e-01
3.086000000000002785e+01,5.000000000000000000e-01
3.086100000000002908e+01,5.000000000000000000e-01
3.086200000000003030e+01,5.000000000000000000e-01
3.086300000000002797e+01,5.000000000000000000e-01
3.086400000000002919e+01,5.000000000000000000e-01
3.086500000000003041e+01,5.000000000000000000e-01
3.086600000000002808e+01,5.000000000000000000e-01
3.086700000000002930e+01,5.000000000000000000e-01
3.086800000000003052e+01,5.000000000000000000e-01
3.086900000000002819e+01,5.000000000000000000e-01
3.087000000000002942e+01,5.000000000000000000e-01
3.087100000000003064e+01,5.000000000000000000e-01
3.087200000000002831e+01,5.000000000000000000e-01
3.087300000000002953e+01,5.000000000000000000e-01
3.087400000000003075e+01,5.000000000000000000e-01
3.087500000000002842e+01,5.000000000000000000e-01
3.087600000000002964e+01,5.000000000000000000e-01
3.087700000000003087e+01,5.000000000000000000e-01
3.087800000000002854e+01,5.000000000000000000e-01
3.087900000000002976e+01,5.000000000000000000e-01
3.088000000000002743e+01,5.000000000000000000e-01
3.088100000000002865e+01,5.000000000000000000e-01
3.088200000000002987e+01,5.000000000000000000e-01
3.088300000000002754e+01,5.000000000000000000e-01
3.088400000000002876e+01,5.000000000000000000e-01
3.088500000000002998e+01,5.000000000000000000e-01
3.088600000000002765e+01,5.000000000000000000e-01
3.088700000000002888e+01,5.000000000000000000e-01
3.088800000000003010e+01,5.000000000000000000e-01
3.088900000000002777e+01,5.000000000000000000e-01
3.089000000000002899e+01,5.000000000000000000e-01
3.089100000000003021e+01,5.000000000000000000e-01
3.089200000000002788e+01,5.000000000000000000e-01
3.089300000000002910e+01,5.000000000000000000e-01
3.089400000000003033e+01,5.000000000000000000e-01
3.089500000000002800e+01,5.000000000000000000e-01
3.089600000000002922e+01,5.000000000000000000e-01
3.089700000000003044e+01,5.000000000000000000e-01
3.089800000000002811e+01,5.000000000000000000e-01
3.089900000000002933e+01,5.000000000000000000e-01
3.090000000000003055e+01,5.000000000000000000e-01
3.090100000000002822e+01,5.000000000000000000e-01
3.090200000000002944e+01,5.000000000000000000e-01
3.090300000000003067e+01,5.000000000000000000e-01
3.090400000000002834e+01,5.000000000000000000e-01
3.090500000000002956e+01,5.000000000000000000e-01
3.090600000000003078e+01,5.000000000000000000e-01
3.090700000000002845e+01,5.000000000000000000e-01
3.090800000000002967e+01,5.000000000000000000e-01
3.090900000000002734e+01,5.000000000000000000e-01
3.091000000000002856e+01,5.000000000000000000e-01
3.091100000000002979e+01,5.000000000000000000e-01
3.091200000000002746e+01,5.000000000000000000e-01
3.091300000000002868e+01,5.000000000000000000e-01
3.091400000000002990e+01,5.000000000000000000e-01
3.091500000000002757e+01,5.000000000000000000e-01
3.091600000000002879e+01,5.000000000000000000e-01
3.091700000000003001e+01,5.000000000000000000e-01
3.091800000000002768e+01,5.000000000000000000e-01
3.091900000000002890e+01,5.000000000000000000e-01
3.092000000000003013e+01,5.000000000000000000e-01
3.092100000000002780e+01,5.000000000000000000e-01
3.092200000000002902e+01,5.000000000000000000e-01
3.092300000000003024e+01,5.000000000000000000e-01
3.092400000000002791e+01,5.000000000000000000e-01
3.092500000000002913e+01,5.000000000000000000e-01
3.092600000000003035e+01,5.000000000000000000e-01
3.092700000000002802e+01,5.000000000000000000e-01
3.092800000000002925e+01,5.000000000000000000e-01
3.092900000000003047e+01,5.000000000000000000e-01
3.093000000000002814e+01,5.000000000000000000e-01
3.093100000000002936e+01,5.000000000000000000e-01
3.093200000000003058e+01,5.000000000000000000e-01
3.093300000000002825e+01,5.000000000000000000e-01
3.093400000000002947e+01,5.000000000000000000e-01
3.093500000000003070e+01,5.000000000000000000e-01
3.093600000000002836e+01,5.000000000000000000e-01
3.093700000000002959e+01,5.000000000000000000e-01
3.093800000000003081e+01,5.000000000000000000e-01
3.093900000000002848e+01,5.000000000000000000e-01
3.094000000000002970e+01,5.000000000000000000e-01
3.094100000000003092e+01,5.000000000000000000e-01
3.094200000000002859e+01,5.000000000000000000e-01
3.094300000000002981e+01,5.000000000000000000e-01
3.094400000000002748e+01,5.000000000000000000e-01
3.094500000000002871e+01,5.000000000000000000e-01
3.094600000000002993e+01,5.000000000000000000e-01
3.094700000000002760e+01,5.000000000000000000e-01
3.094800000000002882e+01,5.000000000000000000e-01
3.094900000000003004e+01,5.000000000000000000e-01
3.095000000000002771e+01,5.000000000000000000e-01
3.095100000000002893e+01,5.000000000000000000e-01
3.095200000000003016e+01,5.000000000000000000e-01
3.095300000000002782e+01,5.000000000000000000e-01
3.095400000000002905e+01,5.000000000000000000e-01
3.095500000000003027e+01,5.000000000000000000e-01
3.095600000000002794e+01,5.000000000000000000e-01
3.095700000000002916e+01,5.000000000000000000e-01
3.095800000000003038e+01,5.000000000000000000e-01
3.095900000000002805e+01,5.000000000000000000e-01
3.096000000000002927e+01,5.000000000000000000e-01
3.096100000000003050e+01,5.000000000000000000e-01
3.096200000000002817e+01,5.000000000000000000e-01
3.096300000000002939e+01,5.000000000000000000e-01
3.096400000000003061e+01,5.000000000000000000e-01
3.096500000000002828e+01,5.000000000000000000e-01
3.096600000000002950e+01,5.000000000000000000e-01
3.096700000000003072e+01,5.000000000000000000e-01
3.096800000000002839e+01,5.000000000000000000e-01
3.096900000000002962e+01,5.000000000000000000e-01
3.097000000000003084e+01,5.000000000000000000e-01
3.097100000000002851e+01,5.000000000000000000e-01
3.097200000000002973e+01,5.000000000000000000e-01
3.097300000000002740e+01,5.000000000000000000e-01
3.097400000000002862e+01,5.000000000000000000e-01
3.097500000000002984e+01,5.000000000000000000e-01
3.097600000000002751e+01,5.000000000000000000e-01
3.097700000000002873e+01,5.000000000000000000e-01
3.097800000000002996e+01,5.000000000000000000e-01
3.097900000000002763e+01,5.000000000000000000e-01
3.098000000000002885e+01,5.000000000000000000e-01
3.098100000000003007e+01,5.000000000000000000e-01
3.098200000000002774e+01,5.000000000000000000e-01
3.098300000000002896e+01,5.000000000000000000e-01
3.098400000000003018e+01,5.000000000000000000e-01
3.098500000000002785e+01,5.000000000000000000e-01
3.098600000000002908e+01,5.000000000000000000e-01
3.098700000000003030e+01,5.000000000000000000e-01
3.098800000000002797e+01,5.000000000000000000e-01
3.098900000000002919e+01,5.000000000000000000e-01
3.099000000000003041e+01,5.000000000000000000e-01
3.099100000000002808e+01,5.000000000000000000e-01
3.099200000000002930e+01,5.000000000000000000e-01
3.099300000000003052e+01,5.000000000000000000e-01
3.099400000000002819e+01,5.000000000000000000e-01
3.099500000000002942e+01,5.000000000000000000e-01
3.099600000000003064e+01,5.000000000000000000e-01
3.099700000000002831e+01,5.000000000000000000e-01
3.099800000000002953e+01,5.000000000000000000e-01
3.099900000000003075e+01,5.000000000000000000e-01
3.100000000000002842e+01,5.000000000000000000e-01
3.100100000000002964e+01,5.000000000000000000e-01
3.100200000000003087e+01,5.000000000000000000e-01
3.100300000000002854e+01,5.000000000000000000e-01
3.100400000000002976e+01,5.000000000000000000e-01
3.100500000000003098e+01,5.000000000000000000e-01
3.100600000000002865e+01,5.000000000000000000e-01
3.100700000000002987e+01,5.000000000000000000e-01
3.100800000000002754e+01,5.000000000000000000e-01
3.100900000000002876e+01,5.000000000000000000e-01
3.101000000000002998e+01,5.000000000000000000e-01
3.101100000000002765e+01,5.000000000000000000e-01
3.101200000000002888e+01,5.000000000000000000e-01
3.101300000000003010e+01,5.000000000000000000e-01
3.101400000000002777e+01,5.000000000000000000e-01
3.101500000000002899e+01,5.000000000000000000e-01
3.101600000000003021e+01,5.000000000000000000e-01
3.101700000000002788e+01,5.000000000000000000e-01
3.101800000000002910e+01,5.000000000000000000e-01
3.101900000000003033e+01,5.000000000000000000e-01
3.102000000000002800e+01,5.000000000000000000e-01
3.102100000000002922e+01,5.000000000000000000e-01
3.102200000000003044e+01,5.000000000000000000e-01
3.102300000000002811e+01,5.000000000000000000e-01
3.102400000000002933e+01,5.000000000000000000e-01
3.102500000000003055e+01,5.000000000000000000e-01
3.102600000000002822e+01,5.000000000000000000e-01
3.102700000000002944e+01,5.000000000000000000e-01
3.102800000000003067e+01,5.000000000000000000e-01
3.102900000000002834e+01,5.000000000000000000e-01
3.103000000000002956e+01,5.000000000000000000e-01
3.103100000000003078e+01,5.000000000000000000e-01
3.103200000000002845e+01,5.000000000000000000e-01
3.103300000000002967e+01,5.000000000000000000e-01
3.103400000000003089e+01,5.000000000000000000e-01
3.103500000000002856e+01,5.000000000000000000e-01
3.103600000000002979e+01,5.000000000000000000e-01
3.103700000000002746e+01,5.000000000000000000e-01
3.103800000000002868e+01,5.000000000000000000e-01
3.103900000000002990e+01,5.000000000000000000e-01
3.104000000000002757e+01,5.000000000000000000e-01
3.104100000000002879e+01,5.000000000000000000e-01
3.104200000000003001e+01,5.000000000000000000e-01
3.104300000000002768e+01,5.000000000000000000e-01
3.104400000000002890e+01,5.000000000000000000e-01
3.104500000000003013e+01,5.000000000000000000e-01
3.104600000000002780e+01,5.000000000000000000e-01
3.104700000000002902e+01,5.000000000000000000e-01
3.104800000000003024e+01,5.000000000000000000e-01
3.104900000000002791e+01,5.000000000000000000e-01
3.105000000000002913e+01,5.000000000000000000e-01
3.105100000000003035e+01,5.000000000000000000e-01
3.105200000000002802e+01,5.000000000000000000e-01
3.105300000000002925e+01,5.000000000000000000e-01
3.105400000000003047e+01,5.000000000000000000e-01
3.105500000000002814e+01,5.000000000000000000e-01
3.105600000000002936e+01,5.000000000000000000e-01
3.105700000000003058e+01,5.000000000000000000e-01
3.105800000000002825e+01,5.000000000000000000e-01
3.105900000000002947e+01,5.000000000000000000e-01
3.106000000000003070e+01,5.000000000000000000e-01
3.106100000000002836e+01,5.000000000000000000e-01
3.106200000000002959e+01,5.000000000000000000e-01
3.106300000000003081e+01,5.000000000000000000e-01
3.106400000000002848e+01,5.000000000000000000e-01
3.106500000000002970e+01,5.000000000000000000e-01
3.106600000000003092e+01,5.000000000000000000e-01
3.106700000000002859e+01,5.000000000000000000e-01
3.106800000000002981e+01,5.000000000000000000e-01
3.106900000000003104e+01,5.000000000000000000e-01
3.107000000000002871e+01,5.000000000000000000e-01
3.107100000000002993e+01,5.000000000000000000e-01
3.107200000000002760e+01,5.000000000000000000e-01
3.107300000000002882e+01,5.000000000000000000e-01
3.107400000000003004e+01,5.000000000000000000e-01
3.107500000000002771e+01,5.000000000000000000e-01
3.107600000000002893e+01,5.000000000000000000e-01
3.107700000000003016e+01,5.000000000000000000e-01
3.107800000000002782e+01,5.000000000000000000e-01
3.107900000000002905e+01,5.000000000000000000e-01
3.108000000000003027e+01,5.000000000000000000e-01
3.108100000000002794e+01,5.000000000000000000e-01
3.108200000000002916e+01,5.000000000000000000e-01
3.108300000000003038e+01,5.000000000000000000e-01
3.108400000000002805e+01,5.000000000000000000e-01
3.108500000000002927e+01,5.000000000000000000e-01
3.108600000000003050e+01,5.000000000000000000e-01
3.108700000000002817e+01,5.000000000000000000e-01
3.108800000000002939e+01,5.000000000000000000e-01
3.108900000000003061e+01,5.000000000000000000e-01
3.109000000000002828e+01,5.000000000000000000e-01
3.109100000000002950e+01,5.000000000000000000e-01
3.109200000000003072e+01,5.000000000000000000e-01
3.109300000000002839e+01,5.000000000000000000e-01
3.109400000000002962e+01,5.000000000000000000e-01
3.109500000000003084e+01,5.000000000000000000e-01
3.109600000000002851e+01,5.000000000000000000e-01
3.109700000000002973e+01,5.000000000000000000e-01
3.109800000000003095e+01,5.000000000000000000e-01
3.109900000000002862e+01,5.000000000000000000e-01
3.110000000000002984e+01,5.000000000000000000e-01
3.110100000000002751e+01,5.000000000000000000e-01
3.110200000000002873e+01,5.000000000000000000e-01
3.110300000000002996e+01,5.000000000000000000e-01
3.110400000000002763e+01,5.000000000000000000e-01
3.110500000000002885e+01,5.000000000000000000e-01
3.110600000000003007e+01,5.000000000000000000e-01
3.110700000000002774e+01,5.000000000000000000e-01
3.110800000000002896e+01,5.000000000000000000e-01
3.110900000000003018e+01,5.000000000000000000e-01
3.111000000000002785e+01,5.000000000000000000e-01
3.111100000000002908e+01,5.000000000000000000e-01
3.111200000000003030e+01,5.000000000000000000e-01
3.111300000000002797e+01,5.000000000000000000e-01
3.111400000000002919e+01,5.000000000000000000e-01
3.111500000000003041e+01,5.000000000000000000e-01
3.111600000000002808e+01,5.000000000000000000e-01
3.111700000000002930e+01,5.000000000000000000e-01
3.111800000000003052e+01,5.000000000000000000e-01
3.111900000000002819e+01,5.000000000000000000e-01
3.112000000000002942e+01,5.000000000000000000e-01
3.112100000000003064e+01,5.000000000000000000e-01
3.112200000000002831e+01,5.000000000000000000e-01
3.112300000000002953e+01,5.000000000000000000e-01
3.112400000000003075e+01,5.000000000000000000e-01
3.112500000000002842e+01,5.000000000000000000e-01
3.112600000000002964e+01,5.000000000000000000e-01
3.112700000000003087e+01,5.000000000000000000e-01
3.112800000000002854e+01,5.000000000000000000e-01
3.112900000000002976e+01,5.000000000000000000e-01
3.113000000000003098e+01,5.000000000000000000e-01
3.113100000000002865e+01,5.000000000000000000e-01
3.113200000000002987e+01,5.000000000000000000e-01
3.113300000000003109e+01,5.000000000000000000e-01
3.113400000000002876e+01,5.000000000000000000e-01
3.113500000000002998e+01,5.000000000000000000e-01
3.113600000000002765e+01,5.000000000000000000e-01
3.113700000000002888e+01,5.000000000000000000e-01
3.113800000000003010e+01,5.000000000000000000e-01
3.113900000000002777e+01,5.000000000000000000e-01
3.114000000000002899e+01,5.000000000000000000e-01
3.114100000000003021e+01,5.000000000000000000e-01
3.114200000000002788e+01,5.000000000000000000e-01
3.114300000000002910e+01,5.000000000000000000e-01
3.114400000000003033e+01,5.000000000000000000e-01
3.114500000000002800e+01,5.000000000000000000e-01
3.114600000000002922e+01,5.000000000000000000e-01
3.114700000000003044e+01,5.000000000000000000e-01
3.114800000000002811e+01,5.000000000000000000e-01
3.114900000000002933e+01,5.000000000000000000e-01
3.115000000000003055e+01,5.000000000000000000e-01
3.115100000000002822e+01,5.000000000000000000e-01
3.115200000000002944e+01,5.000000000000000000e-01
3.115300000000003067e+01,5.000000000000000000e-01
3.115400000000002834e+01,5.000000000000000000e-01
3.115500000000002956e+01,5.000000000000000000e-01
3.115600000000003078e+01,5.000000000000000000e-01
3.115700000000002845e+01,5.000000000000000000e-01
3.115800000000002967e+01,5.000000000000000000e-01
3.115900000000003089e+01,5.000000000000000000e-01
3.116000000000002856e+01,5.000000000000000000e-01
3.116100000000002979e+01,5.000000000000000000e-01
3.116200000000003101e+01,5.000000000000000000e-01
3.116300000000002868e+01,5.000000000000000000e-01
3.116400000000002990e+01,5.000000000000000000e-01
3.116500000000002757e+01,5.000000000000000000e-01
3.116600000000002879e+01,5.000000000000000000e-01
3.116700000000003001e+01,5.000000000000000000e-01
3.116800000000002768e+01,5.000000000000000000e-01
3.116900000000002890e+01,5.000000000000000000e-01
3.117000000000003013e+01,5.000000000000000000e-01
3.117100000000002780e+01,5.000000000000000000e-01
3.117200000000002902e+01,5.000000000000000000e-01
3.117300000000003024e+01,5.000000000000000000e-01
3.117400000000002791e+01,5.000000000000000000e-01
3.117500000000002913e+01,5.000000000000000000e-01
3.117600000000003035e+01,5.000000000000000000e-01
3.117700000000002802e+01,5.000000000000000000e-01
3.117800000000002925e+01,5.000000000000000000e-01
3.117900000000003047e+01,5.000000000000000000e-01
3.118000000000002814e+01,5.000000000000000000e-01
3.118100000000002936e+01,5.000000000000000000e-01
3.118200000000003058e+01,5.000000000000000000e-01
3.118300000000002825e+01,5.000000000000000000e-01
3.118400000000002947e+01,5.000000000000000000e-01
3.118500000000003070e+01,5.000000000000000000e-01
3.118600000000002836e+01,5.000000000000000000e-01
3.118700000000002959e+01,5.000000000000000000e-01
3.118800000000003081e+01,5.000000000000000000e-01
3.118900000000002848e+01,5.000000000000000000e-01
3.119000000000002970e+01,5.000000000000000000e-01
3.119100000000003092e+01,5.000000000000000000e-01
3.119200000000002859e+01,5.000000000000000000e-01
3.119300000000002981e+01,5.000000000000000000e-01
3.119400000000003104e+01,5.000000000000000000e-01
3.119500000000002871e+01,5.000000000000000000e-01
3.119600000000002993e+01,5.000000000000000000e-01
3.119700000000003115e+01,5.000000000000000000e-01
3.119800000000002882e+01,5.000000000000000000e-01
3.119900000000003004e+01,5.000000000000000000e-01
3.120000000000002771e+01,5.000000000000000000e-01
3.120100000000002893e+01,5.000000000000000000e-01
3.120200000000003016e+01,5.000000000000000000e-01
3.120300000000002782e+01,5.000000000000000000e-01
3.120400000000002905e+01,5.000000000000000000e-01
3.120500000000003027e+01,5.000000000000000000e-01
3.120600000000002794e+01,5.000000000000000000e-01
3.120700000000002916e+01,5.000000000000000000e-01
3.120800000000003038e+01,5.000000000000000000e-01
3.120900000000002805e+01,5.000000000000000000e-01
3.121000000000002927e+01,5.000000000000000000e-01
3.121100000000003050e+01,5.000000000000000000e-01
3.121200000000002817e+01,5.000000000000000000e-01
3.121300000000002939e+01,5.000000000000000000e-01
3.121400000000003061e+01,5.000000000000000000e-01
3.121500000000002828e+01,5.000000000000000000e-01
3.121600000000002950e+01,5.000000000000000000e-01
3.121700000000003072e+01,5.000000000000000000e-01
3.121800000000002839e+01,5.000000000000000000e-01
3.121900000000002962e+01,5.000000000000000000e-01
3.122000000000003084e+01,5.000000000000000000e-01
3.122100000000002851e+01,5.000000000000000000e-01
3.122200000000002973e+01,5.000000000000000000e-01
3.122300000000003095e+01,5.000000000000000000e-01
3.122400000000002862e+01,5.000000000000000000e-01
3.122500000000002984e+01,5.000000000000000000e-01
3.122600000000003106e+01,5.000000000000000000e-01
3.122700000000002873e+01,5.000000000000000000e-01
3.122800000000002996e+01,5.000000000000000000e-01
3.122900000000002763e+01,5.000000000000000000e-01
3.123000000000002885e+01,5.000000000000000000e-01
3.123100000000003007e+01,5.000000000000000000e-01
3.123200000000002774e+01,5.000000000000000000e-01
3.123300000000002896e+01,5.000000000000000000e-01
3.123400000000003018e+01,5.000000000000000000e-01
3.123500000000002785e+01,5.000000000000000000e-01
3.123600000000002908e+01,5.000000000000000000e-01
3.123700000000003030e+01,5.000000000000000000e-01
3.123800000000002797e+01,5.000000000000000000e-01
3.123900000000002919e+01,5.000000000000000000e-01
3.124000000000003041e+01,5.000000000000000000e-01
3.124100000000002808e+01,5.000000000000000000e-01
3.124200000000002930e+01,5.000000000000000000e-01
3.124300000000003052e+01,5.000000000000000000e-01
3.124400000000002819e+01,5.000000000000000000e-01
3.124500000000002942e+01,5.000000000000000000e-01
3.124600000000003064e+01,5.000000000000000000e-01
3.124700000000002831e+01,5.000000000000000000e-01
3.124800000000002953e+01,5.000000000000000000e-01
3.124900000000003075e+01,5.000000000000000000e-01
3.125000000000002842e+01,5.000000000000000000e-01
3.125100000000002964e+01,5.000000000000000000e-01
3.125200000000003087e+01,5.000000000000000000e-01
3.125300000000002854e+01,5.000000000000000000e-01
3.125400000000002976e+01,5.000000000000000000e-01
3.125500000000003098e+01,5.000000000000000000e-01
3.125600000000002865e+01,5.000000000000000000e-01
3.125700000000002987e+01,5.000000000000000000e-01
3.125800000000003109e+01,5.000000000000000000e-01
3.125900000000002876e+01,5.000000000000000000e-01
3.126000000000002998e+01,5.000000000000000000e-01
3.126100000000003121e+01,5.000000000000000000e-01
3.126200000000002888e+01,5.000000000000000000e-01
3.126300000000003010e+01,5.000000000000000000e-01
3.126400000000002777e+01,5.000000000000000000e-01
3.126500000000002899e+01,5.000000000000000000e-01
3.126600000000003021e+01,5.000000000000000000e-01
3.126700000000002788e+01,5.000000000000000000e-01
3.126800000000002910e+01,5.000000000000000000e-01
3.126900000000003033e+01,5.000000000000000000e-01
3.127000000000002800e+01,5.000000000000000000e-01
3.127100000000002922e+01,5.000000000000000000e-01
3.127200000000003044e+01,5.000000000000000000e-01
3.127300000000002811e+01,5.000000000000000000e-01
3.127400000000002933e+01,5.000000000000000000e-01
3.127500000000003055e+01,5.000000000000000000e-01
3.127600000000002822e+01,5.000000000000000000e-01
3.127700000000002944e+01,5.000000000000000000e-01
3.127800000000003067e+01,5.000000000000000000e-01
3.127900000000002834e+01,5.000000000000000000e-01
3.128000000000002956e+01,5.000000000000000000e-01
3.128100000000003078e+01,5.000000000000000000e-01
3.128200000000002845e+01,5.000000000000000000e-01
3.128300000000002967e+01,5.000000000000000000e-01
3.128400000000003089e+01,5.000000000000000000e-01
3.128500000000002856e+01,5.000000000000000000e-01
3.128600000000002979e+01,5.000000000000000000e-01
3.128700000000003101e+01,5.000000000000000000e-01
3.128800000000002868e+01,5.000000000000000000e-01
3.128900000000002990e+01,5.000000000000000000e-01
3.129000000000003112e+01,5.000000000000000000e-01
3.129100000000002879e+01,5.000000000000000000e-01
3.129200000000003001e+01,5.000000000000000000e-01
3.129300000000002768e+01,5.000000000000000000e-01
3.129400000000002890e+01,5.000000000000000000e-01
3.129500000000003013e+01,5.000000000000000000e-01
3.129600000000002780e+01,5.000000000000000000e-01
3.129700000000002902e+01,5.000000000000000000e-01
3.129800000000003024e+01,5.000000000000000000e-01
3.129900000000002791e+01,5.000000000000000000e-01
3.130000000000002913e+01,5.000000000000000000e-01
3.130100000000003035e+01,5.000000000000000000e-01
3.130200000000002802e+01,5.000000000000000000e-01
3.130300000000002925e+01,5.000000000000000000e-01
3.130400000000003047e+01,5.000000000000000000e-01
3.130500000000002814e+01,5.000000000000000000e-01
3.130600000000002936e+01,5.000000000000000000e-01
3.130700000000003058e+01,5.000000000000000000e-01
3.130800000000002825e+01,5.000000000000000000e-01
3.130900000000002947e+01,5.000000000000000000e-01
3.131000000000003070e+01,5.000000000000000000e-01
3.131100000000002836e+01,5.000000000000000000e-01
3.131200000000002959e+01,5.000000000000000000e-01
3.131300000000003081e+01,5.000000000000000000e-01
3.131400000000002848e+01,5.000000000000000000e-01
3.131500000000002970e+01,5.000000000000000000e-01
3.131600000000003092e+01,5.000000000000000000e-01
3.131700000000002859e+01,5.000000000000000000e-01
3.131800000000002981e+01,5.000000000000000000e-01
3.131900000000003104e+01,5.000000000000000000e-01
3.132000000000002871e+01,5.000000000000000000e-01
3.132100000000002993e+01,5.000000000000000000e-01
3.132200000000003115e+01,5.000000000000000000e-01
3.132300000000002882e+01,5.000000000000000000e-01
3.132400000000003004e+01,5.000000000000000000e-01
3.132500000000003126e+01,5.000000000000000000e-01
3.132600000000002893e+01,5.000000000000000000e-01
3.132700000000003016e+01,5.000000000000000000e-01
3.132800000000002782e+01,5.000000000000000000e-01
3.132900000000002905e+01,5.000000000000000000e-01
3.133000000000003027e+01,5.000000000000000000e-01
3.133100000000002794e+01,5.000000000000000000e-01
3.133200000000002916e+01,5.000000000000000000e-01
3.133300000000003038e+01,5.000000000000000000e-01
3.133400000000002805e+01,5.000000000000000000e-01
3.133500000000002927e+01,5.000000000000000000e-01
3.133600000000003050e+01,5.000000000000000000e-01
3.133700000000002817e+01,5.000000000000000000e-01
3.133800000000002939e+01,5.000000000000000000e-01
3.133900000000003061e+01,5.000000000000000000e-01
3.134000000000002828e+01,5.000000000000000000e-01
3.134100000000002950e+01,5.000000000000000000e-01
3.134200000000003072e+01,5.000000000000000000e-01
3.134300000000002839e+01,5.000000000000000000e-01
3.134400000000002962e+01,5.000000000000000000e-01
3.134500000000003084e+01,5.000000000000000000e-01
3.134600000000002851e+01,5.000000000000000000e-01
3.134700000000002973e+01,5.000000000000000000e-01
3.134800000000003095e+01,5.000000000000000000e-01
3.134900000000002862e+01,5.000000000000000000e-01
3.135000000000002984e+01,5.000000000000000000e-01
3.135100000000003106e+01,5.000000000000000000e-01
3.135200000000002873e+01,5.000000000000000000e-01
3.135300000000002996e+01,5.000000000000000000e-01
3.135400000000003118e+01,5.000000000000000000e-01
3.135500000000002885e+01,5.000000000000000000e-01
3.135600000000003007e+01,5.000000000000000000e-01
3.135700000000002774e+01,5.000000000000000000e-01
3.135800000000002896e+01,5.000000000000000000e-01
3.135900000000003018e+01,5.000000000000000000e-01
3.136000000000002785e+01,5.000000000000000000e-01
3.136100000000002908e+01,5.000000000000000000e-01
3.136200000000003030e+01,5.000000000000000000e-01
3.136300000000002797e+01,5.000000000000000000e-01
3.136400000000002919e+01,5.000000000000000000e-01
3.136500000000003041e+01,5.000000000000000000e-01
3.136600000000002808e+01,5.000000000000000000e-01
3.136700000000002930e+01,5.000000000000000000e-01
3.136800000000003052e+01,5.000000000000000000e-01
3.136900000000002819e+01,5.000000000000000000e-01
3.137000000000002942e+01,5.000000000000000000e-01
3.137100000000003064e+01,5.000000000000000000e-01
3.137200000000002831e+01,5.000000000000000000e-01
3.137300000000002953e+01,5.000000000000000000e-01
3.137400000000003075e+01,5.000000000000000000e-01
3.137500000000002842e+01,5.000000000000000000e-01
3.137600000000002964e+01,5.000000000000000000e-01
3.137700000000003087e+01,5.000000000000000000e-01
3.137800000000002854e+01,5.000000000000000000e-01
3.137900000000002976e+01,5.000000000000000000e-01
3.138000000000003098e+01,5.000000000000000000e-01
3.138100000000002865e+01,5.000000000000000000e-01
3.138200000000002987e+01,5.000000000000000000e-01
3.138300000000003109e+01,5.000000000000000000e-01
3.138400000000002876e+01,5.000000000000000000e-01
3.138500000000002998e+01,5.000000000000000000e-01
3.138600000000003121e+01,5.000000000000000000e-01
3.138700000000002888e+01,5.000000000000000000e-01
3.138800000000003010e+01,5.000000000000000000e-01
3.138900000000003132e+01,5.000000000000000000e-01
3.139000000000002899e+01,5.000000000000000000e-01
3.139100000000003021e+01,5.000000000000000000e-01
3.139200000000002788e+01,5.000000000000000000e-01
3.139300000000002910e+01,5.000000000000000000e-01
3.139400000000003033e+01,5.000000000000000000e-01
3.139500000000002800e+01,5.000000000000000000e-01
3.139600000000002922e+01,5.000000000000000000e-01
3.139700000000003044e+01,5.000000000000000000e-01
3.139800000000002811e+01,5.000000000000000000e-01
3.139900000000002933e+01,5.000000000000000000e-01
3.140000000000003055e+01,5.000000000000000000e-01
3.140100000000002822e+01,5.000000000000000000e-01
3.140200000000002944e+01,5.000000000000000000e-01
3.140300000000003067e+01,5.000000000000000000e-01
3.140400000000002834e+01,5.000000000000000000e-01
3.140500000000002956e+01,5.000000000000000000e-01
3.140600000000003078e+01,5.000000000000000000e-01
3.140700000000002845e+01,5.000000000000000000e-01
3.140800000000002967e+01,5.000000000000000000e-01
3.140900000000003089e+01,5.000000000000000000e-01
3.141000000000002856e+01,5.000000000000000000e-01
3.141100000000002979e+01,5.000000000000000000e-01
3.141200000000003101e+01,5.000000000000000000e-01
3.141300000000002868e+01,5.000000000000000000e-01
3.141400000000002990e+01,5.000000000000000000e-01
3.141500000000003112e+01,5.000000000000000000e-01
3.141600000000002879e+01,5.000000000000000000e-01
3.141700000000003001e+01,5.000000000000000000e-01
3.141800000000003124e+01,5.000000000000000000e-01
3.141900000000002890e+01,5.000000000000000000e-01
3.142000000000003013e+01,5.000000000000000000e-01
3.142100000000002780e+01,5.000000000000000000e-01
3.142200000000002902e+01,5.000000000000000000e-01
3.142300000000003024e+01,5.000000000000000000e-01
3.142400000000002791e+01,5.000000000000000000e-01
3.142500000000002913e+01,5.000000000000000000e-01
3.142600000000003035e+01,5.000000000000000000e-01
3.142700000000002802e+01,5.000000000000000000e-01
3.142800000000002925e+01,5.000000000000000000e-01
3.142900000000003047e+01,5.000000000000000000e-01
3.143000000000002814e+01,5.000000000000000000e-01
3.143100000000002936e+01,5.000000000000000000e-01
3.143200000000003058e+01,5.000000000000000000e-01
3.143300000000002825e+01,5.000000000000000000e-01
3.143400000000002947e+01,5.000000000000000000e-01
3.143500000000003070e+01,5.000000000000000000e-01
3.143600000000002836e+01,5.000000000000000000e-01
3.143700000000002959e+01,5.000000000000000000e-01
3.143800000000003081e+01,5.000000000000000000e-01
3.143900000000002848e+01,5.000000000000000000e-01
3.144000000000002970e+01,5.000000000000000000e-01
3.144100000000003092e+01,5.000000000000000000e-01
3.144200000000002859e+01,5.000000000000000000e-01
3.144300000000002981e+01,5.000000000000000000e-01
3.144400000000003104e+01,5.000000000000000000e-01
3.144500000000002871e+01,5.000000000000000000e-01
3.144600000000002993e+01,5.000000000000000000e-01
3.144700000000003115e+01,5.000000000000000000e-01
3.144800000000002882e+01,5.000000000000000000e-01
3.144900000000003004e+01,5.000000000000000000e-01
3.145000000000003126e+01,5.000000000000000000e-01
3.145100000000002893e+01,5.000000000000000000e-01
3.145200000000003016e+01,5.000000000000000000e-01
3.145300000000003138e+01,5.000000000000000000e-01
3.145400000000002905e+01,5.000000000000000000e-01
3.145500000000003027e+01,5.000000000000000000e-01
3.145600000000002794e+01,5.000000000000000000e-01
3.145700000000002916e+01,5.000000000000000000e-01
3.145800000000003038e+01,5.000000000000000000e-01
3.145900000000002805e+01,5.000000000000000000e-01
3.146000000000002927e+01,5.000000000000000000e-01
3.146100000000003050e+01,5.000000000000000000e-01
3.146200000000002817e+01,5.000000000000000000e-01
3.146300000000002939e+01,5.000000000000000000e-01
3.146400000000003061e+01,5.000000000000000000e-01
3.146500000000002828e+01,5.000000000000000000e-01
3.146600000000002950e+01,5.000000000000000000e-01
3.146700000000003072e+01,5.000000000000000000e-01
3.146800000000002839e+01,5.000000000000000000e-01
3.146900000000002962e+01,5.000000000000000000e-01
3.147000000000003084e+01,5.000000000000000000e-01
3.147100000000002851e+01,5.000000000000000000e-01
3.147200000000002973e+01,5.000000000000000000e-01
3.147300000000003095e+01,5.000000000000000000e-01
3.147400000000002862e+01,5.000000000000000000e-01
3.147500000000002984e+01,5.000000000000000000e-01
3.147600000000003106e+01,5.000000000000000000e-01
3.147700000000002873e+01,5.000000000000000000e-01
3.147800000000002996e+01,5.000000000000000000e-01
3.147900000000003118e+01,5.000000000000000000e-01
3.148000000000002885e+01,5.000000000000000000e-01
3.148100000000003007e+01,5.000000000000000000e-01
3.148200000000003129e+01,5.000000000000000000e-01
3.148300000000002896e+01,5.000000000000000000e-01
3.148400000000003018e+01,5.000000000000000000e-01
3.148500000000002785e+01,5.000000000000000000e-01
3.148600000000002908e+01,5.000000000000000000e-01
3.148700000000003030e+01,5.000000000000000000e-01
3.148800000000002797e+01,5.000000000000000000e-01
3.148900000000002919e+01,5.000000000000000000e-01
3.149000000000003041e+01,5.000000000000000000e-01
3.149100000000002808e+01,5.000000000000000000e-01
3.149200000000002930e+01,5.000000000000000000e-01
3.149300000000003052e+01,5.000000000000000000e-01
3.149400000000002819e+01,5.000000000000000000e-01
3.149500000000002942e+01,5.000000000000000000e-01
3.149600000000003064e+01,5.000000000000000000e-01
3.149700000000002831e+01,5.000000000000000000e-01
3.149800000000002953e+01,5.000000000000000000e-01
3.149900000000003075e+01,5.000000000000000000e-01
3.150000000000002842e+01,5.000000000000000000e-01
3.150100000000002964e+01,5.000000000000000000e-01
3.150200000000003087e+01,5.000000000000000000e-01
3.150300000000002854e+01,5.000000000000000000e-01
3.150400000000002976e+01,5.000000000000000000e-01
3.150500000000003098e+01,5.000000000000000000e-01
3.150600000000002865e+01,5.000000000000000000e-01
3.150700000000002987e+01,5.000000000000000000e-01
3.150800000000003109e+01,5.000000000000000000e-01
3.150900000000002876e+01,5.000000000000000000e-01
3.151000000000002998e+01,5.000000000000000000e-01
3.151100000000003121e+01,5.000000000000000000e-01
3.151200000000002888e+01,5.000000000000000000e-01
3.151300000000003010e+01,5.000000000000000000e-01
3.151400000000003132e+01,5.000000000000000000e-01
3.151500000000002899e+01,5.000000000000000000e-01
3.151600000000003021e+01,5.000000000000000000e-01
3.151700000000003143e+01,5.000000000000000000e-01
3.151800000000002910e+01,5.000000000000000000e-01
3.151900000000003033e+01,5.000000000000000000e-01
3.152000000000002800e+01,5.000000000000000000e-01
3.152100000000002922e+01,5.000000000000000000e-01
3.152200000000003044e+01,5.000000000000000000e-01
3.152300000000002811e+01,5.000000000000000000e-01
3.152400000000002933e+01,5.000000000000000000e-01
3.152500000000003055e+01,5.000000000000000000e-01
3.152600000000002822e+01,5.000000000000000000e-01
3.152700000000002944e+01,5.000000000000000000e-01
3.152800000000003067e+01,5.000000000000000000e-01
3.152900000000002834e+01,5.000000000000000000e-01
3.153000000000002956e+01,5.000000000000000000e-01
3.153100000000003078e+01,5.000000000000000000e-01
3.153200000000002845e+01,5.000000000000000000e-01
3.153300000000002967e+01,5.000000000000000000e-01
3.153400000000003089e+01,5.000000000000000000e-01
3.153500000000002856e+01,5.000000000000000000e-01
3.153600000000002979e+01,5.000000000000000000e-01
3.153700000000003101e+01,5.000000000000000000e-01
3.153800000000002868e+01,5.000000000000000000e-01
3.153900000000002990e+01,5.000000000000000000e-01
3.154000000000003112e+01,5.000000000000000000e-01
3.154100000000002879e+01,5.000000000000000000e-01
3.154200000000003001e+01,5.000000000000000000e-01
3.154300000000003124e+01,5.000000000000000000e-01
3.154400000000002890e+01,5.000000000000000000e-01
3.154500000000003013e+01,5.000000000000000000e-01
3.154600000000003135e+01,5.000000000000000000e-01
3.154700000000002902e+01,5.000000000000000000e-01
3.154800000000003024e+01,5.000000000000000000e-01
3.154900000000002791e+01,5.000000000000000000e-01
3.155000000000002913e+01,5.000000000000000000e-01
3.155100000000003035e+01,5.000000000000000000e-01
3.155200000000002802e+01,5.000000000000000000e-01
3.155300000000002925e+01,5.000000000000000000e-01
3.155400000000003047e+01,5.000000000000000000e-01
3.155500000000002814e+01,5.000000000000000000e-01
3.155600000000002936e+01,5.000000000000000000e-01
3.155700000000003058e+01,5.000000000000000000e-01
3.155800000000002825e+01,5.000000000000000000e-01
3.155900000000002947e+01,5.000000000000000000e-01
3.156000000000003070e+01,5.000000000000000000e-01
3.156100000000002836e+01,5.000000000000000000e-01
3.156200000000002959e+01,5.000000000000000000e-01
3.156300000000003081e+01,5.000000000000000000e-01
3.156400000000002848e+01,5.000000000000000000e-01
3.156500000000002970e+01,5.000000000000000000e-01
3.156600000000003092e+01,5.000000000000000000e-01
3.156700000000002859e+01,5.000000000000000000e-01
3.156800000000002981e+01,5.000000000000000000e-01
3.156900000000003104e+01,5.000000000000000000e-01
3.157000000000002871e+01,5.000000000000000000e-01
3.157100000000002993e+01,5.000000000000000000e-01
3.157200000000003115e+01,5.000000000000000000e-01
3.157300000000002882e+01,5.000000000000000000e-01
3.157400000000003004e+01,5.000000000000000000e-01
3.157500000000003126e+01,5.000000000000000000e-01
3.157600000000002893e+01,5.000000000000000000e-01
3.157700000000003016e+01,5.000000000000000000e-01
3.157800000000003138e+01,5.000000000000000000e-01
3.157900000000002905e+01,5.000000000000000000e-01
3.158000000000003027e+01,5.000000000000000000e-01
3.158100000000003149e+01,5.000000000000000000e-01
3.158200000000002916e+01,5.000000000000000000e-01
3.158300000000003038e+01,5.000000000000000000e-01
3.158400000000002805e+01,5.000000000000000000e-01
3.158500000000002927e+01,5.000000000000000000e-01
3.158600000000003050e+01,5.000000000000000000e-01
3.158700000000002817e+01,5.000000000000000000e-01
3.158800000000002939e+01,5.000000000000000000e-01
3.158900000000003061e+01,5.000000000000000000e-01
3.159000000000002828e+01,5.000000000000000000e-01
3.159100000000002950e+01,5.000000000000000000e-01
3.159200000000003072e+01,5.000000000000000000e-01
3.159300000000002839e+01,5.000000000000000000e-01
3.159400000000002962e+01,5.000000000000000000e-01
3.159500000000003084e+01,5.000000000000000000e-01
3.159600000000002851e+01,5.000000000000000000e-01
3.159700000000002973e+01,5.000000000000000000e-01
3.159800000000003095e+01,5.000000000000000000e-01
3.159900000000002862e+01,5.000000000000000000e-01
3.160000000000002984e+01,5.000000000000000000e-01
3.160100000000003106e+01,5.000000000000000000e-01
3.160200000000002873e+01,5.000000000000000000e-01
3.160300000000002996e+01,5.000000000000000000e-01
3.160400000000003118e+01,5.000000000000000000e-01
3.160500000000002885e+01,5.000000000000000000e-01
3.160600000000003007e+01,5.000000000000000000e-01
3.160700000000003129e+01,5.000000000000000000e-01
3.160800000000002896e+01,5.000000000000000000e-01
3.160900000000003018e+01,5.000000000000000000e-01
3.161000000000003141e+01,5.000000000000000000e-01
3.161100000000002908e+01,5.000000000000000000e-01
3.161200000000003030e+01,5.000000000000000000e-01
3.161300000000002797e+01,5.000000000000000000e-01
3.161400000000002919e+01,5.000000000000000000e-01
3.161500000000003041e+01,5.000000000000000000e-01
3.161600000000002808e+01,5.000000000000000000e-01
3.161700000000002930e+01,5.000000000000000000e-01
3.161800000000003052e+01,5.000000000000000000e-01
3.161900000000002819e+01,5.000000000000000000e-01
3.162000000000002942e+01,5.000000000000000000e-01
3.162100000000003064e+01,5.000000000000000000e-01
3.162200000000002831e+01,5.000000000000000000e-01
3.162300000000002953e+01,5.000000000000000000e-01
3.162400000000003075e+01,5.000000000000000000e-01
3.162500000000002842e+01,5.000000000000000000e-01
3.162600000000002964e+01,5.000000000000000000e-01
3.162700000000003087e+01,5.000000000000000000e-01
3.162800000000002854e+01,5.000000000000000000e-01
3.162900000000002976e+01,5.000000000000000000e-01
3.163000000000003098e+01,5.000000000000000000e-01
3.163100000000002865e+01,5.000000000000000000e-01
3.163200000000002987e+01,5.000000000000000000e-01
3.163300000000003109e+01,5.000000000000000000e-01
3.163400000000002876e+01,5.000000000000000000e-01
3.163500000000002998e+01,5.000000000000000000e-01
3.163600000000003121e+01,5.000000000000000000e-01
3.163700000000002888e+01,5.000000000000000000e-01
3.163800000000003010e+01,5.000000000000000000e-01
3.163900000000003132e+01,5.000000000000000000e-01
3.164000000000002899e+01,5.000000000000000000e-01
3.164100000000003021e+01,5.000000000000000000e-01
3.164200000000003143e+01,5.000000000000000000e-01
3.164300000000002910e+01,5.000000000000000000e-01
3.164400000000003033e+01,5.000000000000000000e-01
3.164500000000003155e+01,5.000000000000000000e-01
3.164600000000002922e+01,5.000000000000000000e-01
3.164700000000003044e+01,5.000000000000000000e-01
3.164800000000002811e+01,5.000000000000000000e-01
3.164900000000002933e+01,5.000000000000000000e-01
3.165000000000003055e+01,5.000000000000000000e-01
3.165100000000002822e+01,5.000000000000000000e-01
3.165200000000002944e+01,5.000000000000000000e-01
3.165300000000003067e+01,5.000000000000000000e-01
3.165400000000002834e+01,5.000000000000000000e-01
3.165500000000002956e+01,5.000000000000000000e-01
3.165600000000003078e+01,5.000000000000000000e-01
3.165700000000002845e+01,5.000000000000000000e-01
3.165800000000002967e+01,5.000000000000000000e-01
3.165900000000003089e+01,5.000000000000000000e-01
3.166000000000002856e+01,5.000000000000000000e-01
3.166100000000002979e+01,5.000000000000000000e-01
3.166200000000003101e+01,5.000000000000000000e-01
3.166300000000002868e+01,5.000000000000000000e-01
3.166400000000002990e+01,5.000000000000000000e-01
3.166500000000003112e+01,5.000000000000000000e-01
3.166600000000002879e+01,5.000000000000000000e-01
3.166700000000003001e+01,5.000000000000000000e-01
3.166800000000003124e+01,5.000000000000000000e-01
3.166900000000002890e+01,5.000000000000000000e-01
3.167000000000003013e+01,5.000000000000000000e-01
3.167100000000003135e+01,5.000000000000000000e-01
3.167200000000002902e+01,5.000000000000000000e-01
3.167300000000003024e+01,5.000000000000000000e-01
3.167400000000003146e+01,5.000000000000000000e-01
3.167500000000002913e+01,5.000000000000000000e-01
3.167600000000003035e+01,5.000000000000000000e-01
3.167700000000002802e+01,5.000000000000000000e-01
3.167800000000002925e+01,5.000000000000000000e-01
3.167900000000003047e+01,5.000000000000000000e-01
3.168000000000002814e+01,5.000000000000000000e-01
3.168100000000002936e+01,5.000000000000000000e-01
3.168200000000003058e+01,5.000000000000000000e-01
3.168300000000002825e+01,5.000000000000000000e-01
3.168400000000002947e+01,5.000000000000000000e-01
3.168500000000003070e+01,5.000000000000000000e-01
3.168600000000002836e+01,5.000000000000000000e-01
3.168700000000002959e+01,5.000000000000000000e-01
3.168800000000003081e+01,5.000000000000000000e-01
3.168900000000002848e+01,5.000000000000000000e-01
3.169000000000002970e+01,5.000000000000000000e-01
3.169100000000003092e+01,5.000000000000000000e-01
3.169200000000002859e+01,5.000000000000000000e-01
3.169300000000002981e+01,5.000000000000000000e-01
3.169400000000003104e+01,5.000000000000000000e-01
3.169500000000002871e+01,5.000000000000000000e-01
3.169600000000002993e+01,5.000000000000000000e-01
3.169700000000003115e+01,5.000000000000000000e-01
3.169800000000002882e+01,5.000000000000000000e-01
3.169900000000003004e+01,5.000000000000000000e-01
3.170000000000003126e+01,5.000000000000000000e-01
3.170100000000002893e+01,5.000000000000000000e-01
3.170200000000003016e+01,5.000000000000000000e-01
3.170300000000003138e+01,5.000000000000000000e-01
3.170400000000002905e+01,5.000000000000000000e-01
3.170500000000003027e+01,5.000000000000000000e-01
3.170600000000003149e+01,5.000000000000000000e-01
3.170700000000002916e+01,5.000000000000000000e-01
3.170800000000003038e+01,5.000000000000000000e-01
3.170900000000003160e+01,5.000000000000000000e-01
3.171000000000002927e+01,5.000000000000000000e-01
3.171100000000003050e+01,5.000000000000000000e-01
3.171200000000002817e+01,5.000000000000000000e-01
3.171300000000002939e+01,5.000000000000000000e-01
3.171400000000003061e+01,5.000000000000000000e-01
3.171500000000002828e+01,5.000000000000000000e-01
3.171600000000002950e+01,5.000000000000000000e-01
3.171700000000003072e+01,5.000000000000000000e-01
3.171800000000002839e+01,5.000000000000000000e-01
3.171900000000002962e+01,5.000000000000000000e-01
3.172000000000003084e+01,5.000000000000000000e-01
3.172100000000002851e+01,5.000000000000000000e-01
3.172200000000002973e+01,5.000000000000000000e-01
3.172300000000003095e+01,5.000000000000000000e-01
3.172400000000002862e+01,5.000000000000000000e-01
3.172500000000002984e+01,5.000000000000000000e-01
3.172600000000003106e+01,5.000000000000000000e-01
3.172700000000002873e+01,5.000000000000000000e-01
3.172800000000002996e+01,5.000000000000000000e-01
3.172900000000003118e+01,5.000000000000000000e-01
3.173000000000002885e+01,5.000000000000000000e-01
3.173100000000003007e+01,5.000000000000000000e-01
3.173200000000003129e+01,5.000000000000000000e-01
3.173300000000002896e+01,5.000000000000000000e-01
3.173400000000003018e+01,5.000000000000000000e-01
3.173500000000003141e+01,5.000000000000000000e-01
3.173600000000002908e+01,5.000000000000000000e-01
3.173700000000003030e+01,5.000000000000000000e-01
3.173800000000003152e+01,5.000000000000000000e-01
3.173900000000002919e+01,5.000000000000000000e-01
3.174000000000003041e+01,5.000000000000000000e-01
3.174100000000002808e+01,5.000000000000000000e-01
3.174200000000002930e+01,5.000000000000000000e-01
3.174300000000003052e+01,5.000000000000000000e-01
3.174400000000002819e+01,5.000000000000000000e-01
3.174500000000002942e+01,5.000000000000000000e-01
3.174600000000003064e+01,5.000000000000000000e-01
3.174700000000002831e+01,5.000000000000000000e-01
3.174800000000002953e+01,5.000000000000000000e-01
3.174900000000003075e+01,5.000000000000000000e-01
3.175000000000002842e+01,5.000000000000000000e-01
3.175100000000002964e+01,5.000000000000000000e-01
3.175200000000003087e+01,5.000000000000000000e-01
3.175300000000002854e+01,5.000000000000000000e-01
3.175400000000002976e+01,5.000000000000000000e-01
3.175500000000003098e+01,5.000000000000000000e-01
3.175600000000002865e+01,5.000000000000000000e-01
3.175700000000002987e+01,5.000000000000000000e-01
3.175800000000003109e+01,5.000000000000000000e-01
3.175900000000002876e+01,5.000000000000000000e-01
3.176000000000002998e+01,5.000000000000000000e-01
3.176100000000003121e+01,5.000000000000000000e-01
3.176200000000002888e+01,5.000000000000000000e-01
3.176300000000003010e+01,5.000000000000000000e-01
3.176400000000003132e+01,5.000000000000000000e-01
3.176500000000002899e+01,5.000000000000000000e-01
3.176600000000003021e+01,5.000000000000000000e-01
3.176700000000003143e+01,5.000000000000000000e-01
3.176800000000002910e+01,5.000000000000000000e-01
3.176900000000003033e+01,5.000000000000000000e-01
3.177000000000003155e+01,5.000000000000000000e-01
3.177100000000002922e+01,5.000000000000000000e-01
3.177200000000003044e+01,5.000000000000000000e-01
3.177300000000003166e+01,5.000000000000000000e-01
3.177400000000002933e+01,5.000000000000000000e-01
3.177500000000003055e+01,5.000000000000000000e-01
3.177600000000002822e+01,5.000000000000000000e-01
3.177700000000002944e+01,5.000000000000000000e-01
3.177800000000003067e+01,5.000000000000000000e-01
3.177900000000002834e+01,5.000000000000000000e-01
3.178000000000002956e+01,5.000000000000000000e-01
3.178100000000003078e+01,5.000000000000000000e-01
3.178200000000002845e+01,5.000000000000000000e-01
3.178300000000002967e+01,5.000000000000000000e-01
3.178400000000003089e+01,5.000000000000000000e-01
3.178500000000002856e+01,5.000000000000000000e-01
3.178600000000002979e+01,5.000000000000000000e-01
3.178700000000003101e+01,5.000000000000000000e-01
3.178800000000002868e+01,5.000000000000000000e-01
3.178900000000002990e+01,5.000000000000000000e-01
3.179000000000003112e+01,5.000000000000000000e-01
3.179100000000002879e+01,5.000000000000000000e-01
3.179200000000003001e+01,5.000000000000000000e-01
3.179300000000003124e+01,5.000000000000000000e-01
3.179400000000002890e+01,5.000000000000000000e-01
3.179500000000003013e+01,5.000000000000000000e-01
3.179600000000003135e+01,5.000000000000000000e-01
3.179700000000002902e+01,5.000000000000000000e-01
3.179800000000003024e+01,5.000000000000000000e-01
3.179900000000003146e+01,5.000000000000000000e-01
3.180000000000002913e+01,5.000000000000000000e-01
3.180100000000003035e+01,5.000000000000000000e-01
3.180200000000003158e+01,5.000000000000000000e-01
3.180300000000002925e+01,5.000000000000000000e-01
3.180400000000003047e+01,5.000000000000000000e-01
3.180500000000002814e+01,5.000000000000000000e-01
3.180600000000002936e+01,5.000000000000000000e-01
3.180700000000003058e+01,5.000000000000000000e-01
3.180800000000002825e+01,5.000000000000000000e-01
3.180900000000002947e+01,5.000000000000000000e-01
3.181000000000003070e+01,5.000000000000000000e-01
3.181100000000002836e+01,5.000000000000000000e-01
3.181200000000002959e+01,5.000000000000000000e-01
3.181300000000003081e+01,5.000000000000000000e-01
3.181400000000002848e+01,5.000000000000000000e-01
3.181500000000002970e+01,5.000000000000000000e-01
3.181600000000003092e+01,5.000000000000000000e-01
3.181700000000002859e+01,5.000000000000000000e-01
3.181800000000002981e+01,5.000000000000000000e-01
3.181900000000003104e+01,5.000000000000000000e-01
3.182000000000002871e+01,5.000000000000000000e-01
3.182100000000002993e+01,5.000000000000000000e-01
3.182200000000003115e+01,5.000000000000000000e-01
3.182300000000002882e+01,5.000000000000000000e-01
3.182400000000003004e+01,5.000000000000000000e-01
3.182500000000003126e+01,5.000000000000000000e-01
3.182600000000002893e+01,5.000000000000000000e-01
3.182700000000003016e+01,5.000000000000000000e-01
3.182800000000003138e+01,5.000000000000000000e-01
3.182900000000002905e+01,5.000000000000000000e-01
3.183000000000003027e+01,5.000000000000000000e-01
3.183100000000003149e+01,5.000000000000000000e-01
3.183200000000002916e+01,5.000000000000000000e-01
3.183300000000003038e+01,5.000000000000000000e-01
3.183400000000003160e+01,5.000000000000000000e-01
3.183500000000002927e+01,5.000000000000000000e-01
3.183600000000003050e+01,5.000000000000000000e-01
3.183700000000003172e+01,5.000000000000000000e-01
3.183800000000002939e+01,5.000000000000000000e-01
3.183900000000003061e+01,5.000000000000000000e-01
3.184000000000002828e+01,5.000000000000000000e-01
3.184100000000002950e+01,5.000000000000000000e-01
3.184200000000003072e+01,5.000000000000000000e-01
3.184300000000002839e+01,5.000000000000000000e-01
3.184400000000002962e+01,5.000000000000000000e-01
3.184500000000003084e+01,5.000000000000000000e-01
3.184600000000002851e+01,5.000000000000000000e-01
3.184700000000002973e+01,5.000000000000000000e-01
3.184800000000003095e+01,5.000000000000000000e-01
3.184900000000002862e+01,5.000000000000000000e-01
3.185000000000002984e+01,5.000000000000000000e-01
3.185100000000003106e+01,5.000000000000000000e-01
3.185200000000002873e+01,5.000000000000000000e-01
3.185300000000002996e+01,5.000000000000000000e-01
3.185400000000003118e+01,5.000000000000000000e-01
3.185500000000002885e+01,5.000000000000000000e-01
3.185600000000003007e+01,5.000000000000000000e-01
3.185700000000003129e+01,5.000000000000000000e-01
3.185800000000002896e+01,5.000000000000000000e-01
3.185900000000003018e+01,5.000000000000000000e-01
3.186000000000003141e+01,5.000000000000000000e-01
3.186100000000002908e+01,5.000000000000000000e-01
3.186200000000003030e+01,5.000000000000000000e-01
3.186300000000003152e+01,5.000000000000000000e-01
3.186400000000002919e+01,5.000000000000000000e-01
3.186500000000003041e+01,5.000000000000000000e-01
3.186600000000003163e+01,5.000000000000000000e-01
3.186700000000002930e+01,5.000000000000000000e-01
3.186800000000003052e+01,5.000000000000000000e-01
3.186900000000002819e+01,5.000000000000000000e-01
3.187000000000002942e+01,5.000000000000000000e-01
3.187100000000003064e+01,5.000000000000000000e-01
3.187200000000002831e+01,5.000000000000000000e-01
3.187300000000002953e+01,5.000000000000000000e-01
3.187400000000003075e+01,5.000000000000000000e-01
3.187500000000002842e+01,5.000000000000000000e-01
3.187600000000002964e+01,5.000000000000000000e-01
3.187700000000003087e+01,5.000000000000000000e-01
3.187800000000002854e+01,5.000000000000000000e-01
3.187900000000002976e+01,5.000000000000000000e-01
3.188000000000003098e+01,5.000000000000000000e-01
3.188100000000002865e+01,5.000000000000000000e-01
3.188200000000002987e+01,5.000000000000000000e-01
3.188300000000003109e+01,5.000000000000000000e-01
3.188400000000002876e+01,5.000000000000000000e-01
3.188500000000002998e+01,5.000000000000000000e-01
3.188600000000003121e+01,5.000000000000000000e-01
3.188700000000002888e+01,5.000000000000000000e-01
3.188800000000003010e+01,5.000000000000000000e-01
3.188900000000003132e+01,5.000000000000000000e-01
3.189000000000002899e+01,5.000000000000000000e-01
3.189100000000003021e+01,5.000000000000000000e-01
3.189200000000003143e+01,5.000000000000000000e-01
3.189300000000002910e+01,5.000000000000000000e-01
3.189400000000003033e+01,5.000000000000000000e-01
3.189500000000003155e+01,5.000000000000000000e-01
3.189600000000002922e+01,5.000000000000000000e-01
3.189700000000003044e+01,5.000000000000000000e-01
3.189800000000003166e+01,5.000000000000000000e-01
3.189900000000002933e+01,5.000000000000000000e-01
3.190000000000003055e+01,5.000000000000000000e-01
3.190100000000003178e+01,5.000000000000000000e-01
3.190200000000002944e+01,5.000000000000000000e-01
3.190300000000003067e+01,5.000000000000000000e-01
3.190400000000002834e+01,5.000000000000000000e-01
3.190500000000002956e+01,5.000000000000000000e-01
3.190600000000003078e+01,5.000000000000000000e-01
3.190700000000002845e+01,5.000000000000000000e-01
3.190800000000002967e+01,5.000000000000000000e-01
3.190900000000003089e+01,5.000000000000000000e-01
3.191000000000002856e+01,5.000000000000000000e-01
3.191100000000002979e+01,5.000000000000000000e-01
3.191200000000003101e+01,5.000000000000000000e-01
3.191300000000002868e+01,5.000000000000000000e-01
3.191400000000002990e+01,5.000000000000000000e-01
3.191500000000003112e+01,5.000000000000000000e-01
3.191600000000002879e+01,5.000000000000000000e-01
3.191700000000003001e+01,5.000000000000000000e-01
3.191800000000003124e+01,5.000000000000000000e-01
3.191900000000002890e+01,5.000000000000000000e-01
3.192000000000003013e+01,5.000000000000000000e-01
3.192100000000003135e+01,5.000000000000000000e-01
3.192200000000002902e+01,5.000000000000000000e-01
3.192300000000003024e+01,5.000000000000000000e-01
3.192400000000003146e+01,5.000000000000000000e-01
3.192500000000002913e+01,5.000000000000000000e-01
3.192600000000003035e+01,5.000000000000000000e-01
3.192700000000003158e+01,5.000000000000000000e-01
3.192800000000002925e+01,5.000000000000000000e-01
3.192900000000003047e+01,5.000000000000000000e-01
3.193000000000003169e+01,5.000000000000000000e-01
3.193100000000002936e+01,5.000000000000000000e-01
3.193200000000003058e+01,5.000000000000000000e-01
3.193300000000002825e+01,5.000000000000000000e-01
3.193400000000002947e+01,5.000000000000000000e-01
3.193500000000003070e+01,5.000000000000000000e-01
3.193600000000002836e+01,5.000000000000000000e-01
3.193700000000002959e+01,5.000000000000000000e-01
3.193800000000003081e+01,5.000000000000000000e-01
3.193900000000002848e+01,5.000000000000000000e-01
3.194000000000002970e+01,5.000000000000000000e-01
3.194100000000003092e+01,5.000000000000000000e-01
3.194200000000002859e+01,5.000000000000000000e-01
3.194300000000002981e+01,5.000000000000000000e-01
3.194400000000003104e+01,5.000000000000000000e-01
3.194500000000002871e+01,5.000000000000000000e-01
3.194600000000002993e+01,5.000000000000000000e-01
3.194700000000003115e+01,5.000000000000000000e-01
3.194800000000002882e+01,5.000000000000000000e-01
3.194900000000003004e+01,5.000000000000000000e-01
3.195000000000003126e+01,5.000000000000000000e-01
3.195100000000002893e+01,5.000000000000000000e-01
3.195200000000003016e+01,5.000000000000000000e-01
3.195300000000003138e+01,5.000000000000000000e-01
3.195400000000002905e+01,5.000000000000000000e-01
3.195500000000003027e+01,5.000000000000000000e-01
3.195600000000003149e+01,5.000000000000000000e-01
3.195700000000002916e+01,5.000000000000000000e-01
3.195800000000003038e+01,5.000000000000000000e-01
3.195900000000003160e+01,5.000000000000000000e-01
3.196000000000002927e+01,5.000000000000000000e-01
3.196100000000003050e+01,5.000000000000000000e-01
3.196200000000003172e+01,5.000000000000000000e-01
3.196300000000002939e+01,5.000000000000000000e-01
3.196400000000003061e+01,5.000000000000000000e-01
3.196500000000003183e+01,5.000000000000000000e-01
3.196600000000002950e+01,5.000000000000000000e-01
3.196700000000003072e+01,5.000000000000000000e-01
3.196800000000002839e+01,5.000000000000000000e-01
3.196900000000002962e+01,5.000000000000000000e-01
3.197000000000003084e+01,5.000000000000000000e-01
3.197100000000002851e+01,5.000000000000000000e-01
3.197200000000002973e+01,5.000000000000000000e-01
3.197300000000003095e+01,5.000000000000000000e-01
3.197400000000002862e+01,5.000000000000000000e-01
3.197500000000002984e+01,5.000000000000000000e-01
3.197600000000003106e+01,5.000000000000000000e-01
3.197700000000002873e+01,5.000000000000000000e-01
3.197800000000002996e+01,5.000000000000000000e-01
3.197900000000003118e+01,5.000000000000000000e-01
3.198000000000002885e+01,5.000000000000000000e-01
3.198100000000003007e+01,5.000000000000000000e-01
3.198200000000002774e+01,5.000000000000000000e-01
3.198300000000003251e+01,5.000000000000000000e-01
3.198400000000003018e+01,5.000000000000000000e-01
3.198500000000002785e+01,5.000000000000000000e-01
3.198600000000003263e+01,5.000000000000000000e-01
3.198700000000003030e+01,5.000000000000000000e-01
3.198800000000002797e+01,5.000000000000000000e-01
3.198900000000003274e+01,5.000000000000000000e-01
3.199000000000003041e+01,5.000000000000000000e-01
3.199100000000002808e+01,5.000000000000000000e-01
3.199200000000003286e+01,5.000000000000000000e-01
3.199300000000003052e+01,5.000000000000000000e-01
3.199400000000002819e+01,5.000000000000000000e-01
3.199500000000003297e+01,5.000000000000000000e-01
3.199600000000003064e+01,5.000000000000000000e-01
3.199700000000002831e+01,5.000000000000000000e-01
3.199800000000003308e+01,5.000000000000000000e-01
3.199900000000003075e+01,5.000000000000000000e-01
3.200000000000002842e+01,5.000000000000000000e-01
3.200100000000003320e+01,5.000000000000000000e-01
3.200200000000003087e+01,5.000000000000000000e-01
3.200300000000002854e+01,5.000000000000000000e-01
3.200400000000003331e+01,5.000000000000000000e-01
3.200500000000003098e+01,5.000000000000000000e-01
3.200600000000002865e+01,5.000000000000000000e-01
3.200700000000003342e+01,5.000000000000000000e-01
3.200800000000003109e+01,5.000000000000000000e-01
3.200900000000002876e+01,5.000000000000000000e-01
3.201000000000003354e+01,5.000000000000000000e-01
3.201100000000003121e+01,5.000000000000000000e-01
3.201200000000002888e+01,5.000000000000000000e-01
3.201300000000002655e+01,5.000000000000000000e-01
3.201400000000003132e+01,5.000000000000000000e-01
3.201500000000002899e+01,5.000000000000000000e-01
3.201600000000002666e+01,5.000000000000000000e-01
3.201700000000003143e+01,5.000000000000000000e-01
3.201800000000002910e+01,5.000000000000000000e-01
3.201900000000002677e+01,5.000000000000000000e-01
3.202000000000003155e+01,5.000000000000000000e-01
3.202100000000002922e+01,5.000000000000000000e-01
3.202200000000002689e+01,5.000000000000000000e-01
3.202300000000003166e+01,5.000000000000000000e-01
3.202400000000002933e+01,5.000000000000000000e-01
3.202500000000002700e+01,5.000000000000000000e-01
3.202600000000003178e+01,5.000000000000000000e-01
3.202700000000002944e+01,5.000000000000000000e-01
3.202800000000002711e+01,5.000000000000000000e-01
3.202900000000003189e+01,5.000000000000000000e-01
3.203000000000002956e+01,5.000000000000000000e-01
3.203100000000002723e+01,5.000000000000000000e-01
3.203200000000003200e+01,5.000000000000000000e-01
3.203300000000002967e+01,5.000000000000000000e-01
3.203400000000002734e+01,5.000000000000000000e-01
3.203500000000003212e+01,5.000000000000000000e-01
3.203600000000002979e+01,5.000000000000000000e-01
3.203700000000002746e+01,5.000000000000000000e-01
3.203800000000003223e+01,5.000000000000000000e-01
3.203900000000002990e+01,5.000000000000000000e-01
3.204000000000002757e+01,5.000000000000000000e-01
3.204100000000003234e+01,5.000000000000000000e-01
3.204200000000003001e+01,5.000000000000000000e-01
3.204300000000002768e+01,5.000000000000000000e-01
3.204400000000003246e+01,5.000000000000000000e-01
3.204500000000003013e+01,5.000000000000000000e-01
3.204600000000002780e+01,5.000000000000000000e-01
3.204700000000003257e+01,5.000000000000000000e-01
3.204800000000003024e+01,5.000000000000000000e-01
3.204900000000002791e+01,5.000000000000000000e-01
3.205000000000003268e+01,5.000000000000000000e-01
3.205100000000003035e+01,5.000000000000000000e-01
3.205200000000002802e+01,5.000000000000000000e-01
3.205300000000003280e+01,5.000000000000000000e-01
3.205400000000003047e+01,5.000000000000000000e-01
3.205500000000002814e+01,5.000000000000000000e-01
3.205600000000003291e+01,5.000000000000000000e-01
3.205700000000003058e+01,5.000000000000000000e-01
3.205800000000002825e+01,5.000000000000000000e-01
3.205900000000003303e+01,5.000000000000000000e-01
3.206000000000003070e+01,5.000000000000000000e-01
3.206100000000002836e+01,5.000000000000000000e-01
3.206200000000003314e+01,5.000000000000000000e-01
3.206300000000003081e+01,5.000000000000000000e-01
3.206400000000002848e+01,5.000000000000000000e-01
3.206500000000003325e+01,5.000000000000000000e-01
3.206600000000003092e+01,5.000000000000000000e-01
3.206700000000002859e+01,5.000000000000000000e-01
3.206800000000003337e+01,5.000000000000000000e-01
3.206900000000003104e+01,5.000000000000000000e-01
3.207000000000002871e+01,5.000000000000000000e-01
3.207100000000003348e+01,5.000000000000000000e-01
3.207200000000003115e+01,5.000000000000000000e-01
3.207300000000002882e+01,5.000000000000000000e-01
3.207400000000003359e+01,5.000000000000000000e-01
3.207500000000003126e+01,5.000000000000000000e-01
3.207600000000002893e+01,5.000000000000000000e-01
3.207700000000003371e+01,5.000000000000000000e-01
3.207800000000003138e+01,5.000000000000000000e-01
3.207900000000002905e+01,5.000000000000000000e-01
3.208000000000002672e+01,5.000000000000000000e-01
3.208100000000003149e+01,5.000000000000000000e-01
3.208200000000002916e+01,5.000000000000000000e-01
3.208300000000002683e+01,5.000000000000000000e-01
3.208400000000003160e+01,5.000000000000000000e-01
3.208500000000002927e+01,5.000000000000000000e-01
3.208600000000002694e+01,5.000000000000000000e-01
3.208700000000003172e+01,5.000000000000000000e-01
3.208800000000002939e+01,5.000000000000000000e-01
3.208900000000002706e+01,5.000000000000000000e-01
3.209000000000003183e+01,5.000000000000000000e-01
3.209100000000002950e+01,5.000000000000000000e-01
3.209200000000002717e+01,5.000000000000000000e-01
3.209300000000003195e+01,5.000000000000000000e-01
3.209400000000002962e+01,5.000000000000000000e-01
3.209500000000002728e+01,5.000000000000000000e-01
3.209600000000003206e+01,5.000000000000000000e-01
3.209700000000002973e+01,5.000000000000000000e-01
3.209800000000002740e+01,5.000000000000000000e-01
3.209900000000003217e+01,5.000000000000000000e-01
3.210000000000002984e+01,5.000000000000000000e-01
3.210100000000002751e+01,5.000000000000000000e-01
3.210200000000003229e+01,5.000000000000000000e-01
3.210300000000002996e+01,5.000000000000000000e-01
3.210400000000002763e+01,5.000000000000000000e-01
3.210500000000003240e+01,5.000000000000000000e-01
3.210600000000003007e+01,5.000000000000000000e-01
3.210700000000002774e+01,5.000000000000000000e-01
3.210800000000003251e+01,5.000000000000000000e-01
3.210900000000003018e+01,5.000000000000000000e-01
3.211000000000002785e+01,5.000000000000000000e-01
3.211100000000003263e+01,5.000000000000000000e-01
3.211200000000003030e+01,5.000000000000000000e-01
3.211300000000002797e+01,5.000000000000000000e-01
3.211400000000003274e+01,5.000000000000000000e-01
3.211500000000003041e+01,5.000000000000000000e-01
3.211600000000002808e+01,5.000000000000000000e-01
3.211700000000003286e+01,5.000000000000000000e-01
3.211800000000003052e+01,5.000000000000000000e-01
3.211900000000002819e+01,5.000000000000000000e-01
3.212000000000003297e+01,5.000000000000000000e-01
3.212100000000003064e+01,5.000000000000000000e-01
3.212200000000002831e+01,5.000000000000000000e-01
3.212300000000003308e+01,5.000000000000000000e-01
3.212400000000003075e+01,5.000000000000000000e-01
3.212500000000002842e+01,5.000000000000000000e-01
3.212600000000003320e+01,5.000000000000000000e-01
3.212700000000003087e+01,5.000000000000000000e-01
3.212800000000002854e+01,5.000000000000000000e-01
3.212900000000003331e+01,5.000000000000000000e-01
3.213000000000003098e+01,5.000000000000000000e-01
3.213100000000002865e+01,5.000000000000000000e-01
3.213200000000003342e+01,5.000000000000000000e-01
3.213300000000003109e+01,5.000000000000000000e-01
3.213400000000002876e+01,5.000000000000000000e-01
3.213500000000003354e+01,5.000000000000000000e-01
3.213600000000003121e+01,5.000000000000000000e-01
3.213700000000002888e+01,5.000000000000000000e-01
3.213800000000003365e+01,5.000000000000000000e-01
3.213900000000003132e+01,5.000000000000000000e-01
3.214000000000002899e+01,5.000000000000000000e-01
3.214100000000002666e+01,5.000000000000000000e-01
3.214200000000003143e+01,5.000000000000000000e-01
3.214300000000002910e+01,5.000000000000000000e-01
3.214400000000002677e+01,5.000000000000000000e-01
3.214500000000003155e+01,5.000000000000000000e-01
3.214600000000002922e+01,5.000000000000000000e-01
3.214700000000002689e+01,5.000000000000000000e-01
3.214800000000003166e+01,5.000000000000000000e-01
3.214900000000002933e+01,5.000000000000000000e-01
3.215000000000002700e+01,5.000000000000000000e-01
3.215100000000003178e+01,5.000000000000000000e-01
3.215200000000002944e+01,5.000000000000000000e-01
3.215300000000002711e+01,5.000000000000000000e-01
3.215400000000003189e+01,5.000000000000000000e-01
3.215500000000002956e+01,5.000000000000000000e-01
3.215600000000002723e+01,5.000000000000000000e-01
3.215700000000003200e+01,5.000000000000000000e-01
3.215800000000002967e+01,5.000000000000000000e-01
3.215900000000002734e+01,5.000000000000000000e-01
3.216000000000003212e+01,5.000000000000000000e-01
3.216100000000002979e+01,5.000000000000000000e-01
3.216200000000002746e+01,5.000000000000000000e-01
3.216300000000003223e+01,5.000000000000000000e-01
3.216400000000002990e+01,5.000000000000000000e-01
3.216500000000002757e+01,5.000000000000000000e-01
3.216600000000003234e+01,5.000000000000000000e-01
3.216700000000003001e+01,5.000000000000000000e-01
3.216800000000002768e+01,5.000000000000000000e-01
3.216900000000003246e+01,5.000000000000000000e-01
3.217000000000003013e+01,5.000000000000000000e-01
3.217100000000002780e+01,5.000000000000000000e-01
3.217200000000003257e+01,5.000000000000000000e-01
3.217300000000003024e+01,5.000000000000000000e-01
3.217400000000002791e+01,5.000000000000000000e-01
3.217500000000003268e+01,5.000000000000000000e-01
3.217600000000003035e+01,5.000000000000000000e-01
3.217700000000002802e+01,5.000000000000000000e-01
3.217800000000003280e+01,5.000000000000000000e-01
3.217900000000003047e+01,5.000000000000000000e-01
3.218000000000002814e+01,5.000000000000000000e-01
3.218100000000003291e+01,5.000000000000000000e-01
3.218200000000003058e+01,5.000000000000000000e-01
3.218300000000002825e+01,5.000000000000000000e-01
3.218400000000003303e+01,5.000000000000000000e-01
3.218500000000003070e+01,5.000000000000000000e-01
3.218600000000002836e+01,5.000000000000000000e-01
3.218700000000003314e+01,5.000000000000000000e-01
3.218800000000003081e+01,5.000000000000000000e-01
3.218900000000002848e+01,5.000000000000000000e-01
3.219000000000003325e+01,5.000000000000000000e-01
3.219100000000003092e+01,5.000000000000000000e-01
3.219200000000002859e+01,5.000000000000000000e-01
3.219300000000003337e+01,5.000000000000000000e-01
3.219400000000003104e+01,5.000000000000000000e-01
3.219500000000002871e+01,5.000000000000000000e-01
3.219600000000003348e+01,5.000000000000000000e-01
3.219700000000003115e+01,5.000000000000000000e-01
3.219800000000002882e+01,5.000000000000000000e-01
3.219900000000003359e+01,5.000000000000000000e-01
3.220000000000003126e+01,5.000000000000000000e-01
3.220100000000002893e+01,5.000000000000000000e-01
3.220200000000003371e+01,5.000000000000000000e-01
3.220300000000003138e+01,5.000000000000000000e-01
3.220400000000002905e+01,5.000000000000000000e-01
3.220500000000003382e+01,5.000000000000000000e-01
3.220600000000003149e+01,5.000000000000000000e-01
3.220700000000002916e+01,5.000000000000000000e-01
3.220800000000002683e+01,5.000000000000000000e-01
3.220900000000003160e+01,5.000000000000000000e-01
3.221000000000002927e+01,5.000000000000000000e-01
3.221100000000002694e+01,5.000000000000000000e-01
3.221200000000003172e+01,5.000000000000000000e-01
3.221300000000002939e+01,5.000000000000000000e-01
3.221400000000002706e+01,5.000000000000000000e-01
3.221500000000003183e+01,5.000000000000000000e-01
3.221600000000002950e+01,5.000000000000000000e-01
3.221700000000002717e+01,5.000000000000000000e-01
3.221800000000003195e+01,5.000000000000000000e-01
3.221900000000002962e+01,5.000000000000000000e-01
3.222000000000002728e+01,5.000000000000000000e-01
3.222100000000003206e+01,5.000000000000000000e-01
3.222200000000002973e+01,5.000000000000000000e-01
3.222300000000002740e+01,5.000000000000000000e-01
3.222400000000003217e+01,5.000000000000000000e-01
3.222500000000002984e+01,5.000000000000000000e-01
3.222600000000002751e+01,5.000000000000000000e-01
3.222700000000003229e+01,5.000000000000000000e-01
3.222800000000002996e+01,5.000000000000000000e-01
3.222900000000002763e+01,5.000000000000000000e-01
3.223000000000003240e+01,5.000000000000000000e-01
3.223100000000003007e+01,5.000000000000000000e-01
3.223200000000002774e+01,5.000000000000000000e-01
3.223300000000003251e+01,5.000000000000000000e-01
3.223400000000003018e+01,5.000000000000000000e-01
3.223500000000002785e+01,5.000000000000000000e-01
3.223600000000003263e+01,5.000000000000000000e-01
3.223700000000003030e+01,5.000000000000000000e-01
3.223800000000002797e+01,5.000000000000000000e-01
3.223900000000003274e+01,5.000000000000000000e-01
3.224000000000003041e+01,5.000000000000000000e-01
3.224100000000002808e+01,5.000000000000000000e-01
3.224200000000003286e+01,5.000000000000000000e-01
3.224300000000003052e+01,5.000000000000000000e-01
3.224400000000002819e+01,5.000000000000000000e-01
3.224500000000003297e+01,5.000000000000000000e-01
3.224600000000003064e+01,5.000000000000000000e-01
3.224700000000002831e+01,5.000000000000000000e-01
3.224800000000003308e+01,5.000000000000000000e-01
3.224900000000003075e+01,5.000000000000000000e-01
3.225000000000002842e+01,5.000000000000000000e-01
3.225100000000003320e+01,5.000000000000000000e-01
3.225200000000003087e+01,5.000000000000000000e-01
3.225300000000002854e+01,5.000000000000000000e-01
3.225400000000003331e+01,5.000000000000000000e-01
3.225500000000003098e+01,5.000000000000000000e-01
3.225600000000002865e+01,5.000000000000000000e-01
3.225700000000003342e+01,5.000000000000000000e-01
3.225800000000003109e+01,5.000000000000000000e-01
3.225900000000002876e+01,5.000000000000000000e-01
3.226000000000003354e+01,5.000000000000000000e-01
3.226100000000003121e+01,5.000000000000000000e-01
3.226200000000002888e+01,5.000000000000000000e-01
3.226300000000003365e+01,5.000000000000000000e-01
3.226400000000003132e+01,5.000000000000000000e-01
3.226500000000002899e+01,5.000000000000000000e-01
3.226600000000003376e+01,5.000000000000000000e-01
3.226700000000003143e+01,5.000000000000000000e-01
3.226800000000002910e+01,5.000000000000000000e-01
3.226900000000002677e+01,5.000000000000000000e-01
3.227000000000003155e+01,5.000000000000000000e-01
3.227100000000002922e+01,5.000000000000000000e-01
3.227200000000002689e+01,5.000000000000000000e-01
3.227300000000003166e+01,5.000000000000000000e-01
3.227400000000002933e+01,5.000000000000000000e-01
3.227500000000002700e+01,5.000000000000000000e-01
3.227600000000003178e+01,5.000000000000000000e-01
3.227700000000002944e+01,5.000000000000000000e-01
3.227800000000002711e+01,5.000000000000000000e-01
3.227900000000003189e+01,5.000000000000000000e-01
3.228000000000002956e+01,5.000000000000000000e-01
3.228100000000002723e+01,5.000000000000000000e-01
3.228200000000003200e+01,5.000000000000000000e-01
3.228300000000002967e+01,5.000000000000000000e-01
3.228400000000002734e+01,5.000000000000000000e-01
3.228500000000003212e+01,5.000000000000000000e-01
3.228600000000002979e+01,5.000000000000000000e-01
3.228700000000002746e+01,5.000000000000000000e-01
3.228800000000003223e+01,5.000000000000000000e-01
3.228900000000002990e+01,5.000000000000000000e-01
3.229000000000002757e+01,5.000000000000000000e-01
3.229100000000003234e+01,5.000000000000000000e-01
3.229200000000003001e+01,5.000000000000000000e-01
3.229300000000002768e+01,5.000000000000000000e-01
3.229400000000003246e+01,5.000000000000000000e-01
3.229500000000003013e+01,5.000000000000000000e-01
3.229600000000002780e+01,5.000000000000000000e-01
3.229700000000003257e+01,5.000000000000000000e-01
3.229800000000003024e+01,5.000000000000000000e-01
3.229900000000002791e+01,5.000000000000000000e-01
3.230000000000003268e+01,5.000000000000000000e-01
3.230100000000003035e+01,5.000000000000000000e-01
3.230200000000002802e+01,5.000000000000000000e-01
3.230300000000003280e+01,5.000000000000000000e-01
3.230400000000003047e+01,5.000000000000000000e-01
3.230500000000002814e+01,5.000000000000000000e-01
3.230600000000003291e+01,5.000000000000000000e-01
3.230700000000003058e+01,5.000000000000000000e-01
3.230800000000002825e+01,5.000000000000000000e-01
3.230900000000003303e+01,5.000000000000000000e-01
3.231000000000003070e+01,5.000000000000000000e-01
3.231100000000002836e+01,5.000000000000000000e-01
3.231200000000003314e+01,5.000000000000000000e-01
3.231300000000003081e+01,5.000000000000000000e-01
3.231400000000002848e+01,5.000000000000000000e-01
3.231500000000003325e+01,5.000000000000000000e-01
3.231600000000003092e+01,5.000000000000000000e-01
3.231700000000002859e+01,5.000000000000000000e-01
3.231800000000003337e+01,5.000000000000000000e-01
3.231900000000003104e+01,5.000000000000000000e-01
3.232000000000002871e+01,5.000000000000000000e-01
3.232100000000003348e+01,5.000000000000000000e-01
3.232200000000003115e+01,5.000000000000000000e-01
3.232300000000002882e+01,5.000000000000000000e-01
3.232400000000003359e+01,5.000000000000000000e-01
3.232500000000003126e+01,5.000000000000000000e-01
3.232600000000002893e+01,5.000000000000000000e-01
3.232700000000003371e+01,5.000000000000000000e-01
3.232800000000003138e+01,5.000000000000000000e-01
3.232900000000002905e+01,5.000000000000000000e-01
3.233000000000003382e+01,5.000000000000000000e-01
3.233100000000003149e+01,5.000000000000000000e-01
3.233200000000002916e+01,5.000000000000000000e-01
3.233300000000003394e+01,5.000000000000000000e-01
3.233400000000003160e+01,5.000000000000000000e-01
3.233500000000002927e+01,5.000000000000000000e-01
3.233600000000002694e+01,5.000000000000000000e-01
3.233700000000003172e+01,5.000000000000000000e-01
3.233800000000002939e+01,5.000000000000000000e-01
3.233900000000002706e+01,5.000000000000000000e-01
3.234000000000003183e+01,5.000000000000000000e-01
3.234100000000002950e+01,5.000000000000000000e-01
3.234200000000002717e+01,5.000000000000000000e-01
3.234300000000003195e+01,5.000000000000000000e-01
3.234400000000002962e+01,5.000000000000000000e-01
3.234500000000002728e+01,5.000000000000000000e-01
3.234600000000003206e+01,5.000000000000000000e-01
3.234700000000002973e+01,5.000000000000000000e-01
3.234800000000002740e+01,5.000000000000000000e-01
3.234900000000003217e+01,5.000000000000000000e-01
3.235000000000002984e+01,5.000000000000000000e-01
3.235100000000002751e+01,5.000000000000000000e-01
3.235200000000003229e+01,5.000000000000000000e-01
3.235300000000002996e+01,5.000000000000000000e-01
3.235400000000002763e+01,5.000000000000000000e-01
3.235500000000003240e+01,5.000000000000000000e-01
3.235600000000003007e+01,5.000000000000000000e-01
3.235700000000002774e+01,5.000000000000000000e-01
3.235800000000003251e+01,5.000000000000000000e-01
3.235900000000003018e+01,5.000000000000000000e-01
3.236000000000002785e+01,5.000000000000000000e-01
3.236100000000003263e+01,5.000000000000000000e-01
3.236200000000003030e+01,5.000000000000000000e-01
3.236300000000002797e+01,5.000000000000000000e-01
3.236400000000003274e+01,5.000000000000000000e-01
3.236500000000003041e+01,5.000000000000000000e-01
3.236600000000002808e+01,5.000000000000000000e-01
3.236700000000003286e+01,5.000000000000000000e-01
3.236800000000003052e+01,5.000000000000000000e-01
3.236900000000002819e+01,5.000000000000000000e-01
3.237000000000003297e+01,5.000000000000000000e-01
3.237100000000003064e+01,5.000000000000000000e-01
3.237200000000002831e+01,5.000000000000000000e-01
3.237300000000003308e+01,5.000000000000000000e-01
3.237400000000003075e+01,5.000000000000000000e-01
3.237500000000002842e+01,5.000000000000000000e-01
3.237600000000003320e+01,5.000000000000000000e-01
3.237700000000003087e+01,5.000000000000000000e-01
3.237800000000002854e+01,5.000000000000000000e-01
3.237900000000003331e+01,5.000000000000000000e-01
3.238000000000003098e+01,5.000000000000000000e-01
3.238100000000002865e+01,5.000000000000000000e-01
3.238200000000003342e+01,5.000000000000000000e-01
3.238300000000003109e+01,5.000000000000000000e-01
3.238400000000002876e+01,5.000000000000000000e-01
3.238500000000003354e+01,5.000000000000000000e-01
3.238600000000003121e+01,5.000000000000000000e-01
3.238700000000002888e+01,5.000000000000000000e-01
3.238800000000003365e+01,5.000000000000000000e-01
3.238900000000003132e+01,5.000000000000000000e-01
3.239000000000002899e+01,5.000000000000000000e-01
3.239100000000003376e+01,5.000000000000000000e-01
3.239200000000003143e+01,5.000000000000000000e-01
3.239300000000002910e+01,5.000000000000000000e-01
3.239400000000003388e+01,5.000000000000000000e-01
3.239500000000003155e+01,5.000000000000000000e-01
3.239600000000002922e+01,5.000000000000000000e-01
3.239700000000002689e+01,5.000000000000000000e-01
3.239800000000003166e+01,5.000000000000000000e-01
3.239900000000002933e+01,5.000000000000000000e-01
3.240000000000002700e+01,5.000000000000000000e-01
3.240100000000003178e+01,5.000000000000000000e-01
3.240200000000002944e+01,5.000000000000000000e-01
3.240300000000002711e+01,5.000000000000000000e-01
3.240400000000003189e+01,5.000000000000000000e-01
3.240500000000002956e+01,5.000000000000000000e-01
3.240600000000002723e+01,5.000000000000000000e-01
3.240700000000003200e+01,5.000000000000000000e-01
3.240800000000002967e+01,5.000000000000000000e-01
3.240900000000002734e+01,5.000000000000000000e-01
3.241000000000003212e+01,5.000000000000000000e-01
3.241100000000002979e+01,5.000000000000000000e-01
3.241200000000002746e+01,5.000000000000000000e-01
3.241300000000003223e+01,5.000000000000000000e-01
3.241400000000002990e+01,5.000000000000000000e-01
3.241500000000002757e+01,5.000000000000000000e-01
3.241600000000003234e+01,5.000000000000000000e-01
3.241700000000003001e+01,5.000000000000000000e-01
3.241800000000002768e+01,5.000000000000000000e-01
3.241900000000003246e+01,5.000000000000000000e-01
3.242000000000003013e+01,5.000000000000000000e-01
3.242100000000002780e+01,5.000000000000000000e-01
3.242200000000003257e+01,5.000000000000000000e-01
3.242300000000003024e+01,5.000000000000000000e-01
3.242400000000002791e+01,5.000000000000000000e-01
3.242500000000003268e+01,5.000000000000000000e-01
3.242600000000003035e+01,5.000000000000000000e-01
3.242700000000002802e+01,5.000000000000000000e-01
3.242800000000003280e+01,5.000000000000000000e-01
3.242900000000003047e+01,5.000000000000000000e-01
3.243000000000002814e+01,5.000000000000000000e-01
3.243100000000003291e+01,5.000000000000000000e-01
3.243200000000003058e+01,5.000000000000000000e-01
3.243300000000002825e+01,5.000000000000000000e-01
3.243400000000003303e+01,5.000000000000000000e-01
3.243500000000003070e+01,5.000000000000000000e-01
3.243600000000002836e+01,5.000000000000000000e-01
3.243700000000003314e+01,5.000000000000000000e-01
3.243800000000003081e+01,5.000000000000000000e-01
3.243900000000002848e+01,5.000000000000000000e-01
3.244000000000003325e+01,5.000000000000000000e-01
3.244100000000003092e+01,5.000000000000000000e-01
3.244200000000002859e+01,5.000000000000000000e-01
3.244300000000003337e+01,5.000000000000000000e-01
3.244400000000003104e+01,5.000000000000000000e-01
3.244500000000002871e+01,5.000000000000000000e-01
3.244600000000003348e+01,5.000000000000000000e-01
3.244700000000003115e+01,5.000000000000000000e-01
3.244800000000002882e+01,5.000000000000000000e-01
3.244900000000003359e+01,5.000000000000000000e-01
3.245000000000003126e+01,5.000000000000000000e-01
3.245100000000002893e+01,5.000000000000000000e-01
3.245200000000003371e+01,5.000000000000000000e-01
3.245300000000003138e+01,5.000000000000000000e-01
3.245400000000002905e+01,5.000000000000000000e-01
3.245500000000003382e+01,5.000000000000000000e-01
3.245600000000003149e+01,5.000000000000000000e-01
3.245700000000002916e+01,5.000000000000000000e-01
3.245800000000003394e+01,5.000000000000000000e-01
3.245900000000003160e+01,5.000000000000000000e-01
3.246000000000002927e+01,5.000000000000000000e-01
3.246100000000003405e+01,5.000000000000000000e-01
3.246200000000003172e+01,5.000000000000000000e-01
3.246300000000002939e+01,5.000000000000000000e-01
3.246400000000002706e+01,5.000000000000000000e-01
3.246500000000003183e+01,5.000000000000000000e-01
3.246600000000002950e+01,5.000000000000000000e-01
3.246700000000002717e+01,5.000000000000000000e-01
3.246800000000003195e+01,5.000000000000000000e-01
3.246900000000002962e+01,5.000000000000000000e-01
3.247000000000002728e+01,5.000000000000000000e-01
3.247100000000003206e+01,5.000000000000000000e-01
3.247200000000002973e+01,5.000000000000000000e-01
3.247300000000002740e+01,5.000000000000000000e-01
3.247400000000003217e+01,5.000000000000000000e-01
3.247500000000002984e+01,5.000000000000000000e-01
3.247600000000002751e+01,5.000000000000000000e-01
3.247700000000003229e+01,5.000000000000000000e-01
3.247800000000002996e+01,5.000000000000000000e-01
3.247900000000002763e+01,5.000000000000000000e-01
3.248000000000003240e+01,5.000000000000000000e-01
3.248100000000003007e+01,5.000000000000000000e-01
3.248200000000002774e+01,5.000000000000000000e-01
3.248300000000003251e+01,5.000000000000000000e-01
3.248400000000003018e+01,5.000000000000000000e-01
3.248500000000002785e+01,5.000000000000000000e-01
3.248600000000003263e+01,5.000000000000000000e-01
3.248700000000003030e+01,5.000000000000000000e-01
3.248800000000002797e+01,5.000000000000000000e-01
3.248900000000003274e+01,5.000000000000000000e-01
3.249000000000003041e+01,5.000000000000000000e-01
3.249100000000002808e+01,5.000000000000000000e-01
3.249200000000003286e+01,5.000000000000000000e-01
3.249300000000003052e+01,5.000000000000000000e-01
3.249400000000002819e+01,5.000000000000000000e-01
3.249500000000003297e+01,5.000000000000000000e-01
3.249600000000003064e+01,5.000000000000000000e-01
3.249700000000002831e+01,5.000000000000000000e-01
3.249800000000003308e+01,5.000000000000000000e-01
3.249900000000003075e+01,5.000000000000000000e-01
3.250000000000002842e+01,5.000000000000000000e-01
3.250100000000003320e+01,5.000000000000000000e-01
3.250200000000003087e+01,5.000000000000000000e-01
3.250300000000002854e+01,5.000000000000000000e-01
3.250400000000003331e+01,5.000000000000000000e-01
3.250500000000003098e+01,5.000000000000000000e-01
3.250600000000002865e+01,5.000000000000000000e-01
3.250700000000003342e+01,5.000000000000000000e-01
3.250800000000003109e+01,5.000000000000000000e-01
3.250900000000002876e+01,5.000000000000000000e-01
3.251000000000003354e+01,5.000000000000000000e-01
3.251100000000003121e+01,5.000000000000000000e-01
3.251200000000002888e+01,5.000000000000000000e-01
3.251300000000003365e+01,5.000000000000000000e-01
3.251400000000003132e+01,5.000000000000000000e-01
3.251500000000002899e+01,5.000000000000000000e-01
3.251600000000003376e+01,5.000000000000000000e-01
3.251700000000003143e+01,5.000000000000000000e-01
3.251800000000002910e+01,5.000000000000000000e-01
3.251900000000003388e+01,5.000000000000000000e-01
3.252000000000003155e+01,5.000000000000000000e-01
3.252100000000002922e+01,5.000000000000000000e-01
3.252200000000003399e+01,5.000000000000000000e-01
3.252300000000003166e+01,5.000000000000000000e-01
3.252400000000002933e+01,5.000000000000000000e-01
3.252500000000002700e+01,5.000000000000000000e-01
3.252600000000003178e+01,5.000000000000000000e-01
3.252700000000002944e+01,5.000000000000000000e-01
3.252800000000002711e+01,5.000000000000000000e-01
3.252900000000003189e+01,5.000000000000000000e-01
3.253000000000002956e+01,5.000000000000000000e-01
3.253100000000002723e+01,5.000000000000000000e-01
3.253200000000003200e+01,5.000000000000000000e-01
3.253300000000002967e+01,5.000000000000000000e-01
3.253400000000002734e+01,5.000000000000000000e-01
3.253500000000003212e+01,5.000000000000000000e-01
3.253600000000002979e+01,5.000000000000000000e-01
3.253700000000002746e+01,5.000000000000000000e-01
3.253800000000003223e+01,5.000000000000000000e-01
3.253900000000002990e+01,5.000000000000000000e-01
3.254000000000002757e+01,5.000000000000000000e-01
3.254100000000003234e+01,5.000000000000000000e-01
3.254200000000003001e+01,5.000000000000000000e-01
3.254300000000002768e+01,5.000000000000000000e-01
3.254400000000003246e+01,5.000000000000000000e-01
3.254500000000003013e+01,5.000000000000000000e-01
3.254600000000002780e+01,5.000000000000000000e-01
3.254700000000003257e+01,5.000000000000000000e-01
3.254800000000003024e+01,5.000000000000000000e-01
3.254900000000002791e+01,5.000000000000000000e-01
3.255000000000003268e+01,5.000000000000000000e-01
3.255100000000003035e+01,5.000000000000000000e-01
3.255200000000002802e+01,5.000000000000000000e-01
3.255300000000003280e+01,5.000000000000000000e-01
3.255400000000003047e+01,5.000000000000000000e-01
3.255500000000002814e+01,5.000000000000000000e-01
3.255600000000003291e+01,5.000000000000000000e-01
3.255700000000003058e+01,5.000000000000000000e-01
3.255800000000002825e+01,5.000000000000000000e-01
3.255900000000003303e+01,5.000000000000000000e-01
3.256000000000003070e+01,5.000000000000000000e-01
3.256100000000002836e+01,5.000000000000000000e-01
3.256200000000003314e+01,5.000000000000000000e-01
3.256300000000003081e+01,5.000000000000000000e-01
3.256400000000002848e+01,5.000000000000000000e-01
3.256500000000003325e+01,5.000000000000000000e-01
3.256600000000003092e+01,5.000000000000000000e-01
3.256700000000002859e+01,5.000000000000000000e-01
3.256800000000003337e+01,5.000000000000000000e-01
3.256900000000003104e+01,5.000000000000000000e-01
3.257000000000002871e+01,5.000000000000000000e-01
3.257100000000003348e+01,5.000000000000000000e-01
3.257200000000003115e+01,5.000000000000000000e-01
3.257300000000002882e+01,5.000000000000000000e-01
3.257400000000003359e+01,5.000000000000000000e-01
3.257500000000003126e+01,5.000000000000000000e-01
3.257600000000002893e+01,5.000000000000000000e-01
3.257700000000003371e+01,5.000000000000000000e-01
3.257800000000003138e+01,5.000000000000000000e-01
3.257900000000002905e+01,5.000000000000000000e-01
3.258000000000003382e+01,5.000000000000000000e-01
3.258100000000003149e+01,5.000000000000000000e-01
3.258200000000002916e+01,5.000000000000000000e-01
3.258300000000003394e+01,5.000000000000000000e-01
3.258400000000003160e+01,5.000000000000000000e-01
3.258500000000002927e+01,5.000000000000000000e-01
3.258600000000003405e+01,5.000000000000000000e-01
3.258700000000003172e+01,5.000000000000000000e-01
3.258800000000002939e+01,5.000000000000000000e-01
3.258900000000003416e+01,5.000000000000000000e-01
3.259000000000003183e+01,5.000000000000000000e-01
3.259100000000002950e+01,5.000000000000000000e-01
3.259200000000002717e+01,5.000000000000000000e-01
3.259300000000003195e+01,5.000000000000000000e-01
3.259400000000002962e+01,5.000000000000000000e-01
3.259500000000002728e+01,5.000000000000000000e-01
3.259600000000003206e+01,5.000000000000000000e-01
3.259700000000002973e+01,5.000000000000000000e-01
3.259800000000002740e+01,5.000000000000000000e-01
3.259900000000003217e+01,5.000000000000000000e-01
3.260000000000002984e+01,5.000000000000000000e-01
3.260100000000002751e+01,5.000000000000000000e-01
3.260200000000003229e+01,5.000000000000000000e-01
3.260300000000002996e+01,5.000000000000000000e-01
3.260400000000002763e+01,5.000000000000000000e-01
3.260500000000003240e+01,5.000000000000000000e-01
3.260600000000003007e+01,5.000000000000000000e-01
3.260700000000002774e+01,5.000000000000000000e-01
3.260800000000003251e+01,5.000000000000000000e-01
3.260900000000003018e+01,5.000000000000000000e-01
3.261000000000002785e+01,5.000000000000000000e-01
3.261100000000003263e+01,5.000000000000000000e-01
3.261200000000003030e+01,5.000000000000000000e-01
3.261300000000002797e+01,5.000000000000000000e-01
3.261400000000003274e+01,5.000000000000000000e-01
3.261500000000003041e+01,5.000000000000000000e-01
3.261600000000002808e+01,5.000000000000000000e-01
3.261700000000003286e+01,5.000000000000000000e-01
3.261800000000003052e+01,5.000000000000000000e-01
3.261900000000002819e+01,5.000000000000000000e-01
3.262000000000003297e+01,5.000000000000000000e-01
3.262100000000003064e+01,5.000000000000000000e-01
3.262200000000002831e+01,5.000000000000000000e-01
3.262300000000003308e+01,5.000000000000000000e-01
3.262400000000003075e+01,5.000000000000000000e-01
3.262500000000002842e+01,5.000000000000000000e-01
3.262600000000003320e+01,5.000000000000000000e-01
3.262700000000003087e+01,5.000000000000000000e-01
3.262800000000002854e+01,5.000000000000000000e-01
3.262900000000003331e+01,5.000000000000000000e-01
3.263000000000003098e+01,5.000000000000000000e-01
3.263100000000002865e+01,5.000000000000000000e-01
3.263200000000003342e+01,5.000000000000000000e-01
3.263300000000003109e+01,5.000000000000000000e-01
3.263400000000002876e+01,5.000000000000000000e-01
3.263500000000003354e+01,5.000000000000000000e-01
3.263600000000003121e+01,5.000000000000000000e-01
3.263700000000002888e+01,5.000000000000000000e-01
3.263800000000003365e+01,5.000000000000000000e-01
3.263900000000003132e+01,5.000000000000000000e-01
3.264000000000002899e+01,5.000000000000000000e-01
3.264100000000003376e+01,5.000000000000000000e-01
3.264200000000003143e+01,5.000000000000000000e-01
3.264300000000002910e+01,5.000000000000000000e-01
3.264400000000003388e+01,5.000000000000000000e-01
3.264500000000003155e+01,5.000000000000000000e-01
3.264600000000002922e+01,5.000000000000000000e-01
3.264700000000003399e+01,5.000000000000000000e-01
3.264800000000003166e+01,5.000000000000000000e-01
3.264900000000002933e+01,5.000000000000000000e-01
3.265000000000003411e+01,5.000000000000000000e-01
3.265100000000003178e+01,5.000000000000000000e-01
3.265200000000002944e+01,5.000000000000000000e-01
3.265300000000002711e+01,5.000000000000000000e-01
3.265400000000003189e+01,5.000000000000000000e-01
3.265500000000002956e+01,5.000000000000000000e-01
3.265600000000002723e+01,5.000000000000000000e-01
3.265700000000003200e+01,5.000000000000000000e-01
3.265800000000002967e+01,5.000000000000000000e-01
3.265900000000002734e+01,5.000000000000000000e-01
3.266000000000003212e+01,5.000000000000000000e-01
3.266100000000002979e+01,5.000000000000000000e-01
3.266200000000002746e+01,5.000000000000000000e-01
3.266300000000003223e+01,5.000000000000000000e-01
3.266400000000002990e+01,5.000000000000000000e-01
3.266500000000002757e+01,5.000000000000000000e-01
3.266600000000003234e+01,5.000000000000000000e-01
3.266700000000003001e+01,5.000000000000000000e-01
3.266800000000002768e+01,5.000000000000000000e-01
3.266900000000003246e+01,5.000000000000000000e-01
3.267000000000003013e+01,5.000000000000000000e-01
3.267100000000002780e+01,5.000000000000000000e-01
3.267200000000003257e+01,5.000000000000000000e-01
3.267300000000003024e+01,5.000000000000000000e-01
3.267400000000002791e+01,5.000000000000000000e-01
3.267500000000003268e+01,5.000000000000000000e-01
3.267600000000003035e+01,5.000000000000000000e-01
3.267700000000002802e+01,5.000000000000000000e-01
3.267800000000003280e+01,5.000000000000000000e-01
3.267900000000003047e+01,5.000000000000000000e-01
3.268000000000002814e+01,5.000000000000000000e-01
3.268100000000003291e+01,5.000000000000000000e-01
3.268200000000003058e+01,5.000000000000000000e-01
3.268300000000002825e+01,5.000000000000000000e-01
3.268400000000003303e+01,5.000000000000000000e-01
3.268500000000003070e+01,5.000000000000000000e-01
3.268600000000002836e+01,5.000000000000000000e-01
3.268700000000003314e+01,5.000000000000000000e-01
3.268800000000003081e+01,5.000000000000000000e-01
3.268900000000002848e+01,5.000000000000000000e-01
3.269000000000003325e+01,5.000000000000000000e-01
3.269100000000003092e+01,5.000000000000000000e-01
3.269200000000002859e+01,5.000000000000000000e-01
3.269300000000003337e+01,5.000000000000000000e-01
3.269400000000003104e+01,5.000000000000000000e-01
3.269500000000002871e+01,5.000000000000000000e-01
3.269600000000003348e+01,5.000000000000000000e-01
3.269700000000003115e+01,5.000000000000000000e-01
3.269800000000002882e+01,5.000000000000000000e-01
3.269900000000003359e+01,5.000000000000000000e-01
3.270000000000003126e+01,5.000000000000000000e-01
3.270100000000002893e+01,5.000000000000000000e-01
3.270200000000003371e+01,5.000000000000000000e-01
3.270300000000003138e+01,5.000000000000000000e-01
3.270400000000002905e+01,5.000000000000000000e-01
3.270500000000003382e+01,5.000000000000000000e-01
3.270600000000003149e+01,5.000000000000000000e-01
3.270700000000002916e+01,5.000000000000000000e-01
3.270800000000003394e+01,5.000000000000000000e-01
3.270900000000003160e+01,5.000000000000000000e-01
3.271000000000002927e+01,5.000000000000000000e-01
3.271100000000003405e+01,5.000000000000000000e-01
3.271200000000003172e+01,5.000000000000000000e-01
3.271300000000002939e+01,5.000000000000000000e-01
3.271400000000003416e+01,5.000000000000000000e-01
3.271500000000003183e+01,5.000000000000000000e-01
3.271600000000002950e+01,5.000000000000000000e-01
3.271700000000003428e+01,5.000000000000000000e-01
3.271800000000003195e+01,5.000000000000000000e-01
3.271900000000002962e+01,5.000000000000000000e-01
3.272000000000002728e+01,5.000000000000000000e-01
3.272100000000003206e+01,5.000000000000000000e-01
3.272200000000002973e+01,5.000000000000000000e-01
3.272300000000002740e+01,5.000000000000000000e-01
3.272400000000003217e+01,5.000000000000000000e-01
3.272500000000002984e+01,5.000000000000000000e-01
3.272600000000002751e+01,5.000000000000000000e-01
3.272700000000003229e+01,5.000000000000000000e-01
3.272800000000002996e+01,5.000000000000000000e-01
3.272900000000002763e+01,5.000000000000000000e-01
3.273000000000003240e+01,5.000000000000000000e-01
3.273100000000003007e+01,5.000000000000000000e-01
3.273200000000002774e+01,5.000000000000000000e-01
3.273300000000003251e+01,5.000000000000000000e-01
3.273400000000003018e+01,5.000000000000000000e-01
3.273500000000002785e+01,5.000000000000000000e-01
3.273600000000003263e+01,5.000000000000000000e-01
3.273700000000003030e+01,5.000000000000000000e-01
3.273800000000002797e+01,5.000000000000000000e-01
3.273900000000003274e+01,5.000000000000000000e-01
3.274000000000003041e+01,5.000000000000000000e-01
3.274100000000002808e+01,5.000000000000000000e-01
3.274200000000003286e+01,5.000000000000000000e-01
3.274300000000003052e+01,5.000000000000000000e-01
3.274400000000002819e+01,5.000000000000000000e-01
3.274500000000003297e+01,5.000000000000000000e-01
3.274600000000003064e+01,5.000000000000000000e-01
3.274700000000002831e+01,5.000000000000000000e-01
3.274800000000003308e+01,5.000000000000000000e-01
3.274900000000003075e+01,5.000000000000000000e-01
3.275000000000002842e+01,5.000000000000000000e-01
3.275100000000003320e+01,5.000000000000000000e-01
3.275200000000003087e+01,5.000000000000000000e-01
3.275300000000002854e+01,5.000000000000000000e-01
3.275400000000003331e+01,5.000000000000000000e-01
3.275500000000003098e+01,5.000000000000000000e-01
3.275600000000002865e+01,5.000000000000000000e-01
3.275700000000003342e+01,5.000000000000000000e-01
3.275800000000003109e+01,5.000000000000000000e-01
3.275900000000002876e+01,5.000000000000000000e-01
3.276000000000003354e+01,5.000000000000000000e-01
3.276100000000003121e+01,5.000000000000000000e-01
3.276200000000002888e+01,5.000000000000000000e-01
3.276300000000003365e+01,5.000000000000000000e-01
3.276400000000003132e+01,5.000000000000000000e-01
3.276500000000002899e+01,5.000000000000000000e-01
3.276600000000003376e+01,5.000000000000000000e-01
3.276700000000003143e+01,5.000000000000000000e-01
3.276800000000002910e+01,5.000000000000000000e-01
3.276900000000003388e+01,5.000000000000000000e-01
3.277000000000003155e+01,5.000000000000000000e-01
3.277100000000002922e+01,5.000000000000000000e-01
3.277200000000003399e+01,5.000000000000000000e-01
3.277300000000003166e+01,5.000000000000000000e-01
3.277400000000002933e+01,5.000000000000000000e-01
3.277500000000003411e+01,5.000000000000000000e-01
3.277600000000003178e+01,5.000000000000000000e-01
3.277700000000002944e+01,5.000000000000000000e-01
3.277800000000003422e+01,5.000000000000000000e-01
3.277900000000003189e+01,5.000000000000000000e-01
3.278000000000002956e+01,5.000000000000000000e-01
3.278100000000002723e+01,5.000000000000000000e-01
3.278200000000003200e+01,5.000000000000000000e-01
3.278300000000002967e+01,5.000000000000000000e-01
3.278400000000002734e+01,5.000000000000000000e-01
3.278500000000003212e+01,5.000000000000000000e-01
3.278600000000002979e+01,5.000000000000000000e-01
3.278700000000002746e+01,5.000000000000000000e-01
3.278800000000003223e+01,5.000000000000000000e-01
3.278900000000002990e+01,5.000000000000000000e-01
3.279000000000002757e+01,5.000000000000000000e-01
3.279100000000003234e+01,5.000000000000000000e-01
3.279200000000003001e+01,5.000000000000000000e-01
3.279300000000002768e+01,5.000000000000000000e-01
3.279400000000003246e+01,5.000000000000000000e-01
3.279500000000003013e+01,5.000000000000000000e-01
3.279600000000002780e+01,5.000000000000000000e-01
3.279700000000003257e+01,5.000000000000000000e-01
3.279800000000003024e+01,5.000000000000000000e-01
3.279900000000002791e+01,5.000000000000000000e-01
3.280000000000003268e+01,5.000000000000000000e-01
3.280100000000003035e+01,5.000000000000000000e-01
3.280200000000002802e+01,5.000000000000000000e-01
3.280300000000003280e+01,5.000000000000000000e-01
3.280400000000003047e+01,5.000000000000000000e-01
3.280500000000002814e+01,5.000000000000000000e-01
3.280600000000003291e+01,5.000000000000000000e-01
3.280700000000003058e+01,5.000000000000000000e-01
3.280800000000002825e+01,5.000000000000000000e-01
3.280900000000003303e+01,5.000000000000000000e-01
3.281000000000003070e+01,5.000000000000000000e-01
3.281100000000002836e+01,5.000000000000000000e-01
3.281200000000003314e+01,5.000000000000000000e-01
3.281300000000003081e+01,5.000000000000000000e-01
3.281400000000002848e+01,5.000000000000000000e-01
3.281500000000003325e+01,5.000000000000000000e-01
3.281600000000003092e+01,5.000000000000000000e-01
3.281700000000002859e+01,5.000000000000000000e-01
3.281800000000003337e+01,5.000000000000000000e-01
3.281900000000003104e+01,5.000000000000000000e-01
3.282000000000002871e+01,5.000000000000000000e-01
3.282100000000003348e+01,5.000000000000000000e-01
3.282200000000003115e+01,5.000000000000000000e-01
3.282300000000002882e+01,5.000000000000000000e-01
3.282400000000003359e+01,5.000000000000000000e-01
3.282500000000003126e+01,5.000000000000000000e-01
3.282600000000002893e+01,5.000000000000000000e-01
3.282700000000003371e+01,5.000000000000000000e-01
3.282800000000003138e+01,5.000000000000000000e-01
3.282900000000002905e+01,5.000000000000000000e-01
3.283000000000003382e+01,5.000000000000000000e-01
3.283100000000003149e+01,5.000000000000000000e-01
3.283200000000002916e+01,5.000000000000000000e-01
3.283300000000003394e+01,5.000000000000000000e-01
3.283400000000003160e+01,5.000000000000000000e-01
3.283500000000002927e+01,5.000000000000000000e-01
3.283600000000003405e+01,5.000000000000000000e-01
3.283700000000003172e+01,5.000000000000000000e-01
3.283800000000002939e+01,5.000000000000000000e-01
3.283900000000003416e+01,5.000000000000000000e-01
3.284000000000003183e+01,5.000000000000000000e-01
3.284100000000002950e+01,5.000000000000000000e-01
3.284200000000003428e+01,5.000000000000000000e-01
3.284300000000003195e+01,5.000000000000000000e-01
3.284400000000002962e+01,5.000000000000000000e-01
3.284500000000003439e+01,5.000000000000000000e-01
3.284600000000003206e+01,5.000000000000000000e-01
3.284700000000002973e+01,5.000000000000000000e-01
3.284800000000002740e+01,5.000000000000000000e-01
3.284900000000003217e+01,5.000000000000000000e-01
3.285000000000002984e+01,5.000000000000000000e-01
3.285100000000002751e+01,5.000000000000000000e-01
3.285200000000003229e+01,5.000000000000000000e-01
3.285300000000002996e+01,5.000000000000000000e-01
3.285400000000002763e+01,5.000000000000000000e-01
3.285500000000003240e+01,5.000000000000000000e-01
3.285600000000003007e+01,5.000000000000000000e-01
3.285700000000002774e+01,5.000000000000000000e-01
3.285800000000003251e+01,5.000000000000000000e-01
3.285900000000003018e+01,5.000000000000000000e-01
3.286000000000002785e+01,5.000000000000000000e-01
3.286100000000003263e+01,5.000000000000000000e-01
3.286200000000003030e+01,5.000000000000000000e-01
3.286300000000002797e+01,5.000000000000000000e-01
3.286400000000003274e+01,5.000000000000000000e-01
3.286500000000003041e+01,5.000000000000000000e-01
3.286600000000002808e+01,5.000000000000000000e-01
3.286700000000003286e+01,5.000000000000000000e-01
3.286800000000003052e+01,5.000000000000000000e-01
3.286900000000002819e+01,5.000000000000000000e-01
3.287000000000003297e+01,5.000000000000000000e-01
3.287100000000003064e+01,5.000000000000000000e-01
3.287200000000002831e+01,5.000000000000000000e-01
3.287300000000003308e+01,5.000000000000000000e-01
3.287400000000003075e+01,5.000000000000000000e-01
3.287500000000002842e+01,5.000000000000000000e-01
3.287600000000003320e+01,5.000000000000000000e-01
3.287700000000003087e+01,5.000000000000000000e-01
3.287800000000002854e+01,5.000000000000000000e-01
3.287900000000003331e+01,5.000000000000000000e-01
3.288000000000003098e+01,5.000000000000000000e-01
3.288100000000002865e+01,5.000000000000000000e-01
3.288200000000003342e+01,5.000000000000000000e-01
3.288300000000003109e+01,5.000000000000000000e-01
3.288400000000002876e+01,5.000000000000000000e-01
3.288500000000003354e+01,5.000000000000000000e-01
3.288600000000003121e+01,5.000000000000000000e-01
3.288700000000002888e+01,5.000000000000000000e-01
3.288800000000003365e+01,5.000000000000000000e-01
3.288900000000003132e+01,5.000000000000000000e-01
3.289000000000002899e+01,5.000000000000000000e-01
3.289100000000003376e+01,5.000000000000000000e-01
3.289200000000003143e+01,5.000000000000000000e-01
3.289300000000002910e+01,5.000000000000000000e-01
3.289400000000003388e+01,5.000000000000000000e-01
3.289500000000003155e+01,5.000000000000000000e-01
3.289600000000002922e+01,5.000000000000000000e-01
3.289700000000003399e+01,5.000000000000000000e-01
3.289800000000003166e+01,5.000000000000000000e-01
3.289900000000002933e+01,5.000000000000000000e-01
3.290000000000003411e+01,5.000000000000000000e-01
3.290100000000003178e+01,5.000000000000000000e-01
3.290200000000002944e+01,5.000000000000000000e-01
3.290300000000003422e+01,5.000000000000000000e-01
3.290400000000003189e+01,5.000000000000000000e-01
3.290500000000002956e+01,5.000000000000000000e-01
3.290600000000003433e+01,5.000000000000000000e-01
3.290700000000003200e+01,5.000000000000000000e-01
3.290800000000002967e+01,5.000000000000000000e-01
3.290900000000002734e+01,5.000000000000000000e-01
3.291000000000003212e+01,5.000000000000000000e-01
3.291100000000002979e+01,5.000000000000000000e-01
3.291200000000002746e+01,5.000000000000000000e-01
3.291300000000003223e+01,5.000000000000000000e-01
3.291400000000002990e+01,5.000000000000000000e-01
3.291500000000002757e+01,5.000000000000000000e-01
3.291600000000003234e+01,5.000000000000000000e-01
3.291700000000003001e+01,5.000000000000000000e-01
3.291800000000002768e+01,5.000000000000000000e-01
3.291900000000003246e+01,5.000000000000000000e-01
3.292000000000003013e+01,5.000000000000000000e-01
3.292100000000002780e+01,5.000000000000000000e-01
3.292200000000003257e+01,5.000000000000000000e-01
3.292300000000003024e+01,5.000000000000000000e-01
3.292400000000002791e+01,5.000000000000000000e-01
3.292500000000003268e+01,5.000000000000000000e-01
3.292600000000003035e+01,5.000000000000000000e-01
3.292700000000002802e+01,5.000000000000000000e-01
3.292800000000003280e+01,5.000000000000000000e-01
3.292900000000003047e+01,5.000000000000000000e-01
3.293000000000002814e+01,5.000000000000000000e-01
3.293100000000003291e+01,5.000000000000000000e-01
3.293200000000003058e+01,5.000000000000000000e-01
3.293300000000002825e+01,5.000000000000000000e-01
3.293400000000003303e+01,5.000000000000000000e-01
3.293500000000003070e+01,5.000000000000000000e-01
3.293600000000002836e+01,5.000000000000000000e-01
3.293700000000003314e+01,5.000000000000000000e-01
3.293800000000003081e+01,5.000000000000000000e-01
3.293900000000002848e+01,5.000000000000000000e-01
3.294000000000003325e+01,5.000000000000000000e-01
3.294100000000003092e+01,5.000000000000000000e-01
3.294200000000002859e+01,5.000000000000000000e-01
3.294300000000003337e+01,5.000000000000000000e-01
3.294400000000003104e+01,5.000000000000000000e-01
3.294500000000002871e+01,5.000000000000000000e-01
3.294600000000003348e+01,5.000000000000000000e-01
3.294700000000003115e+01,5.000000000000000000e-01
3.294800000000002882e+01,5.000000000000000000e-01
3.294900000000003359e+01,5.000000000000000000e-01
3.295000000000003126e+01,5.000000000000000000e-01
3.295100000000002893e+01,5.000000000000000000e-01
3.295200000000003371e+01,5.000000000000000000e-01
3.295300000000003138e+01,5.000000000000000000e-01
3.295400000000002905e+01,5.000000000000000000e-01
3.295500000000003382e+01,5.000000000000000000e-01
3.295600000000003149e+01,5.000000000000000000e-01
3.295700000000002916e+01,5.000000000000000000e-01
3.295800000000003394e+01,5.000000000000000000e-01
3.295900000000003160e+01,5.000000000000000000e-01
3.296000000000002927e+01,5.000000000000000000e-01
3.296100000000003405e+01,5.000000000000000000e-01
3.296200000000003172e+01,5.000000000000000000e-01
3.296300000000002939e+01,5.000000000000000000e-01
3.296400000000003416e+01,5.000000000000000000e-01
3.296500000000003183e+01,5.000000000000000000e-01
3.296600000000002950e+01,5.000000000000000000e-01
3.296700000000003428e+01,5.000000000000000000e-01
3.296800000000003195e+01,5.000000000000000000e-01
3.296900000000002962e+01,5.000000000000000000e-01
3.297000000000003439e+01,5.000000000000000000e-01
3.297100000000003206e+01,5.000000000000000000e-01
3.297200000000002973e+01,5.000000000000000000e-01
3.297300000000003450e+01,5.000000000000000000e-01
3.297400000000003217e+01,5.000000000000000000e-01
3.297500000000002984e+01,5.000000000000000000e-01
3.297600000000002751e+01,5.000000000000000000e-01
3.297700000000003229e+01,5.000000000000000000e-01
3.297800000000002996e+01,5.000000000000000000e-01
3.297900000000002763e+01,5.000000000000000000e-01
3.298000000000003240e+01,5.000000000000000000e-01
3.298100000000003007e+01,5.000000000000000000e-01
3.298200000000002774e+01,5.000000000000000000e-01
3.298300000000003251e+01,5.000000000000000000e-01
3.298400000000003018e+01,5.000000000000000000e-01
3.298500000000002785e+01,5.000000000000000000e-01
3.298600000000003263e+01,5.000000000000000000e-01
3.298700000000003030e+01,5.000000000000000000e-01
3.298800000000002797e+01,5.000000000000000000e-01
3.298900000000003274e+01,5.000000000000000000e-01
3.299000000000003041e+01,5.000000000000000000e-01
3.299100000000002808e+01,5.000000000000000000e-01
3.299200000000003286e+01,5.000000000000000000e-01
3.299300000000003052e+01,5.000000000000000000e-01
3.299400000000002819e+01,5.000000000000000000e-01
3.299500000000003297e+01,5.000000000000000000e-01
3.299600000000003064e+01,5.000000000000000000e-01
3.299700000000002831e+01,5.000000000000000000e-01
3.299800000000003308e+01,5.000000000000000000e-01
3.299900000000003075e+01,5.000000000000000000e-01
3.300000000000002842e+01,5.000000000000000000e-01
3.300100000000003320e+01,5.000000000000000000e-01
3.300200000000003087e+01,5.000000000000000000e-01
3.300300000000002854e+01,5.000000000000000000e-01
3.300400000000003331e+01,5.000000000000000000e-01
3.300500000000003098e+01,5.000000000000000000e-01
3.300600000000002865e+01,5.000000000000000000e-01
3.300700000000003342e+01,5.000000000000000000e-01
3.300800000000003109e+01,5.000000000000000000e-01
3.300900000000002876e+01,5.000000000000000000e-01
3.301000000000003354e+01,5.000000000000000000e-01
3.301100000000003121e+01,5.000000000000000000e-01
3.301200000000002888e+01,5.000000000000000000e-01
3.301300000000003365e+01,5.000000000000000000e-01
3.301400000000003132e+01,5.000000000000000000e-01
3.301500000000002899e+01,5.000000000000000000e-01
3.301600000000003376e+01,5.000000000000000000e-01
3.301700000000003143e+01,5.000000000000000000e-01
3.301800000000002910e+01,5.000000000000000000e-01
3.301900000000003388e+01,5.000000000000000000e-01
3.302000000000003155e+01,5.000000000000000000e-01
3.302100000000002922e+01,5.000000000000000000e-01
3.302200000000003399e+01,5.000000000000000000e-01
3.302300000000003166e+01,5.000000000000000000e-01
3.302400000000002933e+01,5.000000000000000000e-01
3.302500000000003411e+01,5.000000000000000000e-01
3.302600000000003178e+01,5.000000000000000000e-01
3.302700000000002944e+01,5.000000000000000000e-01
3.302800000000003422e+01,5.000000000000000000e-01
3.302900000000003189e+01,5.000000000000000000e-01
3.303000000000002956e+01,5.000000000000000000e-01
3.303100000000003433e+01,5.000000000000000000e-01
3.303200000000003200e+01,5.000000000000000000e-01
3.303300000000002967e+01,5.000000000000000000e-01
3.303400000000003445e+01,5.000000000000000000e-01
3.303500000000003212e+01,5.000000000000000000e-01
3.303600000000002979e+01,5.000000000000000000e-01
3.303700000000002746e+01,5.000000000000000000e-01
3.303800000000003223e+01,5.000000000000000000e-01
3.303900000000002990e+01,5.000000000000000000e-01
3.304000000000002757e+01,5.000000000000000000e-01
3.304100000000003234e+01,5.000000000000000000e-01
3.304200000000003001e+01,5.000000000000000000e-01
3.304300000000002768e+01,5.000000000000000000e-01
3.304400000000003246e+01,5.000000000000000000e-01
3.304500000000003013e+01,5.000000000000000000e-01
3.304600000000002780e+01,5.000000000000000000e-01
3.304700000000003257e+01,5.000000000000000000e-01
3.304800000000003024e+01,5.000000000000000000e-01
3.304900000000002791e+01,5.000000000000000000e-01
3.305000000000003268e+01,5.000000000000000000e-01
3.305100000000003035e+01,5.000000000000000000e-01
3.305200000000002802e+01,5.000000000000000000e-01
3.305300000000003280e+01,5.000000000000000000e-01
3.305400000000003047e+01,5.000000000000000000e-01
3.305500000000002814e+01,5.000000000000000000e-01
3.305600000000003291e+01,5.000000000000000000e-01
3.305700000000003058e+01,5.000000000000000000e-01
3.305800000000002825e+01,5.000000000000000000e-01
3.305900000000003303e+01,5.000000000000000000e-01
3.306000000000003070e+01,5.000000000000000000e-01
3.306100000000002836e+01,5.000000000000000000e-01
3.306200000000003314e+01,5.000000000000000000e-01
3.306300000000003081e+01,5.000000000000000000e-01
3.306400000000002848e+01,5.000000000000000000e-01
3.306500000000003325e+01,5.000000000000000000e-01
3.306600000000003092e+01,5.000000000000000000e-01
3.306700000000002859e+01,5.000000000000000000e-01
3.306800000000003337e+01,5.000000000000000000e-01
3.306900000000003104e+01,5.000000000000000000e-01
3.307000000000002871e+01,5.000000000000000000e-01
3.307100000000003348e+01,5.000000000000000000e-01
3.307200000000003115e+01,5.000000000000000000e-01
3.307300000000002882e+01,5.000000000000000000e-01
3.307400000000003359e+01,5.000000000000000000e-01
3.307500000000003126e+01,5.000000000000000000e-01
3.307600000000002893e+01,5.000000000000000000e-01
3.307700000000003371e+01,5.000000000000000000e-01
3.307800000000003138e+01,5.000000000000000000e-01
3.307900000000002905e+01,5.000000000000000000e-01
3.308000000000003382e+01,5.000000000000000000e-01
3.308100000000003149e+01,5.000000000000000000e-01
3.308200000000002916e+01,5.000000000000000000e-01
3.308300000000003394e+01,5.000000000000000000e-01
3.308400000000003160e+01,5.000000000000000000e-01
3.308500000000002927e+01,5.000000000000000000e-01
3.308600000000003405e+01,5.000000000000000000e-01
3.308700000000003172e+01,5.000000000000000000e-01
3.308800000000002939e+01,5.000000000000000000e-01
3.308900000000003416e+01,5.000000000000000000e-01
3.309000000000003183e+01,5.000000000000000000e-01
3.309100000000002950e+01,5.000000000000000000e-01
3.309200000000003428e+01,5.000000000000000000e-01
3.309300000000003195e+01,5.000000000000000000e-01
3.309400000000002962e+01,5.000000000000000000e-01
3.309500000000003439e+01,5.000000000000000000e-01
3.309600000000003206e+01,5.000000000000000000e-01
3.309700000000002973e+01,5.000000000000000000e-01
3.309800000000003450e+01,5.000000000000000000e-01
3.309900000000003217e+01,5.000000000000000000e-01
3.310000000000002984e+01,5.000000000000000000e-01
3.310100000000003462e+01,5.000000000000000000e-01
3.310200000000003229e+01,5.000000000000000000e-01
3.310300000000002996e+01,5.000000000000000000e-01
3.310400000000002763e+01,5.000000000000000000e-01
3.310500000000003240e+01,5.000000000000000000e-01
3.310600000000003007e+01,5.000000000000000000e-01
3.310700000000002774e+01,5.000000000000000000e-01
3.310800000000003251e+01,5.000000000000000000e-01
3.310900000000003018e+01,5.000000000000000000e-01
3.311000000000002785e+01,5.000000000000000000e-01
3.311100000000003263e+01,5.000000000000000000e-01
3.311200000000003030e+01,5.000000000000000000e-01
3.311300000000002797e+01,5.000000000000000000e-01
3.311400000000003274e+01,5.000000000000000000e-01
3.311500000000003041e+01,5.000000000000000000e-01
3.311600000000002808e+01,5.000000000000000000e-01
3.311700000000003286e+01,5.000000000000000000e-01
3.311800000000003052e+01,5.000000000000000000e-01
3.311900000000002819e+01,5.000000000000000000e-01
3.312000000000003297e+01,5.000000000000000000e-01
3.312100000000003064e+01,5.000000000000000000e-01
3.312200000000002831e+01,5.000000000000000000e-01
3.312300000000003308e+01,5.000000000000000000e-01
3.312400000000003075e+01,5.000000000000000000e-01
3.312500000000002842e+01,5.000000000000000000e-01
3.312600000000003320e+01,5.000000000000000000e-01
3.312700000000003087e+01,5.000000000000000000e-01
3.312800000000002854e+01,5.000000000000000000e-01
3.312900000000003331e+01,5.000000000000000000e-01
3.313000000000003098e+01,5.000000000000000000e-01
3.313100000000002865e+01,5.000000000000000000e-01
3.313200000000003342e+01,5.000000000000000000e-01
3.313300000000003109e+01,5.000000000000000000e-01
3.313400000000002876e+01,5.000000000000000000e-01
3.313500000000003354e+01,5.000000000000000000e-01
3.313600000000003121e+01,5.000000000000000000e-01
3.313700000000002888e+01,5.000000000000000000e-01
3.313800000000003365e+01,5.000000000000000000e-01
3.313900000000003132e+01,5.000000000000000000e-01
3.314000000000002899e+01,5.000000000000000000e-01
3.314100000000003376e+01,5.000000000000000000e-01
3.314200000000003143e+01,5.000000000000000000e-01
3.314300000000002910e+01,5.000000000000000000e-01
3.314400000000003388e+01,5.000000000000000000e-01
3.314500000000003155e+01,5.000000000000000000e-01
3.314600000000002922e+01,5.000000000000000000e-01
3.314700000000003399e+01,5.000000000000000000e-01
3.314800000000003166e+01,5.000000000000000000e-01
3.314900000000002933e+01,5.000000000000000000e-01
3.315000000000003411e+01,5.000000000000000000e-01
3.315100000000003178e+01,5.000000000000000000e-01
3.315200000000002944e+01,5.000000000000000000e-01
3.315300000000003422e+01,5.000000000000000000e-01
3.315400000000003189e+01,5.000000000000000000e-01
3.315500000000002956e+01,5.000000000000000000e-01
3.315600000000003433e+01,5.000000000000000000e-01
3.315700000000003200e+01,5.000000000000000000e-01
3.315800000000002967e+01,5.000000000000000000e-01
3.315900000000003445e+01,5.000000000000000000e-01
3.316000000000003212e+01,5.000000000000000000e-01
3.316100000000002979e+01,5.000000000000000000e-01
3.316200000000003456e+01,5.000000000000000000e-01
3.316300000000003223e+01,5.000000000000000000e-01
3.316400000000002990e+01,5.000000000000000000e-01
3.316500000000002757e+01,5.000000000000000000e-01
3.316600000000003234e+01,5.000000000000000000e-01
3.316700000000003001e+01,5.000000000000000000e-01
3.316800000000002768e+01,5.000000000000000000e-01
3.316900000000003246e+01,5.000000000000000000e-01
3.317000000000003013e+01,5.000000000000000000e-01
3.317100000000002780e+01,5.000000000000000000e-01
3.317200000000003257e+01,5.000000000000000000e-01
3.317300000000003024e+01,5.000000000000000000e-01
3.317400000000002791e+01,5.000000000000000000e-01
3.317500000000003268e+01,5.000000000000000000e-01
3.317600000000003035e+01,5.000000000000000000e-01
3.317700000000002802e+01,5.000000000000000000e-01
3.317800000000003280e+01,5.000000000000000000e-01
3.317900000000003047e+01,5.000000000000000000e-01
3.318000000000002814e+01,5.000000000000000000e-01
3.318100000000003291e+01,5.000000000000000000e-01
3.318200000000003058e+01,5.000000000000000000e-01
3.318300000000002825e+01,5.000000000000000000e-01
3.318400000000003303e+01,5.000000000000000000e-01
3.318500000000003070e+01,5.000000000000000000e-01
3.318600000000002836e+01,5.000000000000000000e-01
3.318700000000003314e+01,5.000000000000000000e-01
3.318800000000003081e+01,5.000000000000000000e-01
3.318900000000002848e+01,5.000000000000000000e-01
3.319000000000003325e+01,5.000000000000000000e-01
3.319100000000003092e+01,5.000000000000000000e-01
3.319200000000002859e+01,5.000000000000000000e-01
3.319300000000003337e+01,5.000000000000000000e-01
3.319400000000003104e+01,5.000000000000000000e-01
3.319500000000002871e+01,5.000000000000000000e-01
3.319600000000003348e+01,5.000000000000000000e-01
3.319700000000003115e+01,5.000000000000000000e-01
3.319800000000002882e+01,5.000000000000000000e-01
3.319900000000003359e+01,5.000000000000000000e-01
3.320000000000003126e+01,5.000000000000000000e-01
3.320100000000002893e+01,5.000000000000000000e-01
3.320200000000003371e+01,5.000000000000000000e-01
3.320300000000003138e+01,5.000000000000000000e-01
3.320400000000002905e+01,5.000000000000000000e-01
3.320500000000003382e+01,5.000000000000000000e-01
3.320600000000003149e+01,5.000000000000000000e-01
3.320700000000002916e+01,5.000000000000000000e-01
3.320800000000003394e+01,5.000000000000000000e-01
3.320900000000003160e+01,5.000000000000000000e-01
3.321000000000002927e+01,5.000000000000000000e-01
3.321100000000003405e+01,5.000000000000000000e-01
3.321200000000003172e+01,5.000000000000000000e-01
3.321300000000002939e+01,5.000000000000000000e-01
3.321400000000003416e+01,5.000000000000000000e-01
3.321500000000003183e+01,5.000000000000000000e-01
3.321600000000002950e+01,5.000000000000000000e-01
3.321700000000003428e+01,5.000000000000000000e-01
3.321800000000003195e+01,5.000000000000000000e-01
3.321900000000002962e+01,5.000000000000000000e-01
3.322000000000003439e+01,5.000000000000000000e-01
3.322100000000003206e+01,5.000000000000000000e-01
3.322200000000002973e+01,5.000000000000000000e-01
3.322300000000003450e+01,5.000000000000000000e-01
3.322400000000003217e+01,5.000000000000000000e-01
3.322500000000002984e+01,5.000000000000000000e-01
3.322600000000003462e+01,5.000000000000000000e-01
3.322700000000003229e+01,5.000000000000000000e-01
3.322800000000002996e+01,5.000000000000000000e-01
3.322900000000003473e+01,5.000000000000000000e-01
3.323000000000003240e+01,5.000000000000000000e-01
3.323100000000003007e+01,5.000000000000000000e-01
3.323200000000002774e+01,5.000000000000000000e-01
3.323300000000003251e+01,5.000000000000000000e-01
3.323400000000003018e+01,5.000000000000000000e-01
3.323500000000002785e+01,5.000000000000000000e-01
3.323600000000003263e+01,5.000000000000000000e-01
3.323700000000003030e+01,5.000000000000000000e-01
3.323800000000002797e+01,5.000000000000000000e-01
3.323900000000003274e+01,5.000000000000000000e-01
3.324000000000003041e+01,5.000000000000000000e-01
3.324100000000002808e+01,5.000000000000000000e-01
3.324200000000003286e+01,5.000000000000000000e-01
3.324300000000003052e+01,5.000000000000000000e-01
3.324400000000002819e+01,5.000000000000000000e-01
3.324500000000003297e+01,5.000000000000000000e-01
3.324600000000003064e+01,5.000000000000000000e-01
3.324700000000002831e+01,5.000000000000000000e-01
3.324800000000003308e+01,5.000000000000000000e-01
3.324900000000003075e+01,5.000000000000000000e-01
3.325000000000002842e+01,5.000000000000000000e-01
3.325100000000003320e+01,5.000000000000000000e-01
3.325200000000003087e+01,5.000000000000000000e-01
3.325300000000002854e+01,5.000000000000000000e-01
3.325400000000003331e+01,5.000000000000000000e-01
3.325500000000003098e+01,5.000000000000000000e-01
3.325600000000002865e+01,5.000000000000000000e-01
3.325700000000003342e+01,5.000000000000000000e-01
3.325800000000003109e+01,5.000000000000000000e-01
3.325900000000002876e+01,5.000000000000000000e-01
3.326000000000003354e+01,5.000000000000000000e-01
3.326100000000003121e+01,5.000000000000000000e-01
3.326200000000002888e+01,5.000000000000000000e-01
3.326300000000003365e+01,5.000000000000000000e-01
3.326400000000003132e+01,5.000000000000000000e-01
3.326500000000002899e+01,5.000000000000000000e-01
3.326600000000003376e+01,5.000000000000000000e-01
3.326700000000003143e+01,5.000000000000000000e-01
3.326800000000002910e+01,5.000000000000000000e-01
3.326900000000003388e+01,5.000000000000000000e-01
3.327000000000003155e+01,5.000000000000000000e-01
3.327100000000002922e+01,5.000000000000000000e-01
3.327200000000003399e+01,5.000000000000000000e-01
3.327300000000003166e+01,5.000000000000000000e-01
3.327400000000002933e+01,5.000000000000000000e-01
3.327500000000003411e+01,5.000000000000000000e-01
3.327600000000003178e+01,5.000000000000000000e-01
3.327700000000002944e+01,5.000000000000000000e-01
3.327800000000003422e+01,5.000000000000000000e-01
3.327900000000003189e+01,5.000000000000000000e-01
3.328000000000002956e+01,5.000000000000000000e-01
3.328100000000003433e+01,5.000000000000000000e-01
3.328200000000003200e+01,5.000000000000000000e-01
3.328300000000002967e+01,5.000000000000000000e-01
3.328400000000003445e+01,5.000000000000000000e-01
3.328500000000003212e+01,5.000000000000000000e-01
3.328600000000002979e+01,5.000000000000000000e-01
3.328700000000003456e+01,5.000000000000000000e-01
3.328800000000003223e+01,5.000000000000000000e-01
3.328900000000002990e+01,5.000000000000000000e-01
3.329000000000003467e+01,5.000000000000000000e-01
3.329100000000003234e+01,5.000000000000000000e-01
3.329200000000003001e+01,5.000000000000000000e-01
3.329300000000002768e+01,5.000000000000000000e-01
3.329400000000003246e+01,5.000000000000000000e-01
3.329500000000003013e+01,5.000000000000000000e-01
3.329600000000002780e+01,5.000000000000000000e-01
3.329700000000003257e+01,5.000000000000000000e-01
3.329800000000003024e+01,5.000000000000000000e-01
3.329900000000002791e+01,5.000000000000000000e-01
3.330000000000003268e+01,5.000000000000000000e-01
3.330100000000003035e+01,5.000000000000000000e-01
3.330200000000002802e+01,5.000000000000000000e-01
3.330300000000003280e+01,5.000000000000000000e-01
3.330400000000003047e+01,5.000000000000000000e-01
3.330500000000002814e+01,5.000000000000000000e-01
3.330600000000003291e+01,5.000000000000000000e-01
3.330700000000003058e+01,5.000000000000000000e-01
3.330800000000002825e+01,5.000000000000000000e-01
3.330900000000003303e+01,5.000000000000000000e-01
3.331000000000003070e+01,5.000000000000000000e-01
3.331100000000002836e+01,5.000000000000000000e-01
3.331200000000003314e+01,5.000000000000000000e-01
3.331300000000003081e+01,5.000000000000000000e-01
3.331400000000002848e+01,5.000000000000000000e-01
3.331500000000003325e+01,5.000000000000000000e-01
3.331600000000003092e+01,5.000000000000000000e-01
3.331700000000002859e+01,5.000000000000000000e-01
3.331800000000003337e+01,5.000000000000000000e-01
3.331900000000003104e+01,5.000000000000000000e-01
3.332000000000002871e+01,5.000000000000000000e-01
3.332100000000003348e+01,5.000000000000000000e-01
3.332200000000003115e+01,5.000000000000000000e-01
3.332300000000002882e+01,5.000000000000000000e-01
3.332400000000003359e+01,5.000000000000000000e-01
3.332500000000003126e+01,5.000000000000000000e-01
3.332600000000002893e+01,5.000000000000000000e-01
3.332700000000003371e+01,5.000000000000000000e-01
3.332800000000003138e+01,5.000000000000000000e-01
3.332900000000002905e+01,5.000000000000000000e-01
3.333000000000003382e+01,5.000000000000000000e-01
3.333100000000003149e+01,5.000000000000000000e-01
3.333200000000002916e+01,5.000000000000000000e-01
3.333300000000003394e+01,5.000000000000000000e-01
3.333400000000003160e+01,5.000000000000000000e-01
3.333500000000002927e+01,5.000000000000000000e-01
3.333600000000003405e+01,5.000000000000000000e-01
3.333700000000003172e+01,5.000000000000000000e-01
3.333800000000002939e+01,5.000000000000000000e-01
3.333900000000003416e+01,5.000000000000000000e-01
3.334000000000003183e+01,5.000000000000000000e-01
3.334100000000002950e+01,5.000000000000000000e-01
3.334200000000003428e+01,5.000000000000000000e-01
3.334300000000003195e+01,5.000000000000000000e-01
3.334400000000002962e+01,5.000000000000000000e-01
3.334500000000003439e+01,5.000000000000000000e-01
3.334600000000003206e+01,5.000000000000000000e-01
3.334700000000002973e+01,5.000000000000000000e-01
3.334800000000003450e+01,5.000000000000000000e-01
3.334900000000003217e+01,5.000000000000000000e-01
3.335000000000002984e+01,5.000000000000000000e-01
3.335100000000003462e+01,5.000000000000000000e-01
3.335200000000003229e+01,5.000000000000000000e-01
3.335300000000002996e+01,5.000000000000000000e-01
3.335400000000003473e+01,5.000000000000000000e-01
3.335500000000003240e+01,5.000000000000000000e-01
3.335600000000003007e+01,5.000000000000000000e-01
3.335700000000003485e+01,5.000000000000000000e-01
3.335800000000003251e+01,5.000000000000000000e-01
3.335900000000003018e+01,5.000000000000000000e-01
3.336000000000002785e+01,5.000000000000000000e-01
3.336100000000003263e+01,5.000000000000000000e-01
3.336200000000003030e+01,5.000000000000000000e-01
3.336300000000002797e+01,5.000000000000000000e-01
3.336400000000003274e+01,5.000000000000000000e-01
3.336500000000003041e+01,5.000000000000000000e-01
3.336600000000002808e+01,5.000000000000000000e-01
3.336700000000003286e+01,5.000000000000000000e-01
3.336800000000003052e+01,5.000000000000000000e-01
3.336900000000002819e+01,5.000000000000000000e-01
3.337000000000003297e+01,5.000000000000000000e-01
3.337100000000003064e+01,5.000000000000000000e-01
3.337200000000002831e+01,5.000000000000000000e-01
3.337300000000003308e+01,5.000000000000000000e-01
3.337400000000003075e+01,5.000000000000000000e-01
3.337500000000002842e+01,5.000000000000000000e-01
3.337600000000003320e+01,5.000000000000000000e-01
3.337700000000003087e+01,5.000000000000000000e-01
3.337800000000002854e+01,5.000000000000000000e-01
3.337900000000003331e+01,5.000000000000000000e-01
3.338000000000003098e+01,5.000000000000000000e-01
3.338100000000002865e+01,5.000000000000000000e-01
3.338200000000003342e+01,5.000000000000000000e-01
3.338300000000003109e+01,5.000000000000000000e-01
3.338400000000002876e+01,5.000000000000000000e-01
3.338500000000003354e+01,5.000000000000000000e-01
3.338600000000003121e+01,5.000000000000000000e-01
3.338700000000002888e+01,5.000000000000000000e-01
3.338800000000003365e+01,5.000000000000000000e-01
3.338900000000003132e+01,5.000000000000000000e-01
3.339000000000002899e+01,5.000000000000000000e-01
3.339100000000003376e+01,5.000000000000000000e-01
3.339200000000003143e+01,5.000000000000000000e-01
3.339300000000002910e+01,5.000000000000000000e-01
3.339400000000003388e+01,5.000000000000000000e-01
3.339500000000003155e+01,5.000000000000000000e-01
3.339600000000002922e+01,5.000000000000000000e-01
3.339700000000003399e+01,5.000000000000000000e-01
3.339800000000003166e+01,5.000000000000000000e-01
3.339900000000002933e+01,5.000000000000000000e-01
3.340000000000003411e+01,5.000000000000000000e-01
3.340100000000003178e+01,5.000000000000000000e-01
3.340200000000002944e+01,5.000000000000000000e-01
3.340300000000003422e+01,5.000000000000000000e-01
3.340400000000003189e+01,5.000000000000000000e-01
3.340500000000002956e+01,5.000000000000000000e-01
3.340600000000003433e+01,5.000000000000000000e-01
3.340700000000003200e+01,5.000000000000000000e-01
3.340800000000002967e+01,5.000000000000000000e-01
3.340900000000003445e+01,5.000000000000000000e-01
3.341000000000003212e+01,5.000000000000000000e-01
3.341100000000002979e+01,5.000000000000000000e-01
3.341200000000003456e+01,5.000000000000000000e-01
3.341300000000003223e+01,5.000000000000000000e-01
3.341400000000002990e+01,5.000000000000000000e-01
3.341500000000003467e+01,5.000000000000000000e-01
3.341600000000003234e+01,5.000000000000000000e-01
3.341700000000003001e+01,5.000000000000000000e-01
3.341800000000003479e+01,5.000000000000000000e-01
3.341900000000003246e+01,5.000000000000000000e-01
3.342000000000003013e+01,5.000000000000000000e-01
3.342100000000002780e+01,5.000000000000000000e-01
3.342200000000003257e+01,5.000000000000000000e-01
3.342300000000003024e+01,5.000000000000000000e-01
3.342400000000002791e+01,5.000000000000000000e-01
3.342500000000003268e+01,5.000000000000000000e-01
3.342600000000003035e+01,5.000000000000000000e-01
3.342700000000002802e+01,5.000000000000000000e-01
3.342800000000003280e+01,5.000000000000000000e-01
3.342900000000003047e+01,5.000000000000000000e-01
3.343000000000002814e+01,5.000000000000000000e-01
3.343100000000003291e+01,5.000000000000000000e-01
3.343200000000003058e+01,5.000000000000000000e-01
3.343300000000002825e+01,5.000000000000000000e-01
3.343400000000003303e+01,5.000000000000000000e-01
3.343500000000003070e+01,5.000000000000000000e-01
3.343600000000002836e+01,5.000000000000000000e-01
3.343700000000003314e+01,5.000000000000000000e-01
3.343800000000003081e+01,5.000000000000000000e-01
3.343900000000002848e+01,5.000000000000000000e-01
3.344000000000003325e+01,5.000000000000000000e-01
3.344100000000003092e+01,5.000000000000000000e-01
3.344200000000002859e+01,5.000000000000000000e-01
3.344300000000003337e+01,5.000000000000000000e-01
3.344400000000003104e+01,5.000000000000000000e-01
3.344500000000002871e+01,5.000000000000000000e-01
3.344600000000003348e+01,5.000000000000000000e-01
3.344700000000003115e+01,5.000000000000000000e-01
3.344800000000002882e+01,5.000000000000000000e-01
3.344900000000003359e+01,5.000000000000000000e-01
3.345000000000003126e+01,5.000000000000000000e-01
3.345100000000002893e+01,5.000000000000000000e-01
3.345200000000003371e+01,5.000000000000000000e-01
3.345300000000003138e+01,5.000000000000000000e-01
3.345400000000002905e+01,5.000000000000000000e-01
3.345500000000003382e+01,5.000000000000000000e-01
3.345600000000003149e+01,5.000000000000000000e-01
3.345700000000002916e+01,5.000000000000000000e-01
3.345800000000003394e+01,5.000000000000000000e-01
3.345900000000003160e+01,5.000000000000000000e-01
3.346000000000002927e+01,5.000000000000000000e-01
3.346100000000003405e+01,5.000000000000000000e-01
3.346200000000003172e+01,5.000000000000000000e-01
3.346300000000002939e+01,5.000000000000000000e-01
3.346400000000003416e+01,5.000000000000000000e-01
3.346500000000003183e+01,5.000000000000000000e-01
3.346600000000002950e+01,5.000000000000000000e-01
3.346700000000003428e+01,5.000000000000000000e-01
3.346800000000003195e+01,5.000000000000000000e-01
3.346900000000002962e+01,5.000000000000000000e-01
3.347000000000003439e+01,5.000000000000000000e-01
3.347100000000003206e+01,5.000000000000000000e-01
3.347200000000002973e+01,5.000000000000000000e-01
3.347300000000003450e+01,5.000000000000000000e-01
3.347400000000003217e+01,5.000000000000000000e-01
3.347500000000002984e+01,5.000000000000000000e-01
3.347600000000003462e+01,5.000000000000000000e-01
3.347700000000003229e+01,5.000000000000000000e-01
3.347800000000002996e+01,5.000000000000000000e-01
3.347900000000003473e+01,5.000000000000000000e-01
3.348000000000003240e+01,5.000000000000000000e-01
3.348100000000003007e+01,5.000000000000000000e-01
3.348200000000003485e+01,5.000000000000000000e-01
3.348300000000003251e+01,5.000000000000000000e-01
3.348400000000003018e+01,5.000000000000000000e-01
3.348500000000003496e+01,5.000000000000000000e-01
3.348600000000003263e+01,5.000000000000000000e-01
3.348700000000003030e+01,5.000000000000000000e-01
3.348800000000002797e+01,5.000000000000000000e-01
3.348900000000003274e+01,5.000000000000000000e-01
3.349000000000003041e+01,5.000000000000000000e-01
3.349100000000002808e+01,5.000000000000000000e-01
3.349200000000003286e+01,5.000000000000000000e-01
3.349300000000003052e+01,5.000000000000000000e-01
3.349400000000002819e+01,5.000000000000000000e-01
3.349500000000003297e+01,5.000000000000000000e-01
3.349600000000003064e+01,5.000000000000000000e-01
3.349700000000002831e+01,5.000000000000000000e-01
3.349800000000003308e+01,5.000000000000000000e-01
3.349900000000003075e+01,5.000000000000000000e-01
3.350000000000002842e+01,5.000000000000000000e-01
3.350100000000003320e+01,5.000000000000000000e-01
3.350200000000003087e+01,5.000000000000000000e-01
3.350300000000002854e+01,5.000000000000000000e-01
3.350400000000003331e+01,5.000000000000000000e-01
3.350500000000003098e+01,5.000000000000000000e-01
3.350600000000002865e+01,5.000000000000000000e-01
3.350700000000003342e+01,5.000000000000000000e-01
3.350800000000003109e+01,5.000000000000000000e-01
3.350900000000002876e+01,5.000000000000000000e-01
3.351000000000003354e+01,5.000000000000000000e-01
3.351100000000003121e+01,5.000000000000000000e-01
3.351200000000002888e+01,5.000000000000000000e-01
3.351300000000003365e+01,5.000000000000000000e-01
3.351400000000003132e+01,5.000000000000000000e-01
3.351500000000002899e+01,5.000000000000000000e-01
3.351600000000003376e+01,5.000000000000000000e-01
3.351700000000003143e+01,5.000000000000000000e-01
3.351800000000002910e+01,5.000000000000000000e-01
3.351900000000003388e+01,5.000000000000000000e-01
3.352000000000003155e+01,5.000000000000000000e-01
3.352100000000002922e+01,5.000000000000000000e-01
3.352200000000003399e+01,5.000000000000000000e-01
3.352300000000003166e+01,5.000000000000000000e-01
3.352400000000002933e+01,5.000000000000000000e-01
3.352500000000003411e+01,5.000000000000000000e-01
3.352600000000003178e+01,5.000000000000000000e-01
3.352700000000002944e+01,5.000000000000000000e-01
3.352800000000003422e+01,5.000000000000000000e-01
3.352900000000003189e+01,5.000000000000000000e-01
3.353000000000002956e+01,5.000000000000000000e-01
3.353100000000003433e+01,5.000000000000000000e-01
3.353200000000003200e+01,5.000000000000000000e-01
3.353300000000002967e+01,5.000000000000000000e-01
3.353400000000003445e+01,5.000000000000000000e-01
3.353500000000003212e+01,5.000000000000000000e-01
3.353600000000002979e+01,5.000000000000000000e-01
3.353700000000003456e+01,5.000000000000000000e-01
3.353800000000003223e+01,5.000000000000000000e-01
3.353900000000002990e+01,5.000000000000000000e-01
3.354000000000003467e+01,5.000000000000000000e-01
3.354100000000003234e+01,5.000000000000000000e-01
3.354200000000003001e+01,5.000000000000000000e-01
3.354300000000003479e+01,5.000000000000000000e-01
3.354400000000003246e+01,5.000000000000000000e-01
3.354500000000003013e+01,5.000000000000000000e-01
3.354600000000003490e+01,5.000000000000000000e-01
3.354700000000003257e+01,5.000000000000000000e-01
3.354800000000003024e+01,5.000000000000000000e-01
3.354900000000002791e+01,5.000000000000000000e-01
3.355000000000003268e+01,5.000000000000000000e-01
3.355100000000003035e+01,5.000000000000000000e-01
3.355200000000002802e+01,5.000000000000000000e-01
3.355300000000003280e+01,5.000000000000000000e-01
3.355400000000003047e+01,5.000000000000000000e-01
3.355500000000002814e+01,5.000000000000000000e-01
3.355600000000003291e+01,5.000000000000000000e-01
3.355700000000003058e+01,5.000000000000000000e-01
3.355800000000002825e+01,5.000000000000000000e-01
3.355900000000003303e+01,5.000000000000000000e-01
3.356000000000003070e+01,5.000000000000000000e-01
3.356100000000002836e+01,5.000000000000000000e-01
3.356200000000003314e+01,5.000000000000000000e-01
3.356300000000003081e+01,5.000000000000000000e-01
3.356400000000002848e+01,5.000000000000000000e-01
3.356500000000003325e+01,5.000000000000000000e-01
3.356600000000003092e+01,5.000000000000000000e-01
3.356700000000002859e+01,5.000000000000000000e-01
3.356800000000003337e+01,5.000000000000000000e-01
3.356900000000003104e+01,5.000000000000000000e-01
3.357000000000002871e+01,5.000000000000000000e-01
3.357100000000003348e+01,5.000000000000000000e-01
3.357200000000003115e+01,5.000000000000000000e-01
3.357300000000002882e+01,5.000000000000000000e-01
3.357400000000003359e+01,5.000000000000000000e-01
3.357500000000003126e+01,5.000000000000000000e-01
3.357600000000002893e+01,5.000000000000000000e-01
3.357700000000003371e+01,5.000000000000000000e-01
3.357800000000003138e+01,5.000000000000000000e-01
3.357900000000002905e+01,5.000000000000000000e-01
3.358000000000003382e+01,5.000000000000000000e-01
3.358100000000003149e+01,5.000000000000000000e-01
3.358200000000002916e+01,5.000000000000000000e-01
3.358300000000003394e+01,5.000000000000000000e-01
3.358400000000003160e+01,5.000000000000000000e-01
3.358500000000002927e+01,5.000000000000000000e-01
3.358600000000003405e+01,5.000000000000000000e-01
3.358700000000003172e+01,5.000000000000000000e-01
3.358800000000002939e+01,5.000000000000000000e-01
3.358900000000003416e+01,5.000000000000000000e-01
3.359000000000003183e+01,5.000000000000000000e-01
3.359100000000002950e+01,5.000000000000000000e-01
3.359200000000003428e+01,5.000000000000000000e-01
3.359300000000003195e+01,5.000000000000000000e-01
3.359400000000002962e+01,5.000000000000000000e-01
3.359500000000003439e+01,5.000000000000000000e-01
3.359600000000003206e+01,5.000000000000000000e-01
3.359700000000002973e+01,5.000000000000000000e-01
3.359800000000003450e+01,5.000000000000000000e-01
3.359900000000003217e+01,5.000000000000000000e-01
3.360000000000002984e+01,5.000000000000000000e-01
3.360100000000003462e+01,5.000000000000000000e-01
3.360200000000003229e+01,5.000000000000000000e-01
3.360300000000002996e+01,5.000000000000000000e-01
3.360400000000003473e+01,5.000000000000000000e-01
3.360500000000003240e+01,5.000000000000000000e-01
3.360600000000003007e+01,5.000000000000000000e-01
3.360700000000003485e+01,5.000000000000000000e-01
3.360800000000003251e+01,5.000000000000000000e-01
3.360900000000003018e+01,5.000000000000000000e-01
3.361000000000003496e+01,5.000000000000000000e-01
3.361100000000003263e+01,5.000000000000000000e-01
3.361200000000003030e+01,5.000000000000000000e-01
3.361300000000003507e+01,5.000000000000000000e-01
3.361400000000003274e+01,5.000000000000000000e-01
3.361500000000003041e+01,5.000000000000000000e-01
3.361600000000002808e+01,5.000000000000000000e-01
3.361700000000003286e+01,5.000000000000000000e-01
3.361800000000003052e+01,5.000000000000000000e-01
3.361900000000002819e+01,5.000000000000000000e-01
3.362000000000003297e+01,5.000000000000000000e-01
3.362100000000003064e+01,5.000000000000000000e-01
3.362200000000002831e+01,5.000000000000000000e-01
3.362300000000003308e+01,5.000000000000000000e-01
3.362400000000003075e+01,5.000000000000000000e-01
3.362500000000002842e+01,5.000000000000000000e-01
3.362600000000003320e+01,5.000000000000000000e-01
3.362700000000003087e+01,5.000000000000000000e-01
3.362800000000002854e+01,5.000000000000000000e-01
3.362900000000003331e+01,5.000000000000000000e-01
3.363000000000003098e+01,5.000000000000000000e-01
3.363100000000002865e+01,5.000000000000000000e-01
3.363200000000003342e+01,5.000000000000000000e-01
3.363300000000003109e+01,5.000000000000000000e-01
3.363400000000002876e+01,5.000000000000000000e-01
3.363500000000003354e+01,5.000000000000000000e-01
3.363600000000003121e+01,5.000000000000000000e-01
3.363700000000002888e+01,5.000000000000000000e-01
3.363800000000003365e+01,5.000000000000000000e-01
3.363900000000003132e+01,5.000000000000000000e-01
3.364000000000002899e+01,5.000000000000000000e-01
3.364100000000003376e+01,5.000000000000000000e-01
3.364200000000003143e+01,5.000000000000000000e-01
3.364300000000002910e+01,5.000000000000000000e-01
3.364400000000003388e+01,5.000000000000000000e-01
3.364500000000003155e+01,5.000000000000000000e-01
3.364600000000002922e+01,5.000000000000000000e-01
3.364700000000003399e+01,5.000000000000000000e-01
3.364800000000003166e+01,5.000000000000000000e-01
3.364900000000002933e+01,5.000000000000000000e-01
3.365000000000003411e+01,5.000000000000000000e-01
3.365100000000003178e+01,5.000000000000000000e-01
3.365200000000002944e+01,5.000000000000000000e-01
3.365300000000003422e+01,5.000000000000000000e-01
3.365400000000003189e+01,5.000000000000000000e-01
3.365500000000002956e+01,5.000000000000000000e-01
3.365600000000003433e+01,5.000000000000000000e-01
3.365700000000003200e+01,5.000000000000000000e-01
3.365800000000002967e+01,5.000000000000000000e-01
3.365900000000003445e+01,5.000000000000000000e-01
3.366000000000003212e+01,5.000000000000000000e-01
3.366100000000002979e+01,5.000000000000000000e-01
3.366200000000003456e+01,5.000000000000000000e-01
3.366300000000003223e+01,5.000000000000000000e-01
3.366400000000002990e+01,5.000000000000000000e-01
3.366500000000003467e+01,5.000000000000000000e-01
3.366600000000003234e+01,5.000000000000000000e-01
3.366700000000003001e+01,5.000000000000000000e-01
3.366800000000003479e+01,5.000000000000000000e-01
3.366900000000003246e+01,5.000000000000000000e-01
3.367000000000003013e+01,5.000000000000000000e-01
3.367100000000003490e+01,5.000000000000000000e-01
3.367200000000003257e+01,5.000000000000000000e-01
3.367300000000003024e+01,5.000000000000000000e-01
3.367400000000003502e+01,5.000000000000000000e-01
3.367500000000003268e+01,5.000000000000000000e-01
3.367600000000003035e+01,5.000000000000000000e-01
3.367700000000002802e+01,5.000000000000000000e-01
3.367800000000003280e+01,5.000000000000000000e-01
3.367900000000003047e+01,5.000000000000000000e-01
3.368000000000002814e+01,5.000000000000000000e-01
3.368100000000003291e+01,5.000000000000000000e-01
3.368200000000003058e+01,5.000000000000000000e-01
3.368300000000002825e+01,5.000000000000000000e-01
3.368400000000003303e+01,5.000000000000000000e-01
3.368500000000003070e+01,5.000000000000000000e-01
3.368600000000002836e+01,5.000000000000000000e-01
3.368700000000003314e+01,5.000000000000000000e-01
3.368800000000003081e+01,5.000000000000000000e-01
3.368900000000002848e+01,5.000000000000000000e-01
3.369000000000003325e+01,5.000000000000000000e-01
3.369100000000003092e+01,5.000000000000000000e-01
3.369200000000002859e+01,5.000000000000000000e-01
3.369300000000003337e+01,5.000000000000000000e-01
3.369400000000003104e+01,5.000000000000000000e-01
3.369500000000002871e+01,5.000000000000000000e-01
3.369600000000003348e+01,5.000000000000000000e-01
3.369700000000003115e+01,5.000000000000000000e-01
3.369800000000002882e+01,5.000000000000000000e-01
3.369900000000003359e+01,5.000000000000000000e-01
3.370000000000003126e+01,5.000000000000000000e-01
3.370100000000002893e+01,5.000000000000000000e-01
3.370200000000003371e+01,5.000000000000000000e-01
3.370300000000003138e+01,5.000000000000000000e-01
3.370400000000002905e+01,5.000000000000000000e-01
3.370500000000003382e+01,5.000000000000000000e-01
3.370600000000003149e+01,5.000000000000000000e-01
3.370700000000002916e+01,5.000000000000000000e-01
3.370800000000003394e+01,5.000000000000000000e-01
3.370900000000003160e+01,5.000000000000000000e-01
3.371000000000002927e+01,5.000000000000000000e-01
3.371100000000003405e+01,5.000000000000000000e-01
3.371200000000003172e+01,5.000000000000000000e-01
3.371300000000002939e+01,5.000000000000000000e-01
3.371400000000003416e+01,5.000000000000000000e-01
3.371500000000003183e+01,5.000000000000000000e-01
3.371600000000002950e+01,5.000000000000000000e-01
3.371700000000003428e+01,5.000000000000000000e-01
3.371800000000003195e+01,5.000000000000000000e-01
3.371900000000002962e+01,5.000000000000000000e-01
3.372000000000003439e+01,5.000000000000000000e-01
3.372100000000003206e+01,5.000000000000000000e-01
3.372200000000002973e+01,5.000000000000000000e-01
3.372300000000003450e+01,5.000000000000000000e-01
3.372400000000003217e+01,5.000000000000000000e-01
3.372500000000002984e+01,5.000000000000000000e-01
3.372600000000003462e+01,5.000000000000000000e-01
3.372700000000003229e+01,5.000000000000000000e-01
3.372800000000002996e+01,5.000000000000000000e-01
3.372900000000003473e+01,5.000000000000000000e-01
3.373000000000003240e+01,5.000000000000000000e-01
3.373100000000003007e+01,5.000000000000000000e-01
3.373200000000003485e+01,5.000000000000000000e-01
3.373300000000003251e+01,5.000000000000000000e-01
3.373400000000003018e+01,5.000000000000000000e-01
3.373500000000003496e+01,5.000000000000000000e-01
3.373600000000003263e+01,5.000000000000000000e-01
3.373700000000003030e+01,5.000000000000000000e-01
3.373800000000003507e+01,5.000000000000000000e-01
3.373900000000003274e+01,5.000000000000000000e-01
3.374000000000003041e+01,5.000000000000000000e-01
3.374100000000003519e+01,5.000000000000000000e-01
3.374200000000003286e+01,5.000000000000000000e-01
3.374300000000003052e+01,5.000000000000000000e-01
3.374400000000002819e+01,5.000000000000000000e-01
3.374500000000003297e+01,5.000000000000000000e-01
3.374600000000003064e+01,5.000000000000000000e-01
3.374700000000002831e+01,5.000000000000000000e-01
3.374800000000003308e+01,5.000000000000000000e-01
3.374900000000003075e+01,5.000000000000000000e-01
3.375000000000002842e+01,5.000000000000000000e-01
3.375100000000003320e+01,5.000000000000000000e-01
3.375200000000003087e+01,5.000000000000000000e-01
3.375300000000002854e+01,5.000000000000000000e-01
3.375400000000003331e+01,5.000000000000000000e-01
3.375500000000003098e+01,5.000000000000000000e-01
3.375600000000002865e+01,5.000000000000000000e-01
3.375700000000003342e+01,5.000000000000000000e-01
3.375800000000003109e+01,5.000000000000000000e-01
3.375900000000002876e+01,5.000000000000000000e-01
3.376000000000003354e+01,5.000000000000000000e-01
3.376100000000003121e+01,5.000000000000000000e-01
3.376200000000002888e+01,5.000000000000000000e-01
3.376300000000003365e+01,5.000000000000000000e-01
3.376400000000003132e+01,5.000000000000000000e-01
3.376500000000002899e+01,5.000000000000000000e-01
3.376600000000003376e+01,5.000000000000000000e-01
3.376700000000003143e+01,5.000000000000000000e-01
3.376800000000002910e+01,5.000000000000000000e-01
3.376900000000003388e+01,5.000000000000000000e-01
3.377000000000003155e+01,5.000000000000000000e-01
3.377100000000002922e+01,5.000000000000000000e-01
3.377200000000003399e+01,5.000000000000000000e-01
3.377300000000003166e+01,5.000000000000000000e-01
3.377400000000002933e+01,5.000000000000000000e-01
3.377500000000003411e+01,5.000000000000000000e-01
3.377600000000003178e+01,5.000000000000000000e-01
3.377700000000002944e+01,5.000000000000000000e-01
3.377800000000003422e+01,5.000000000000000000e-01
3.377900000000003189e+01,5.000000000000000000e-01
3.378000000000002956e+01,5.000000000000000000e-01
3.378100000000003433e+01,5.000000000000000000e-01
3.378200000000003200e+01,5.000000000000000000e-01
3.378300000000002967e+01,5.000000000000000000e-01
3.378400000000003445e+01,5.000000000000000000e-01
3.378500000000003212e+01,5.000000000000000000e-01
3.378600000000002979e+01,5.000000000000000000e-01
3.378700000000003456e+01,5.000000000000000000e-01
3.378800000000003223e+01,5.000000000000000000e-01
3.378900000000002990e+01,5.000000000000000000e-01
3.379000000000003467e+01,5.000000000000000000e-01
3.379100000000003234e+01,5.000000000000000000e-01
3.379200000000003001e+01,5.000000000000000000e-01
3.379300000000003479e+01,5.000000000000000000e-01
3.379400000000003246e+01,5.000000000000000000e-01
3.379500000000003013e+01,5.000000000000000000e-01
3.379600000000003490e+01,5.000000000000000000e-01
3.379700000000003257e+01,5.000000000000000000e-01
3.379800000000003024e+01,5.000000000000000000e-01
3.379900000000003502e+01,5.000000000000000000e-01
3.380000000000003268e+01,5.000000000000000000e-01
3.380100000000003035e+01,5.000000000000000000e-01
3.380200000000003513e+01,5.000000000000000000e-01
3.380300000000003280e+01,5.000000000000000000e-01
3.380400000000003047e+01,5.000000000000000000e-01
3.380500000000002814e+01,5.000000000000000000e-01
3.380600000000003291e+01,5.000000000000000000e-01
3.380700000000003058e+01,5.000000000000000000e-01
3.380800000000002825e+01,5.000000000000000000e-01
3.380900000000003303e+01,5.000000000000000000e-01
3.381000000000003070e+01,5.000000000000000000e-01
3.381100000000002836e+01,5.000000000000000000e-01
3.381200000000003314e+01,5.000000000000000000e-01
3.381300000000003081e+01,5.000000000000000000e-01
3.381400000000002848e+01,5.000000000000000000e-01
3.381500000000003325e+01,5.000000000000000000e-01
3.381600000000003092e+01,5.000000000000000000e-01
3.381700000000002859e+01,5.000000000000000000e-01
3.381800000000003337e+01,5.000000000000000000e-01
3.381900000000003104e+01,5.000000000000000000e-01
3.382000000000002871e+01,5.000000000000000000e-01
3.382100000000003348e+01,5.000000000000000000e-01
3.382200000000003115e+01,5.000000000000000000e-01
3.382300000000002882e+01,5.000000000000000000e-01
3.382400000000003359e+01,5.000000000000000000e-01
3.382500000000003126e+01,5.000000000000000000e-01
3.382600000000002893e+01,5.000000000000000000e-01
3.382700000000003371e+01,5.000000000000000000e-01
3.382800000000003138e+01,5.000000000000000000e-01
3.382900000000002905e+01,5.000000000000000000e-01
3.383000000000003382e+01,5.000000000000000000e-01
3.383100000000003149e+01,5.000000000000000000e-01
3.383200000000002916e+01,5.000000000000000000e-01
3.383300000000003394e+01,5.000000000000000000e-01
3.383400000000003160e+01,5.000000000000000000e-01
3.383500000000002927e+01,5.000000000000000000e-01
3.383600000000003405e+01,5.000000000000000000e-01
3.383700000000003172e+01,5.000000000000000000e-01
3.383800000000002939e+01,5.000000000000000000e-01
3.383900000000003416e+01,5.000000000000000000e-01
3.384000000000003183e+01,5.000000000000000000e-01
3.384100000000002950e+01,5.000000000000000000e-01
3.384200000000003428e+01,5.000000000000000000e-01
3.384300000000003195e+01,5.000000000000000000e-01
3.384400000000002962e+01,5.000000000000000000e-01
3.384500000000003439e+01,5.000000000000000000e-01
3.384600000000003206e+01,5.000000000000000000e-01
3.384700000000002973e+01,5.000000000000000000e-01
3.384800000000003450e+01,5.000000000000000000e-01
3.384900000000003217e+01,5.000000000000000000e-01
3.385000000000002984e+01,5.000000000000000000e-01
3.385100000000003462e+01,5.000000000000000000e-01
3.385200000000003229e+01,5.000000000000000000e-01
3.385300000000002996e+01,5.000000000000000000e-01
3.385400000000003473e+01,5.000000000000000000e-01
3.385500000000003240e+01,5.000000000000000000e-01
3.385600000000003007e+01,5.000000000000000000e-01
3.385700000000003485e+01,5.000000000000000000e-01
3.385800000000003251e+01,5.000000000000000000e-01
3.385900000000003018e+01,5.000000000000000000e-01
3.386000000000003496e+01,5.000000000000000000e-01
3.386100000000003263e+01,5.000000000000000000e-01
3.386200000000003030e+01,5.000000000000000000e-01
3.386300000000003507e+01,5.000000000000000000e-01
3.386400000000003274e+01,5.000000000000000000e-01
3.386500000000003041e+01,5.000000000000000000e-01
3.386600000000003519e+01,5.000000000000000000e-01
3.386700000000003286e+01,5.000000000000000000e-01
3.386800000000003052e+01,5.000000000000000000e-01
3.386900000000003530e+01,5.000000000000000000e-01
3.387000000000003297e+01,5.000000000000000000e-01
3.387100000000003064e+01,5.000000000000000000e-01
3.387200000000002831e+01,5.000000000000000000e-01
3.387300000000003308e+01,5.000000000000000000e-01
3.387400000000003075e+01,5.000000000000000000e-01
3.387500000000002842e+01,5.000000000000000000e-01
3.387600000000003320e+01,5.000000000000000000e-01
3.387700000000003087e+01,5.000000000000000000e-01
3.387800000000002854e+01,5.000000000000000000e-01
3.387900000000003331e+01,5.000000000000000000e-01
3.388000000000003098e+01,5.000000000000000000e-01
3.388100000000002865e+01,5.000000000000000000e-01
3.388200000000003342e+01,5.000000000000000000e-01
3.388300000000003109e+01,5.000000000000000000e-01
3.388400000000002876e+01,5.000000000000000000e-01
3.388500000000003354e+01,5.000000000000000000e-01
3.388600000000003121e+01,5.000000000000000000e-01
3.388700000000002888e+01,5.000000000000000000e-01
3.388800000000003365e+01,5.000000000000000000e-01
3.388900000000003132e+01,5.000000000000000000e-01
3.389000000000002899e+01,5.000000000000000000e-01
3.389100000000003376e+01,5.000000000000000000e-01
3.389200000000003143e+01,5.000000000000000000e-01
3.389300000000002910e+01,5.000000000000000000e-01
3.389400000000003388e+01,5.000000000000000000e-01
3.389500000000003155e+01,5.000000000000000000e-01
3.389600000000002922e+01,5.000000000000000000e-01
3.389700000000003399e+01,5.000000000000000000e-01
3.389800000000003166e+01,5.000000000000000000e-01
3.389900000000002933e+01,5.000000000000000000e-01
3.390000000000003411e+01,5.000000000000000000e-01
3.390100000000003178e+01,5.000000000000000000e-01
3.390200000000002944e+01,5.000000000000000000e-01
3.390300000000003422e+01,5.000000000000000000e-01
3.390400000000003189e+01,5.000000000000000000e-01
3.390500000000002956e+01,5.000000000000000000e-01
3.390600000000003433e+01,5.000000000000000000e-01
3.390700000000003200e+01,5.000000000000000000e-01
3.390800000000002967e+01,5.000000000000000000e-01
3.390900000000003445e+01,5.000000000000000000e-01
3.391000000000003212e+01,5.000000000000000000e-01
3.391100000000002979e+01,5.000000000000000000e-01
3.391200000000003456e+01,5.000000000000000000e-01
3.391300000000003223e+01,5.000000000000000000e-01
3.391400000000002990e+01,5.000000000000000000e-01
3.391500000000003467e+01,5.000000000000000000e-01
3.391600000000003234e+01,5.000000000000000000e-01
3.391700000000003001e+01,5.000000000000000000e-01
3.391800000000003479e+01,5.000000000000000000e-01
3.391900000000003246e+01,5.000000000000000000e-01
3.392000000000003013e+01,5.000000000000000000e-01
3.392100000000003490e+01,5.000000000000000000e-01
3.392200000000003257e+01,5.000000000000000000e-01
3.392300000000003024e+01,5.000000000000000000e-01
3.392400000000003502e+01,5.000000000000000000e-01
3.392500000000003268e+01,5.000000000000000000e-01
3.392600000000003035e+01,5.000000000000000000e-01
3.392700000000003513e+01,5.000000000000000000e-01
3.392800000000003280e+01,5.000000000000000000e-01
3.392900000000003047e+01,5.000000000000000000e-01
3.393000000000003524e+01,5.000000000000000000e-01
3.393100000000003291e+01,5.000000000000000000e-01
3.393200000000003058e+01,5.000000000000000000e-01
3.393300000000002825e+01,5.000000000000000000e-01
3.393400000000003303e+01,5.000000000000000000e-01
3.393500000000003070e+01,5.000000000000000000e-01
3.393600000000002836e+01,5.000000000000000000e-01
3.393700000000003314e+01,5.000000000000000000e-01
3.393800000000003081e+01,5.000000000000000000e-01
3.393900000000002848e+01,5.000000000000000000e-01
3.394000000000003325e+01,5.000000000000000000e-01
3.394100000000003092e+01,5.000000000000000000e-01
3.394200000000002859e+01,5.000000000000000000e-01
3.394300000000003337e+01,5.000000000000000000e-01
3.394400000000003104e+01,5.000000000000000000e-01
3.394500000000002871e+01,5.000000000000000000e-01
3.394600000000003348e+01,5.000000000000000000e-01
3.394700000000003115e+01,5.000000000000000000e-01
3.394800000000002882e+01,5.000000000000000000e-01
3.394900000000003359e+01,5.000000000000000000e-01
3.395000000000003126e+01,5.000000000000000000e-01
3.395100000000002893e+01,5.000000000000000000e-01
3.395200000000003371e+01,5.000000000000000000e-01
3.395300000000003138e+01,5.000000000000000000e-01
3.395400000000002905e+01,5.000000000000000000e-01
3.395500000000003382e+01,5.000000000000000000e-01
3.395600000000003149e+01,5.000000000000000000e-01
3.395700000000002916e+01,5.000000000000000000e-01
3.395800000000003394e+01,5.000000000000000000e-01
3.395900000000003160e+01,5.000000000000000000e-01
3.396000000000002927e+01,5.000000000000000000e-01
3.396100000000003405e+01,5.000000000000000000e-01
3.396200000000003172e+01,5.000000000000000000e-01
3.396300000000002939e+01,5.000000000000000000e-01
3.396400000000003416e+01,5.000000000000000000e-01
3.396500000000003183e+01,5.000000000000000000e-01
3.396600000000002950e+01,5.000000000000000000e-01
3.396700000000003428e+01,5.000000000000000000e-01
3.396800000000003195e+01,5.000000000000000000e-01
3.396900000000002962e+01,5.000000000000000000e-01
3.397000000000003439e+01,5.000000000000000000e-01
3.397100000000003206e+01,5.000000000000000000e-01
3.397200000000002973e+01,5.000000000000000000e-01
3.397300000000003450e+01,5.000000000000000000e-01
3.397400000000003217e+01,5.000000000000000000e-01
3.397500000000002984e+01,5.000000000000000000e-01
3.397600000000003462e+01,5.000000000000000000e-01
3.397700000000003229e+01,5.000000000000000000e-01
3.397800000000002996e+01,5.000000000000000000e-01
3.397900000000003473e+01,5.000000000000000000e-01
3.398000000000003240e+01,5.000000000000000000e-01
3.398100000000003007e+01,5.000000000000000000e-01
3.398200000000003485e+01,5.000000000000000000e-01
3.398300000000003251e+01,5.000000000000000000e-01
3.398400000000003018e+01,5.000000000000000000e-01
3.398500000000003496e+01,5.000000000000000000e-01
3.398600000000003263e+01,5.000000000000000000e-01
3.398700000000003030e+01,5.000000000000000000e-01
3.398800000000003507e+01,5.000000000000000000e-01
3.398900000000003274e+01,5.000000000000000000e-01
3.399000000000003041e+01,5.000000000000000000e-01
3.399100000000003519e+01,5.000000000000000000e-01
3.399200000000003286e+01,5.000000000000000000e-01
3.399300000000003052e+01,5.000000000000000000e-01
3.399400000000003530e+01,5.000000000000000000e-01
3.399500000000003297e+01,5.000000000000000000e-01
3.399600000000003064e+01,5.000000000000000000e-01
3.399700000000003541e+01,5.000000000000000000e-01
3.399800000000003308e+01,5.000000000000000000e-01
3.399900000000003075e+01,5.000000000000000000e-01
3.400000000000002842e+01,5.000000000000000000e-01
3.400100000000003320e+01,5.000000000000000000e-01
3.400200000000003087e+01,5.000000000000000000e-01
3.400300000000002854e+01,5.000000000000000000e-01
3.400400000000003331e+01,5.000000000000000000e-01
3.400500000000003098e+01,5.000000000000000000e-01
3.400600000000002865e+01,5.000000000000000000e-01
3.400700000000003342e+01,5.000000000000000000e-01
3.400800000000003109e+01,5.000000000000000000e-01
3.400900000000002876e+01,5.000000000000000000e-01
3.401000000000003354e+01,5.000000000000000000e-01
3.401100000000003121e+01,5.000000000000000000e-01
3.401200000000002888e+01,5.000000000000000000e-01
3.401300000000003365e+01,5.000000000000000000e-01
3.401400000000003132e+01,5.000000000000000000e-01
3.401500000000002899e+01,5.000000000000000000e-01
3.401600000000003376e+01,5.000000000000000000e-01
3.401700000000003143e+01,5.000000000000000000e-01
3.401800000000002910e+01,5.000000000000000000e-01
3.401900000000003388e+01,5.000000000000000000e-01
3.402000000000003155e+01,5.000000000000000000e-01
3.402100000000002922e+01,5.000000000000000000e-01
3.402200000000003399e+01,5.000000000000000000e-01
3.402300000000003166e+01,5.000000000000000000e-01
3.402400000000002933e+01,5.000000000000000000e-01
3.402500000000003411e+01,5.000000000000000000e-01
3.402600000000003178e+01,5.000000000000000000e-01
3.402700000000002944e+01,5.000000000000000000e-01
3.402800000000003422e+01,5.000000000000000000e-01
3.402900000000003189e+01,5.000000000000000000e-01
3.403000000000002956e+01,5.000000000000000000e-01
3.403100000000003433e+01,5.000000000000000000e-01
3.403200000000003200e+01,5.000000000000000000e-01
3.403300000000002967e+01,5.000000000000000000e-01
3.403400000000003445e+01,5.000000000000000000e-01
3.403500000000003212e+01,5.000000000000000000e-01
3.403600000000002979e+01,5.000000000000000000e-01
3.403700000000003456e+01,5.000000000000000000e-01
3.403800000000003223e+01,5.000000000000000000e-01
3.403900000000002990e+01,5.000000000000000000e-01
3.404000000000003467e+01,5.000000000000000000e-01
3.404100000000003234e+01,5.000000000000000000e-01
3.404200000000003001e+01,5.000000000000000000e-01
3.404300000000003479e+01,5.000000000000000000e-01
3.404400000000003246e+01,5.000000000000000000e-01
3.404500000000003013e+01,5.000000000000000000e-01
3.404600000000003490e+01,5.000000000000000000e-01
3.404700000000003257e+01,5.000000000000000000e-01
3.404800000000003024e+01,5.000000000000000000e-01
3.404900000000003502e+01,5.000000000000000000e-01
3.405000000000003268e+01,5.000000000000000000e-01
3.405100000000003035e+01,5.000000000000000000e-01
3.405200000000003513e+01,5.000000000000000000e-01
3.405300000000003280e+01,5.000000000000000000e-01
3.405400000000003047e+01,5.000000000000000000e-01
3.405500000000003524e+01,5.000000000000000000e-01
3.405600000000003291e+01,5.000000000000000000e-01
3.405700000000003058e+01,5.000000000000000000e-01
3.405800000000003536e+01,5.000000000000000000e-01
3.405900000000003303e+01,5.000000000000000000e-01
3.406000000000003070e+01,5.000000000000000000e-01
3.406100000000002836e+01,5.000000000000000000e-01
3.406200000000003314e+01,5.000000000000000000e-01
3.406300000000003081e+01,5.000000000000000000e-01
3.406400000000002848e+01,5.000000000000000000e-01
3.406500000000003325e+01,5.000000000000000000e-01
3.406600000000003092e+01,5.000000000000000000e-01
3.406700000000002859e+01,5.000000000000000000e-01
3.406800000000003337e+01,5.000000000000000000e-01
3.406900000000003104e+01,5.000000000000000000e-01
3.407000000000002871e+01,5.000000000000000000e-01
3.407100000000003348e+01,5.000000000000000000e-01
3.407200000000003115e+01,5.000000000000000000e-01
3.407300000000002882e+01,5.000000000000000000e-01
3.407400000000003359e+01,5.000000000000000000e-01
3.407500000000003126e+01,5.000000000000000000e-01
3.407600000000002893e+01,5.000000000000000000e-01
3.407700000000003371e+01,5.000000000000000000e-01
3.407800000000003138e+01,5.000000000000000000e-01
3.407900000000002905e+01,5.000000000000000000e-01
3.408000000000003382e+01,5.000000000000000000e-01
3.408100000000003149e+01,5.000000000000000000e-01
3.408200000000002916e+01,5.000000000000000000e-01
3.408300000000003394e+01,5.000000000000000000e-01
3.408400000000003160e+01,5.000000000000000000e-01
3.408500000000002927e+01,5.000000000000000000e-01
3.408600000000003405e+01,5.000000000000000000e-01
3.408700000000003172e+01,5.000000000000000000e-01
3.408800000000002939e+01,5.000000000000000000e-01
3.408900000000003416e+01,5.000000000000000000e-01
3.409000000000003183e+01,5.000000000000000000e-01
3.409100000000002950e+01,5.000000000000000000e-01
3.409200000000003428e+01,5.000000000000000000e-01
3.409300000000003195e+01,5.000000000000000000e-01
3.409400000000002962e+01,5.000000000000000000e-01
3.409500000000003439e+01,5.000000000000000000e-01
3.409600000000003206e+01,5.000000000000000000e-01
3.409700000000002973e+01,5.000000000000000000e-01
3.409800000000003450e+01,5.000000000000000000e-01
3.409900000000003217e+01,5.000000000000000000e-01
3.410000000000002984e+01,5.000000000000000000e-01
3.410100000000003462e+01,5.000000000000000000e-01
3.410200000000003229e+01,5.000000000000000000e-01
3.410300000000002996e+01,5.000000000000000000e-01
3.410400000000003473e+01,5.000000000000000000e-01
3.410500000000003240e+01,5.000000000000000000e-01
3.410600000000003007e+01,5.000000000000000000e-01
3.410700000000003485e+01,5.000000000000000000e-01
3.410800000000003251e+01,5.000000000000000000e-01
3.410900000000003018e+01,5.000000000000000000e-01
3.411000000000003496e+01,5.000000000000000000e-01
3.411100000000003263e+01,5.000000000000000000e-01
3.411200000000003030e+01,5.000000000000000000e-01
3.411300000000003507e+01,5.000000000000000000e-01
3.411400000000003274e+01,5.000000000000000000e-01
3.411500000000003041e+01,5.000000000000000000e-01
3.411600000000003519e+01,5.000000000000000000e-01
3.411700000000003286e+01,5.000000000000000000e-01
3.411800000000003052e+01,5.000000000000000000e-01
3.411900000000003530e+01,5.000000000000000000e-01
3.412000000000003297e+01,5.000000000000000000e-01
3.412100000000003064e+01,5.000000000000000000e-01
3.412200000000003541e+01,5.000000000000000000e-01
3.412300000000003308e+01,5.000000000000000000e-01
3.412400000000003075e+01,5.000000000000000000e-01
3.412500000000003553e+01,5.000000000000000000e-01
3.412600000000003320e+01,5.000000000000000000e-01
3.412700000000003087e+01,5.000000000000000000e-01
3.412800000000002854e+01,5.000000000000000000e-01
3.412900000000003331e+01,5.000000000000000000e-01
3.413000000000003098e+01,5.000000000000000000e-01
3.413100000000002865e+01,5.000000000000000000e-01
3.413200000000003342e+01,5.000000000000000000e-01
3.413300000000003109e+01,5.000000000000000000e-01
3.413400000000002876e+01,5.000000000000000000e-01
3.413500000000003354e+01,5.000000000000000000e-01
3.413600000000003121e+01,5.000000000000000000e-01
3.413700000000002888e+01,5.000000000000000000e-01
3.413800000000003365e+01,5.000000000000000000e-01
3.413900000000003132e+01,5.000000000000000000e-01
3.414000000000002899e+01,5.000000000000000000e-01
3.414100000000003376e+01,5.000000000000000000e-01
3.414200000000003143e+01,5.000000000000000000e-01
3.414300000000002910e+01,5.000000000000000000e-01
3.414400000000003388e+01,5.000000000000000000e-01
3.414500000000003155e+01,5.000000000000000000e-01
3.414600000000002922e+01,5.000000000000000000e-01
3.414700000000003399e+01,5.000000000000000000e-01
3.414800000000003166e+01,5.000000000000000000e-01
3.414900000000002933e+01,5.000000000000000000e-01
3.415000000000003411e+01,5.000000000000000000e-01
3.415100000000003178e+01,5.000000000000000000e-01
3.415200000000002944e+01,5.000000000000000000e-01
3.415300000000003422e+01,5.000000000000000000e-01
3.415400000000003189e+01,5.000000000000000000e-01
3.415500000000002956e+01,5.000000000000000000e-01
3.415600000000003433e+01,5.000000000000000000e-01
3.415700000000003200e+01,5.000000000000000000e-01
3.415800000000002967e+01,5.000000000000000000e-01
3.415900000000003445e+01,5.000000000000000000e-01
3.416000000000003212e+01,5.000000000000000000e-01
3.416100000000002979e+01,5.000000000000000000e-01
3.416200000000003456e+01,5.000000000000000000e-01
3.416300000000003223e+01,5.000000000000000000e-01
3.416400000000002990e+01,5.000000000000000000e-01
3.416500000000003467e+01,5.000000000000000000e-01
3.416600000000003234e+01,5.000000000000000000e-01
3.416700000000003001e+01,5.000000000000000000e-01
3.416800000000003479e+01,5.000000000000000000e-01
3.416900000000003246e+01,5.000000000000000000e-01
3.417000000000003013e+01,5.000000000000000000e-01
3.417100000000003490e+01,5.000000000000000000e-01
3.417200000000003257e+01,5.000000000000000000e-01
3.417300000000003024e+01,5.000000000000000000e-01
3.417400000000003502e+01,5.000000000000000000e-01
3.417500000000003268e+01,5.000000000000000000e-01
3.417600000000003035e+01,5.000000000000000000e-01
3.417700000000003513e+01,5.000000000000000000e-01
3.417800000000003280e+01,5.000000000000000000e-01
3.417900000000003047e+01,5.000000000000000000e-01
3.418000000000003524e+01,5.000000000000000000e-01
3.418100000000003291e+01,5.000000000000000000e-01
3.418200000000003058e+01,5.000000000000000000e-01
3.418300000000003536e+01,5.000000000000000000e-01
3.418400000000003303e+01,5.000000000000000000e-01
3.418500000000003070e+01,5.000000000000000000e-01
3.418600000000003547e+01,5.000000000000000000e-01
3.418700000000003314e+01,5.000000000000000000e-01
3.418800000000003081e+01,5.000000000000000000e-01
3.418900000000002848e+01,5.000000000000000000e-01
3.419000000000003325e+01,5.000000000000000000e-01
3.419100000000003092e+01,5.000000000000000000e-01
3.419200000000002859e+01,5.000000000000000000e-01
3.419300000000003337e+01,5.000000000000000000e-01
3.419400000000003104e+01,5.000000000000000000e-01
3.419500000000002871e+01,5.000000000000000000e-01
3.419600000000003348e+01,5.000000000000000000e-01
3.419700000000003115e+01,5.000000000000000000e-01
3.419800000000002882e+01,5.000000000000000000e-01
3.419900000000003359e+01,5.000000000000000000e-01
3.420000000000003126e+01,5.000000000000000000e-01
3.420100000000002893e+01,5.000000000000000000e-01
3.420200000000003371e+01,5.000000000000000000e-01
3.420300000000003138e+01,5.000000000000000000e-01
3.420400000000002905e+01,5.000000000000000000e-01
3.420500000000003382e+01,5.000000000000000000e-01
3.420600000000003149e+01,5.000000000000000000e-01
3.420700000000002916e+01,5.000000000000000000e-01
3.420800000000003394e+01,5.000000000000000000e-01
3.420900000000003160e+01,5.000000000000000000e-01
3.421000000000002927e+01,5.000000000000000000e-01
3.421100000000003405e+01,5.000000000000000000e-01
3.421200000000003172e+01,5.000000000000000000e-01
3.421300000000002939e+01,5.000000000000000000e-01
3.421400000000003416e+01,5.000000000000000000e-01
3.421500000000003183e+01,5.000000000000000000e-01
3.421600000000002950e+01,5.000000000000000000e-01
3.421700000000003428e+01,5.000000000000000000e-01
3.421800000000003195e+01,5.000000000000000000e-01
3.421900000000002962e+01,5.000000000000000000e-01
3.422000000000003439e+01,5.000000000000000000e-01
3.422100000000003206e+01,5.000000000000000000e-01
3.422200000000002973e+01,5.000000000000000000e-01
3.422300000000003450e+01,5.000000000000000000e-01
3.422400000000003217e+01,5.000000000000000000e-01
3.422500000000002984e+01,5.000000000000000000e-01
3.422600000000003462e+01,5.000000000000000000e-01
3.422700000000003229e+01,5.000000000000000000e-01
3.422800000000002996e+01,5.000000000000000000e-01
3.422900000000003473e+01,5.000000000000000000e-01
3.423000000000003240e+01,5.000000000000000000e-01
3.423100000000003007e+01,5.000000000000000000e-01
3.423200000000003485e+01,5.000000000000000000e-01
3.423300000000003251e+01,5.000000000000000000e-01
3.423400000000003018e+01,5.000000000000000000e-01
3.423500000000003496e+01,5.000000000000000000e-01
3.423600000000003263e+01,5.000000000000000000e-01
3.423700000000003030e+01,5.000000000000000000e-01
3.423800000000003507e+01,5.000000000000000000e-01
3.423900000000003274e+01,5.000000000000000000e-01
3.424000000000003041e+01,5.000000000000000000e-01
3.424100000000003519e+01,5.000000000000000000e-01
3.424200000000003286e+01,5.000000000000000000e-01
3.424300000000003052e+01,5.000000000000000000e-01
3.424400000000003530e+01,5.000000000000000000e-01
3.424500000000003297e+01,5.000000000000000000e-01
3.424600000000003064e+01,5.000000000000000000e-01
3.424700000000003541e+01,5.000000000000000000e-01
3.424800000000003308e+01,5.000000000000000000e-01
3.424900000000003075e+01,5.000000000000000000e-01
3.425000000000003553e+01,5.000000000000000000e-01
3.425100000000003320e+01,5.000000000000000000e-01
3.425200000000003087e+01,5.000000000000000000e-01
3.425300000000003564e+01,5.000000000000000000e-01
3.425400000000003331e+01,5.000000000000000000e-01
3.425500000000003098e+01,5.000000000000000000e-01
3.425600000000002865e+01,5.000000000000000000e-01
3.425700000000003342e+01,5.000000000000000000e-01
3.425800000000003109e+01,5.000000000000000000e-01
3.425900000000002876e+01,5.000000000000000000e-01
3.426000000000003354e+01,5.000000000000000000e-01
3.426100000000003121e+01,5.000000000000000000e-01
3.426200000000002888e+01,5.000000000000000000e-01
3.426300000000003365e+01,5.000000000000000000e-01
3.426400000000003132e+01,5.000000000000000000e-01
3.426500000000002899e+01,5.000000000000000000e-01
3.426600000000003376e+01,5.000000000000000000e-01
3.426700000000003143e+01,5.000000000000000000e-01
3.426800000000002910e+01,5.000000000000000000e-01
3.426900000000003388e+01,5.000000000000000000e-01
3.427000000000003155e+01,5.000000000000000000e-01
3.427100000000002922e+01,5.000000000000000000e-01
3.427200000000003399e+01,5.000000000000000000e-01
3.427300000000003166e+01,5.000000000000000000e-01
3.427400000000002933e+01,5.000000000000000000e-01
3.427500000000003411e+01,5.000000000000000000e-01
3.427600000000003178e+01,5.000000000000000000e-01
3.427700000000002944e+01,5.000000000000000000e-01
3.427800000000003422e+01,5.000000000000000000e-01
3.427900000000003189e+01,5.000000000000000000e-01
3.428000000000002956e+01,5.000000000000000000e-01
3.428100000000003433e+01,5.000000000000000000e-01
3.428200000000003200e+01,5.000000000000000000e-01
3.428300000000002967e+01,5.000000000000000000e-01
3.428400000000003445e+01,5.000000000000000000e-01
3.428500000000003212e+01,5.000000000000000000e-01
3.428600000000002979e+01,5.000000000000000000e-01
3.428700000000003456e+01,5.000000000000000000e-01
3.428800000000003223e+01,5.000000000000000000e-01
3.428900000000002990e+01,5.000000000000000000e-01
3.429000000000003467e+01,5.000000000000000000e-01
3.429100000000003234e+01,5.000000000000000000e-01
3.429200000000003001e+01,5.000000000000000000e-01
3.429300000000003479e+01,5.000000000000000000e-01
3.429400000000003246e+01,5.000000000000000000e-01
3.429500000000003013e+01,5.000000000000000000e-01
3.429600000000003490e+01,5.000000000000000000e-01
3.429700000000003257e+01,5.000000000000000000e-01
3.429800000000003024e+01,5.000000000000000000e-01
3.429900000000003502e+01,5.000000000000000000e-01
3.430000000000003268e+01,5.000000000000000000e-01
3.430100000000003035e+01,5.000000000000000000e-01
3.430200000000003513e+01,5.000000000000000000e-01
3.430300000000003280e+01,5.000000000000000000e-01
3.430400000000003047e+01,5.000000000000000000e-01
3.430500000000003524e+01,5.000000000000000000e-01
3.430600000000003291e+01,5.000000000000000000e-01
3.430700000000003058e+01,5.000000000000000000e-01
3.430800000000003536e+01,5.000000000000000000e-01
3.430900000000003303e+01,5.000000000000000000e-01
3.431000000000003070e+01,5.000000000000000000e-01
3.431100000000003547e+01,5.000000000000000000e-01
3.431200000000003314e+01,5.000000000000000000e-01
3.431300000000003081e+01,5.000000000000000000e-01
3.431400000000003558e+01,5.000000000000000000e-01
3.431500000000003325e+01,5.000000000000000000e-01
3.431600000000003092e+01,5.000000000000000000e-01
3.431700000000002859e+01,5.000000000000000000e-01
3.431800000000003337e+01,5.000000000000000000e-01
3.431900000000003104e+01,5.000000000000000000e-01
3.432000000000002871e+01,5.000000000000000000e-01
3.432100000000003348e+01,5.000000000000000000e-01
3.432200000000003115e+01,5.000000000000000000e-01
3.432300000000002882e+01,5.000000000000000000e-01
3.432400000000003359e+01,5.000000000000000000e-01
3.432500000000003126e+01,5.000000000000000000e-01
3.432600000000002893e+01,5.000000000000000000e-01
3.432700000000003371e+01,5.000000000000000000e-01
3.432800000000003138e+01,5.000000000000000000e-01
3.432900000000002905e+01,5.000000000000000000e-01
3.433000000000003382e+01,5.000000000000000000e-01
3.433100000000003149e+01,5.000000000000000000e-01
3.433200000000002916e+01,5.000000000000000000e-01
3.433300000000003394e+01,5.000000000000000000e-01
3.433400000000003160e+01,5.000000000000000000e-01
3.433500000000002927e+01,5.000000000000000000e-01
3.433600000000003405e+01,5.000000000000000000e-01
3.433700000000003172e+01,5.000000000000000000e-01
3.433800000000002939e+01,5.000000000000000000e-01
3.433900000000003416e+01,5.000000000000000000e-01
3.434000000000003183e+01,5.000000000000000000e-01
3.434100000000002950e+01,5.000000000000000000e-01
3.434200000000003428e+01,5.000000000000000000e-01
3.434300000000003195e+01,5.000000000000000000e-01
3.434400000000002962e+01,5.000000000000000000e-01
3.434500000000003439e+01,5.000000000000000000e-01
3.434600000000003206e+01,5.000000000000000000e-01
3.434700000000002973e+01,5.000000000000000000e-01
3.434800000000003450e+01,5.000000000000000000e-01
3.434900000000003217e+01,5.000000000000000000e-01
3.435000000000002984e+01,5.000000000000000000e-01
3.435100000000003462e+01,5.000000000000000000e-01
3.435200000000003229e+01,5.000000000000000000e-01
3.435300000000002996e+01,5.000000000000000000e-01
3.435400000000003473e+01,5.000000000000000000e-01
3.435500000000003240e+01,5.000000000000000000e-01
3.435600000000003007e+01,5.000000000000000000e-01
3.435700000000003485e+01,5.000000000000000000e-01
3.435800000000003251e+01,5.000000000000000000e-01
3.435900000000003018e+01,5.000000000000000000e-01
3.436000000000003496e+01,5.000000000000000000e-01
3.436100000000003263e+01,5.000000000000000000e-01
3.436200000000003030e+01,5.000000000000000000e-01
3.436300000000003507e+01,5.000000000000000000e-01
3.436400000000003274e+01,5.000000000000000000e-01
3.436500000000003041e+01,5.000000000000000000e-01
3.436600000000003519e+01,5.000000000000000000e-01
3.436700000000003286e+01,5.000000000000000000e-01
3.436800000000003052e+01,5.000000000000000000e-01
3.436900000000003530e+01,5.000000000000000000e-01
3.437000000000003297e+01,5.000000000000000000e-01
3.437100000000003064e+01,5.000000000000000000e-01
3.437200000000003541e+01,5.000000000000000000e-01
3.437300000000003308e+01,5.000000000000000000e-01
3.437400000000003075e+01,5.000000000000000000e-01
3.437500000000003553e+01,5.000000000000000000e-01
3.437600000000003320e+01,5.000000000000000000e-01
3.437700000000003087e+01,5.000000000000000000e-01
3.437800000000003564e+01,5.000000000000000000e-01
3.437900000000003331e+01,5.000000000000000000e-01
3.438000000000003098e+01,5.000000000000000000e-01
3.438100000000003575e+01,5.000000000000000000e-01
3.438200000000003342e+01,5.000000000000000000e-01
3.438300000000003109e+01,5.000000000000000000e-01
3.438400000000002876e+01,5.000000000000000000e-01
3.438500000000003354e+01,5.000000000000000000e-01
3.438600000000003121e+01,5.000000000000000000e-01
3.438700000000002888e+01,5.000000000000000000e-01
3.438800000000003365e+01,5.000000000000000000e-01
3.438900000000003132e+01,5.000000000000000000e-01
3.439000000000002899e+01,5.000000000000000000e-01
3.439100000000003376e+01,5.000000000000000000e-01
3.439200000000003143e+01,5.000000000000000000e-01
3.439300000000002910e+01,5.000000000000000000e-01
3.439400000000003388e+01,5.000000000000000000e-01
3.439500000000003155e+01,5.000000000000000000e-01
3.439600000000002922e+01,5.000000000000000000e-01
3.439700000000003399e+01,5.000000000000000000e-01
3.439800000000003166e+01,5.000000000000000000e-01
3.439900000000002933e+01,5.000000000000000000e-01
3.440000000000003411e+01,5.000000000000000000e-01
3.440100000000003178e+01,5.000000000000000000e-01
3.440200000000002944e+01,5.000000000000000000e-01
3.440300000000003422e+01,5.000000000000000000e-01
3.440400000000003189e+01,5.000000000000000000e-01
3.440500000000002956e+01,5.000000000000000000e-01
3.440600000000003433e+01,5.000000000000000000e-01
3.440700000000003200e+01,5.000000000000000000e-01
3.440800000000002967e+01,5.000000000000000000e-01
3.440900000000003445e+01,5.000000000000000000e-01
3.441000000000003212e+01,5.000000000000000000e-01
3.441100000000002979e+01,5.000000000000000000e-01
3.441200000000003456e+01,5.000000000000000000e-01
3.441300000000003223e+01,5.000000000000000000e-01
3.441400000000002990e+01,5.000000000000000000e-01
3.441500000000003467e+01,5.000000000000000000e-01
3.441600000000003234e+01,5.000000000000000000e-01
3.441700000000003001e+01,5.000000000000000000e-01
3.441800000000003479e+01,5.000000000000000000e-01
3.441900000000003246e+01,5.000000000000000000e-01
3.442000000000003013e+01,5.000000000000000000e-01
3.442100000000003490e+01,5.000000000000000000e-01
3.442200000000003257e+01,5.000000000000000000e-01
3.442300000000003024e+01,5.000000000000000000e-01
3.442400000000003502e+01,5.000000000000000000e-01
3.442500000000003268e+01,5.000000000000000000e-01
3.442600000000003035e+01,5.000000000000000000e-01
3.442700000000003513e+01,5.000000000000000000e-01
3.442800000000003280e+01,5.000000000000000000e-01
3.442900000000003047e+01,5.000000000000000000e-01
3.443000000000003524e+01,5.000000000000000000e-01
3.443100000000003291e+01,5.000000000000000000e-01
3.443200000000003058e+01,5.000000000000000000e-01
3.443300000000003536e+01,5.000000000000000000e-01
3.443400000000003303e+01,5.000000000000000000e-01
3.443500000000003070e+01,5.000000000000000000e-01
3.443600000000003547e+01,5.000000000000000000e-01
3.443700000000003314e+01,5.000000000000000000e-01
3.443800000000003081e+01,5.000000000000000000e-01
3.443900000000003558e+01,5.000000000000000000e-01
3.444000000000003325e+01,5.000000000000000000e-01
3.444100000000003092e+01,5.000000000000000000e-01
3.444200000000003570e+01,5.000000000000000000e-01
3.444300000000003337e+01,5.000000000000000000e-01
3.444400000000003104e+01,5.000000000000000000e-01
3.444500000000002871e+01,5.000000000000000000e-01
3.444600000000003348e+01,5.000000000000000000e-01
3.444700000000003115e+01,5.000000000000000000e-01
3.444800000000002882e+01,5.000000000000000000e-01
3.444900000000003359e+01,5.000000000000000000e-01
3.445000000000003126e+01,5.000000000000000000e-01
3.445100000000002893e+01,5.000000000000000000e-01
3.445200000000003371e+01,5.000000000000000000e-01
3.445300000000003138e+01,5.000000000000000000e-01
3.445400000000002905e+01,5.000000000000000000e-01
3.445500000000003382e+01,5.000000000000000000e-01
3.445600000000003149e+01,5.000000000000000000e-01
3.445700000000002916e+01,5.000000000000000000e-01
3.445800000000003394e+01,5.000000000000000000e-01
3.445900000000003160e+01,5.000000000000000000e-01
3.446000000000002927e+01,5.000000000000000000e-01
3.446100000000003405e+01,5.000000000000000000e-01
3.446200000000003172e+01,5.000000000000000000e-01
3.446300000000002939e+01,5.000000000000000000e-01
3.446400000000003416e+01,5.000000000000000000e-01
3.446500000000003183e+01,5.000000000000000000e-01
3.446600000000002950e+01,5.000000000000000000e-01
3.446700000000003428e+01,5.000000000000000000e-01
3.446800000000003195e+01,5.000000000000000000e-01
3.446900000000002962e+01,5.000000000000000000e-01
3.447000000000003439e+01,5.000000000000000000e-01
3.447100000000003206e+01,5.000000000000000000e-01
3.447200000000002973e+01,5.000000000000000000e-01
3.447300000000003450e+01,5.000000000000000000e-01
3.447400000000003217e+01,5.000000000000000000e-01
3.447500000000002984e+01,5.000000000000000000e-01
3.447600000000003462e+01,5.000000000000000000e-01
3.447700000000003229e+01,5.000000000000000000e-01
3.447800000000002996e+01,5.000000000000000000e-01
3.447900000000003473e+01,5.000000000000000000e-01
3.448000000000003240e+01,5.000000000000000000e-01
3.448100000000003007e+01,5.000000000000000000e-01
3.448200000000003485e+01,5.000000000000000000e-01
3.448300000000003251e+01,5.000000000000000000e-01
3.448400000000003018e+01,5.000000000000000000e-01
3.448500000000003496e+01,5.000000000000000000e-01
3.448600000000003263e+01,5.000000000000000000e-01
3.448700000000003030e+01,5.000000000000000000e-01
3.448800000000003507e+01,5.000000000000000000e-01
3.448900000000003274e+01,5.000000000000000000e-01
3.449000000000003041e+01,5.000000000000000000e-01
3.449100000000003519e+01,5.000000000000000000e-01
3.449200000000003286e+01,5.000000000000000000e-01
3.449300000000003052e+01,5.000000000000000000e-01
3.449400000000003530e+01,5.000000000000000000e-01
3.449500000000003297e+01,5.000000000000000000e-01
3.449600000000003064e+01,5.000000000000000000e-01
3.449700000000003541e+01,5.000000000000000000e-01
3.449800000000003308e+01,5.000000000000000000e-01
3.449900000000003075e+01,5.000000000000000000e-01
3.450000000000003553e+01,5.000000000000000000e-01
3.450100000000003320e+01,5.000000000000000000e-01
3.450200000000003087e+01,5.000000000000000000e-01
3.450300000000003564e+01,5.000000000000000000e-01
3.450400000000003331e+01,5.000000000000000000e-01
3.450500000000003098e+01,5.000000000000000000e-01
3.450600000000003575e+01,5.000000000000000000e-01
3.450700000000003342e+01,5.000000000000000000e-01
3.450800000000003109e+01,5.000000000000000000e-01
3.450900000000003587e+01,5.000000000000000000e-01
3.451000000000003354e+01,5.000000000000000000e-01
3.451100000000003121e+01,5.000000000000000000e-01
3.451200000000002888e+01,5.000000000000000000e-01
3.451300000000003365e+01,5.000000000000000000e-01
3.451400000000003132e+01,5.000000000000000000e-01
3.451500000000002899e+01,5.000000000000000000e-01
3.451600000000003376e+01,5.000000000000000000e-01
3.451700000000003143e+01,5.000000000000000000e-01
3.451800000000002910e+01,5.000000000000000000e-01
3.451900000000003388e+01,5.000000000000000000e-01
3.452000000000003155e+01,5.000000000000000000e-01
3.452100000000002922e+01,5.000000000000000000e-01
3.452200000000003399e+01,5.000000000000000000e-01
3.452300000000003166e+01,5.000000000000000000e-01
3.452400000000002933e+01,5.000000000000000000e-01
3.452500000000003411e+01,5.000000000000000000e-01
3.452600000000003178e+01,5.000000000000000000e-01
3.452700000000002944e+01,5.000000000000000000e-01
3.452800000000003422e+01,5.000000000000000000e-01
3.452900000000003189e+01,5.000000000000000000e-01
3.453000000000002956e+01,5.000000000000000000e-01
3.453100000000003433e+01,5.000000000000000000e-01
3.453200000000003200e+01,5.000000000000000000e-01
3.453300000000002967e+01,5.000000000000000000e-01
3.453400000000003445e+01,5.000000000000000000e-01
3.453500000000003212e+01,5.000000000000000000e-01
3.453600000000002979e+01,5.000000000000000000e-01
3.453700000000003456e+01,5.000000000000000000e-01
3.453800000000003223e+01,5.000000000000000000e-01
3.453900000000002990e+01,5.000000000000000000e-01
3.454000000000003467e+01,5.000000000000000000e-01
3.454100000000003234e+01,5.000000000000000000e-01
3.454200000000003001e+01,5.000000000000000000e-01
3.454300000000003479e+01,5.000000000000000000e-01
3.454400000000003246e+01,5.000000000000000000e-01
3.454500000000003013e+01,5.000000000000000000e-01
3.454600000000003490e+01,5.000000000000000000e-01
3.454700000000003257e+01,5.000000000000000000e-01
3.454800000000003024e+01,5.000000000000000000e-01
3.454900000000003502e+01,5.000000000000000000e-01
3.455000000000003268e+01,5.000000000000000000e-01
3.455100000000003035e+01,5.000000000000000000e-01
3.455200000000003513e+01,5.000000000000000000e-01
3.455300000000003280e+01,5.000000000000000000e-01
3.455400000000003047e+01,5.000000000000000000e-01
3.455500000000003524e+01,5.000000000000000000e-01
3.455600000000003291e+01,5.000000000000000000e-01
3.455700000000003058e+01,5.000000000000000000e-01
3.455800000000003536e+01,5.000000000000000000e-01
3.455900000000003303e+01,5.000000000000000000e-01
3.456000000000003070e+01,5.000000000000000000e-01
3.456100000000003547e+01,5.000000000000000000e-01
3.456200000000003314e+01,5.000000000000000000e-01
3.456300000000003081e+01,5.000000000000000000e-01
3.456400000000003558e+01,5.000000000000000000e-01
3.456500000000003325e+01,5.000000000000000000e-01
3.456600000000003092e+01,5.000000000000000000e-01
3.456700000000003570e+01,5.000000000000000000e-01
3.456800000000003337e+01,5.000000000000000000e-01
3.456900000000003104e+01,5.000000000000000000e-01
3.457000000000003581e+01,5.000000000000000000e-01
3.457100000000003348e+01,5.000000000000000000e-01
3.457200000000003115e+01,5.000000000000000000e-01
3.457300000000002882e+01,5.000000000000000000e-01
3.457400000000003359e+01,5.000000000000000000e-01
3.457500000000003126e+01,5.000000000000000000e-01
3.457600000000002893e+01,5.000000000000000000e-01
3.457700000000003371e+01,5.000000000000000000e-01
3.457800000000003138e+01,5.000000000000000000e-01
3.457900000000002905e+01,5.000000000000000000e-01
3.458000000000003382e+01,5.000000000000000000e-01
3.458100000000003149e+01,5.000000000000000000e-01
3.458200000000002916e+01,5.000000000000000000e-01
3.458300000000003394e+01,5.000000000000000000e-01
3.458400000000003160e+01,5.000000000000000000e-01
3.458500000000002927e+01,5.000000000000000000e-01
3.458600000000003405e+01,5.000000000000000000e-01
3.458700000000003172e+01,5.000000000000000000e-01
3.458800000000002939e+01,5.000000000000000000e-01
3.458900000000003416e+01,5.000000000000000000e-01
3.459000000000003183e+01,5.000000000000000000e-01
3.459100000000002950e+01,5.000000000000000000e-01
3.459200000000003428e+01,5.000000000000000000e-01
3.459300000000003195e+01,5.000000000000000000e-01
3.459400000000002962e+01,5.000000000000000000e-01
3.459500000000003439e+01,5.000000000000000000e-01
3.459600000000003206e+01,5.000000000000000000e-01
3.459700000000002973e+01,5.000000000000000000e-01
3.459800000000003450e+01,5.000000000000000000e-01
3.459900000000003217e+01,5.000000000000000000e-01
3.460000000000002984e+01,5.000000000000000000e-01
3.460100000000003462e+01,5.000000000000000000e-01
3.460200000000003229e+01,5.000000000000000000e-01
3.460300000000002996e+01,5.000000000000000000e-01
3.460400000000003473e+01,5.000000000000000000e-01
3.460500000000003240e+01,5.000000000000000000e-01
3.460600000000003007e+01,5.000000000000000000e-01
3.460700000000003485e+01,5.000000000000000000e-01
3.460800000000003251e+01,5.000000000000000000e-01
3.460900000000003018e+01,5.000000000000000000e-01
3.461000000000003496e+01,5.000000000000000000e-01
3.461100000000003263e+01,5.000000000000000000e-01
3.461200000000003030e+01,5.000000000000000000e-01
3.461300000000003507e+01,5.000000000000000000e-01
3.461400000000003274e+01,5.000000000000000000e-01
3.461500000000003041e+01,5.000000000000000000e-01
3.461600000000003519e+01,5.000000000000000000e-01
3.461700000000003286e+01,5.000000000000000000e-01
3.461800000000003052e+01,5.000000000000000000e-01
3.461900000000003530e+01,5.000000000000000000e-01
3.462000000000003297e+01,5.000000000000000000e-01
3.462100000000003064e+01,5.000000000000000000e-01
3.462200000000003541e+01,5.000000000000000000e-01
3.462300000000003308e+01,5.000000000000000000e-01
3.462400000000003075e+01,5.000000000000000000e-01
3.462500000000003553e+01,5.000000000000000000e-01
3.462600000000003320e+01,5.000000000000000000e-01
3.462700000000003087e+01,5.000000000000000000e-01
3.462800000000003564e+01,5.000000000000000000e-01
3.462900000000003331e+01,5.000000000000000000e-01
3.463000000000003098e+01,5.000000000000000000e-01
3.463100000000003575e+01,5.000000000000000000e-01
3.463200000000003342e+01,5.000000000000000000e-01
3.463300000000003109e+01,5.000000000000000000e-01
3.463400000000003587e+01,5.000000000000000000e-01
3.463500000000003354e+01,5.000000000000000000e-01
3.463600000000003121e+01,5.000000000000000000e-01
3.463700000000003598e+01,5.000000000000000000e-01
3.463800000000003365e+01,5.000000000000000000e-01
3.463900000000003132e+01,5.000000000000000000e-01
3.464000000000002899e+01,5.000000000000000000e-01
3.464100000000003376e+01,5.000000000000000000e-01
3.464200000000003143e+01,5.000000000000000000e-01
3.464300000000002910e+01,5.000000000000000000e-01
3.464400000000003388e+01,5.000000000000000000e-01
3.464500000000003155e+01,5.000000000000000000e-01
3.464600000000002922e+01,5.000000000000000000e-01
3.464700000000003399e+01,5.000000000000000000e-01
3.464800000000003166e+01,5.000000000000000000e-01
3.464900000000002933e+01,5.000000000000000000e-01
3.465000000000003411e+01,5.000000000000000000e-01
3.465100000000003178e+01,5.000000000000000000e-01
3.465200000000002944e+01,5.000000000000000000e-01
3.465300000000003422e+01,5.000000000000000000e-01
3.465400000000003189e+01,5.000000000000000000e-01
3.465500000000002956e+01,5.000000000000000000e-01
3.465600000000003433e+01,5.000000000000000000e-01
3.465700000000003200e+01,5.000000000000000000e-01
3.465800000000002967e+01,5.000000000000000000e-01
3.465900000000003445e+01,5.000000000000000000e-01
3.466000000000003212e+01,5.000000000000000000e-01
3.466100000000002979e+01,5.000000000000000000e-01
3.466200000000003456e+01,5.000000000000000000e-01
3.466300000000003223e+01,5.000000000000000000e-01
3.466400000000002990e+01,5.000000000000000000e-01
3.466500000000003467e+01,5.000000000000000000e-01
3.466600000000003234e+01,5.000000000000000000e-01
3.466700000000003001e+01,5.000000000000000000e-01
3.466800000000003479e+01,5.000000000000000000e-01
3.466900000000003246e+01,5.000000000000000000e-01
3.467000000000003013e+01,5.000000000000000000e-01
3.467100000000003490e+01,5.000000000000000000e-01
3.467200000000003257e+01,5.000000000000000000e-01
3.467300000000003024e+01,5.000000000000000000e-01
3.467400000000003502e+01,5.000000000000000000e-01
3.467500000000003268e+01,5.000000000000000000e-01
3.467600000000003035e+01,5.000000000000000000e-01
3.467700000000003513e+01,5.000000000000000000e-01
3.467800000000003280e+01,5.000000000000000000e-01
3.467900000000003047e+01,5.000000000000000000e-01
3.468000000000003524e+01,5.000000000000000000e-01
3.468100000000003291e+01,5.000000000000000000e-01
3.468200000000003058e+01,5.000000000000000000e-01
3.468300000000003536e+01,5.000000000000000000e-01
3.468400000000003303e+01,5.000000000000000000e-01
3.468500000000003070e+01,5.000000000000000000e-01
3.468600000000003547e+01,5.000000000000000000e-01
3.468700000000003314e+01,5.000000000000000000e-01
3.468800000000003081e+01,5.000000000000000000e-01
3.468900000000003558e+01,5.000000000000000000e-01
3.469000000000003325e+01,5.000000000000000000e-01
3.469100000000003092e+01,5.000000000000000000e-01
3.469200000000003570e+01,5.000000000000000000e-01
3.469300000000003337e+01,5.000000000000000000e-01
3.469400000000003104e+01,5.000000000000000000e-01
3.469500000000003581e+01,5.000000000000000000e-01
3.469600000000003348e+01,5.000000000000000000e-01
3.469700000000003115e+01,5.000000000000000000e-01
3.469800000000003593e+01,5.000000000000000000e-01
3.469900000000003359e+01,5.000000000000000000e-01
3.470000000000003126e+01,5.000000000000000000e-01
3.470100000000002893e+01,5.000000000000000000e-01
3.470200000000003371e+01,5.000000000000000000e-01
3.470300000000003138e+01,5.000000000000000000e-01
3.470400000000002905e+01,5.000000000000000000e-01
3.470500000000003382e+01,5.000000000000000000e-01
3.470600000000003149e+01,5.000000000000000000e-01
3.470700000000002916e+01,5.000000000000000000e-01
3.470800000000003394e+01,5.000000000000000000e-01
3.470900000000003160e+01,5.000000000000000000e-01
3.471000000000002927e+01,5.000000000000000000e-01
3.471100000000003405e+01,5.000000000000000000e-01
3.471200000000003172e+01,5.000000000000000000e-01
3.471300000000002939e+01,5.000000000000000000e-01
3.471400000000003416e+01,5.000000000000000000e-01
3.471500000000003183e+01,5.000000000000000000e-01
3.471600000000002950e+01,5.000000000000000000e-01
3.471700000000003428e+01,5.000000000000000000e-01
3.471800000000003195e+01,5.000000000000000000e-01
3.471900000000002962e+01,5.000000000000000000e-01
3.472000000000003439e+01,5.000000000000000000e-01
3.472100000000003206e+01,5.000000000000000000e-01
3.472200000000002973e+01,5.000000000000000000e-01
3.472300000000003450e+01,5.000000000000000000e-01
3.472400000000003217e+01,5.000000000000000000e-01
3.472500000000002984e+01,5.000000000000000000e-01
3.472600000000003462e+01,5.000000000000000000e-01
3.472700000000003229e+01,5.000000000000000000e-01
3.472800000000002996e+01,5.000000000000000000e-01
3.472900000000003473e+01,5.000000000000000000e-01
3.473000000000003240e+01,5.000000000000000000e-01
3.473100000000003007e+01,5.000000000000000000e-01
3.473200000000003485e+01,5.000000000000000000e-01
3.473300000000003251e+01,5.000000000000000000e-01
3.473400000000003018e+01,5.000000000000000000e-01
3.473500000000003496e+01,5.000000000000000000e-01
3.473600000000003263e+01,5.000000000000000000e-01
3.473700000000003030e+01,5.000000000000000000e-01
3.473800000000003507e+01,5.000000000000000000e-01
3.473900000000003274e+01,5.000000000000000000e-01
3.474000000000003041e+01,5.000000000000000000e-01
3.474100000000003519e+01,5.000000000000000000e-01
3.474200000000003286e+01,5.000000000000000000e-01
3.474300000000003052e+01,5.000000000000000000e-01
3.474400000000003530e+01,5.000000000000000000e-01
3.474500000000003297e+01,5.000000000000000000e-01
3.474600000000003064e+01,5.000000000000000000e-01
3.474700000000003541e+01,5.000000000000000000e-01
3.474800000000003308e+01,5.000000000000000000e-01
3.474900000000003075e+01,5.000000000000000000e-01
3.475000000000003553e+01,5.000000000000000000e-01
3.475100000000003320e+01,5.000000000000000000e-01
3.475200000000003087e+01,5.000000000000000000e-01
3.475300000000003564e+01,5.000000000000000000e-01
3.475400000000003331e+01,5.000000000000000000e-01
3.475500000000003098e+01,5.000000000000000000e-01
3.475600000000003575e+01,5.000000000000000000e-01
3.475700000000003342e+01,5.000000000000000000e-01
3.475800000000003109e+01,5.000000000000000000e-01
3.475900000000003587e+01,5.000000000000000000e-01
3.476000000000003354e+01,5.000000000000000000e-01
3.476100000000003121e+01,5.000000000000000000e-01
3.476200000000003598e+01,5.000000000000000000e-01
3.476300000000003365e+01,5.000000000000000000e-01
3.476400000000003132e+01,5.000000000000000000e-01
3.476500000000003610e+01,5.000000000000000000e-01
3.476600000000003376e+01,5.000000000000000000e-01
3.476700000000003143e+01,5.000000000000000000e-01
3.476800000000002910e+01,5.000000000000000000e-01
3.476900000000003388e+01,5.000000000000000000e-01
3.477000000000003155e+01,5.000000000000000000e-01
3.477100000000002922e+01,5.000000000000000000e-01
3.477200000000003399e+01,5.000000000000000000e-01
3.477300000000003166e+01,5.000000000000000000e-01
3.477400000000002933e+01,5.000000000000000000e-01
3.477500000000003411e+01,5.000000000000000000e-01
3.477600000000003178e+01,5.000000000000000000e-01
3.477700000000002944e+01,5.000000000000000000e-01
3.477800000000003422e+01,5.000000000000000000e-01
3.477900000000003189e+01,5.000000000000000000e-01
3.478000000000002956e+01,5.000000000000000000e-01
3.478100000000003433e+01,5.000000000000000000e-01
3.478200000000003200e+01,5.000000000000000000e-01
3.478300000000002967e+01,5.000000000000000000e-01
3.478400000000003445e+01,5.000000000000000000e-01
3.478500000000003212e+01,5.000000000000000000e-01
3.478600000000002979e+01,5.000000000000000000e-01
3.478700000000003456e+01,5.000000000000000000e-01
3.478800000000003223e+01,5.000000000000000000e-01
3.478900000000002990e+01,5.000000000000000000e-01
3.479000000000003467e+01,5.000000000000000000e-01
3.479100000000003234e+01,5.000000000000000000e-01
3.479200000000003001e+01,5.000000000000000000e-01
3.479300000000003479e+01,5.000000000000000000e-01
3.479400000000003246e+01,5.000000000000000000e-01
3.479500000000003013e+01,5.000000000000000000e-01
3.479600000000003490e+01,5.000000000000000000e-01
3.479700000000003257e+01,5.000000000000000000e-01
3.479800000000003024e+01,5.000000000000000000e-01
3.479900000000003502e+01,5.000000000000000000e-01
3.480000000000003268e+01,5.000000000000000000e-01
3.480100000000003035e+01,5.000000000000000000e-01
3.480200000000003513e+01,5.000000000000000000e-01
3.480300000000003280e+01,5.000000000000000000e-01
3.480400000000003047e+01,5.000000000000000000e-01
3.480500000000003524e+01,5.000000000000000000e-01
3.480600000000003291e+01,5.000000000000000000e-01
3.480700000000003058e+01,5.000000000000000000e-01
3.480800000000003536e+01,5.000000000000000000e-01
3.480900000000003303e+01,5.000000000000000000e-01
3.481000000000003070e+01,5.000000000000000000e-01
3.481100000000003547e+01,5.000000000000000000e-01
3.481200000000003314e+01,5.000000000000000000e-01
3.481300000000003081e+01,5.000000000000000000e-01
3.481400000000003558e+01,5.000000000000000000e-01
3.481500000000003325e+01,5.000000000000000000e-01
3.481600000000003092e+01,5.000000000000000000e-01
3.481700000000003570e+01,5.000000000000000000e-01
3.481800000000003337e+01,5.000000000000000000e-01
3.481900000000003104e+01,5.000000000000000000e-01
3.482000000000003581e+01,5.000000000000000000e-01
3.482100000000003348e+01,5.000000000000000000e-01
3.482200000000003115e+01,5.000000000000000000e-01
3.482300000000003593e+01,5.000000000000000000e-01
3.482400000000003359e+01,5.000000000000000000e-01
3.482500000000003126e+01,5.000000000000000000e-01
3.482600000000003604e+01,5.000000000000000000e-01
3.482700000000003371e+01,5.000000000000000000e-01
3.482800000000003138e+01,5.000000000000000000e-01
3.482900000000002905e+01,5.000000000000000000e-01
3.483000000000003382e+01,5.000000000000000000e-01
3.483100000000003149e+01,5.000000000000000000e-01
3.483200000000002916e+01,5.000000000000000000e-01
3.483300000000003394e+01,5.000000000000000000e-01
3.483400000000003160e+01,5.000000000000000000e-01
3.483500000000002927e+01,5.000000000000000000e-01
3.483600000000003405e+01,5.000000000000000000e-01
3.483700000000003172e+01,5.000000000000000000e-01
3.483800000000002939e+01,5.000000000000000000e-01
3.483900000000003416e+01,5.000000000000000000e-01
3.484000000000003183e+01,5.000000000000000000e-01
3.484100000000002950e+01,5.000000000000000000e-01
3.484200000000003428e+01,5.000000000000000000e-01
3.484300000000003195e+01,5.000000000000000000e-01
3.484400000000002962e+01,5.000000000000000000e-01
3.484500000000003439e+01,5.000000000000000000e-01
3.484600000000003206e+01,5.000000000000000000e-01
3.484700000000002973e+01,5.000000000000000000e-01
3.484800000000003450e+01,5.000000000000000000e-01
3.484900000000003217e+01,5.000000000000000000e-01
3.485000000000002984e+01,5.000000000000000000e-01
3.485100000000003462e+01,5.000000000000000000e-01
3.485200000000003229e+01,5.000000000000000000e-01
3.485300000000002996e+01,5.000000000000000000e-01
3.485400000000003473e+01,5.000000000000000000e-01
3.485500000000003240e+01,5.000000000000000000e-01
3.485600000000003007e+01,5.000000000000000000e-01
3.485700000000003485e+01,5.000000000000000000e-01
3.485800000000003251e+01,5.000000000000000000e-01
3.485900000000003018e+01,5.000000000000000000e-01
3.486000000000003496e+01,5.000000000000000000e-01
3.486100000000003263e+01,5.000000000000000000e-01
3.486200000000003030e+01,5.000000000000000000e-01
3.486300000000003507e+01,5.000000000000000000e-01
3.486400000000003274e+01,5.000000000000000000e-01
3.486500000000003041e+01,5.000000000000000000e-01
3.486600000000003519e+01,5.000000000000000000e-01
3.486700000000003286e+01,5.000000000000000000e-01
3.486800000000003052e+01,5.000000000000000000e-01
3.486900000000003530e+01,5.000000000000000000e-01
3.487000000000003297e+01,5.000000000000000000e-01
3.487100000000003064e+01,5.000000000000000000e-01
3.487200000000003541e+01,5.000000000000000000e-01
3.487300000000003308e+01,5.000000000000000000e-01
3.487400000000003075e+01,5.000000000000000000e-01
3.487500000000003553e+01,5.000000000000000000e-01
3.487600000000003320e+01,5.000000000000000000e-01
3.487700000000003087e+01,5.000000000000000000e-01
3.487800000000003564e+01,5.000000000000000000e-01
3.487900000000003331e+01,5.000000000000000000e-01
3.488000000000003098e+01,5.000000000000000000e-01
3.488100000000003575e+01,5.000000000000000000e-01
3.488200000000003342e+01,5.000000000000000000e-01
3.488300000000003109e+01,5.000000000000000000e-01
3.488400000000003587e+01,5.000000000000000000e-01
3.488500000000003354e+01,5.000000000000000000e-01
3.488600000000003121e+01,5.000000000000000000e-01
3.488700000000003598e+01,5.000000000000000000e-01
3.488800000000003365e+01,5.000000000000000000e-01
3.488900000000003132e+01,5.000000000000000000e-01
3.489000000000003610e+01,5.000000000000000000e-01
3.489100000000003376e+01,5.000000000000000000e-01
3.489200000000003143e+01,5.000000000000000000e-01
3.489300000000003621e+01,5.000000000000000000e-01
3.489400000000003388e+01,5.000000000000000000e-01
3.489500000000003155e+01,5.000000000000000000e-01
3.489600000000002922e+01,5.000000000000000000e-01
3.489700000000003399e+01,5.000000000000000000e-01
3.489800000000003166e+01,5.000000000000000000e-01
3.489900000000002933e+01,5.000000000000000000e-01
3.490000000000003411e+01,5.000000000000000000e-01
3.490100000000003178e+01,5.000000000000000000e-01
3.490200000000002944e+01,5.000000000000000000e-01
3.490300000000003422e+01,5.000000000000000000e-01
3.490400000000003189e+01,5.000000000000000000e-01
3.490500000000002956e+01,5.000000000000000000e-01
3.490600000000003433e+01,5.000000000000000000e-01
3.490700000000003200e+01,5.000000000000000000e-01
3.490800000000002967e+01,5.000000000000000000e-01
3.490900000000003445e+01,5.000000000000000000e-01
3.491000000000003212e+01,5.000000000000000000e-01
3.491100000000002979e+01,5.000000000000000000e-01
3.491200000000003456e+01,5.000000000000000000e-01
3.491300000000003223e+01,5.000000000000000000e-01
3.491400000000002990e+01,5.000000000000000000e-01
3.491500000000003467e+01,5.000000000000000000e-01
3.491600000000003234e+01,5.000000000000000000e-01
3.491700000000003001e+01,5.000000000000000000e-01
3.491800000000003479e+01,5.000000000000000000e-01
3.491900000000003246e+01,5.000000000000000000e-01
3.492000000000003013e+01,5.000000000000000000e-01
3.492100000000003490e+01,5.000000000000000000e-01
3.492200000000003257e+01,5.000000000000000000e-01
3.492300000000003024e+01,5.000000000000000000e-01
3.492400000000003502e+01,5.000000000000000000e-01
3.492500000000003268e+01,5.000000000000000000e-01
3.492600000000003035e+01,5.000000000000000000e-01
3.492700000000003513e+01,5.000000000000000000e-01
3.492800000000003280e+01,5.000000000000000000e-01
3.492900000000003047e+01,5.000000000000000000e-01
3.493000000000003524e+01,5.000000000000000000e-01
3.493100000000003291e+01,5.000000000000000000e-01
3.493200000000003058e+01,5.000000000000000000e-01
3.493300000000003536e+01,5.000000000000000000e-01
3.493400000000003303e+01,5.000000000000000000e-01
3.493500000000003070e+01,5.000000000000000000e-01
3.493600000000003547e+01,5.000000000000000000e-01
3.493700000000003314e+01,5.000000000000000000e-01
3.493800000000003081e+01,5.000000000000000000e-01
3.493900000000003558e+01,5.000000000000000000e-01
3.494000000000003325e+01,5.000000000000000000e-01
3.494100000000003092e+01,5.000000000000000000e-01
3.494200000000003570e+01,5.000000000000000000e-01
3.494300000000003337e+01,5.000000000000000000e-01
3.494400000000003104e+01,5.000000000000000000e-01
3.494500000000003581e+01,5.000000000000000000e-01
3.494600000000003348e+01,5.000000000000000000e-01
3.494700000000003115e+01,5.000000000000000000e-01
3.494800000000003593e+01,5.000000000000000000e-01
3.494900000000003359e+01,5.000000000000000000e-01
3.495000000000003126e+01,5.000000000000000000e-01
3.495100000000003604e+01,5.000000000000000000e-01
3.495200000000003371e+01,5.000000000000000000e-01
3.495300000000003138e+01,5.000000000000000000e-01
3.495400000000003615e+01,5.000000000000000000e-01
3.495500000000003382e+01,5.000000000000000000e-01
3.495600000000003149e+01,5.000000000000000000e-01
3.495700000000002916e+01,5.000000000000000000e-01
3.495800000000003394e+01,5.000000000000000000e-01
3.495900000000003160e+01,5.000000000000000000e-01
3.496000000000002927e+01,5.000000000000000000e-01
3.496100000000003405e+01,5.000000000000000000e-01
3.496200000000003172e+01,5.000000000000000000e-01
3.496300000000002939e+01,5.000000000000000000e-01
3.496400000000003416e+01,5.000000000000000000e-01
3.496500000000003183e+01,5.000000000000000000e-01
3.496600000000002950e+01,5.000000000000000000e-01
3.496700000000003428e+01,5.000000000000000000e-01
3.496800000000003195e+01,5.000000000000000000e-01
3.496900000000002962e+01,5.000000000000000000e-01
3.497000000000003439e+01,5.000000000000000000e-01
3.497100000000003206e+01,5.000000000000000000e-01
3.497200000000002973e+01,5.000000000000000000e-01
3.497300000000003450e+01,5.000000000000000000e-01
3.497400000000003217e+01,5.000000000000000000e-01
3.497500000000002984e+01,5.000000000000000000e-01
3.497600000000003462e+01,5.000000000000000000e-01
3.497700000000003229e+01,5.000000000000000000e-01
3.497800000000002996e+01,5.000000000000000000e-01
3.497900000000003473e+01,5.000000000000000000e-01
3.498000000000003240e+01,5.000000000000000000e-01
3.498100000000003007e+01,5.000000000000000000e-01
3.498200000000003485e+01,5.000000000000000000e-01
3.498300000000003251e+01,5.000000000000000000e-01
3.498400000000003018e+01,5.000000000000000000e-01
3.498500000000003496e+01,5.000000000000000000e-01
3.498600000000003263e+01,5.000000000000000000e-01
3.498700000000003030e+01,5.000000000000000000e-01
3.498800000000003507e+01,5.000000000000000000e-01
3.498900000000003274e+01,5.000000000000000000e-01
3.499000000000003041e+01,5.000000000000000000e-01
3.499100000000003519e+01,5.000000000000000000e-01
3.499200000000003286e+01,5.000000000000000000e-01
3.499300000000003052e+01,5.000000000000000000e-01
3.499400000000003530e+01,5.000000000000000000e-01
3.499500000000003297e+01,5.000000000000000000e-01
3.499600000000003064e+01,5.000000000000000000e-01
3.499700000000003541e+01,5.000000000000000000e-01
3.499800000000003308e+01,5.000000000000000000e-01
3.499900000000003075e+01,5.000000000000000000e-01
3.500000000000003553e+01,5.000000000000000000e-01
3.500100000000003320e+01,5.000000000000000000e-01
3.500200000000003087e+01,5.000000000000000000e-01
3.500300000000003564e+01,5.000000000000000000e-01
3.500400000000003331e+01,5.000000000000000000e-01
3.500500000000003098e+01,5.000000000000000000e-01
3.500600000000003575e+01,5.000000000000000000e-01
3.500700000000003342e+01,5.000000000000000000e-01
3.500800000000003109e+01,5.000000000000000000e-01
3.500900000000003587e+01,5.000000000000000000e-01
3.501000000000003354e+01,5.000000000000000000e-01
3.501100000000003121e+01,5.000000000000000000e-01
3.501200000000003598e+01,5.000000000000000000e-01
3.501300000000003365e+01,5.000000000000000000e-01
3.501400000000003132e+01,5.000000000000000000e-01
3.501500000000003610e+01,5.000000000000000000e-01
3.501600000000003376e+01,5.000000000000000000e-01
3.501700000000003143e+01,5.000000000000000000e-01
3.501800000000003621e+01,5.000000000000000000e-01
3.501900000000003388e+01,5.000000000000000000e-01
3.502000000000003155e+01,5.000000000000000000e-01
3.502100000000003632e+01,5.000000000000000000e-01
3.502200000000003399e+01,5.000000000000000000e-01
3.502300000000003166e+01,5.000000000000000000e-01
3.502400000000002933e+01,5.000000000000000000e-01
3.502500000000003411e+01,5.000000000000000000e-01
3.502600000000003178e+01,5.000000000000000000e-01
3.502700000000002944e+01,5.000000000000000000e-01
3.502800000000003422e+01,5.000000000000000000e-01
3.502900000000003189e+01,5.000000000000000000e-01
3.503000000000002956e+01,5.000000000000000000e-01
3.503100000000003433e+01,5.000000000000000000e-01
3.503200000000003200e+01,5.000000000000000000e-01
3.503300000000002967e+01,5.000000000000000000e-01
3.503400000000003445e+01,5.000000000000000000e-01
3.503500000000003212e+01,5.000000000000000000e-01
3.503600000000002979e+01,5.000000000000000000e-01
3.503700000000003456e+01,5.000000000000000000e-01
3.503800000000003223e+01,5.000000000000000000e-01
3.503900000000002990e+01,5.000000000000000000e-01
3.504000000000003467e+01,5.000000000000000000e-01
3.504100000000003234e+01,5.000000000000000000e-01
3.504200000000003001e+01,5.000000000000000000e-01
3.504300000000003479e+01,5.000000000000000000e-01
3.504400000000003246e+01,5.000000000000000000e-01
3.504500000000003013e+01,5.000000000000000000e-01
3.504600000000003490e+01,5.000000000000000000e-01
3.504700000000003257e+01,5.000000000000000000e-01
3.504800000000003024e+01,5.000000000000000000e-01
3.504900000000003502e+01,5.000000000000000000e-01
3.505000000000003268e+01,5.000000000000000000e-01
3.505100000000003035e+01,5.000000000000000000e-01
3.505200000000003513e+01,5.000000000000000000e-01
3.505300000000003280e+01,5.000000000000000000e-01
3.505400000000003047e+01,5.000000000000000000e-01
3.505500000000003524e+01,5.000000000000000000e-01
3.505600000000003291e+01,5.000000000000000000e-01
3.505700000000003058e+01,5.000000000000000000e-01
3.505800000000003536e+01,5.000000000000000000e-01
3.505900000000003303e+01,5.000000000000000000e-01
3.506000000000003070e+01,5.000000000000000000e-01
3.506100000000003547e+01,5.000000000000000000e-01
3.506200000000003314e+01,5.000000000000000000e-01
3.506300000000003081e+01,5.000000000000000000e-01
3.506400000000003558e+01,5.000000000000000000e-01
3.506500000000003325e+01,5.000000000000000000e-01
3.506600000000003092e+01,5.000000000000000000e-01
3.506700000000003570e+01,5.000000000000000000e-01
3.506800000000003337e+01,5.000000000000000000e-01
3.506900000000003104e+01,5.000000000000000000e-01
3.507000000000003581e+01,5.000000000000000000e-01
3.507100000000003348e+01,5.000000000000000000e-01
3.507200000000003115e+01,5.000000000000000000e-01
3.507300000000003593e+01,5.000000000000000000e-01
3.507400000000003359e+01,5.000000000000000000e-01
3.507500000000003126e+01,5.000000000000000000e-01
3.507600000000003604e+01,5.000000000000000000e-01
3.507700000000003371e+01,5.000000000000000000e-01
3.507800000000003138e+01,5.000000000000000000e-01
3.507900000000003615e+01,5.000000000000000000e-01
3.508000000000003382e+01,5.000000000000000000e-01
3.508100000000003149e+01,5.000000000000000000e-01
3.508200000000003627e+01,5.000000000000000000e-01
3.508300000000003394e+01,5.000000000000000000e-01
3.508400000000003160e+01,5.000000000000000000e-01
3.508500000000002927e+01,5.000000000000000000e-01
3.508600000000003405e+01,5.000000000000000000e-01
3.508700000000003172e+01,5.000000000000000000e-01
3.508800000000002939e+01,5.000000000000000000e-01
3.508900000000003416e+01,5.000000000000000000e-01
3.509000000000003183e+01,5.000000000000000000e-01
3.509100000000002950e+01,5.000000000000000000e-01
3.509200000000003428e+01,5.000000000000000000e-01
3.509300000000003195e+01,5.000000000000000000e-01
3.509400000000002962e+01,5.000000000000000000e-01
3.509500000000003439e+01,5.000000000000000000e-01
3.509600000000003206e+01,5.000000000000000000e-01
3.509700000000002973e+01,5.000000000000000000e-01
3.509800000000003450e+01,5.000000000000000000e-01
3.509900000000003217e+01,5.000000000000000000e-01
3.510000000000002984e+01,5.000000000000000000e-01
3.510100000000003462e+01,5.000000000000000000e-01
3.510200000000003229e+01,5.000000000000000000e-01
3.510300000000002996e+01,5.000000000000000000e-01
3.510400000000003473e+01,5.000000000000000000e-01
3.510500000000003240e+01,5.000000000000000000e-01
3.510600000000003007e+01,5.000000000000000000e-01
3.510700000000003485e+01,5.000000000000000000e-01
3.510800000000003251e+01,5.000000000000000000e-01
3.510900000000003018e+01,5.000000000000000000e-01
3.511000000000003496e+01,5.000000000000000000e-01
3.511100000000003263e+01,5.000000000000000000e-01
3.511200000000003030e+01,5.000000000000000000e-01
3.511300000000003507e+01,5.000000000000000000e-01
3.511400000000003274e+01,5.000000000000000000e-01
3.511500000000003041e+01,5.000000000000000000e-01
3.511600000000003519e+01,5.000000000000000000e-01
3.511700000000003286e+01,5.000000000000000000e-01
3.511800000000003052e+01,5.000000000000000000e-01
3.511900000000003530e+01,5.000000000000000000e-01
3.512000000000003297e+01,5.000000000000000000e-01
3.512100000000003064e+01,5.000000000000000000e-01
3.512200000000003541e+01,5.000000000000000000e-01
3.512300000000003308e+01,5.000000000000000000e-01
3.512400000000003075e+01,5.000000000000000000e-01
3.512500000000003553e+01,5.000000000000000000e-01
3.512600000000003320e+01,5.000000000000000000e-01
3.512700000000003087e+01,5.000000000000000000e-01
3.512800000000003564e+01,5.000000000000000000e-01
3.512900000000003331e+01,5.000000000000000000e-01
3.513000000000003098e+01,5.000000000000000000e-01
3.513100000000003575e+01,5.000000000000000000e-01
3.513200000000003342e+01,5.000000000000000000e-01
3.513300000000003109e+01,5.000000000000000000e-01
3.513400000000003587e+01,5.000000000000000000e-01
3.513500000000003354e+01,5.000000000000000000e-01
3.513600000000003121e+01,5.000000000000000000e-01
3.513700000000003598e+01,5.000000000000000000e-01
3.513800000000003365e+01,5.000000000000000000e-01
3.513900000000003132e+01,5.000000000000000000e-01
3.514000000000003610e+01,5.000000000000000000e-01
3.514100000000003376e+01,5.000000000000000000e-01
3.514200000000003143e+01,5.000000000000000000e-01
3.514300000000003621e+01,5.000000000000000000e-01
3.514400000000003388e+01,5.000000000000000000e-01
3.514500000000003155e+01,5.000000000000000000e-01
3.514600000000003632e+01,5.000000000000000000e-01
3.514700000000003399e+01,5.000000000000000000e-01
3.514800000000003166e+01,5.000000000000000000e-01
3.514900000000003644e+01,5.000000000000000000e-01
3.515000000000003411e+01,5.000000000000000000e-01
3.515100000000003178e+01,5.000000000000000000e-01
3.515200000000002944e+01,5.000000000000000000e-01
3.515300000000003422e+01,5.000000000000000000e-01
3.515400000000003189e+01,5.000000000000000000e-01
3.515500000000002956e+01,5.000000000000000000e-01
3.515600000000003433e+01,5.000000000000000000e-01
3.515700000000003200e+01,5.000000000000000000e-01
3.515800000000002967e+01,5.000000000000000000e-01
3.515900000000003445e+01,5.000000000000000000e-01
3.516000000000003212e+01,5.000000000000000000e-01
3.516100000000002979e+01,5.000000000000000000e-01
3.516200000000003456e+01,5.000000000000000000e-01
3.516300000000003223e+01,5.000000000000000000e-01
3.516400000000002990e+01,5.000000000000000000e-01
3.516500000000003467e+01,5.000000000000000000e-01
3.516600000000003234e+01,5.000000000000000000e-01
3.516700000000003001e+01,5.000000000000000000e-01
3.516800000000003479e+01,5.000000000000000000e-01
3.516900000000003246e+01,5.000000000000000000e-01
3.517000000000003013e+01,5.000000000000000000e-01
3.517100000000003490e+01,5.000000000000000000e-01
3.517200000000003257e+01,5.000000000000000000e-01
3.517300000000003024e+01,5.000000000000000000e-01
3.517400000000003502e+01,5.000000000000000000e-01
3.517500000000003268e+01,5.000000000000000000e-01
3.517600000000003035e+01,5.000000000000000000e-01
3.517700000000003513e+01,5.000000000000000000e-01
3.517800000000003280e+01,5.000000000000000000e-01
3.517900000000003047e+01,5.000000000000000000e-01
3.518000000000003524e+01,5.000000000000000000e-01
3.518100000000003291e+01,5.000000000000000000e-01
3.518200000000003058e+01,5.000000000000000000e-01
3.518300000000003536e+01,5.000000000000000000e-01
3.518400000000003303e+01,5.000000000000000000e-01
3.518500000000003070e+01,5.000000000000000000e-01
3.518600000000003547e+01,5.000000000000000000e-01
3.518700000000003314e+01,5.000000000000000000e-01
3.518800000000003081e+01,5.000000000000000000e-01
3.518900000000003558e+01,5.000000000000000000e-01
3.519000000000003325e+01,5.000000000000000000e-01
3.519100000000003092e+01,5.000000000000000000e-01
3.519200000000003570e+01,5.000000000000000000e-01
3.519300000000003337e+01,5.000000000000000000e-01
3.519400000000003104e+01,5.000000000000000000e-01
3.519500000000003581e+01,5.000000000000000000e-01
3.519600000000003348e+01,5.000000000000000000e-01
3.519700000000003115e+01,5.000000000000000000e-01
3.519800000000003593e+01,5.000000000000000000e-01
3.519900000000003359e+01,5.000000000000000000e-01
3.520000000000003126e+01,5.000000000000000000e-01
3.520100000000003604e+01,5.000000000000000000e-01
3.520200000000003371e+01,5.000000000000000000e-01
3.520300000000003138e+01,5.000000000000000000e-01
3.520400000000003615e+01,5.000000000000000000e-01
3.520500000000003382e+01,5.000000000000000000e-01
3.520600000000003149e+01,5.000000000000000000e-01
3.520700000000003627e+01,5.000000000000000000e-01
3.520800000000003394e+01,5.000000000000000000e-01
3.520900000000003160e+01,5.000000000000000000e-01
3.521000000000003638e+01,5.000000000000000000e-01
3.521100000000003405e+01,5.000000000000000000e-01
3.521200000000003172e+01,5.000000000000000000e-01
3.521300000000002939e+01,5.000000000000000000e-01
3.521400000000003416e+01,5.000000000000000000e-01
3.521500000000003183e+01,5.000000000000000000e-01
3.521600000000002950e+01,5.000000000000000000e-01
3.521700000000003428e+01,5.000000000000000000e-01
3.521800000000003195e+01,5.000000000000000000e-01
3.521900000000002962e+01,5.000000000000000000e-01
3.522000000000003439e+01,5.000000000000000000e-01
3.522100000000003206e+01,5.000000000000000000e-01
3.522200000000002973e+01,5.000000000000000000e-01
3.522300000000003450e+01,5.000000000000000000e-01
3.522400000000003217e+01,5.000000000000000000e-01
3.522500000000002984e+01,5.000000000000000000e-01
3.522600000000003462e+01,5.000000000000000000e-01
3.522700000000003229e+01,5.000000000000000000e-01
3.522800000000002996e+01,5.000000000000000000e-01
3.522900000000003473e+01,5.000000000000000000e-01
3.523000000000003240e+01,5.000000000000000000e-01
3.523100000000003007e+01,5.000000000000000000e-01
3.523200000000003485e+01,5.000000000000000000e-01
3.523300000000003251e+01,5.000000000000000000e-01
3.523400000000003018e+01,5.000000000000000000e-01
3.523500000000003496e+01,5.000000000000000000e-01
3.523600000000003263e+01,5.000000000000000000e-01
3.523700000000003030e+01,5.000000000000000000e-01
3.523800000000003507e+01,5.000000000000000000e-01
3.523900000000003274e+01,5.000000000000000000e-01
3.524000000000003041e+01,5.000000000000000000e-01
3.524100000000003519e+01,5.000000000000000000e-01
3.524200000000003286e+01,5.000000000000000000e-01
3.524300000000003052e+01,5.000000000000000000e-01
3.524400000000003530e+01,5.000000000000000000e-01
3.524500000000003297e+01,5.000000000000000000e-01
3.524600000000003064e+01,5.000000000000000000e-01
3.524700000000003541e+01,5.000000000000000000e-01
3.524800000000003308e+01,5.000000000000000000e-01
3.524900000000003075e+01,5.000000000000000000e-01
3.525000000000003553e+01,5.000000000000000000e-01
3.525100000000003320e+01,5.000000000000000000e-01
3.525200000000003087e+01,5.000000000000000000e-01
3.525300000000003564e+01,5.000000000000000000e-01
3.525400000000003331e+01,5.000000000000000000e-01
3.525500000000003098e+01,5.000000000000000000e-01
3.525600000000003575e+01,5.000000000000000000e-01
3.525700000000003342e+01,5.000000000000000000e-01
3.525800000000003109e+01,5.000000000000000000e-01
3.525900000000003587e+01,5.000000000000000000e-01
3.526000000000003354e+01,5.000000000000000000e-01
3.526100000000003121e+01,5.000000000000000000e-01
3.526200000000003598e+01,5.000000000000000000e-01
3.526300000000003365e+01,5.000000000000000000e-01
3.526400000000003132e+01,5.000000000000000000e-01
3.526500000000003610e+01,5.000000000000000000e-01
3.526600000000003376e+01,5.000000000000000000e-01
3.526700000000003143e+01,5.000000000000000000e-01
3.526800000000003621e+01,5.000000000000000000e-01
3.526900000000003388e+01,5.000000000000000000e-01
3.527000000000003155e+01,5.000000000000000000e-01
3.527100000000003632e+01,5.000000000000000000e-01
3.527200000000003399e+01,5.000000000000000000e-01
3.527300000000003166e+01,5.000000000000000000e-01
3.527400000000003644e+01,5.000000000000000000e-01
3.527500000000003411e+01,5.000000000000000000e-01
3.527600000000003178e+01,5.000000000000000000e-01
3.527700000000003655e+01,5.000000000000000000e-01
3.527800000000003422e+01,5.000000000000000000e-01
3.527900000000003189e+01,5.000000000000000000e-01
3.528000000000002956e+01,5.000000000000000000e-01
3.528100000000003433e+01,5.000000000000000000e-01
3.528200000000003200e+01,5.000000000000000000e-01
3.528300000000002967e+01,5.000000000000000000e-01
3.528400000000003445e+01,5.000000000000000000e-01
3.528500000000003212e+01,5.000000000000000000e-01
3.528600000000002979e+01,5.000000000000000000e-01
3.528700000000003456e+01,5.000000000000000000e-01
3.528800000000003223e+01,5.000000000000000000e-01
3.528900000000002990e+01,5.000000000000000000e-01
3.529000000000003467e+01,5.000000000000000000e-01
3.529100000000003234e+01,5.000000000000000000e-01
3.529200000000003001e+01,5.000000000000000000e-01
3.529300000000003479e+01,5.000000000000000000e-01
3.529400000000003246e+01,5.000000000000000000e-01
3.529500000000003013e+01,5.000000000000000000e-01
3.529600000000003490e+01,5.000000000000000000e-01
3.529700000000003257e+01,5.000000000000000000e-01
3.529800000000003024e+01,5.000000000000000000e-01
3.529900000000003502e+01,5.000000000000000000e-01
3.530000000000003268e+01,5.000000000000000000e-01
3.530100000000003035e+01,5.000000000000000000e-01
3.530200000000003513e+01,5.000000000000000000e-01
3.530300000000003280e+01,5.000000000000000000e-01
3.530400000000003047e+01,5.000000000000000000e-01
3.530500000000003524e+01,5.000000000000000000e-01
3.530600000000003291e+01,5.000000000000000000e-01
3.530700000000003058e+01,5.000000000000000000e-01
3.530800000000003536e+01,5.000000000000000000e-01
3.530900000000003303e+01,5.000000000000000000e-01
3.531000000000003070e+01,5.000000000000000000e-01
3.531100000000003547e+01,5.000000000000000000e-01
3.531200000000003314e+01,5.000000000000000000e-01
3.531300000000003081e+01,5.000000000000000000e-01
3.531400000000003558e+01,5.000000000000000000e-01
3.531500000000003325e+01,5.000000000000000000e-01
3.531600000000003092e+01,5.000000000000000000e-01
3.531700000000003570e+01,5.000000000000000000e-01
3.531800000000003337e+01,5.000000000000000000e-01
3.531900000000003104e+01,5.000000000000000000e-01
3.532000000000003581e+01,5.000000000000000000e-01
3.532100000000003348e+01,5.000000000000000000e-01
3.532200000000003115e+01,5.000000000000000000e-01
3.532300000000003593e+01,5.000000000000000000e-01
3.532400000000003359e+01,5.000000000000000000e-01
3.532500000000003126e+01,5.000000000000000000e-01
3.532600000000003604e+01,5.000000000000000000e-01
3.532700000000003371e+01,5.000000000000000000e-01
3.532800000000003138e+01,5.000000000000000000e-01
3.532900000000003615e+01,5.000000000000000000e-01
3.533000000000003382e+01,5.000000000000000000e-01
3.533100000000003149e+01,5.000000000000000000e-01
3.533200000000003627e+01,5.000000000000000000e-01
3.533300000000003394e+01,5.000000000000000000e-01
3.533400000000003160e+01,5.000000000000000000e-01
3.533500000000003638e+01,5.000000000000000000e-01
3.533600000000003405e+01,5.000000000000000000e-01
3.533700000000003172e+01,5.000000000000000000e-01
3.533800000000003649e+01,5.000000000000000000e-01
3.533900000000003416e+01,5.000000000000000000e-01
3.534000000000003183e+01,5.000000000000000000e-01
3.534100000000002950e+01,5.000000000000000000e-01
3.534200000000003428e+01,5.000000000000000000e-01
3.534300000000003195e+01,5.000000000000000000e-01
3.534400000000002962e+01,5.000000000000000000e-01
3.534500000000003439e+01,5.000000000000000000e-01
3.534600000000003206e+01,5.000000000000000000e-01
3.534700000000002973e+01,5.000000000000000000e-01
3.534800000000003450e+01,5.000000000000000000e-01
3.534900000000003217e+01,5.000000000000000000e-01
3.535000000000002984e+01,5.000000000000000000e-01
3.535100000000003462e+01,5.000000000000000000e-01
3.535200000000003229e+01,5.000000000000000000e-01
3.535300000000002996e+01,5.000000000000000000e-01
3.535400000000003473e+01,5.000000000000000000e-01
3.535500000000003240e+01,5.000000000000000000e-01
3.535600000000003007e+01,5.000000000000000000e-01
3.535700000000003485e+01,5.000000000000000000e-01
3.535800000000003251e+01,5.000000000000000000e-01
3.535900000000003018e+01,5.000000000000000000e-01
3.536000000000003496e+01,5.000000000000000000e-01
3.536100000000003263e+01,5.000000000000000000e-01
3.536200000000003030e+01,5.000000000000000000e-01
3.536300000000003507e+01,5.000000000000000000e-01
3.536400000000003274e+01,5.000000000000000000e-01
3.536500000000003041e+01,5.000000000000000000e-01
3.536600000000003519e+01,5.000000000000000000e-01
3.536700000000003286e+01,5.000000000000000000e-01
3.536800000000003052e+01,5.000000000000000000e-01
3.536900000000003530e+01,5.000000000000000000e-01
3.537000000000003297e+01,5.000000000000000000e-01
3.537100000000003064e+01,5.000000000000000000e-01
3.537200000000003541e+01,5.000000000000000000e-01
3.537300000000003308e+01,5.000000000000000000e-01
3.537400000000003075e+01,5.000000000000000000e-01
3.537500000000003553e+01,5.000000000000000000e-01
3.537600000000003320e+01,5.000000000000000000e-01
3.537700000000003087e+01,5.000000000000000000e-01
3.537800000000003564e+01,5.000000000000000000e-01
3.537900000000003331e+01,5.000000000000000000e-01
3.538000000000003098e+01,5.000000000000000000e-01
3.538100000000003575e+01,5.000000000000000000e-01
3.538200000000003342e+01,5.000000000000000000e-01
3.538300000000003109e+01,5.000000000000000000e-01
3.538400000000003587e+01,5.000000000000000000e-01
3.538500000000003354e+01,5.000000000000000000e-01
3.538600000000003121e+01,5.000000000000000000e-01
3.538700000000003598e+01,5.000000000000000000e-01
3.538800000000003365e+01,5.000000000000000000e-01
3.538900000000003132e+01,5.000000000000000000e-01
3.539000000000003610e+01,5.000000000000000000e-01
3.539100000000003376e+01,5.000000000000000000e-01
3.539200000000003143e+01,5.000000000000000000e-01
3.539300000000003621e+01,5.000000000000000000e-01
3.539400000000003388e+01,5.000000000000000000e-01
3.539500000000003155e+01,5.000000000000000000e-01
3.539600000000003632e+01,5.000000000000000000e-01
3.539700000000003399e+01,5.000000000000000000e-01
3.539800000000003166e+01,5.000000000000000000e-01
3.539900000000003644e+01,5.000000000000000000e-01
3.540000000000003411e+01,5.000000000000000000e-01
3.540100000000003178e+01,5.000000000000000000e-01
3.540200000000003655e+01,5.000000000000000000e-01
3.540300000000003422e+01,5.000000000000000000e-01
3.540400000000003189e+01,5.000000000000000000e-01
3.540500000000003666e+01,5.000000000000000000e-01
3.540600000000003433e+01,5.000000000000000000e-01
3.540700000000003200e+01,5.000000000000000000e-01
3.540800000000002967e+01,5.000000000000000000e-01
3.540900000000003445e+01,5.000000000000000000e-01
3.541000000000003212e+01,5.000000000000000000e-01
3.541100000000002979e+01,5.000000000000000000e-01
3.541200000000003456e+01,5.000000000000000000e-01
3.541300000000003223e+01,5.000000000000000000e-01
3.541400000000002990e+01,5.000000000000000000e-01
3.541500000000003467e+01,5.000000000000000000e-01
3.541600000000003234e+01,5.000000000000000000e-01
3.541700000000003001e+01,5.000000000000000000e-01
3.541800000000003479e+01,5.000000000000000000e-01
3.541900000000003246e+01,5.000000000000000000e-01
3.542000000000003013e+01,5.000000000000000000e-01
3.542100000000003490e+01,5.000000000000000000e-01
3.542200000000003257e+01,5.000000000000000000e-01
3.542300000000003024e+01,5.000000000000000000e-01
3.542400000000003502e+01,5.000000000000000000e-01
3.542500000000003268e+01,5.000000000000000000e-01
3.542600000000003035e+01,5.000000000000000000e-01
3.542700000000003513e+01,5.000000000000000000e-01
3.542800000000003280e+01,5.000000000000000000e-01
3.542900000000003047e+01,5.000000000000000000e-01
3.543000000000003524e+01,5.000000000000000000e-01
3.543100000000003291e+01,5.000000000000000000e-01
3.543200000000003058e+01,5.000000000000000000e-01
3.543300000000003536e+01,5.000000000000000000e-01
3.543400000000003303e+01,5.000000000000000000e-01
3.543500000000003070e+01,5.000000000000000000e-01
3.543600000000003547e+01,5.000000000000000000e-01
3.543700000000003314e+01,5.000000000000000000e-01
3.543800000000003081e+01,5.000000000000000000e-01
3.543900000000003558e+01,5.000000000000000000e-01
3.544000000000003325e+01,5.000000000000000000e-01
3.544100000000003092e+01,5.000000000000000000e-01
3.544200000000003570e+01,5.000000000000000000e-01
3.544300000000003337e+01,5.000000000000000000e-01
3.544400000000003104e+01,5.000000000000000000e-01
3.544500000000003581e+01,5.000000000000000000e-01
3.544600000000003348e+01,5.000000000000000000e-01
3.544700000000003115e+01,5.000000000000000000e-01
3.544800000000003593e+01,5.000000000000000000e-01
3.544900000000003359e+01,5.000000000000000000e-01
3.545000000000003126e+01,5.000000000000000000e-01
3.545100000000003604e+01,5.000000000000000000e-01
3.545200000000003371e+01,5.000000000000000000e-01
3.545300000000003138e+01,5.000000000000000000e-01
3.545400000000003615e+01,5.000000000000000000e-01
3.545500000000003382e+01,5.000000000000000000e-01
3.545600000000003149e+01,5.000000000000000000e-01
3.545700000000003627e+01,5.000000000000000000e-01
3.545800000000003394e+01,5.000000000000000000e-01
3.545900000000003160e+01,5.000000000000000000e-01
3.546000000000003638e+01,5.000000000000000000e-01
3.546100000000003405e+01,5.000000000000000000e-01
3.546200000000003172e+01,5.000000000000000000e-01
3.546300000000003649e+01,5.000000000000000000e-01
3.546400000000003416e+01,5.000000000000000000e-01
3.546500000000003183e+01,5.000000000000000000e-01
3.546600000000003661e+01,5.000000000000000000e-01
3.546700000000003428e+01,5.000000000000000000e-01
3.546800000000003195e+01,5.000000000000000000e-01
3.546900000000002962e+01,5.000000000000000000e-01
3.547000000000003439e+01,5.000000000000000000e-01
3.547100000000003206e+01,5.000000000000000000e-01
3.547200000000002973e+01,5.000000000000000000e-01
3.547300000000003450e+01,5.000000000000000000e-01
3.547400000000003217e+01,5.000000000000000000e-01
3.547500000000002984e+01,5.000000000000000000e-01
3.547600000000003462e+01,5.000000000000000000e-01
3.547700000000003229e+01,5.000000000000000000e-01
3.547800000000002996e+01,5.000000000000000000e-01
3.547900000000003473e+01,5.000000000000000000e-01
3.548000000000003240e+01,5.000000000000000000e-01
3.548100000000003007e+01,5.000000000000000000e-01
3.548200000000003485e+01,5.000000000000000000e-01
3.548300000000003251e+01,5.000000000000000000e-01
3.548400000000003018e+01,5.000000000000000000e-01
3.548500000000003496e+01,5.000000000000000000e-01
3.548600000000003263e+01,5.000000000000000000e-01
3.548700000000003030e+01,5.000000000000000000e-01
3.548800000000003507e+01,5.000000000000000000e-01
3.548900000000003274e+01,5.000000000000000000e-01
3.549000000000003041e+01,5.000000000000000000e-01
3.549100000000003519e+01,5.000000000000000000e-01
3.549200000000003286e+01,5.000000000000000000e-01
3.549300000000003052e+01,5.000000000000000000e-01
3.549400000000003530e+01,5.000000000000000000e-01
3.549500000000003297e+01,5.000000000000000000e-01
3.549600000000003064e+01,5.000000000000000000e-01
3.549700000000003541e+01,5.000000000000000000e-01
3.549800000000003308e+01,5.000000000000000000e-01
3.549900000000003075e+01,5.000000000000000000e-01
3.550000000000003553e+01,5.000000000000000000e-01
3.550100000000003320e+01,5.000000000000000000e-01
3.550200000000003087e+01,5.000000000000000000e-01
3.550300000000003564e+01,5.000000000000000000e-01
3.550400000000003331e+01,5.000000000000000000e-01
3.550500000000003098e+01,5.000000000000000000e-01
3.550600000000003575e+01,5.000000000000000000e-01
3.550700000000003342e+01,5.000000000000000000e-01
3.550800000000003109e+01,5.000000000000000000e-01
3.550900000000003587e+01,5.000000000000000000e-01
3.551000000000003354e+01,5.000000000000000000e-01
3.551100000000003121e+01,5.000000000000000000e-01
3.551200000000003598e+01,5.000000000000000000e-01
3.551300000000003365e+01,5.000000000000000000e-01
3.551400000000003132e+01,5.000000000000000000e-01
3.551500000000003610e+01,5.000000000000000000e-01
3.551600000000003376e+01,5.000000000000000000e-01
3.551700000000003143e+01,5.000000000000000000e-01
3.551800000000003621e+01,5.000000000000000000e-01
3.551900000000003388e+01,5.000000000000000000e-01
3.552000000000003155e+01,5.000000000000000000e-01
3.552100000000003632e+01,5.000000000000000000e-01
3.552200000000003399e+01,5.000000000000000000e-01
3.552300000000003166e+01,5.000000000000000000e-01
3.552400000000003644e+01,5.000000000000000000e-01
3.552500000000003411e+01,5.000000000000000000e-01
3.552600000000003178e+01,5.000000000000000000e-01
3.552700000000003655e+01,5.000000000000000000e-01
3.552800000000003422e+01,5.000000000000000000e-01
3.552900000000003189e+01,5.000000000000000000e-01
3.553000000000003666e+01,5.000000000000000000e-01
3.553100000000003433e+01,5.000000000000000000e-01
3.553200000000003200e+01,5.000000000000000000e-01
3.553300000000003678e+01,5.000000000000000000e-01
3.553400000000003445e+01,5.000000000000000000e-01
3.553500000000003212e+01,5.000000000000000000e-01
3.553600000000002979e+01,5.000000000000000000e-01
3.553700000000003456e+01,5.000000000000000000e-01
3.553800000000003223e+01,5.000000000000000000e-01
3.553900000000002990e+01,5.000000000000000000e-01
3.554000000000003467e+01,5.000000000000000000e-01
3.554100000000003234e+01,5.000000000000000000e-01
3.554200000000003001e+01,5.000000000000000000e-01
3.554300000000003479e+01,5.000000000000000000e-01
3.554400000000003246e+01,5.000000000000000000e-01
3.554500000000003013e+01,5.000000000000000000e-01
3.554600000000003490e+01,5.000000000000000000e-01
3.554700000000003257e+01,5.000000000000000000e-01
3.554800000000003024e+01,5.000000000000000000e-01
3.554900000000003502e+01,5.000000000000000000e-01
3.555000000000003268e+01,5.000000000000000000e-01
3.555100000000003035e+01,5.000000000000000000e-01
3.555200000000003513e+01,5.000000000000000000e-01
3.555300000000003280e+01,5.000000000000000000e-01
3.555400000000003047e+01,5.000000000000000000e-01
3.555500000000003524e+01,5.000000000000000000e-01
3.555600000000003291e+01,5.000000000000000000e-01
3.555700000000003058e+01,5.000000000000000000e-01
3.555800000000003536e+01,5.000000000000000000e-01
3.555900000000003303e+01,5.000000000000000000e-01
3.556000000000003070e+01,5.000000000000000000e-01
3.556100000000003547e+01,5.000000000000000000e-01
3.556200000000003314e+01,5.000000000000000000e-01
3.556300000000003081e+01,5.000000000000000000e-01
3.556400000000003558e+01,5.000000000000000000e-01
3.556500000000003325e+01,5.000000000000000000e-01
3.556600000000003092e+01,5.000000000000000000e-01
3.556700000000003570e+01,5.000000000000000000e-01
3.556800000000003337e+01,5.000000000000000000e-01
3.556900000000003104e+01,5.000000000000000000e-01
3.557000000000003581e+01,5.000000000000000000e-01
3.557100000000003348e+01,5.000000000000000000e-01
3.557200000000003115e+01,5.000000000000000000e-01
3.557300000000003593e+01,5.000000000000000000e-01
3.557400000000003359e+01,5.000000000000000000e-01
3.557500000000003126e+01,5.000000000000000000e-01
3.557600000000003604e+01,5.000000000000000000e-01
3.557700000000003371e+01,5.000000000000000000e-01
3.557800000000003138e+01,5.000000000000000000e-01
3.557900000000003615e+01,5.000000000000000000e-01
3.558000000000003382e+01,5.000000000000000000e-01
3.558100000000003149e+01,5.000000000000000000e-01
3.558200000000003627e+01,5.000000000000000000e-01
3.558300000000003394e+01,5.000000000000000000e-01
3.558400000000003160e+01,5.000000000000000000e-01
3.558500000000003638e+01,5.000000000000000000e-01
3.558600000000003405e+01,5.000000000000000000e-01
3.558700000000003172e+01,5.000000000000000000e-01
3.558800000000003649e+01,5.000000000000000000e-01
3.558900000000003416e+01,5.000000000000000000e-01
3.559000000000003183e+01,5.000000000000000000e-01
3.559100000000003661e+01,5.000000000000000000e-01
3.559200000000003428e+01,5.000000000000000000e-01
3.559300000000003195e+01,5.000000000000000000e-01
3.559400000000003672e+01,5.000000000000000000e-01
3.559500000000003439e+01,5.000000000000000000e-01
3.559600000000003206e+01,5.000000000000000000e-01
3.559700000000002973e+01,5.000000000000000000e-01
3.559800000000003450e+01,5.000000000000000000e-01
3.559900000000003217e+01,5.000000000000000000e-01
3.560000000000002984e+01,5.000000000000000000e-01
3.560100000000003462e+01,5.000000000000000000e-01
3.560200000000003229e+01,5.000000000000000000e-01
3.560300000000002996e+01,5.000000000000000000e-01
3.560400000000003473e+01,5.000000000000000000e-01
3.560500000000003240e+01,5.000000000000000000e-01
3.560600000000003007e+01,5.000000000000000000e-01
3.560700000000003485e+01,5.000000000000000000e-01
3.560800000000003251e+01,5.000000000000000000e-01
3.560900000000003018e+01,5.000000000000000000e-01
3.561000000000003496e+01,5.000000000000000000e-01
3.561100000000003263e+01,5.000000000000000000e-01
3.561200000000003030e+01,5.000000000000000000e-01
3.561300000000003507e+01,5.000000000000000000e-01
3.561400000000003274e+01,5.000000000000000000e-01
3.561500000000003041e+01,5.000000000000000000e-01
3.561600000000003519e+01,5.000000000000000000e-01
3.561700000000003286e+01,5.000000000000000000e-01
3.561800000000003052e+01,5.000000000000000000e-01
3.561900000000003530e+01,5.000000000000000000e-01
3.562000000000003297e+01,5.000000000000000000e-01
3.562100000000003064e+01,5.000000000000000000e-01
3.562200000000003541e+01,5.000000000000000000e-01
3.562300000000003308e+01,5.000000000000000000e-01
3.562400000000003075e+01,5.000000000000000000e-01
3.562500000000003553e+01,5.000000000000000000e-01
3.562600000000003320e+01,5.000000000000000000e-01
3.562700000000003087e+01,5.000000000000000000e-01
3.562800000000003564e+01,5.000000000000000000e-01
3.562900000000003331e+01,5.000000000000000000e-01
3.563000000000003098e+01,5.000000000000000000e-01
3.563100000000003575e+01,5.000000000000000000e-01
3.563200000000003342e+01,5.000000000000000000e-01
3.563300000000003109e+01,5.000000000000000000e-01
3.563400000000003587e+01,5.000000000000000000e-01
3.563500000000003354e+01,5.000000000000000000e-01
3.563600000000003121e+01,5.000000000000000000e-01
3.563700000000003598e+01,5.000000000000000000e-01
3.563800000000003365e+01,5.000000000000000000e-01
3.563900000000003132e+01,5.000000000000000000e-01
3.564000000000003610e+01,5.000000000000000000e-01
3.564100000000003376e+01,5.000000000000000000e-01
3.564200000000003143e+01,5.000000000000000000e-01
3.564300000000003621e+01,5.000000000000000000e-01
3.564400000000003388e+01,5.000000000000000000e-01
3.564500000000003155e+01,5.000000000000000000e-01
3.564600000000003632e+01,5.000000000000000000e-01
3.564700000000003399e+01,5.000000000000000000e-01
3.564800000000003166e+01,5.000000000000000000e-01
3.564900000000003644e+01,5.000000000000000000e-01
3.565000000000003411e+01,5.000000000000000000e-01
3.565100000000003178e+01,5.000000000000000000e-01
3.565200000000003655e+01,5.000000000000000000e-01
3.565300000000003422e+01,5.000000000000000000e-01
3.565400000000003189e+01,5.000000000000000000e-01
3.565500000000003666e+01,5.000000000000000000e-01
3.565600000000003433e+01,5.000000000000000000e-01
3.565700000000003200e+01,5.000000000000000000e-01
3.565800000000003678e+01,5.000000000000000000e-01
3.565900000000003445e+01,5.000000000000000000e-01
3.566000000000003212e+01,5.000000000000000000e-01
3.566100000000003689e+01,5.000000000000000000e-01
3.566200000000003456e+01,5.000000000000000000e-01
3.566300000000003223e+01,5.000000000000000000e-01
3.566400000000002990e+01,5.000000000000000000e-01
3.566500000000003467e+01,5.000000000000000000e-01
3.566600000000003234e+01,5.000000000000000000e-01
3.566700000000003001e+01,5.000000000000000000e-01
3.566800000000003479e+01,5.000000000000000000e-01
3.566900000000003246e+01,5.000000000000000000e-01
3.567000000000003013e+01,5.000000000000000000e-01
3.567100000000003490e+01,5.000000000000000000e-01
3.567200000000003257e+01,5.000000000000000000e-01
3.567300000000003024e+01,5.000000000000000000e-01
3.567400000000003502e+01,5.000000000000000000e-01
3.567500000000003268e+01,5.000000000000000000e-01
3.567600000000003035e+01,5.000000000000000000e-01
3.567700000000003513e+01,5.000000000000000000e-01
3.567800000000003280e+01,5.000000000000000000e-01
3.567900000000003047e+01,5.000000000000000000e-01
3.568000000000003524e+01,5.000000000000000000e-01
3.568100000000003291e+01,5.000000000000000000e-01
3.568200000000003058e+01,5.000000000000000000e-01
3.568300000000003536e+01,5.000000000000000000e-01
3.568400000000003303e+01,5.000000000000000000e-01
3.568500000000003070e+01,5.000000000000000000e-01
3.568600000000003547e+01,5.000000000000000000e-01
3.568700000000003314e+01,5.000000000000000000e-01
3.568800000000003081e+01,5.000000000000000000e-01
3.568900000000003558e+01,5.000000000000000000e-01
3.569000000000003325e+01,5.000000000000000000e-01
3.569100000000003092e+01,5.000000000000000000e-01
3.569200000000003570e+01,5.000000000000000000e-01
3.569300000000003337e+01,5.000000000000000000e-01
3.569400000000003104e+01,5.000000000000000000e-01
3.569500000000003581e+01,5.000000000000000000e-01
3.569600000000003348e+01,5.000000000000000000e-01
3.569700000000003115e+01,5.000000000000000000e-01
3.569800000000003593e+01,5.000000000000000000e-01
3.569900000000003359e+01,5.000000000000000000e-01
3.570000000000003126e+01,5.000000000000000000e-01
3.570100000000003604e+01,5.000000000000000000e-01
3.570200000000003371e+01,5.000000000000000000e-01
3.570300000000003138e+01,5.000000000000000000e-01
3.570400000000003615e+01,5.000000000000000000e-01
3.570500000000003382e+01,5.000000000000000000e-01
3.570600000000003149e+01,5.000000000000000000e-01
3.570700000000003627e+01,5.000000000000000000e-01
3.570800000000003394e+01,5.000000000000000000e-01
3.570900000000003160e+01,5.000000000000000000e-01
3.571000000000003638e+01,5.000000000000000000e-01
3.571100000000003405e+01,5.000000000000000000e-01
3.571200000000003172e+01,5.000000000000000000e-01
3.571300000000003649e+01,5.000000000000000000e-01
3.571400000000003416e+01,5.000000000000000000e-01
3.571500000000003183e+01,5.000000000000000000e-01
3.571600000000003661e+01,5.000000000000000000e-01
3.571700000000003428e+01,5.000000000000000000e-01
3.571800000000003195e+01,5.000000000000000000e-01
3.571900000000003672e+01,5.000000000000000000e-01
3.572000000000003439e+01,5.000000000000000000e-01
3.572100000000003206e+01,5.000000000000000000e-01
3.572200000000003683e+01,5.000000000000000000e-01
3.572300000000003450e+01,5.000000000000000000e-01
3.572400000000003217e+01,5.000000000000000000e-01
3.572500000000002984e+01,5.000000000000000000e-01
3.572600000000003462e+01,5.000000000000000000e-01
3.572700000000003229e+01,5.000000000000000000e-01
3.572800000000002996e+01,5.000000000000000000e-01
3.572900000000003473e+01,5.000000000000000000e-01
3.573000000000003240e+01,5.000000000000000000e-01
3.573100000000003007e+01,5.000000000000000000e-01
3.573200000000003485e+01,5.000000000000000000e-01
3.573300000000003251e+01,5.000000000000000000e-01
3.573400000000003018e+01,5.000000000000000000e-01
3.573500000000003496e+01,5.000000000000000000e-01
3.573600000000003263e+01,5.000000000000000000e-01
3.573700000000003030e+01,5.000000000000000000e-01
3.573800000000003507e+01,5.000000000000000000e-01
3.573900000000003274e+01,5.000000000000000000e-01
3.574000000000003041e+01,5.000000000000000000e-01
3.574100000000003519e+01,5.000000000000000000e-01
3.574200000000003286e+01,5.000000000000000000e-01
3.574300000000003052e+01,5.000000000000000000e-01
3.574400000000003530e+01,5.000000000000000000e-01
3.574500000000003297e+01,5.000000000000000000e-01
3.574600000000003064e+01,5.000000000000000000e-01
3.574700000000003541e+01,5.000000000000000000e-01
3.574800000000003308e+01,5.000000000000000000e-01
3.574900000000003075e+01,5.000000000000000000e-01
3.575000000000003553e+01,5.000000000000000000e-01
3.575100000000003320e+01,5.000000000000000000e-01
3.575200000000003087e+01,5.000000000000000000e-01
3.575300000000003564e+01,5.000000000000000000e-01
3.575400000000003331e+01,5.000000000000000000e-01
3.575500000000003098e+01,5.000000000000000000e-01
3.575600000000003575e+01,5.000000000000000000e-01
3.575700000000003342e+01,5.000000000000000000e-01
3.575800000000003109e+01,5.000000000000000000e-01
3.575900000000003587e+01,5.000000000000000000e-01
3.576000000000003354e+01,5.000000000000000000e-01
3.576100000000003121e+01,5.000000000000000000e-01
3.576200000000003598e+01,5.000000000000000000e-01
3.576300000000003365e+01,5.000000000000000000e-01
3.576400000000003132e+01,5.000000000000000000e-01
3.576500000000003610e+01,5.000000000000000000e-01
3.576600000000003376e+01,5.000000000000000000e-01
3.576700000000003143e+01,5.000000000000000000e-01
3.576800000000003621e+01,5.000000000000000000e-01
3.576900000000003388e+01,5.000000000000000000e-01
3.577000000000003155e+01,5.000000000000000000e-01
3.577100000000003632e+01,5.000000000000000000e-01
3.577200000000003399e+01,5.000000000000000000e-01
3.577300000000003166e+01,5.000000000000000000e-01
3.577400000000003644e+01,5.000000000000000000e-01
3.577500000000003411e+01,5.000000000000000000e-01
3.577600000000003178e+01,5.000000000000000000e-01
3.577700000000003655e+01,5.000000000000000000e-01
3.577800000000003422e+01,5.000000000000000000e-01
3.577900000000003189e+01,5.000000000000000000e-01
3.578000000000003666e+01,5.000000000000000000e-01
3.578100000000003433e+01,5.000000000000000000e-01
3.578200000000003200e+01,5.000000000000000000e-01
3.578300000000003678e+01,5.000000000000000000e-01
3.578400000000003445e+01,5.000000000000000000e-01
3.578500000000003212e+01,5.000000000000000000e-01
3.578600000000003689e+01,5.000000000000000000e-01
3.578700000000003456e+01,5.000000000000000000e-01
3.578800000000003223e+01,5.000000000000000000e-01
3.578900000000003701e+01,5.000000000000000000e-01
3.579000000000003467e+01,5.000000000000000000e-01
3.579100000000003234e+01,5.000000000000000000e-01
3.579200000000003001e+01,5.000000000000000000e-01
3.579300000000003479e+01,5.000000000000000000e-01
3.579400000000003246e+01,5.000000000000000000e-01
3.579500000000003013e+01,5.000000000000000000e-01
3.579600000000003490e+01,5.000000000000000000e-01
3.579700000000003257e+01,5.000000000000000000e-01
3.579800000000003024e+01,5.000000000000000000e-01
3.579900000000003502e+01,5.000000000000000000e-01
3.580000000000003268e+01,5.000000000000000000e-01
3.580100000000003035e+01,5.000000000000000000e-01
3.580200000000003513e+01,5.000000000000000000e-01
3.580300000000003280e+01,5.000000000000000000e-01
3.580400000000003047e+01,5.000000000000000000e-01
3.580500000000003524e+01,5.000000000000000000e-01
3.580600000000003291e+01,5.000000000000000000e-01
3.580700000000003058e+01,5.000000000000000000e-01
3.580800000000003536e+01,5.000000000000000000e-01
3.580900000000003303e+01,5.000000000000000000e-01
3.581000000000003070e+01,5.000000000000000000e-01
3.581100000000003547e+01,5.000000000000000000e-01
3.581200000000003314e+01,5.000000000000000000e-01
3.581300000000003081e+01,5.000000000000000000e-01
3.581400000000003558e+01,5.000000000000000000e-01
3.581500000000003325e+01,5.000000000000000000e-01
3.581600000000003092e+01,5.000000000000000000e-01
3.581700000000003570e+01,5.000000000000000000e-01
3.581800000000003337e+01,5.000000000000000000e-01
3.581900000000003104e+01,5.000000000000000000e-01
3.582000000000003581e+01,5.000000000000000000e-01
3.582100000000003348e+01,5.000000000000000000e-01
3.582200000000003115e+01,5.000000000000000000e-01
3.582300000000003593e+01,5.000000000000000000e-01
3.582400000000003359e+01,5.000000000000000000e-01
3.582500000000003126e+01,5.000000000000000000e-01
3.582600000000003604e+01,5.000000000000000000e-01
3.582700000000003371e+01,5.000000000000000000e-01
3.582800000000003138e+01,5.000000000000000000e-01
3.582900000000003615e+01,5.000000000000000000e-01
3.583000000000003382e+01,5.000000000000000000e-01
3.583100000000003149e+01,5.000000000000000000e-01
3.583200000000003627e+01,5.000000000000000000e-01
3.583300000000003394e+01,5.000000000000000000e-01
3.583400000000003160e+01,5.000000000000000000e-01
3.583500000000003638e+01,5.000000000000000000e-01
3.583600000000003405e+01,5.000000000000000000e-01
3.583700000000003172e+01,5.000000000000000000e-01
3.583800000000003649e+01,5.000000000000000000e-01
3.583900000000003416e+01,5.000000000000000000e-01
3.584000000000003183e+01,5.000000000000000000e-01
3.584100000000003661e+01,5.000000000000000000e-01
3.584200000000003428e+01,5.000000000000000000e-01
3.584300000000003195e+01,5.000000000000000000e-01
3.584400000000003672e+01,5.000000000000000000e-01
3.584500000000003439e+01,5.000000000000000000e-01
3.584600000000003206e+01,5.000000000000000000e-01
3.584700000000003683e+01,5.000000000000000000e-01
3.584800000000003450e+01,5.000000000000000000e-01
3.584900000000003217e+01,5.000000000000000000e-01
3.585000000000003695e+01,5.000000000000000000e-01
3.585100000000003462e+01,5.000000000000000000e-01
3.585200000000003229e+01,5.000000000000000000e-01
3.585300000000002996e+01,5.000000000000000000e-01
3.585400000000003473e+01,5.000000000000000000e-01
3.585500000000003240e+01,5.000000000000000000e-01
3.585600000000003007e+01,5.000000000000000000e-01
3.585700000000003485e+01,5.000000000000000000e-01
3.585800000000003251e+01,5.000000000000000000e-01
3.585900000000003018e+01,5.000000000000000000e-01
3.586000000000003496e+01,5.000000000000000000e-01
3.586100000000003263e+01,5.000000000000000000e-01
3.586200000000003030e+01,5.000000000000000000e-01
3.586300000000003507e+01,5.000000000000000000e-01
3.586400000000003274e+01,5.000000000000000000e-01
3.586500000000003041e+01,5.000000000000000000e-01
3.586600000000003519e+01,5.000000000000000000e-01
3.586700000000003286e+01,5.000000000000000000e-01
3.586800000000003052e+01,5.000000000000000000e-01
3.586900000000003530e+01,5.000000000000000000e-01
3.587000000000003297e+01,5.000000000000000000e-01
3.587100000000003064e+01,5.000000000000000000e-01
3.587200000000003541e+01,5.000000000000000000e-01
3.587300000000003308e+01,5.000000000000000000e-01
3.587400000000003075e+01,5.000000000000000000e-01
3.587500000000003553e+01,5.000000000000000000e-01
3.587600000000003320e+01,5.000000000000000000e-01
3.587700000000003087e+01,5.000000000000000000e-01
3.587800000000003564e+01,5.000000000000000000e-01
3.587900000000003331e+01,5.000000000000000000e-01
3.588000000000003098e+01,5.000000000000000000e-01
3.588100000000003575e+01,5.000000000000000000e-01
3.588200000000003342e+01,5.000000000000000000e-01
3.588300000000003109e+01,5.000000000000000000e-01
3.588400000000003587e+01,5.000000000000000000e-01
3.588500000000003354e+01,5.000000000000000000e-01
3.588600000000003121e+01,5.000000000000000000e-01
3.588700000000003598e+01,5.000000000000000000e-01
3.588800000000003365e+01,5.000000000000000000e-01
3.588900000000003132e+01,5.000000000000000000e-01
3.589000000000003610e+01,5.000000000000000000e-01
3.589100000000003376e+01,5.000000000000000000e-01
3.589200000000003143e+01,5.000000000000000000e-01
3.589300000000003621e+01,5.000000000000000000e-01
3.589400000000003388e+01,5.000000000000000000e-01
3.589500000000003155e+01,5.000000000000000000e-01
3.589600000000003632e+01,5.000000000000000000e-01
3.589700000000003399e+01,5.000000000000000000e-01
3.589800000000003166e+01,5.000000000000000000e-01
3.589900000000003644e+01,5.000000000000000000e-01
3.590000000000003411e+01,5.000000000000000000e-01
3.590100000000003178e+01,5.000000000000000000e-01
3.590200000000003655e+01,5.000000000000000000e-01
3.590300000000003422e+01,5.000000000000000000e-01
3.590400000000003189e+01,5.000000000000000000e-01
3.590500000000003666e+01,5.000000000000000000e-01
3.590600000000003433e+01,5.000000000000000000e-01
3.590700000000003200e+01,5.000000000000000000e-01
3.590800000000003678e+01,5.000000000000000000e-01
3.590900000000003445e+01,5.000000000000000000e-01
3.591000000000003212e+01,5.000000000000000000e-01
3.591100000000003689e+01,5.000000000000000000e-01
3.591200000000003456e+01,5.000000000000000000e-01
3.591300000000003223e+01,5.000000000000000000e-01
3.591400000000003701e+01,5.000000000000000000e-01
3.591500000000003467e+01,5.000000000000000000e-01
3.591600000000003234e+01,5.000000000000000000e-01
3.591700000000003712e+01,5.000000000000000000e-01
3.591800000000003479e+01,5.000000000000000000e-01
3.591900000000003246e+01,5.000000000000000000e-01
3.592000000000003013e+01,5.000000000000000000e-01
3.592100000000003490e+01,5.000000000000000000e-01
3.592200000000003257e+01,5.000000000000000000e-01
3.592300000000003024e+01,5.000000000000000000e-01
3.592400000000003502e+01,5.000000000000000000e-01
3.592500000000003268e+01,5.000000000000000000e-01
3.592600000000003035e+01,5.000000000000000000e-01
3.592700000000003513e+01,5.000000000000000000e-01
3.592800000000003280e+01,5.000000000000000000e-01
3.592900000000003047e+01,5.000000000000000000e-01
3.593000000000003524e+01,5.000000000000000000e-01
3.593100000000003291e+01,5.000000000000000000e-01
3.593200000000003058e+01,5.000000000000000000e-01
3.593300000000003536e+01,5.000000000000000000e-01
3.593400000000003303e+01,5.000000000000000000e-01
3.593500000000003070e+01,5.000000000000000000e-01
3.593600000000003547e+01,5.000000000000000000e-01
3.593700000000003314e+01,5.000000000000000000e-01
3.593800000000003081e+01,5.000000000000000000e-01
3.593900000000003558e+01,5.000000000000000000e-01
3.594000000000003325e+01,5.000000000000000000e-01
3.594100000000003092e+01,5.000000000000000000e-01
3.594200000000003570e+01,5.000000000000000000e-01
3.594300000000003337e+01,5.000000000000000000e-01
3.594400000000003104e+01,5.000000000000000000e-01
3.594500000000003581e+01,5.000000000000000000e-01
3.594600000000003348e+01,5.000000000000000000e-01
3.594700000000003115e+01,5.000000000000000000e-01
3.594800000000003593e+01,5.000000000000000000e-01
3.594900000000003359e+01,5.000000000000000000e-01
3.595000000000003126e+01,5.000000000000000000e-01
3.595100000000003604e+01,5.000000000000000000e-01
3.595200000000003371e+01,5.000000000000000000e-01
3.595300000000003138e+01,5.000000000000000000e-01
3.595400000000003615e+01,5.000000000000000000e-01
3.595500000000003382e+01,5.000000000000000000e-01
3.595600000000003149e+01,5.000000000000000000e-01
3.595700000000003627e+01,5.000000000000000000e-01
3.595800000000003394e+01,5.000000000000000000e-01
3.595900000000003160e+01,5.000000000000000000e-01
3.596000000000003638e+01,5.000000000000000000e-01
3.596100000000003405e+01,5.000000000000000000e-01
3.596200000000003172e+01,5.000000000000000000e-01
3.596300000000003649e+01,5.000000000000000000e-01
3.596400000000003416e+01,5.000000000000000000e-01
3.596500000000003183e+01,5.000000000000000000e-01
3.596600000000003661e+01,5.000000000000000000e-01
3.596700000000003428e+01,5.000000000000000000e-01
3.596800000000003195e+01,5.000000000000000000e-01
3.596900000000003672e+01,5.000000000000000000e-01
3.597000000000003439e+01,5.000000000000000000e-01
3.597100000000003206e+01,5.000000000000000000e-01
3.597200000000003683e+01,5.000000000000000000e-01
3.597300000000003450e+01,5.000000000000000000e-01
3.597400000000003217e+01,5.000000000000000000e-01
3.597500000000003695e+01,5.000000000000000000e-01
3.597600000000003462e+01,5.000000000000000000e-01
3.597700000000003229e+01,5.000000000000000000e-01
3.597800000000003706e+01,5.000000000000000000e-01
3.597900000000003473e+01,5.000000000000000000e-01
3.598000000000003240e+01,5.000000000000000000e-01
3.598100000000003007e+01,5.000000000000000000e-01
3.598200000000003485e+01,5.000000000000000000e-01
3.598300000000003251e+01,5.000000000000000000e-01
3.598400000000003018e+01,5.000000000000000000e-01
3.598500000000003496e+01,5.000000000000000000e-01
3.598600000000003263e+01,5.000000000000000000e-01
3.598700000000003030e+01,5.000000000000000000e-01
3.598800000000003507e+01,5.000000000000000000e-01
3.598900000000003274e+01,5.000000000000000000e-01
3.599000000000003041e+01,5.000000000000000000e-01
3.599100000000003519e+01,5.000000000000000000e-01
3.599200000000003286e+01,5.000000000000000000e-01
3.599300000000003052e+01,5.000000000000000000e-01
3.599400000000003530e+01,5.000000000000000000e-01
3.599500000000003297e+01,5.000000000000000000e-01
3.599600000000003064e+01,5.000000000000000000e-01
3.599700000000003541e+01,5.000000000000000000e-01
3.599800000000003308e+01,5.000000000000000000e-01
3.599900000000003075e+01,5.000000000000000000e-01
3.600000000000003553e+01,5.000000000000000000e-01
3.600100000000003320e+01,5.000000000000000000e-01
3.600200000000003087e+01,5.000000000000000000e-01
3.600300000000003564e+01,5.000000000000000000e-01
3.600400000000003331e+01,5.000000000000000000e-01
3.600500000000003098e+01,5.000000000000000000e-01
3.600600000000003575e+01,5.000000000000000000e-01
3.600700000000003342e+01,5.000000000000000000e-01
3.600800000000003109e+01,5.000000000000000000e-01
3.600900000000003587e+01,5.000000000000000000e-01
3.601000000000003354e+01,5.000000000000000000e-01
3.601100000000003121e+01,5.000000000000000000e-01
3.601200000000003598e+01,5.000000000000000000e-01
3.601300000000003365e+01,5.000000000000000000e-01
3.601400000000003132e+01,5.000000000000000000e-01
3.601500000000003610e+01,5.000000000000000000e-01
3.601600000000003376e+01,5.000000000000000000e-01
3.601700000000003143e+01,5.000000000000000000e-01
3.601800000000003621e+01,5.000000000000000000e-01
3.601900000000003388e+01,5.000000000000000000e-01
3.602000000000003155e+01,5.000000000000000000e-01
3.602100000000003632e+01,5.000000000000000000e-01
3.602200000000003399e+01,5.000000000000000000e-01
3.602300000000003166e+01,5.000000000000000000e-01
3.602400000000003644e+01,5.000000000000000000e-01
3.602500000000003411e+01,5.000000000000000000e-01
3.602600000000003178e+01,5.000000000000000000e-01
3.602700000000003655e+01,5.000000000000000000e-01
3.602800000000003422e+01,5.000000000000000000e-01
3.602900000000003189e+01,5.000000000000000000e-01
3.603000000000003666e+01,5.000000000000000000e-01
3.603100000000003433e+01,5.000000000000000000e-01
3.603200000000003200e+01,5.000000000000000000e-01
3.603300000000003678e+01,5.000000000000000000e-01
3.603400000000003445e+01,5.000000000000000000e-01
3.603500000000003212e+01,5.000000000000000000e-01
3.603600000000003689e+01,5.000000000000000000e-01
3.603700000000003456e+01,5.000000000000000000e-01
3.603800000000003223e+01,5.000000000000000000e-01
3.603900000000003701e+01,5.000000000000000000e-01
3.604000000000003467e+01,5.000000000000000000e-01
3.604100000000003234e+01,5.000000000000000000e-01
3.604200000000003712e+01,5.000000000000000000e-01
3.604300000000003479e+01,5.000000000000000000e-01
3.604400000000003246e+01,5.000000000000000000e-01
3.604500000000003723e+01,5.000000000000000000e-01
3.604600000000003490e+01,5.000000000000000000e-01
3.604700000000003257e+01,5.000000000000000000e-01
3.604800000000003024e+01,5.000000000000000000e-01
3.604900000000003502e+01,5.000000000000000000e-01
3.605000000000003268e+01,5.000000000000000000e-01
3.605100000000003035e+01,5.000000000000000000e-01
3.605200000000003513e+01,5.000000000000000000e-01
3.605300000000003280e+01,5.000000000000000000e-01
3.605400000000003047e+01,5.000000000000000000e-01
3.605500000000003524e+01,5.000000000000000000e-01
3.605600000000003291e+01,5.000000000000000000e-01
3.605700000000003058e+01,5.000000000000000000e-01
3.605800000000003536e+01,5.000000000000000000e-01
3.605900000000003303e+01,5.000000000000000000e-01
3.606000000000003070e+01,5.000000000000000000e-01
3.606100000000003547e+01,5.000000000000000000e-01
3.606200000000003314e+01,5.000000000000000000e-01
3.606300000000003081e+01,5.000000000000000000e-01
3.606400000000003558e+01,5.000000000000000000e-01
3.606500000000003325e+01,5.000000000000000000e-01
3.606600000000003092e+01,5.000000000000000000e-01
3.606700000000003570e+01,5.000000000000000000e-01
3.606800000000003337e+01,5.000000000000000000e-01
3.606900000000003104e+01,5.000000000000000000e-01
3.607000000000003581e+01,5.000000000000000000e-01
3.607100000000003348e+01,5.000000000000000000e-01
3.607200000000003115e+01,5.000000000000000000e-01
3.607300000000003593e+01,5.000000000000000000e-01
3.607400000000003359e+01,5.000000000000000000e-01
3.607500000000003126e+01,5.000000000000000000e-01
3.607600000000003604e+01,5.000000000000000000e-01
3.607700000000003371e+01,5.000000000000000000e-01
3.607800000000003138e+01,5.000000000000000000e-01
3.607900000000003615e+01,5.000000000000000000e-01
3.608000000000003382e+01,5.000000000000000000e-01
3.608100000000003149e+01,5.000000000000000000e-01
3.608200000000003627e+01,5.000000000000000000e-01
3.608300000000003394e+01,5.000000000000000000e-01
3.608400000000003160e+01,5.000000000000000000e-01
3.608500000000003638e+01,5.000000000000000000e-01
3.608600000000003405e+01,5.000000000000000000e-01
3.608700000000003172e+01,5.000000000000000000e-01
3.608800000000003649e+01,5.000000000000000000e-01
3.608900000000003416e+01,5.000000000000000000e-01
3.609000000000003183e+01,5.000000000000000000e-01
3.609100000000003661e+01,5.000000000000000000e-01
3.609200000000003428e+01,5.000000000000000000e-01
3.609300000000003195e+01,5.000000000000000000e-01
3.609400000000003672e+01,5.000000000000000000e-01
3.609500000000003439e+01,5.000000000000000000e-01
3.609600000000003206e+01,5.000000000000000000e-01
3.609700000000003683e+01,5.000000000000000000e-01
3.609800000000003450e+01,5.000000000000000000e-01
3.609900000000003217e+01,5.000000000000000000e-01
3.610000000000003695e+01,5.000000000000000000e-01
3.610100000000003462e+01,5.000000000000000000e-01
3.610200000000003229e+01,5.000000000000000000e-01
3.610300000000003706e+01,5.000000000000000000e-01
3.610400000000003473e+01,5.000000000000000000e-01
3.610500000000003240e+01,5.000000000000000000e-01
3.610600000000003718e+01,5.000000000000000000e-01
3.610700000000003485e+01,5.000000000000000000e-01
3.610800000000003251e+01,5.000000000000000000e-01
3.610900000000003018e+01,5.000000000000000000e-01
3.611000000000003496e+01,5.000000000000000000e-01
3.611100000000003263e+01,5.000000000000000000e-01
3.611200000000003030e+01,5.000000000000000000e-01
3.611300000000003507e+01,5.000000000000000000e-01
3.611400000000003274e+01,5.000000000000000000e-01
3.611500000000003041e+01,5.000000000000000000e-01
3.611600000000003519e+01,5.000000000000000000e-01
3.611700000000003286e+01,5.000000000000000000e-01
3.611800000000003052e+01,5.000000000000000000e-01
3.611900000000003530e+01,5.000000000000000000e-01
3.612000000000003297e+01,5.000000000000000000e-01
3.612100000000003064e+01,5.000000000000000000e-01
3.612200000000003541e+01,5.000000000000000000e-01
3.612300000000003308e+01,5.000000000000000000e-01
3.612400000000003075e+01,5.000000000000000000e-01
3.612500000000003553e+01,5.000000000000000000e-01
3.612600000000003320e+01,5.000000000000000000e-01
3.612700000000003087e+01,5.000000000000000000e-01
3.612800000000003564e+01,5.000000000000000000e-01
3.612900000000003331e+01,5.000000000000000000e-01
3.613000000000003098e+01,5.000000000000000000e-01
3.613100000000003575e+01,5.000000000000000000e-01
3.613200000000003342e+01,5.000000000000000000e-01
3.613300000000003109e+01,5.000000000000000000e-01
3.613400000000003587e+01,5.000000000000000000e-01
3.613500000000003354e+01,5.000000000000000000e-01
3.613600000000003121e+01,5.000000000000000000e-01
3.613700000000003598e+01,5.000000000000000000e-01
3.613800000000003365e+01,5.000000000000000000e-01
3.613900000000003132e+01,5.000000000000000000e-01
3.614000000000003610e+01,5.000000000000000000e-01
3.614100000000003376e+01,5.000000000000000000e-01
3.614200000000003143e+01,5.000000000000000000e-01
3.614300000000003621e+01,5.000000000000000000e-01
3.614400000000003388e+01,5.000000000000000000e-01
3.614500000000003155e+01,5.000000000000000000e-01
3.614600000000003632e+01,5.000000000000000000e-01
3.614700000000003399e+01,5.000000000000000000e-01
3.614800000000003166e+01,5.000000000000000000e-01
3.614900000000003644e+01,5.000000000000000000e-01
3.615000000000003411e+01,5.000000000000000000e-01
3.615100000000003178e+01,5.000000000000000000e-01
3.615200000000003655e+01,5.000000000000000000e-01
3.615300000000003422e+01,5.000000000000000000e-01
3.615400000000003189e+01,5.000000000000000000e-01
3.615500000000003666e+01,5.000000000000000000e-01
3.615600000000003433e+01,5.000000000000000000e-01
3.615700000000003200e+01,5.000000000000000000e-01
3.615800000000003678e+01,5.000000000000000000e-01
3.615900000000003445e+01,5.000000000000000000e-01
3.616000000000003212e+01,5.000000000000000000e-01
3.616100000000003689e+01,5.000000000000000000e-01
3.616200000000003456e+01,5.000000000000000000e-01
3.616300000000003223e+01,5.000000000000000000e-01
3.616400000000003701e+01,5.000000000000000000e-01
3.616500000000003467e+01,5.000000000000000000e-01
3.616600000000003234e+01,5.000000000000000000e-01
3.616700000000003712e+01,5.000000000000000000e-01
3.616800000000003479e+01,5.000000000000000000e-01
3.616900000000003246e+01,5.000000000000000000e-01
3.617000000000003723e+01,5.000000000000000000e-01
3.617100000000003490e+01,5.000000000000000000e-01
3.617200000000003257e+01,5.000000000000000000e-01
3.617300000000003735e+01,5.000000000000000000e-01
3.617400000000003502e+01,5.000000000000000000e-01
3.617500000000003268e+01,5.000000000000000000e-01
3.617600000000003035e+01,5.000000000000000000e-01
3.617700000000003513e+01,5.000000000000000000e-01
3.617800000000003280e+01,5.000000000000000000e-01
3.617900000000003047e+01,5.000000000000000000e-01
3.618000000000003524e+01,5.000000000000000000e-01
3.618100000000003291e+01,5.000000000000000000e-01
3.618200000000003058e+01,5.000000000000000000e-01
3.618300000000003536e+01,5.000000000000000000e-01
3.618400000000003303e+01,5.000000000000000000e-01
3.618500000000003070e+01,5.000000000000000000e-01
3.618600000000003547e+01,5.000000000000000000e-01
3.618700000000003314e+01,5.000000000000000000e-01
3.618800000000003081e+01,5.000000000000000000e-01
3.618900000000003558e+01,5.000000000000000000e-01
3.619000000000003325e+01,5.000000000000000000e-01
3.619100000000003092e+01,5.000000000000000000e-01
3.619200000000003570e+01,5.000000000000000000e-01
3.619300000000003337e+01,5.000000000000000000e-01
3.619400000000003104e+01,5.000000000000000000e-01
3.619500000000003581e+01,5.000000000000000000e-01
3.619600000000003348e+01,5.000000000000000000e-01
3.619700000000003115e+01,5.000000000000000000e-01
3.619800000000003593e+01,5.000000000000000000e-01
3.619900000000003359e+01,5.000000000000000000e-01
3.620000000000003126e+01,5.000000000000000000e-01
3.620100000000003604e+01,5.000000000000000000e-01
3.620200000000003371e+01,5.000000000000000000e-01
3.620300000000003138e+01,5.000000000000000000e-01
3.620400000000003615e+01,5.000000000000000000e-01
3.620500000000003382e+01,5.000000000000000000e-01
3.620600000000003149e+01,5.000000000000000000e-01
3.620700000000003627e+01,5.000000000000000000e-01
3.620800000000003394e+01,5.000000000000000000e-01
3.620900000000003160e+01,5.000000000000000000e-01
3.621000000000003638e+01,5.000000000000000000e-01
3.621100000000003405e+01,5.000000000000000000e-01
3.621200000000003172e+01,5.000000000000000000e-01
3.621300000000003649e+01,5.000000000000000000e-01
3.621400000000003416e+01,5.000000000000000000e-01
3.621500000000003183e+01,5.000000000000000000e-01
3.621600000000003661e+01,5.000000000000000000e-01
3.621700000000003428e+01,5.000000000000000000e-01
3.621800000000003195e+01,5.000000000000000000e-01
3.621900000000003672e+01,5.000000000000000000e-01
3.622000000000003439e+01,5.000000000000000000e-01
3.622100000000003206e+01,5.000000000000000000e-01
3.622200000000003683e+01,5.000000000000000000e-01
3.622300000000003450e+01,5.000000000000000000e-01
3.622400000000003217e+01,5.000000000000000000e-01
3.622500000000003695e+01,5.000000000000000000e-01
3.622600000000003462e+01,5.000000000000000000e-01
3.622700000000003229e+01,5.000000000000000000e-01
3.622800000000003706e+01,5.000000000000000000e-01
3.622900000000003473e+01,5.000000000000000000e-01
3.623000000000003240e+01,5.000000000000000000e-01
3.623100000000003718e+01,5.000000000000000000e-01
3.623200000000003485e+01,5.000000000000000000e-01
3.623300000000003251e+01,5.000000000000000000e-01
3.623400000000003729e+01,5.000000000000000000e-01
3.623500000000003496e+01,5.000000000000000000e-01
3.623600000000003263e+01,5.000000000000000000e-01
3.623700000000003030e+01,5.000000000000000000e-01
3.623800000000003507e+01,5.000000000000000000e-01
3.623900000000003274e+01,5.000000000000000000e-01
3.624000000000003041e+01,5.000000000000000000e-01
3.624100000000003519e+01,5.000000000000000000e-01
3.624200000000003286e+01,5.000000000000000000e-01
3.624300000000003052e+01,5.000000000000000000e-01
3.624400000000003530e+01,5.000000000000000000e-01
3.624500000000003297e+01,5.000000000000000000e-01
3.624600000000003064e+01,5.000000000000000000e-01
3.624700000000003541e+01,5.000000000000000000e-01
3.624800000000003308e+01,5.000000000000000000e-01
3.624900000000003075e+01,5.000000000000000000e-01
3.625000000000003553e+01,5.000000000000000000e-01
3.625100000000003320e+01,5.000000000000000000e-01
3.625200000000003087e+01,5.000000000000000000e-01
3.625300000000003564e+01,5.000000000000000000e-01
3.625400000000003331e+01,5.000000000000000000e-01
3.625500000000003098e+01,5.000000000000000000e-01
3.625600000000003575e+01,5.000000000000000000e-01
3.625700000000003342e+01,5.000000000000000000e-01
3.625800000000003109e+01,5.000000000000000000e-01
3.625900000000003587e+01,5.000000000000000000e-01
3.626000000000003354e+01,5.000000000000000000e-01
3.626100000000003121e+01,5.000000000000000000e-01
3.626200000000003598e+01,5.000000000000000000e-01
3.626300000000003365e+01,5.000000000000000000e-01
3.626400000000003132e+01,5.000000000000000000e-01
3.626500000000003610e+01,5.000000000000000000e-01
3.626600000000003376e+01,5.000000000000000000e-01
3.626700000000003143e+01,5.000000000000000000e-01
3.626800000000003621e+01,5.000000000000000000e-01
3.626900000000003388e+01,5.000000000000000000e-01
3.627000000000003155e+01,5.000000000000000000e-01
3.627100000000003632e+01,5.000000000000000000e-01
3.627200000000003399e+01,5.000000000000000000e-01
3.627300000000003166e+01,5.000000000000000000e-01
3.627400000000003644e+01,5.000000000000000000e-01
3.627500000000003411e+01,5.000000000000000000e-01
3.627600000000003178e+01,5.000000000000000000e-01
3.627700000000003655e+01,5.000000000000000000e-01
3.627800000000003422e+01,5.000000000000000000e-01
3.627900000000003189e+01,5.000000000000000000e-01
3.628000000000003666e+01,5.000000000000000000e-01
3.628100000000003433e+01,5.000000000000000000e-01
3.628200000000003200e+01,5.000000000000000000e-01
3.628300000000003678e+01,5.000000000000000000e-01
3.628400000000003445e+01,5.000000000000000000e-01
3.628500000000003212e+01,5.000000000000000000e-01
3.628600000000003689e+01,5.000000000000000000e-01
3.628700000000003456e+01,5.000000000000000000e-01
3.628800000000003223e+01,5.000000000000000000e-01
3.628900000000003701e+01,5.000000000000000000e-01
3.629000000000003467e+01,5.000000000000000000e-01
3.629100000000003234e+01,5.000000000000000000e-01
3.629200000000003712e+01,5.000000000000000000e-01
3.629300000000003479e+01,5.000000000000000000e-01
3.629400000000003246e+01,5.000000000000000000e-01
3.629500000000003723e+01,5.000000000000000000e-01
3.629600000000003490e+01,5.000000000000000000e-01
3.629700000000003257e+01,5.000000000000000000e-01
3.629800000000003735e+01,5.000000000000000000e-01
3.629900000000003502e+01,5.000000000000000000e-01
3.630000000000003268e+01,5.000000000000000000e-01
3.630100000000003746e+01,5.000000000000000000e-01
3.630200000000003513e+01,5.000000000000000000e-01
3.630300000000003280e+01,5.000000000000000000e-01
3.630400000000003047e+01,5.000000000000000000e-01
3.630500000000003524e+01,5.000000000000000000e-01
3.630600000000003291e+01,5.000000000000000000e-01
3.630700000000003058e+01,5.000000000000000000e-01
3.630800000000003536e+01,5.000000000000000000e-01
3.630900000000003303e+01,5.000000000000000000e-01
3.631000000000003070e+01,5.000000000000000000e-01
3.631100000000003547e+01,5.000000000000000000e-01
3.631200000000003314e+01,5.000000000000000000e-01
3.631300000000003081e+01,5.000000000000000000e-01
3.631400000000003558e+01,5.000000000000000000e-01
3.631500000000003325e+01,5.000000000000000000e-01
3.631600000000003092e+01,5.000000000000000000e-01
3.631700000000003570e+01,5.000000000000000000e-01
3.631800000000003337e+01,5.000000000000000000e-01
3.631900000000003104e+01,5.000000000000000000e-01
3.632000000000003581e+01,5.000000000000000000e-01
3.632100000000003348e+01,5.000000000000000000e-01
3.632200000000003115e+01,5.000000000000000000e-01
3.632300000000003593e+01,5.000000000000000000e-01
3.632400000000003359e+01,5.000000000000000000e-01
3.632500000000003126e+01,5.000000000000000000e-01
3.632600000000003604e+01,5.000000000000000000e-01
3.632700000000003371e+01,5.000000000000000000e-01
3.632800000000003138e+01,5.000000000000000000e-01
3.632900000000003615e+01,5.000000000000000000e-01
3.633000000000003382e+01,5.000000000000000000e-01
3.633100000000003149e+01,5.000000000000000000e-01
3.633200000000003627e+01,5.000000000000000000e-01
3.633300000000003394e+01,5.000000000000000000e-01
3.633400000000003160e+01,5.000000000000000000e-01
3.633500000000003638e+01,5.000000000000000000e-01
3.633600000000003405e+01,5.000000000000000000e-01
3.633700000000003172e+01,5.000000000000000000e-01
3.633800000000003649e+01,5.000000000000000000e-01
3.633900000000003416e+01,5.000000000000000000e-01
3.634000000000003183e+01,5.000000000000000000e-01
3.634100000000003661e+01,5.000000000000000000e-01
3.634200000000003428e+01,5.000000000000000000e-01
3.634300000000003195e+01,5.000000000000000000e-01
3.634400000000003672e+01,5.000000000000000000e-01
3.634500000000003439e+01,5.000000000000000000e-01
3.634600000000003206e+01,5.000000000000000000e-01
3.634700000000003683e+01,5.000000000000000000e-01
3.634800000000003450e+01,5.000000000000000000e-01
3.634900000000003217e+01,5.000000000000000000e-01
3.635000000000003695e+01,5.000000000000000000e-01
3.635100000000003462e+01,5.000000000000000000e-01
3.635200000000003229e+01,5.000000000000000000e-01
3.635300000000003706e+01,5.000000000000000000e-01
3.635400000000003473e+01,5.000000000000000000e-01
3.635500000000003240e+01,5.000000000000000000e-01
3.635600000000003718e+01,5.000000000000000000e-01
3.635700000000003485e+01,5.000000000000000000e-01
3.635800000000003251e+01,5.000000000000000000e-01
3.635900000000003729e+01,5.000000000000000000e-01
3.636000000000003496e+01,5.000000000000000000e-01
3.636100000000003263e+01,5.000000000000000000e-01
3.636200000000003740e+01,5.000000000000000000e-01
3.636300000000003507e+01,5.000000000000000000e-01
3.636400000000003274e+01,5.000000000000000000e-01
3.636500000000003041e+01,5.000000000000000000e-01
3.636600000000003519e+01,5.000000000000000000e-01
3.636700000000003286e+01,5.000000000000000000e-01
3.636800000000003052e+01,5.000000000000000000e-01
3.636900000000003530e+01,5.000000000000000000e-01
3.637000000000003297e+01,5.000000000000000000e-01
3.637100000000003064e+01,5.000000000000000000e-01
3.637200000000003541e+01,5.000000000000000000e-01
3.637300000000003308e+01,5.000000000000000000e-01
3.637400000000003075e+01,5.000000000000000000e-01
3.637500000000003553e+01,5.000000000000000000e-01
3.637600000000003320e+01,5.000000000000000000e-01
3.637700000000003087e+01,5.000000000000000000e-01
3.637800000000003564e+01,5.000000000000000000e-01
3.637900000000003331e+01,5.000000000000000000e-01
3.638000000000003098e+01,5.000000000000000000e-01
3.638100000000003575e+01,5.000000000000000000e-01
3.638200000000003342e+01,5.000000000000000000e-01
3.638300000000003109e+01,5.000000000000000000e-01
3.638400000000003587e+01,5.000000000000000000e-01
3.638500000000003354e+01,5.000000000000000000e-01
3.638600000000003121e+01,5.000000000000000000e-01
3.638700000000003598e+01,5.000000000000000000e-01
3.638800000000003365e+01,5.000000000000000000e-01
3.638900000000003132e+01,5.000000000000000000e-01
3.639000000000003610e+01,5.000000000000000000e-01
3.639100000000003376e+01,5.000000000000000000e-01
3.639200000000003143e+01,5.000000000000000000e-01
3.639300000000003621e+01,5.000000000000000000e-01
3.639400000000003388e+01,5.000000000000000000e-01
3.639500000000003155e+01,5.000000000000000000e-01
3.639600000000003632e+01,5.000000000000000000e-01
3.639700000000003399e+01,5.000000000000000000e-01
3.639800000000003166e+01,5.000000000000000000e-01
3.639900000000003644e+01,5.000000000000000000e-01
3.640000000000003411e+01,5.000000000000000000e-01
3.640100000000003178e+01,5.000000000000000000e-01
3.640200000000003655e+01,5.000000000000000000e-01
3.640300000000003422e+01,5.000000000000000000e-01
3.640400000000003189e+01,5.000000000000000000e-01
3.640500000000003666e+01,5.000000000000000000e-01
3.640600000000003433e+01,5.000000000000000000e-01
3.640700000000003200e+01,5.000000000000000000e-01
3.640800000000003678e+01,5.000000000000000000e-01
3.640900000000003445e+01,5.000000000000000000e-01
3.641000000000003212e+01,5.000000000000000000e-01
3.641100000000003689e+01,5.000000000000000000e-01
3.641200000000003456e+01,5.000000000000000000e-01
3.641300000000003223e+01,5.000000000000000000e-01
3.641400000000003701e+01,5.000000000000000000e-01
3.641500000000003467e+01,5.000000000000000000e-01
3.641600000000003234e+01,5.000000000000000000e-01
3.641700000000003712e+01,5.000000000000000000e-01
3.641800000000003479e+01,5.000000000000000000e-01
3.641900000000003246e+01,5.000000000000000000e-01
3.642000000000003723e+01,5.000000000000000000e-01
3.642100000000003490e+01,5.000000000000000000e-01
3.642200000000003257e+01,5.000000000000000000e-01
3.642300000000003735e+01,5.000000000000000000e-01
3.642400000000003502e+01,5.000000000000000000e-01
3.642500000000003268e+01,5.000000000000000000e-01
3.642600000000003746e+01,5.000000000000000000e-01
3.642700000000003513e+01,5.000000000000000000e-01
3.642800000000003280e+01,5.000000000000000000e-01
3.642900000000003757e+01,5.000000000000000000e-01
3.643000000000003524e+01,5.000000000000000000e-01
3.643100000000003291e+01,5.000000000000000000e-01
3.643200000000003058e+01,5.000000000000000000e-01
3.643300000000003536e+01,5.000000000000000000e-01
3.643400000000003303e+01,5.000000000000000000e-01
3.643500000000003070e+01,5.000000000000000000e-01
3.643600000000003547e+01,5.000000000000000000e-01
3.643700000000003314e+01,5.000000000000000000e-01
3.643800000000003081e+01,5.000000000000000000e-01
3.643900000000003558e+01,5.000000000000000000e-01
3.644000000000003325e+01,5.000000000000000000e-01
3.644100000000003092e+01,5.000000000000000000e-01
3.644200000000003570e+01,5.000000000000000000e-01
3.644300000000003337e+01,5.000000000000000000e-01
3.644400000000003104e+01,5.000000000000000000e-01
3.644500000000003581e+01,5.000000000000000000e-01
3.644600000000003348e+01,5.000000000000000000e-01
3.644700000000003115e+01,5.000000000000000000e-01
3.644800000000003593e+01,5.000000000000000000e-01
3.644900000000003359e+01,5.000000000000000000e-01
3.645000000000003126e+01,5.000000000000000000e-01
3.645100000000003604e+01,5.000000000000000000e-01
3.645200000000003371e+01,5.000000000000000000e-01
3.645300000000003138e+01,5.000000000000000000e-01
3.645400000000003615e+01,5.000000000000000000e-01
3.645500000000003382e+01,5.000000000000000000e-01
3.645600000000003149e+01,5.000000000000000000e-01
3.645700000000003627e+01,5.000000000000000000e-01
3.645800000000003394e+01,5.000000000000000000e-01
3.645900000000003160e+01,5.000000000000000000e-01
3.646000000000003638e+01,5.000000000000000000e-01
3.646100000000003405e+01,5.000000000000000000e-01
3.646200000000003172e+01,5.000000000000000000e-01
3.646300000000003649e+01,5.000000000000000000e-01
3.646400000000003416e+01,5.000000000000000000e-01
3.646500000000003183e+01,5.000000000000000000e-01
3.646600000000003661e+01,5.000000000000000000e-01
3.646700000000003428e+01,5.000000000000000000e-01
3.646800000000003195e+01,5.000000000000000000e-01
3.646900000000003672e+01,5.000000000000000000e-01
3.647000000000003439e+01,5.000000000000000000e-01
3.647100000000003206e+01,5.000000000000000000e-01
3.647200000000003683e+01,5.000000000000000000e-01
3.647300000000003450e+01,5.000000000000000000e-01
3.647400000000003217e+01,5.000000000000000000e-01
3.647500000000003695e+01,5.000000000000000000e-01
3.647600000000003462e+01,5.000000000000000000e-01
3.647700000000003229e+01,5.000000000000000000e-01
3.647800000000003706e+01,5.000000000000000000e-01
3.647900000000003473e+01,5.000000000000000000e-01
3.648000000000003240e+01,5.000000000000000000e-01
3.648100000000003718e+01,5.000000000000000000e-01
3.648200000000003485e+01,5.000000000000000000e-01
3.648300000000003251e+01,5.000000000000000000e-01
3.648400000000003729e+01,5.000000000000000000e-01
3.648500000000003496e+01,5.000000000000000000e-01
3.648600000000003263e+01,5.000000000000000000e-01
3.648700000000003740e+01,5.000000000000000000e-01
3.648800000000003507e+01,5.000000000000000000e-01
3.648900000000003274e+01,5.000000000000000000e-01
3.649000000000003752e+01,5.000000000000000000e-01
3.649100000000003519e+01,5.000000000000000000e-01
3.649200000000003286e+01,5.000000000000000000e-01
3.649300000000003052e+01,5.000000000000000000e-01
3.649400000000003530e+01,5.000000000000000000e-01
3.649500000000003297e+01,5.000000000000000000e-01
3.649600000000003064e+01,5.000000000000000000e-01
3.649700000000003541e+01,5.000000000000000000e-01
3.649800000000003308e+01,5.000000000000000000e-01
3.649900000000003075e+01,5.000000000000000000e-01
3.650000000000003553e+01,5.000000000000000000e-01
3.650100000000003320e+01,5.000000000000000000e-01
3.650200000000003087e+01,5.000000000000000000e-01
3.650300000000003564e+01,5.000000000000000000e-01
3.650400000000003331e+01,5.000000000000000000e-01
3.650500000000003098e+01,5.000000000000000000e-01
3.650600000000003575e+01,5.000000000000000000e-01
3.650700000000003342e+01,5.000000000000000000e-01
3.650800000000003109e+01,5.000000000000000000e-01
3.650900000000003587e+01,5.000000000000000000e-01
3.651000000000003354e+01,5.000000000000000000e-01
3.651100000000003121e+01,5.000000000000000000e-01
3.651200000000003598e+01,5.000000000000000000e-01
3.651300000000003365e+01,5.000000000000000000e-01
3.651400000000003132e+01,5.000000000000000000e-01
3.651500000000003610e+01,5.000000000000000000e-01
3.651600000000003376e+01,5.000000000000000000e-01
3.651700000000003143e+01,5.000000000000000000e-01
3.651800000000003621e+01,5.000000000000000000e-01
3.651900000000003388e+01,5.000000000000000000e-01
3.652000000000003155e+01,5.000000000000000000e-01
3.652100000000003632e+01,5.000000000000000000e-01
3.652200000000003399e+01,5.000000000000000000e-01
3.652300000000003166e+01,5.000000000000000000e-01
3.652400000000003644e+01,5.000000000000000000e-01
3.652500000000003411e+01,5.000000000000000000e-01
3.652600000000003178e+01,5.000000000000000000e-01
3.652700000000003655e+01,5.000000000000000000e-01
3.652800000000003422e+01,5.000000000000000000e-01
3.652900000000003189e+01,5.000000000000000000e-01
3.653000000000003666e+01,5.000000000000000000e-01
3.653100000000003433e+01,5.000000000000000000e-01
3.653200000000003200e+01,5.000000000000000000e-01
3.653300000000003678e+01,5.000000000000000000e-01
3.653400000000003445e+01,5.000000000000000000e-01
3.653500000000003212e+01,5.000000000000000000e-01
3.653600000000003689e+01,5.000000000000000000e-01
3.653700000000003456e+01,5.000000000000000000e-01
3.653800000000003223e+01,5.000000000000000000e-01
3.653900000000003701e+01,5.000000000000000000e-01
3.654000000000003467e+01,5.000000000000000000e-01
3.654100000000003234e+01,5.000000000000000000e-01
3.654200000000003712e+01,5.000000000000000000e-01
3.654300000000003479e+01,5.000000000000000000e-01
3.654400000000003246e+01,5.000000000000000000e-01
3.654500000000003723e+01,5.000000000000000000e-01
3.654600000000003490e+01,5.000000000000000000e-01
3.654700000000003257e+01,5.000000000000000000e-01
3.654800000000003735e+01,5.000000000000000000e-01
3.654900000000003502e+01,5.000000000000000000e-01
3.655000000000003268e+01,5.000000000000000000e-01
3.655100000000003746e+01,5.000000000000000000e-01
3.655200000000003513e+01,5.000000000000000000e-01
3.655300000000003280e+01,5.000000000000000000e-01
3.655400000000003757e+01,5.000000000000000000e-01
3.655500000000003524e+01,5.000000000000000000e-01
3.655600000000003291e+01,5.000000000000000000e-01
3.655700000000003769e+01,5.000000000000000000e-01
3.655800000000003536e+01,5.000000000000000000e-01
3.655900000000003303e+01,5.000000000000000000e-01
3.656000000000003070e+01,5.000000000000000000e-01
3.656100000000003547e+01,5.000000000000000000e-01
3.656200000000003314e+01,5.000000000000000000e-01
3.656300000000003081e+01,5.000000000000000000e-01
3.656400000000003558e+01,5.000000000000000000e-01
3.656500000000003325e+01,5.000000000000000000e-01
3.656600000000003092e+01,5.000000000000000000e-01
3.656700000000003570e+01,5.000000000000000000e-01
3.656800000000003337e+01,5.000000000000000000e-01
3.656900000000003104e+01,5.000000000000000000e-01
3.657000000000003581e+01,5.000000000000000000e-01
3.657100000000003348e+01,5.000000000000000000e-01
3.657200000000003115e+01,5.000000000000000000e-01
3.657300000000003593e+01,5.000000000000000000e-01
3.657400000000003359e+01,5.000000000000000000e-01
3.657500000000003126e+01,5.000000000000000000e-01
3.657600000000003604e+01,5.000000000000000000e-01
3.657700000000003371e+01,5.000000000000000000e-01
3.657800000000003138e+01,5.000000000000000000e-01
3.657900000000003615e+01,5.000000000000000000e-01
3.658000000000003382e+01,5.000000000000000000e-01
3.658100000000003149e+01,5.000000000000000000e-01
3.658200000000003627e+01,5.000000000000000000e-01
3.658300000000003394e+01,5.000000000000000000e-01
3.658400000000003160e+01,5.000000000000000000e-01
3.658500000000003638e+01,5.000000000000000000e-01
3.658600000000003405e+01,5.000000000000000000e-01
3.658700000000003172e+01,5.000000000000000000e-01
3.658800000000003649e+01,5.000000000000000000e-01
3.658900000000003416e+01,5.000000000000000000e-01
3.659000000000003183e+01,5.000000000000000000e-01
3.659100000000003661e+01,5.000000000000000000e-01
3.659200000000003428e+01,5.000000000000000000e-01
3.659300000000003195e+01,5.000000000000000000e-01
3.659400000000003672e+01,5.000000000000000000e-01
3.659500000000003439e+01,5.000000000000000000e-01
3.659600000000003206e+01,5.000000000000000000e-01
3.659700000000003683e+01,5.000000000000000000e-01
3.659800000000003450e+01,5.000000000000000000e-01
3.659900000000003217e+01,5.000000000000000000e-01
3.660000000000003695e+01,5.000000000000000000e-01
3.660100000000003462e+01,5.000000000000000000e-01
3.660200000000003229e+01,5.000000000000000000e-01
3.660300000000003706e+01,5.000000000000000000e-01
3.660400000000003473e+01,5.000000000000000000e-01
3.660500000000003240e+01,5.000000000000000000e-01
3.660600000000003718e+01,5.000000000000000000e-01
3.660700000000003485e+01,5.000000000000000000e-01
3.660800000000003251e+01,5.000000000000000000e-01
3.660900000000003729e+01,5.000000000000000000e-01
3.661000000000003496e+01,5.000000000000000000e-01
3.661100000000003263e+01,5.000000000000000000e-01
3.661200000000003740e+01,5.000000000000000000e-01
3.661300000000003507e+01,5.000000000000000000e-01
3.661400000000003274e+01,5.000000000000000000e-01
3.661500000000003752e+01,5.000000000000000000e-01
3.661600000000003519e+01,5.000000000000000000e-01
3.661700000000003286e+01,5.000000000000000000e-01
3.661800000000003763e+01,5.000000000000000000e-01
3.661900000000003530e+01,5.000000000000000000e-01
3.662000000000003297e+01,5.000000000000000000e-01
3.662100000000003064e+01,5.000000000000000000e-01
3.662200000000003541e+01,5.000000000000000000e-01
3.662300000000003308e+01,5.000000000000000000e-01
3.662400000000003075e+01,5.000000000000000000e-01
3.662500000000003553e+01,5.000000000000000000e-01
3.662600000000003320e+01,5.000000000000000000e-01
3.662700000000003087e+01,5.000000000000000000e-01
3.662800000000003564e+01,5.000000000000000000e-01
3.662900000000003331e+01,5.000000000000000000e-01
3.663000000000003098e+01,5.000000000000000000e-01
3.663100000000003575e+01,5.000000000000000000e-01
3.663200000000003342e+01,5.000000000000000000e-01
3.663300000000003109e+01,5.000000000000000000e-01
3.663400000000003587e+01,5.000000000000000000e-01
3.663500000000003354e+01,5.000000000000000000e-01
3.663600000000003121e+01,5.000000000000000000e-01
3.663700000000003598e+01,5.000000000000000000e-01
3.663800000000003365e+01,5.000000000000000000e-01
3.663900000000003132e+01,5.000000000000000000e-01
3.664000000000003610e+01,5.000000000000000000e-01
3.664100000000003376e+01,5.000000000000000000e-01
3.664200000000003143e+01,5.000000000000000000e-01
3.664300000000003621e+01,5.000000000000000000e-01
3.664400000000003388e+01,5.000000000000000000e-01
3.664500000000003155e+01,5.000000000000000000e-01
3.664600000000003632e+01,5.000000000000000000e-01
3.664700000000003399e+01,5.000000000000000000e-01
3.664800000000003166e+01,5.000000000000000000e-01
3.664900000000003644e+01,5.000000000000000000e-01
3.665000000000003411e+01,5.000000000000000000e-01
3.665100000000003178e+01,5.000000000000000000e-01
3.665200000000003655e+01,5.000000000000000000e-01
3.665300000000003422e+01,5.000000000000000000e-01
3.665400000000003189e+01,5.000000000000000000e-01
3.665500000000003666e+01,5.000000000000000000e-01
3.665600000000003433e+01,5.000000000000000000e-01
3.665700000000003200e+01,5.000000000000000000e-01
3.665800000000003678e+01,5.000000000000000000e-01
3.665900000000003445e+01,5.000000000000000000e-01
3.666000000000003212e+01,5.000000000000000000e-01
3.666100000000003689e+01,5.000000000000000000e-01
3.666200000000003456e+01,5.000000000000000000e-01
3.666300000000003223e+01,5.000000000000000000e-01
3.666400000000003701e+01,5.000000000000000000e-01
3.666500000000003467e+01,5.000000000000000000e-01
3.666600000000003234e+01,5.000000000000000000e-01
3.666700000000003712e+01,5.000000000000000000e-01
3.666800000000003479e+01,5.000000000000000000e-01
3.666900000000003246e+01,5.000000000000000000e-01
3.667000000000003723e+01,5.000000000000000000e-01
3.667100000000003490e+01,5.000000000000000000e-01
3.667200000000003257e+01,5.000000000000000000e-01
3.667300000000003735e+01,5.000000000000000000e-01
3.667400000000003502e+01,5.000000000000000000e-01
3.667500000000003268e+01,5.000000000000000000e-01
3.667600000000003746e+01,5.000000000000000000e-01
3.667700000000003513e+01,5.000000000000000000e-01
3.667800000000003280e+01,5.000000000000000000e-01
3.667900000000003757e+01,5.000000000000000000e-01
3.668000000000003524e+01,5.000000000000000000e-01
3.668100000000003291e+01,5.000000000000000000e-01
3.668200000000003769e+01,5.000000000000000000e-01
3.668300000000003536e+01,5.000000000000000000e-01
3.668400000000003303e+01,5.000000000000000000e-01
3.668500000000003780e+01,5.000000000000000000e-01
3.668600000000003547e+01,5.000000000000000000e-01
3.668700000000003314e+01,5.000000000000000000e-01
3.668800000000003081e+01,5.000000000000000000e-01
3.668900000000003558e+01,5.000000000000000000e-01
3.669000000000003325e+01,5.000000000000000000e-01
3.669100000000003092e+01,5.000000000000000000e-01
3.669200000000003570e+01,5.000000000000000000e-01
3.669300000000003337e+01,5.000000000000000000e-01
3.669400000000003104e+01,5.000000000000000000e-01
3.669500000000003581e+01,5.000000000000000000e-01
3.669600000000003348e+01,5.000000000000000000e-01
3.669700000000003115e+01,5.000000000000000000e-01
3.669800000000003593e+01,5.000000000000000000e-01
3.669900000000003359e+01,5.000000000000000000e-01
3.670000000000003126e+01,5.000000000000000000e-01
3.670100000000003604e+01,5.000000000000000000e-01
3.670200000000003371e+01,5.000000000000000000e-01
3.670300000000003138e+01,5.000000000000000000e-01
3.670400000000003615e+01,5.000000000000000000e-01
3.670500000000003382e+01,5.000000000000000000e-01
3.670600000000003149e+01,5.000000000000000000e-01
3.670700000000003627e+01,5.000000000000000000e-01
3.670800000000003394e+01,5.000000000000000000e-01
3.670900000000003160e+01,5.000000000000000000e-01
3.671000000000003638e+01,5.000000000000000000e-01
3.671100000000003405e+01,5.000000000000000000e-01
3.671200000000003172e+01,5.000000000000000000e-01
3.671300000000003649e+01,5.000000000000000000e-01
3.671400000000003416e+01,5.000000000000000000e-01
3.671500000000003183e+01,5.000000000000000000e-01
3.671600000000003661e+01,5.000000000000000000e-01
3.671700000000003428e+01,5.000000000000000000e-01
3.671800000000003195e+01,5.000000000000000000e-01
3.671900000000003672e+01,5.000000000000000000e-01
3.672000000000003439e+01,5.000000000000000000e-01
3.672100000000003206e+01,5.000000000000000000e-01
3.672200000000003683e+01,5.000000000000000000e-01
3.672300000000003450e+01,5.000000000000000000e-01
3.672400000000003217e+01,5.000000000000000000e-01
3.672500000000003695e+01,5.000000000000000000e-01
3.672600000000003462e+01,5.000000000000000000e-01
3.672700000000003229e+01,5.000000000000000000e-01
3.672800000000003706e+01,5.000000000000000000e-01
3.672900000000003473e+01,5.000000000000000000e-01
3.673000000000003240e+01,5.000000000000000000e-01
3.673100000000003718e+01,5.000000000000000000e-01
3.673200000000003485e+01,5.000000000000000000e-01
3.673300000000003251e+01,5.000000000000000000e-01
3.673400000000003729e+01,5.000000000000000000e-01
3.673500000000003496e+01,5.000000000000000000e-01
3.673600000000003263e+01,5.000000000000000000e-01
3.673700000000003740e+01,5.000000000000000000e-01
3.673800000000003507e+01,5.000000000000000000e-01
3.673900000000003274e+01,5.000000000000000000e-01
3.674000000000003752e+01,5.000000000000000000e-01
3.674100000000003519e+01,5.000000000000000000e-01
3.674200000000003286e+01,5.000000000000000000e-01
3.674300000000003763e+01,5.000000000000000000e-01
3.674400000000003530e+01,5.000000000000000000e-01
3.674500000000003297e+01,5.000000000000000000e-01
3.674600000000003774e+01,5.000000000000000000e-01
3.674700000000003541e+01,5.000000000000000000e-01
3.674800000000003308e+01,5.000000000000000000e-01
3.674900000000003075e+01,5.000000000000000000e-01
3.675000000000003553e+01,5.000000000000000000e-01
3.675100000000003320e+01,5.000000000000000000e-01
3.675200000000003087e+01,5.000000000000000000e-01
3.675300000000003564e+01,5.000000000000000000e-01
3.675400000000003331e+01,5.000000000000000000e-01
3.675500000000003098e+01,5.000000000000000000e-01
3.675600000000003575e+01,5.000000000000000000e-01
3.675700000000003342e+01,5.000000000000000000e-01
3.675800000000003109e+01,5.000000000000000000e-01
3.675900000000003587e+01,5.000000000000000000e-01
3.676000000000003354e+01,5.000000000000000000e-01
3.676100000000003121e+01,5.000000000000000000e-01
3.676200000000003598e+01,5.000000000000000000e-01
3.676300000000003365e+01,5.000000000000000000e-01
3.676400000000003132e+01,5.000000000000000000e-01
3.676500000000003610e+01,5.000000000000000000e-01
3.676600000000003376e+01,5.000000000000000000e-01
3.676700000000003143e+01,5.000000000000000000e-01
3.676800000000003621e+01,5.000000000000000000e-01
3.676900000000003388e+01,5.000000000000000000e-01
3.677000000000003155e+01,5.000000000000000000e-01
3.677100000000003632e+01,5.000000000000000000e-01
3.677200000000003399e+01,5.000000000000000000e-01
3.677300000000003166e+01,5.000000000000000000e-01
3.677400000000003644e+01,5.000000000000000000e-01
3.677500000000003411e+01,5.000000000000000000e-01
3.677600000000003178e+01,5.000000000000000000e-01
3.677700000000003655e+01,5.000000000000000000e-01
3.677800000000003422e+01,5.000000000000000000e-01
3.677900000000003189e+01,5.000000000000000000e-01
3.678000000000003666e+01,5.000000000000000000e-01
3.678100000000003433e+01,5.000000000000000000e-01
3.678200000000003200e+01,5.000000000000000000e-01
3.678300000000003678e+01,5.000000000000000000e-01
3.678400000000003445e+01,5.000000000000000000e-01
3.678500000000003212e+01,5.000000000000000000e-01
3.678600000000003689e+01,5.000000000000000000e-01
3.678700000000003456e+01,5.000000000000000000e-01
3.678800000000003223e+01,5.000000000000000000e-01
3.678900000000003701e+01,5.000000000000000000e-01
3.679000000000003467e+01,5.000000000000000000e-01
3.679100000000003234e+01,5.000000000000000000e-01
3.679200000000003712e+01,5.000000000000000000e-01
3.679300000000003479e+01,5.000000000000000000e-01
3.679400000000003246e+01,5.000000000000000000e-01
3.679500000000003723e+01,5.000000000000000000e-01
3.679600000000003490e+01,5.000000000000000000e-01
3.679700000000003257e+01,5.000000000000000000e-01
3.679800000000003735e+01,5.000000000000000000e-01
3.679900000000003502e+01,5.000000000000000000e-01
3.680000000000003268e+01,5.000000000000000000e-01
3.680100000000003746e+01,5.000000000000000000e-01
3.680200000000003513e+01,5.000000000000000000e-01
3.680300000000003280e+01,5.000000000000000000e-01
3.680400000000003757e+01,5.000000000000000000e-01
3.680500000000003524e+01,5.000000000000000000e-01
3.680600000000003291e+01,5.000000000000000000e-01
3.680700000000003769e+01,5.000000000000000000e-01
3.680800000000003536e+01,5.000000000000000000e-01
3.680900000000003303e+01,5.000000000000000000e-01
3.681000000000003780e+01,5.000000000000000000e-01
3.681100000000003547e+01,5.000000000000000000e-01
3.681200000000003314e+01,5.000000000000000000e-01
3.681300000000003791e+01,5.000000000000000000e-01
3.681400000000003558e+01,5.000000000000000000e-01
3.681500000000003325e+01,5.000000000000000000e-01
3.681600000000003092e+01,5.000000000000000000e-01
3.681700000000003570e+01,5.000000000000000000e-01
3.681800000000003337e+01,5.000000000000000000e-01
3.681900000000003104e+01,5.000000000000000000e-01
3.682000000000003581e+01,5.000000000000000000e-01
3.682100000000003348e+01,5.000000000000000000e-01
3.682200000000003115e+01,5.000000000000000000e-01
3.682300000000003593e+01,5.000000000000000000e-01
3.682400000000003359e+01,5.000000000000000000e-01
3.682500000000003126e+01,5.000000000000000000e-01
3.682600000000003604e+01,5.000000000000000000e-01
3.682700000000003371e+01,5.000000000000000000e-01
3.682800000000003138e+01,5.000000000000000000e-01
3.682900000000003615e+01,5.000000000000000000e-01
3.683000000000003382e+01,5.000000000000000000e-01
3.683100000000003149e+01,5.000000000000000000e-01
3.683200000000003627e+01,5.000000000000000000e-01
3.683300000000003394e+01,5.000000000000000000e-01
3.683400000000003160e+01,5.000000000000000000e-01
3.683500000000003638e+01,5.000000000000000000e-01
3.683600000000003405e+01,5.000000000000000000e-01
3.683700000000003172e+01,5.000000000000000000e-01
3.683800000000003649e+01,5.000000000000000000e-01
3.683900000000003416e+01,5.000000000000000000e-01
3.684000000000003183e+01,5.000000000000000000e-01
3.684100000000003661e+01,5.000000000000000000e-01
3.684200000000003428e+01,5.000000000000000000e-01
3.684300000000003195e+01,5.000000000000000000e-01
3.684400000000003672e+01,5.000000000000000000e-01
3.684500000000003439e+01,5.000000000000000000e-01
3.684600000000003206e+01,5.000000000000000000e-01
3.684700000000003683e+01,5.000000000000000000e-01
3.684800000000003450e+01,5.000000000000000000e-01
3.684900000000003217e+01,5.000000000000000000e-01
3.685000000000003695e+01,5.000000000000000000e-01
3.685100000000003462e+01,5.000000000000000000e-01
3.685200000000003229e+01,5.000000000000000000e-01
3.685300000000003706e+01,5.000000000000000000e-01
3.685400000000003473e+01,5.000000000000000000e-01
3.685500000000003240e+01,5.000000000000000000e-01
3.685600000000003718e+01,5.000000000000000000e-01
3.685700000000003485e+01,5.000000000000000000e-01
3.685800000000003251e+01,5.000000000000000000e-01
3.685900000000003729e+01,5.000000000000000000e-01
3.686000000000003496e+01,5.000000000000000000e-01
3.686100000000003263e+01,5.000000000000000000e-01
3.686200000000003740e+01,5.000000000000000000e-01
3.686300000000003507e+01,5.000000000000000000e-01
3.686400000000003274e+01,5.000000000000000000e-01
3.686500000000003752e+01,5.000000000000000000e-01
3.686600000000003519e+01,5.000000000000000000e-01
3.686700000000003286e+01,5.000000000000000000e-01
3.686800000000003763e+01,5.000000000000000000e-01
3.686900000000003530e+01,5.000000000000000000e-01
3.687000000000003297e+01,5.000000000000000000e-01
3.687100000000003774e+01,5.000000000000000000e-01
3.687200000000003541e+01,5.000000000000000000e-01
3.687300000000003308e+01,5.000000000000000000e-01
3.687400000000003786e+01,5.000000000000000000e-01
3.687500000000003553e+01,5.000000000000000000e-01
3.687600000000003320e+01,5.000000000000000000e-01
3.687700000000003087e+01,5.000000000000000000e-01
3.687800000000003564e+01,5.000000000000000000e-01
3.687900000000003331e+01,5.000000000000000000e-01
3.688000000000003098e+01,5.000000000000000000e-01
3.688100000000003575e+01,5.000000000000000000e-01
3.688200000000003342e+01,5.000000000000000000e-01
3.688300000000003109e+01,5.000000000000000000e-01
3.688400000000003587e+01,5.000000000000000000e-01
3.688500000000003354e+01,5.000000000000000000e-01
3.688600000000003121e+01,5.000000000000000000e-01
3.688700000000003598e+01,5.000000000000000000e-01
3.688800000000003365e+01,5.000000000000000000e-01
3.688900000000003132e+01,5.000000000000000000e-01
3.689000000000003610e+01,5.000000000000000000e-01
3.689100000000003376e+01,5.000000000000000000e-01
3.689200000000003143e+01,5.000000000000000000e-01
3.689300000000003621e+01,5.000000000000000000e-01
3.689400000000003388e+01,5.000000000000000000e-01
3.689500000000003155e+01,5.000000000000000000e-01
3.689600000000003632e+01,5.000000000000000000e-01
3.689700000000003399e+01,5.000000000000000000e-01
3.689800000000003166e+01,5.000000000000000000e-01
3.689900000000003644e+01,5.000000000000000000e-01
3.690000000000003411e+01,5.000000000000000000e-01
3.690100000000003178e+01,5.000000000000000000e-01
3.690200000000003655e+01,5.000000000000000000e-01
3.690300000000003422e+01,5.000000000000000000e-01
3.690400000000003189e+01,5.000000000000000000e-01
3.690500000000003666e+01,5.000000000000000000e-01
3.690600000000003433e+01,5.000000000000000000e-01
3.690700000000003200e+01,5.000000000000000000e-01
3.690800000000003678e+01,5.000000000000000000e-01
3.690900000000003445e+01,5.000000000000000000e-01
3.691000000000003212e+01,5.000000000000000000e-01
3.691100000000003689e+01,5.000000000000000000e-01
3.691200000000003456e+01,5.000000000000000000e-01
3.691300000000003223e+01,5.000000000000000000e-01
3.691400000000003701e+01,5.000000000000000000e-01
3.691500000000003467e+01,5.000000000000000000e-01
3.691600000000003234e+01,5.000000000000000000e-01
3.691700000000003712e+01,5.000000000000000000e-01
3.691800000000003479e+01,5.000000000000000000e-01
3.691900000000003246e+01,5.000000000000000000e-01
3.692000000000003723e+01,5.000000000000000000e-01
3.692100000000003490e+01,5.000000000000000000e-01
3.692200000000003257e+01,5.000000000000000000e-01
3.692300000000003735e+01,5.000000000000000000e-01
3.692400000000003502e+01,5.000000000000000000e-01
3.692500000000003268e+01,5.000000000000000000e-01
3.692600000000003746e+01,5.000000000000000000e-01
3.692700000000003513e+01,5.000000000000000000e-01
3.692800000000003280e+01,5.000000000000000000e-01
3.692900000000003757e+01,5.000000000000000000e-01
3.693000000000003524e+01,5.000000000000000000e-01
3.693100000000003291e+01,5.000000000000000000e-01
3.693200000000003769e+01,5.000000000000000000e-01
3.693300000000003536e+01,5.000000000000000000e-01
3.693400000000003303e+01,5.000000000000000000e-01
3.693500000000003780e+01,5.000000000000000000e-01
3.693600000000003547e+01,5.000000000000000000e-01
3.693700000000003314e+01,5.000000000000000000e-01
3.693800000000003791e+01,5.000000000000000000e-01
3.693900000000003558e+01,5.000000000000000000e-01
3.694000000000003325e+01,5.000000000000000000e-01
3.694100000000003803e+01,5.000000000000000000e-01
3.694200000000003570e+01,5.000000000000000000e-01
3.694300000000003337e+01,5.000000000000000000e-01
3.694400000000003104e+01,5.000000000000000000e-01
3.694500000000003581e+01,5.000000000000000000e-01
3.694600000000003348e+01,5.000000000000000000e-01
3.694700000000003115e+01,5.000000000000000000e-01
3.694800000000003593e+01,5.000000000000000000e-01
3.694900000000003359e+01,5.000000000000000000e-01
3.695000000000003126e+01,5.000000000000000000e-01
3.695100000000003604e+01,5.000000000000000000e-01
3.695200000000003371e+01,5.000000000000000000e-01
3.695300000000003138e+01,5.000000000000000000e-01
3.695400000000003615e+01,5.000000000000000000e-01
3.695500000000003382e+01,5.000000000000000000e-01
3.695600000000003149e+01,5.000000000000000000e-01
3.695700000000003627e+01,5.000000000000000000e-01
3.695800000000003394e+01,5.000000000000000000e-01
3.695900000000003160e+01,5.000000000000000000e-01
3.696000000000003638e+01,5.000000000000000000e-01
3.696100000000003405e+01,5.000000000000000000e-01
3.696200000000003172e+01,5.000000000000000000e-01
3.696300000000003649e+01,5.000000000000000000e-01
3.696400000000003416e+01,5.000000000000000000e-01
3.696500000000003183e+01,5.000000000000000000e-01
3.696600000000003661e+01,5.000000000000000000e-01
3.696700000000003428e+01,5.000000000000000000e-01
3.696800000000003195e+01,5.000000000000000000e-01
3.696900000000003672e+01,5.000000000000000000e-01
3.697000000000003439e+01,5.000000000000000000e-01
3.697100000000003206e+01,5.000000000000000000e-01
3.697200000000003683e+01,5.000000000000000000e-01
3.697300000000003450e+01,5.000000000000000000e-01
3.697400000000003217e+01,5.000000000000000000e-01
3.697500000000003695e+01,5.000000000000000000e-01
3.697600000000003462e+01,5.000000000000000000e-01
3.697700000000003229e+01,5.000000000000000000e-01
3.697800000000003706e+01,5.000000000000000000e-01
3.697900000000003473e+01,5.000000000000000000e-01
3.698000000000003240e+01,5.000000000000000000e-01
3.698100000000003718e+01,5.000000000000000000e-01
3.698200000000003485e+01,5.000000000000000000e-01
3.698300000000003251e+01,5.000000000000000000e-01
3.698400000000003729e+01,5.000000000000000000e-01
3.698500000000003496e+01,5.000000000000000000e-01
3.698600000000003263e+01,5.000000000000000000e-01
3.698700000000003740e+01,5.000000000000000000e-01
3.698800000000003507e+01,5.000000000000000000e-01
3.698900000000003274e+01,5.000000000000000000e-01
3.699000000000003752e+01,5.000000000000000000e-01
3.699100000000003519e+01,5.000000000000000000e-01
3.699200000000003286e+01,5.000000000000000000e-01
3.699300000000003763e+01,5.000000000000000000e-01
3.699400000000003530e+01,5.000000000000000000e-01
3.699500000000003297e+01,5.000000000000000000e-01
3.699600000000003774e+01,5.000000000000000000e-01
3.699700000000003541e+01,5.000000000000000000e-01
3.699800000000003308e+01,5.000000000000000000e-01
3.699900000000003786e+01,5.000000000000000000e-01
3.700000000000003553e+01,5.000000000000000000e-01
3.700100000000003320e+01,5.000000000000000000e-01
3.700200000000003797e+01,5.000000000000000000e-01
3.700300000000003564e+01,5.000000000000000000e-01
3.700400000000003331e+01,5.000000000000000000e-01
3.700500000000003098e+01,5.000000000000000000e-01
3.700600000000003575e+01,5.000000000000000000e-01
3.700700000000003342e+01,5.000000000000000000e-01
3.700800000000003109e+01,5.000000000000000000e-01
3.700900000000003587e+01,5.000000000000000000e-01
3.701000000000003354e+01,5.000000000000000000e-01
3.701100000000003121e+01,5.000000000000000000e-01
3.701200000000003598e+01,5.000000000000000000e-01
3.701300000000003365e+01,5.000000000000000000e-01
3.701400000000003132e+01,5.000000000000000000e-01
3.701500000000003610e+01,5.000000000000000000e-01
3.701600000000003376e+01,5.000000000000000000e-01
3.701700000000003143e+01,5.000000000000000000e-01
3.701800000000003621e+01,5.000000000000000000e-01
3.701900000000003388e+01,5.000000000000000000e-01
3.702000000000003155e+01,5.000000000000000000e-01
3.702100000000003632e+01,5.000000000000000000e-01
3.702200000000003399e+01,5.000000000000000000e-01
3.702300000000003166e+01,5.000000000000000000e-01
3.702400000000003644e+01,5.000000000000000000e-01
3.702500000000003411e+01,5.000000000000000000e-01
3.702600000000003178e+01,5.000000000000000000e-01
3.702700000000003655e+01,5.000000000000000000e-01
3.702800000000003422e+01,5.000000000000000000e-01
3.702900000000003189e+01,5.000000000000000000e-01
3.703000000000003666e+01,5.000000000000000000e-01
3.703100000000003433e+01,5.000000000000000000e-01
3.703200000000003200e+01,5.000000000000000000e-01
3.703300000000003678e+01,5.000000000000000000e-01
3.703400000000003445e+01,5.000000000000000000e-01
3.703500000000003212e+01,5.000000000000000000e-01
3.703600000000003689e+01,5.000000000000000000e-01
3.703700000000003456e+01,5.000000000000000000e-01
3.703800000000003223e+01,5.000000000000000000e-01
3.703900000000003701e+01,5.000000000000000000e-01
3.704000000000003467e+01,5.000000000000000000e-01
3.704100000000003234e+01,5.000000000000000000e-01
3.704200000000003712e+01,5.000000000000000000e-01
3.704300000000003479e+01,5.000000000000000000e-01
3.704400000000003246e+01,5.000000000000000000e-01
3.704500000000003723e+01,5.000000000000000000e-01
3.704600000000003490e+01,5.000000000000000000e-01
3.704700000000003257e+01,5.000000000000000000e-01
3.704800000000003735e+01,5.000000000000000000e-01
3.704900000000003502e+01,5.000000000000000000e-01
3.705000000000003268e+01,5.000000000000000000e-01
3.705100000000003746e+01,5.000000000000000000e-01
3.705200000000003513e+01,5.000000000000000000e-01
3.705300000000003280e+01,5.000000000000000000e-01
3.705400000000003757e+01,5.000000000000000000e-01
3.705500000000003524e+01,5.000000000000000000e-01
3.705600000000003291e+01,5.000000000000000000e-01
3.705700000000003769e+01,5.000000000000000000e-01
3.705800000000003536e+01,5.000000000000000000e-01
3.705900000000003303e+01,5.000000000000000000e-01
3.706000000000003780e+01,5.000000000000000000e-01
3.706100000000003547e+01,5.000000000000000000e-01
3.706200000000003314e+01,5.000000000000000000e-01
3.706300000000003791e+01,5.000000000000000000e-01
3.706400000000003558e+01,5.000000000000000000e-01
3.706500000000003325e+01,5.000000000000000000e-01
3.706600000000003803e+01,5.000000000000000000e-01
3.706700000000003570e+01,5.000000000000000000e-01
3.706800000000003337e+01,5.000000000000000000e-01
3.706900000000003814e+01,5.000000000000000000e-01
3.707000000000003581e+01,5.000000000000000000e-01
3.707100000000003348e+01,5.000000000000000000e-01
3.707200000000003115e+01,5.000000000000000000e-01
3.707300000000003593e+01,5.000000000000000000e-01
3.707400000000003359e+01,5.000000000000000000e-01
3.707500000000003126e+01,5.000000000000000000e-01
3.707600000000003604e+01,5.000000000000000000e-01
3.707700000000003371e+01,5.000000000000000000e-01
3.707800000000003138e+01,5.000000000000000000e-01
3.707900000000003615e+01,5.000000000000000000e-01
3.708000000000003382e+01,5.000000000000000000e-01
3.708100000000003149e+01,5.000000000000000000e-01
3.708200000000003627e+01,5.000000000000000000e-01
3.708300000000003394e+01,5.000000000000000000e-01
3.708400000000003160e+01,5.000000000000000000e-01
3.708500000000003638e+01,5.000000000000000000e-01
3.708600000000003405e+01,5.000000000000000000e-01
3.708700000000003172e+01,5.000000000000000000e-01
3.708800000000003649e+01,5.000000000000000000e-01
3.708900000000003416e+01,5.000000000000000000e-01
3.709000000000003183e+01,5.000000000000000000e-01
3.709100000000003661e+01,5.000000000000000000e-01
3.709200000000003428e+01,5.000000000000000000e-01
3.709300000000003195e+01,5.000000000000000000e-01
3.709400000000003672e+01,5.000000000000000000e-01
3.709500000000003439e+01,5.000000000000000000e-01
3.709600000000003206e+01,5.000000000000000000e-01
3.709700000000003683e+01,5.000000000000000000e-01
3.709800000000003450e+01,5.000000000000000000e-01
3.709900000000003217e+01,5.000000000000000000e-01
3.710000000000003695e+01,5.000000000000000000e-01
3.710100000000003462e+01,5.000000000000000000e-01
3.710200000000003229e+01,5.000000000000000000e-01
3.710300000000003706e+01,5.000000000000000000e-01
3.710400000000003473e+01,5.000000000000000000e-01
3.710500000000003240e+01,5.000000000000000000e-01
3.710600000000003718e+01,5.000000000000000000e-01
3.710700000000003485e+01,5.000000000000000000e-01
3.710800000000003251e+01,5.000000000000000000e-01
3.710900000000003729e+01,5.000000000000000000e-01
3.711000000000003496e+01,5.000000000000000000e-01
3.711100000000003263e+01,5.000000000000000000e-01
3.711200000000003740e+01,5.000000000000000000e-01
3.711300000000003507e+01,5.000000000000000000e-01
3.711400000000003274e+01,5.000000000000000000e-01
3.711500000000003752e+01,5.000000000000000000e-01
3.711600000000003519e+01,5.000000000000000000e-01
3.711700000000003286e+01,5.000000000000000000e-01
3.711800000000003763e+01,5.000000000000000000e-01
3.711900000000003530e+01,5.000000000000000000e-01
3.712000000000003297e+01,5.000000000000000000e-01
3.712100000000003774e+01,5.000000000000000000e-01
3.712200000000003541e+01,5.000000000000000000e-01
3.712300000000003308e+01,5.000000000000000000e-01
3.712400000000003786e+01,5.000000000000000000e-01
3.712500000000003553e+01,5.000000000000000000e-01
3.712600000000003320e+01,5.000000000000000000e-01
3.712700000000003797e+01,5.000000000000000000e-01
3.712800000000003564e+01,5.000000000000000000e-01
3.712900000000003331e+01,5.000000000000000000e-01
3.713000000000003809e+01,5.000000000000000000e-01
3.713100000000003575e+01,5.000000000000000000e-01
3.713200000000003342e+01,5.000000000000000000e-01
3.713300000000003109e+01,5.000000000000000000e-01
3.713400000000003587e+01,5.000000000000000000e-01
3.713500000000003354e+01,5.000000000000000000e-01
3.713600000000003121e+01,5.000000000000000000e-01
3.713700000000003598e+01,5.000000000000000000e-01
3.713800000000003365e+01,5.000000000000000000e-01
3.713900000000003132e+01,5.000000000000000000e-01
3.714000000000003610e+01,5.000000000000000000e-01
3.714100000000003376e+01,5.000000000000000000e-01
3.714200000000003143e+01,5.000000000000000000e-01
3.714300000000003621e+01,5.000000000000000000e-01
3.714400000000003388e+01,5.000000000000000000e-01
3.714500000000003155e+01,5.000000000000000000e-01
3.714600000000003632e+01,5.000000000000000000e-01
3.714700000000003399e+01,5.000000000000000000e-01
3.714800000000003166e+01,5.000000000000000000e-01
3.714900000000003644e+01,5.000000000000000000e-01
3.715000000000003411e+01,5.000000000000000000e-01
3.715100000000003178e+01,5.000000000000000000e-01
3.715200000000003655e+01,5.000000000000000000e-01
3.715300000000003422e+01,5.000000000000000000e-01
3.715400000000003189e+01,5.000000000000000000e-01
3.715500000000003666e+01,5.000000000000000000e-01
3.715600000000003433e+01,5.000000000000000000e-01
3.715700000000003200e+01,5.000000000000000000e-01
3.715800000000003678e+01,5.000000000000000000e-01
3.715900000000003445e+01,5.000000000000000000e-01
3.716000000000003212e+01,5.000000000000000000e-01
3.716100000000003689e+01,5.000000000000000000e-01
3.716200000000003456e+01,5.000000000000000000e-01
3.716300000000003223e+01,5.000000000000000000e-01
3.716400000000003701e+01,5.000000000000000000e-01
3.716500000000003467e+01,5.000000000000000000e-01
3.716600000000003234e+01,5.000000000000000000e-01
3.716700000000003712e+01,5.000000000000000000e-01
3.716800000000003479e+01,5.000000000000000000e-01
3.716900000000003246e+01,5.000000000000000000e-01
3.717000000000003723e+01,5.000000000000000000e-01
3.717100000000003490e+01,5.000000000000000000e-01
3.717200000000003257e+01,5.000000000000000000e-01
3.717300000000003735e+01,5.000000000000000000e-01
3.717400000000003502e+01,5.000000000000000000e-01
3.717500000000003268e+01,5.000000000000000000e-01
3.717600000000003746e+01,5.000000000000000000e-01
3.717700000000003513e+01,5.000000000000000000e-01
3.717800000000003280e+01,5.000000000000000000e-01
3.717900000000003757e+01,5.000000000000000000e-01
3.718000000000003524e+01,5.000000000000000000e-01
3.718100000000003291e+01,5.000000000000000000e-01
3.718200000000003769e+01,5.000000000000000000e-01
3.718300000000003536e+01,5.000000000000000000e-01
3.718400000000003303e+01,5.000000000000000000e-01
3.718500000000003780e+01,5.000000000000000000e-01
3.718600000000003547e+01,5.000000000000000000e-01
3.718700000000003314e+01,5.000000000000000000e-01
3.718800000000003791e+01,5.000000000000000000e-01
3.718900000000003558e+01,5.000000000000000000e-01
3.719000000000003325e+01,5.000000000000000000e-01
3.719100000000003803e+01,5.000000000000000000e-01
3.719200000000003570e+01,5.000000000000000000e-01
3.719300000000003337e+01,5.000000000000000000e-01
3.719400000000003814e+01,5.000000000000000000e-01
3.719500000000003581e+01,5.000000000000000000e-01
3.719600000000003348e+01,5.000000000000000000e-01
3.719700000000003826e+01,5.000000000000000000e-01
3.719800000000003593e+01,5.000000000000000000e-01
3.719900000000003359e+01,5.000000000000000000e-01
3.720000000000003126e+01,5.000000000000000000e-01
3.720100000000003604e+01,5.000000000000000000e-01
3.720200000000003371e+01,5.000000000000000000e-01
3.720300000000003138e+01,5.000000000000000000e-01
3.720400000000003615e+01,5.000000000000000000e-01
3.720500000000003382e+01,5.000000000000000000e-01
3.720600000000003149e+01,5.000000000000000000e-01
3.720700000000003627e+01,5.000000000000000000e-01
3.720800000000003394e+01,5.000000000000000000e-01
3.720900000000003160e+01,5.000000000000000000e-01
3.721000000000003638e+01,5.000000000000000000e-01
3.721100000000003405e+01,5.000000000000000000e-01
3.721200000000003172e+01,5.000000000000000000e-01
3.721300000000003649e+01,5.000000000000000000e-01
3.721400000000003416e+01,5.000000000000000000e-01
3.721500000000003183e+01,5.000000000000000000e-01
3.721600000000003661e+01,5.000000000000000000e-01
3.721700000000003428e+01,5.000000000000000000e-01
3.721800000000003195e+01,5.000000000000000000e-01
3.721900000000003672e+01,5.000000000000000000e-01
3.722000000000003439e+01,5.000000000000000000e-01
3.722100000000003206e+01,5.000000000000000000e-01
3.722200000000003683e+01,5.000000000000000000e-01
3.722300000000003450e+01,5.000000000000000000e-01
3.722400000000003217e+01,5.000000000000000000e-01
3.722500000000003695e+01,5.000000000000000000e-01
3.722600000000003462e+01,5.000000000000000000e-01
3.722700000000003229e+01,5.000000000000000000e-01
3.722800000000003706e+01,5.000000000000000000e-01
3.722900000000003473e+01,5.000000000000000000e-01
3.723000000000003240e+01,5.000000000000000000e-01
3.723100000000003718e+01,5.000000000000000000e-01
3.723200000000003485e+01,5.000000000000000000e-01
3.723300000000003251e+01,5.000000000000000000e-01
3.723400000000003729e+01,5.000000000000000000e-01
3.723500000000003496e+01,5.000000000000000000e-01
3.723600000000003263e+01,5.000000000000000000e-01
3.723700000000003740e+01,5.000000000000000000e-01
3.723800000000003507e+01,5.000000000000000000e-01
3.723900000000003274e+01,5.000000000000000000e-01
3.724000000000003752e+01,5.000000000000000000e-01
3.724100000000003519e+01,5.000000000000000000e-01
3.724200000000003286e+01,5.000000000000000000e-01
3.724300000000003763e+01,5.000000000000000000e-01
3.724400000000003530e+01,5.000000000000000000e-01
3.724500000000003297e+01,5.000000000000000000e-01
3.724600000000003774e+01,5.000000000000000000e-01
3.724700000000003541e+01,5.000000000000000000e-01
3.724800000000003308e+01,5.000000000000000000e-01
3.724900000000003786e+01,5.000000000000000000e-01
3.725000000000003553e+01,5.000000000000000000e-01
3.725100000000003320e+01,5.000000000000000000e-01
3.725200000000003797e+01,5.000000000000000000e-01
3.725300000000003564e+01,5.000000000000000000e-01
3.725400000000003331e+01,5.000000000000000000e-01
3.725500000000003809e+01,5.000000000000000000e-01
3.725600000000003575e+01,5.000000000000000000e-01
3.725700000000003342e+01,5.000000000000000000e-01
3.725800000000003820e+01,5.000000000000000000e-01
3.725900000000003587e+01,5.000000000000000000e-01
3.726000000000003354e+01,5.000000000000000000e-01
3.726100000000003121e+01,5.000000000000000000e-01
3.726200000000003598e+01,5.000000000000000000e-01
3.726300000000003365e+01,5.000000000000000000e-01
3.726400000000003132e+01,5.000000000000000000e-01
3.726500000000003610e+01,5.000000000000000000e-01
3.726600000000003376e+01,5.000000000000000000e-01
3.726700000000003143e+01,5.000000000000000000e-01
3.726800000000003621e+01,5.000000000000000000e-01
3.726900000000003388e+01,5.000000000000000000e-01
3.727000000000003155e+01,5.000000000000000000e-01
3.727100000000003632e+01,5.000000000000000000e-01
3.727200000000003399e+01,5.000000000000000000e-01
3.727300000000003166e+01,5.000000000000000000e-01
3.727400000000003644e+01,5.000000000000000000e-01
3.727500000000003411e+01,5.000000000000000000e-01
3.727600000000003178e+01,5.000000000000000000e-01
3.727700000000003655e+01,5.000000000000000000e-01
3.727800000000003422e+01,5.000000000000000000e-01
3.727900000000003189e+01,5.000000000000000000e-01
3.728000000000003666e+01,5.000000000000000000e-01
3.728100000000003433e+01,5.000000000000000000e-01
3.728200000000003200e+01,5.000000000000000000e-01
3.728300000000003678e+01,5.000000000000000000e-01
3.728400000000003445e+01,5.000000000000000000e-01
3.728500000000003212e+01,5.000000000000000000e-01
3.728600000000003689e+01,5.000000000000000000e-01
3.728700000000003456e+01,5.000000000000000000e-01
3.728800000000003223e+01,5.000000000000000000e-01
3.728900000000003701e+01,5.000000000000000000e-01
3.729000000000003467e+01,5.000000000000000000e-01
3.729100000000003234e+01,5.000000000000000000e-01
3.729200000000003712e+01,5.000000000000000000e-01
3.729300000000003479e+01,5.000000000000000000e-01
3.729400000000003246e+01,5.000000000000000000e-01
3.729500000000003723e+01,5.000000000000000000e-01
3.729600000000003490e+01,5.000000000000000000e-01
3.729700000000003257e+01,5.000000000000000000e-01
3.729800000000003735e+01,5.000000000000000000e-01
3.729900000000003502e+01,5.000000000000000000e-01
3.730000000000003268e+01,5.000000000000000000e-01
3.730100000000003746e+01,5.000000000000000000e-01
3.730200000000003513e+01,5.000000000000000000e-01
3.730300000000003280e+01,5.000000000000000000e-01
3.730400000000003757e+01,5.000000000000000000e-01
3.730500000000003524e+01,5.000000000000000000e-01
3.730600000000003291e+01,5.000000000000000000e-01
3.730700000000003769e+01,5.000000000000000000e-01
3.730800000000003536e+01,5.000000000000000000e-01
3.730900000000003303e+01,5.000000000000000000e-01
3.731000000000003780e+01,5.000000000000000000e-01
3.731100000000003547e+01,5.000000000000000000e-01
3.731200000000003314e+01,5.000000000000000000e-01
3.731300000000003791e+01,5.000000000000000000e-01
3.731400000000003558e+01,5.000000000000000000e-01
3.731500000000003325e+01,5.000000000000000000e-01
3.731600000000003803e+01,5.000000000000000000e-01
3.731700000000003570e+01,5.000000000000000000e-01
3.731800000000003337e+01,5.000000000000000000e-01
3.731900000000003814e+01,5.000000000000000000e-01
3.732000000000003581e+01,5.000000000000000000e-01
3.732100000000003348e+01,5.000000000000000000e-01
3.732200000000003826e+01,5.000000000000000000e-01
3.732300000000003593e+01,5.000000000000000000e-01
3.732400000000003359e+01,5.000000000000000000e-01
3.732500000000003837e+01,5.000000000000000000e-01
3.732600000000003604e+01,5.000000000000000000e-01
3.732700000000003371e+01,5.000000000000000000e-01
3.732800000000003138e+01,5.000000000000000000e-01
3.732900000000003615e+01,5.000000000000000000e-01
3.733000000000003382e+01,5.000000000000000000e-01
3.733100000000003149e+01,5.000000000000000000e-01
3.733200000000003627e+01,5.000000000000000000e-01
3.733300000000003394e+01,5.000000000000000000e-01
3.733400000000003160e+01,5.000000000000000000e-01
3.733500000000003638e+01,5.000000000000000000e-01
3.733600000000003405e+01,5.000000000000000000e-01
3.733700000000003172e+01,5.000000000000000000e-01
3.733800000000003649e+01,5.000000000000000000e-01
3.733900000000003416e+01,5.000000000000000000e-01
3.734000000000003183e+01,5.000000000000000000e-01
3.734100000000003661e+01,5.000000000000000000e-01
3.734200000000003428e+01,5.000000000000000000e-01
3.734300000000003195e+01,5.000000000000000000e-01
3.734400000000003672e+01,5.000000000000000000e-01
3.734500000000003439e+01,5.000000000000000000e-01
3.734600000000003206e+01,5.000000000000000000e-01
3.734700000000003683e+01,5.000000000000000000e-01
3.734800000000003450e+01,5.000000000000000000e-01
3.734900000000003217e+01,5.000000000000000000e-01
3.735000000000003695e+01,5.000000000000000000e-01
3.735100000000003462e+01,5.000000000000000000e-01
3.735200000000003229e+01,5.000000000000000000e-01
3.735300000000003706e+01,5.000000000000000000e-01
3.735400000000003473e+01,5.000000000000000000e-01
3.735500000000003240e+01,5.000000000000000000e-01
3.735600000000003718e+01,5.000000000000000000e-01
3.735700000000003485e+01,5.000000000000000000e-01
3.735800000000003251e+01,5.000000000000000000e-01
3.735900000000003729e+01,5.000000000000000000e-01
3.736000000000003496e+01,5.000000000000000000e-01
3.736100000000003263e+01,5.000000000000000000e-01
3.736200000000003740e+01,5.000000000000000000e-01
3.736300000000003507e+01,5.000000000000000000e-01
3.736400000000003274e+01,5.000000000000000000e-01
3.736500000000003752e+01,5.000000000000000000e-01
3.736600000000003519e+01,5.000000000000000000e-01
3.736700000000003286e+01,5.000000000000000000e-01
3.736800000000003763e+01,5.000000000000000000e-01
3.736900000000003530e+01,5.000000000000000000e-01
3.737000000000003297e+01,5.000000000000000000e-01
3.737100000000003774e+01,5.000000000000000000e-01
3.737200000000003541e+01,5.000000000000000000e-01
3.737300000000003308e+01,5.000000000000000000e-01
3.737400000000003786e+01,5.000000000000000000e-01
3.737500000000003553e+01,5.000000000000000000e-01
3.737600000000003320e+01,5.000000000000000000e-01
3.737700000000003797e+01,5.000000000000000000e-01
3.737800000000003564e+01,5.000000000000000000e-01
3.737900000000003331e+01,5.000000000000000000e-01
3.738000000000003809e+01,5.000000000000000000e-01
3.738100000000003575e+01,5.000000000000000000e-01
3.738200000000003342e+01,5.000000000000000000e-01
3.738300000000003820e+01,5.000000000000000000e-01
3.738400000000003587e+01,5.000000000000000000e-01
3.738500000000003354e+01,5.000000000000000000e-01
3.738600000000003831e+01,5.000000000000000000e-01
3.738700000000003598e+01,5.000000000000000000e-01
3.738800000000003365e+01,5.000000000000000000e-01
3.738900000000003132e+01,5.000000000000000000e-01
3.739000000000003610e+01,5.000000000000000000e-01
3.739100000000003376e+01,5.000000000000000000e-01
3.739200000000003143e+01,5.000000000000000000e-01
3.739300000000003621e+01,5.000000000000000000e-01
3.739400000000003388e+01,5.000000000000000000e-01
3.739500000000003155e+01,5.000000000000000000e-01
3.739600000000003632e+01,5.000000000000000000e-01
3.739700000000003399e+01,5.000000000000000000e-01
3.739800000000003166e+01,5.000000000000000000e-01
3.739900000000003644e+01,5.000000000000000000e-01
3.740000000000003411e+01,5.000000000000000000e-01
3.740100000000003178e+01,5.000000000000000000e-01
3.740200000000003655e+01,5.000000000000000000e-01
3.740300000000003422e+01,5.000000000000000000e-01
3.740400000000003189e+01,5.000000000000000000e-01
3.740500000000003666e+01,5.000000000000000000e-01
3.740600000000003433e+01,5.000000000000000000e-01
3.740700000000003200e+01,5.000000000000000000e-01
3.740800000000003678e+01,5.000000000000000000e-01
3.740900000000003445e+01,5.000000000000000000e-01
3.741000000000003212e+01,5.000000000000000000e-01
3.741100000000003689e+01,5.000000000000000000e-01
3.741200000000003456e+01,5.000000000000000000e-01
3.741300000000003223e+01,5.000000000000000000e-01
3.741400000000003701e+01,5.000000000000000000e-01
3.741500000000003467e+01,5.000000000000000000e-01
3.741600000000003234e+01,5.000000000000000000e-01
3.741700000000003712e+01,5.000000000000000000e-01
3.741800000000003479e+01,5.000000000000000000e-01
3.741900000000003246e+01,5.000000000000000000e-01
3.742000000000003723e+01,5.000000000000000000e-01
3.742100000000003490e+01,5.000000000000000000e-01
3.742200000000003257e+01,5.000000000000000000e-01
3.742300000000003735e+01,5.000000000000000000e-01
3.742400000000003502e+01,5.000000000000000000e-01
3.742500000000003268e+01,5.000000000000000000e-01
3.742600000000003746e+01,5.000000000000000000e-01
3.742700000000003513e+01,5.000000000000000000e-01
3.742800000000003280e+01,5.000000000000000000e-01
3.742900000000003757e+01,5.000000000000000000e-01
3.743000000000003524e+01,5.000000000000000000e-01
3.743100000000003291e+01,5.000000000000000000e-01
3.743200000000003769e+01,5.000000000000000000e-01
3.743300000000003536e+01,5.000000000000000000e-01
3.743400000000003303e+01,5.000000000000000000e-01
3.743500000000003780e+01,5.000000000000000000e-01
3.743600000000003547e+01,5.000000000000000000e-01
3.743700000000003314e+01,5.000000000000000000e-01
3.743800000000003791e+01,5.000000000000000000e-01
3.743900000000003558e+01,5.000000000000000000e-01
3.744000000000003325e+01,5.000000000000000000e-01
3.744100000000003803e+01,5.000000000000000000e-01
3.744200000000003570e+01,5.000000000000000000e-01
3.744300000000003337e+01,5.000000000000000000e-01
3.744400000000003814e+01,5.000000000000000000e-01
3.744500000000003581e+01,5.000000000000000000e-01
3.744600000000003348e+01,5.000000000000000000e-01
3.744700000000003826e+01,5.000000000000000000e-01
3.744800000000003593e+01,5.000000000000000000e-01
3.744900000000003359e+01,5.000000000000000000e-01
3.745000000000003837e+01,5.000000000000000000e-01
3.745100000000003604e+01,5.000000000000000000e-01
3.745200000000003371e+01,5.000000000000000000e-01
3.745300000000003848e+01,5.000000000000000000e-01
3.745400000000003615e+01,5.000000000000000000e-01
3.745500000000003382e+01,5.000000000000000000e-01
3.745600000000003149e+01,5.000000000000000000e-01
3.745700000000003627e+01,5.000000000000000000e-01
3.745800000000003394e+01,5.000000000000000000e-01
3.745900000000003160e+01,5.000000000000000000e-01
3.746000000000003638e+01,5.000000000000000000e-01
3.746100000000003405e+01,5.000000000000000000e-01
3.746200000000003172e+01,5.000000000000000000e-01
3.746300000000003649e+01,5.000000000000000000e-01
3.746400000000003416e+01,5.000000000000000000e-01
3.746500000000003183e+01,5.000000000000000000e-01
3.746600000000003661e+01,5.000000000000000000e-01
3.746700000000003428e+01,5.000000000000000000e-01
3.746800000000003195e+01,5.000000000000000000e-01
3.746900000000003672e+01,5.000000000000000000e-01
3.747000000000003439e+01,5.000000000000000000e-01
3.747100000000003206e+01,5.000000000000000000e-01
3.747200000000003683e+01,5.000000000000000000e-01
3.747300000000003450e+01,5.000000000000000000e-01
3.747400000000003217e+01,5.000000000000000000e-01
3.747500000000003695e+01,5.000000000000000000e-01
3.747600000000003462e+01,5.000000000000000000e-01
3.747700000000003229e+01,5.000000000000000000e-01
3.747800000000003706e+01,5.000000000000000000e-01
3.747900000000003473e+01,5.000000000000000000e-01
3.748000000000003240e+01,5.000000000000000000e-01
3.748100000000003718e+01,5.000000000000000000e-01
3.748200000000003485e+01,5.000000000000000000e-01
3.748300000000003251e+01,5.000000000000000000e-01
3.748400000000003729e+01,5.000000000000000000e-01
3.748500000000003496e+01,5.000000000000000000e-01
3.748600000000003263e+01,5.000000000000000000e-01
3.748700000000003740e+01,5.000000000000000000e-01
3.748800000000003507e+01,5.000000000000000000e-01
3.748900000000003274e+01,5.000000000000000000e-01
3.749000000000003752e+01,5.000000000000000000e-01
3.749100000000003519e+01,5.000000000000000000e-01
3.749200000000003286e+01,5.000000000000000000e-01
3.749300000000003763e+01,5.000000000000000000e-01
3.749400000000003530e+01,5.000000000000000000e-01
3.749500000000003297e+01,5.000000000000000000e-01
3.749600000000003774e+01,5.000000000000000000e-01
3.749700000000003541e+01,5.000000000000000000e-01
3.749800000000003308e+01,5.000000000000000000e-01
3.749900000000003786e+01,5.000000000000000000e-01
3.750000000000003553e+01,5.000000000000000000e-01
3.750100000000003320e+01,5.000000000000000000e-01
3.750200000000003797e+01,5.000000000000000000e-01
3.750300000000003564e+01,5.000000000000000000e-01
3.750400000000003331e+01,5.000000000000000000e-01
3.750500000000003809e+01,5.000000000000000000e-01
3.750600000000003575e+01,5.000000000000000000e-01
3.750700000000003342e+01,5.000000000000000000e-01
3.750800000000003820e+01,5.000000000000000000e-01
3.750900000000003587e+01,5.000000000000000000e-01
3.751000000000003354e+01,5.000000000000000000e-01
3.751100000000003831e+01,5.000000000000000000e-01
3.751200000000003598e+01,5.000000000000000000e-01
3.751300000000003365e+01,5.000000000000000000e-01
3.751400000000003843e+01,5.000000000000000000e-01
3.751500000000003610e+01,5.000000000000000000e-01
3.751600000000003376e+01,5.000000000000000000e-01
3.751700000000003143e+01,5.000000000000000000e-01
3.751800000000003621e+01,5.000000000000000000e-01
3.751900000000003388e+01,5.000000000000000000e-01
3.752000000000003155e+01,5.000000000000000000e-01
3.752100000000003632e+01,5.000000000000000000e-01
3.752200000000003399e+01,5.000000000000000000e-01
3.752300000000003166e+01,5.000000000000000000e-01
3.752400000000003644e+01,5.000000000000000000e-01
3.752500000000003411e+01,5.000000000000000000e-01
3.752600000000003178e+01,5.000000000000000000e-01
3.752700000000003655e+01,5.000000000000000000e-01
3.752800000000003422e+01,5.000000000000000000e-01
3.752900000000003189e+01,5.000000000000000000e-01
3.753000000000003666e+01,5.000000000000000000e-01
3.753100000000003433e+01,5.000000000000000000e-01
3.753200000000003200e+01,5.000000000000000000e-01
3.753300000000003678e+01,5.000000000000000000e-01
3.753400000000003445e+01,5.000000000000000000e-01
3.753500000000003212e+01,5.000000000000000000e-01
3.753600000000003689e+01,5.000000000000000000e-01
3.753700000000003456e+01,5.000000000000000000e-01
3.753800000000003223e+01,5.000000000000000000e-01
3.753900000000003701e+01,5.000000000000000000e-01
3.754000000000003467e+01,5.000000000000000000e-01
3.754100000000003234e+01,5.000000000000000000e-01
3.754200000000003712e+01,5.000000000000000000e-01
3.754300000000003479e+01,5.000000000000000000e-01
3.754400000000003246e+01,5.000000000000000000e-01
3.754500000000003723e+01,5.000000000000000000e-01
3.754600000000003490e+01,5.000000000000000000e-01
3.754700000000003257e+01,5.000000000000000000e-01
3.754800000000003735e+01,5.000000000000000000e-01
3.754900000000003502e+01,5.000000000000000000e-01
3.755000000000003268e+01,5.000000000000000000e-01
3.755100000000003746e+01,5.000000000000000000e-01
3.755200000000003513e+01,5.000000000000000000e-01
3.755300000000003280e+01,5.000000000000000000e-01
3.755400000000003757e+01,5.000000000000000000e-01
3.755500000000003524e+01,5.000000000000000000e-01
3.755600000000003291e+01,5.000000000000000000e-01
3.755700000000003769e+01,5.000000000000000000e-01
3.755800000000003536e+01,5.000000000000000000e-01
3.755900000000003303e+01,5.000000000000000000e-01
3.756000000000003780e+01,5.000000000000000000e-01
3.756100000000003547e+01,5.000000000000000000e-01
3.756200000000003314e+01,5.000000000000000000e-01
3.756300000000003791e+01,5.000000000000000000e-01
3.756400000000003558e+01,5.000000000000000000e-01
3.756500000000003325e+01,5.000000000000000000e-01
3.756600000000003803e+01,5.000000000000000000e-01
3.756700000000003570e+01,5.000000000000000000e-01
3.756800000000003337e+01,5.000000000000000000e-01
3.756900000000003814e+01,5.000000000000000000e-01
3.757000000000003581e+01,5.000000000000000000e-01
3.757100000000003348e+01,5.000000000000000000e-01
3.757200000000003826e+01,5.000000000000000000e-01
3.757300000000003593e+01,5.000000000000000000e-01
3.757400000000003359e+01,5.000000000000000000e-01
3.757500000000003837e+01,5.000000000000000000e-01
3.757600000000003604e+01,5.000000000000000000e-01
3.757700000000003371e+01,5.000000000000000000e-01
3.757800000000003848e+01,5.000000000000000000e-01
3.757900000000003615e+01,5.000000000000000000e-01
3.758000000000003382e+01,5.000000000000000000e-01
3.758100000000003860e+01,5.000000000000000000e-01
3.758200000000003627e+01,5.000000000000000000e-01
3.758300000000003394e+01,5.000000000000000000e-01
3.758400000000003160e+01,5.000000000000000000e-01
3.758500000000003638e+01,5.000000000000000000e-01
3.758600000000003405e+01,5.000000000000000000e-01
3.758700000000003172e+01,5.000000000000000000e-01
3.758800000000003649e+01,5.000000000000000000e-01
3.758900000000003416e+01,5.000000000000000000e-01
3.759000000000003183e+01,5.000000000000000000e-01
3.759100000000003661e+01,5.000000000000000000e-01
3.759200000000003428e+01,5.000000000000000000e-01
3.759300000000003195e+01,5.000000000000000000e-01
3.759400000000003672e+01,5.000000000000000000e-01
3.759500000000003439e+01,5.000000000000000000e-01
3.759600000000003206e+01,5.000000000000000000e-01
3.759700000000003683e+01,5.000000000000000000e-01
3.759800000000003450e+01,5.000000000000000000e-01
3.759900000000003217e+01,5.000000000000000000e-01
3.760000000000003695e+01,5.000000000000000000e-01
3.760100000000003462e+01,5.000000000000000000e-01
3.760200000000003229e+01,5.000000000000000000e-01
3.760300000000003706e+01,5.000000000000000000e-01
3.760400000000003473e+01,5.000000000000000000e-01
3.760500000000003240e+01,5.000000000000000000e-01
3.760600000000003718e+01,5.000000000000000000e-01
3.760700000000003485e+01,5.000000000000000000e-01
3.760800000000003251e+01,5.000000000000000000e-01
3.760900000000003729e+01,5.000000000000000000e-01
3.761000000000003496e+01,5.000000000000000000e-01
3.761100000000003263e+01,5.000000000000000000e-01
3.761200000000003740e+01,5.000000000000000000e-01
3.761300000000003507e+01,5.000000000000000000e-01
3.761400000000003274e+01,5.000000000000000000e-01
3.761500000000003752e+01,5.000000000000000000e-01
3.761600000000003519e+01,5.000000000000000000e-01
3.761700000000003286e+01,5.000000000000000000e-01
3.761800000000003763e+01,5.000000000000000000e-01
3.761900000000003530e+01,5.000000000000000000e-01
3.762000000000003297e+01,5.000000000000000000e-01
3.762100000000003774e+01,5.000000000000000000e-01
3.762200000000003541e+01,5.000000000000000000e-01
3.762300000000003308e+01,5.000000000000000000e-01
3.762400000000003786e+01,5.000000000000000000e-01
3.762500000000003553e+01,5.000000000000000000e-01
3.762600000000003320e+01,5.000000000000000000e-01
3.762700000000003797e+01,5.000000000000000000e-01
3.762800000000003564e+01,5.000000000000000000e-01
3.762900000000003331e+01,5.000000000000000000e-01
3.763000000000003809e+01,5.000000000000000000e-01
3.763100000000003575e+01,5.000000000000000000e-01
3.763200000000003342e+01,5.000000000000000000e-01
3.763300000000003820e+01,5.000000000000000000e-01
3.763400000000003587e+01,5.000000000000000000e-01
3.763500000000003354e+01,5.000000000000000000e-01
3.763600000000003831e+01,5.000000000000000000e-01
3.763700000000003598e+01,5.000000000000000000e-01
3.763800000000003365e+01,5.000000000000000000e-01
3.763900000000003843e+01,5.000000000000000000e-01
3.764000000000003610e+01,5.000000000000000000e-01
3.764100000000003376e+01,5.000000000000000000e-01
3.764200000000003854e+01,5.000000000000000000e-01
3.764300000000003621e+01,5.000000000000000000e-01
3.764400000000003388e+01,5.000000000000000000e-01
3.764500000000003155e+01,5.000000000000000000e-01
3.764600000000003632e+01,5.000000000000000000e-01
3.764700000000003399e+01,5.000000000000000000e-01
3.764800000000003166e+01,5.000000000000000000e-01
3.764900000000003644e+01,5.000000000000000000e-01
3.765000000000003411e+01,5.000000000000000000e-01
3.765100000000003178e+01,5.000000000000000000e-01
3.765200000000003655e+01,5.000000000000000000e-01
3.765300000000003422e+01,5.000000000000000000e-01
3.765400000000003189e+01,5.000000000000000000e-01
3.765500000000003666e+01,5.000000000000000000e-01
3.765600000000003433e+01,5.000000000000000000e-01
3.765700000000003200e+01,5.000000000000000000e-01
3.765800000000003678e+01,5.000000000000000000e-01
3.765900000000003445e+01,5.000000000000000000e-01
3.766000000000003212e+01,5.000000000000000000e-01
3.766100000000003689e+01,5.000000000000000000e-01
3.766200000000003456e+01,5.000000000000000000e-01
3.766300000000003223e+01,5.000000000000000000e-01
3.766400000000003701e+01,5.000000000000000000e-01
3.766500000000003467e+01,5.000000000000000000e-01
3.766600000000003234e+01,5.000000000000000000e-01
3.766700000000003712e+01,5.000000000000000000e-01
3.766800000000003479e+01,5.000000000000000000e-01
3.766900000000003246e+01,5.000000000000000000e-01
3.767000000000003723e+01,5.000000000000000000e-01
3.767100000000003490e+01,5.000000000000000000e-01
3.767200000000003257e+01,5.000000000000000000e-01
3.767300000000003735e+01,5.000000000000000000e-01
3.767400000000003502e+01,5.000000000000000000e-01
3.767500000000003268e+01,5.000000000000000000e-01
3.767600000000003746e+01,5.000000000000000000e-01
3.767700000000003513e+01,5.000000000000000000e-01
3.767800000000003280e+01,5.000000000000000000e-01
3.767900000000003757e+01,5.000000000000000000e-01
3.768000000000003524e+01,5.000000000000000000e-01
3.768100000000003291e+01,5.000000000000000000e-01
3.768200000000003769e+01,5.000000000000000000e-01
3.768300000000003536e+01,5.000000000000000000e-01
3.768400000000003303e+01,5.000000000000000000e-01
3.768500000000003780e+01,5.000000000000000000e-01
3.768600000000003547e+01,5.000000000000000000e-01
3.768700000000003314e+01,5.000000000000000000e-01
3.768800000000003791e+01,5.000000000000000000e-01
3.768900000000003558e+01,5.000000000000000000e-01
3.769000000000003325e+01,5.000000000000000000e-01
3.769100000000003803e+01,5.000000000000000000e-01
3.769200000000003570e+01,5.000000000000000000e-01
3.769300000000003337e+01,5.000000000000000000e-01
3.769400000000003814e+01,5.000000000000000000e-01
3.769500000000003581e+01,5.000000000000000000e-01
3.769600000000003348e+01,5.000000000000000000e-01
3.769700000000003826e+01,5.000000000000000000e-01
3.769800000000003593e+01,5.000000000000000000e-01
3.769900000000003359e+01,5.000000000000000000e-01
3.770000000000003837e+01,5.000000000000000000e-01
3.770100000000003604e+01,5.000000000000000000e-01
3.770200000000003371e+01,5.000000000000000000e-01
3.770300000000003848e+01,5.000000000000000000e-01
3.770400000000003615e+01,5.000000000000000000e-01
3.770500000000003382e+01,5.000000000000000000e-01
3.770600000000003860e+01,5.000000000000000000e-01
3.770700000000003627e+01,5.000000000000000000e-01
3.770800000000003394e+01,5.000000000000000000e-01
3.770900000000003871e+01,5.000000000000000000e-01
3.771000000000003638e+01,5.000000000000000000e-01
3.771100000000003405e+01,5.000000000000000000e-01
3.771200000000003172e+01,5.000000000000000000e-01
3.771300000000003649e+01,5.000000000000000000e-01
3.771400000000003416e+01,5.000000000000000000e-01
3.771500000000003183e+01,5.000000000000000000e-01
3.771600000000003661e+01,5.000000000000000000e-01
3.771700000000003428e+01,5.000000000000000000e-01
3.771800000000003195e+01,5.000000000000000000e-01
3.771900000000003672e+01,5.000000000000000000e-01
3.772000000000003439e+01,5.000000000000000000e-01
3.772100000000003206e+01,5.000000000000000000e-01
3.772200000000003683e+01,5.000000000000000000e-01
3.772300000000003450e+01,5.000000000000000000e-01
3.772400000000003217e+01,5.000000000000000000e-01
3.772500000000003695e+01,5.000000000000000000e-01
3.772600000000003462e+01,5.000000000000000000e-01
3.772700000000003229e+01,5.000000000000000000e-01
3.772800000000003706e+01,5.000000000000000000e-01
3.772900000000003473e+01,5.000000000000000000e-01
3.773000000000003240e+01,5.000000000000000000e-01
3.773100000000003718e+01,5.000000000000000000e-01
3.773200000000003485e+01,5.000000000000000000e-01
3.773300000000003251e+01,5.000000000000000000e-01
3.773400000000003729e+01,5.000000000000000000e-01
3.773500000000003496e+01,5.000000000000000000e-01
3.773600000000003263e+01,5.000000000000000000e-01
3.773700000000003740e+01,5.000000000000000000e-01
3.773800000000003507e+01,5.000000000000000000e-01
3.773900000000003274e+01,5.000000000000000000e-01
3.774000000000003752e+01,5.000000000000000000e-01
3.774100000000003519e+01,5.000000000000000000e-01
3.774200000000003286e+01,5.000000000000000000e-01
3.774300000000003763e+01,5.000000000000000000e-01
3.774400000000003530e+01,5.000000000000000000e-01
3.774500000000003297e+01,5.000000000000000000e-01
3.774600000000003774e+01,5.000000000000000000e-01
3.774700000000003541e+01,5.000000000000000000e-01
3.774800000000003308e+01,5.000000000000000000e-01
3.774900000000003786e+01,5.000000000000000000e-01
3.775000000000003553e+01,5.000000000000000000e-01
3.775100000000003320e+01,5.000000000000000000e-01
3.775200000000003797e+01,5.000000000000000000e-01
3.775300000000003564e+01,5.000000000000000000e-01
3.775400000000003331e+01,5.000000000000000000e-01
3.775500000000003809e+01,5.000000000000000000e-01
3.775600000000003575e+01,5.000000000000000000e-01
3.775700000000003342e+01,5.000000000000000000e-01
3.775800000000003820e+01,5.000000000000000000e-01
3.775900000000003587e+01,5.000000000000000000e-01
3.776000000000003354e+01,5.000000000000000000e-01
3.776100000000003831e+01,5.000000000000000000e-01
3.776200000000003598e+01,5.000000000000000000e-01
3.776300000000003365e+01,5.000000000000000000e-01
3.776400000000003843e+01,5.000000000000000000e-01
3.776500000000003610e+01,5.000000000000000000e-01
3.776600000000003376e+01,5.000000000000000000e-01
3.776700000000003854e+01,5.000000000000000000e-01
3.776800000000003621e+01,5.000000000000000000e-01
3.776900000000003388e+01,5.000000000000000000e-01
3.777000000000003865e+01,5.000000000000000000e-01
3.777100000000003632e+01,5.000000000000000000e-01
3.777200000000003399e+01,5.000000000000000000e-01
3.777300000000003166e+01,5.000000000000000000e-01
3.777400000000003644e+01,5.000000000000000000e-01
3.777500000000003411e+01,5.000000000000000000e-01
3.777600000000003178e+01,5.000000000000000000e-01
3.777700000000003655e+01,5.000000000000000000e-01
3.777800000000003422e+01,5.000000000000000000e-01
3.777900000000003189e+01,5.000000000000000000e-01
3.778000000000003666e+01,5.000000000000000000e-01
3.778100000000003433e+01,5.000000000000000000e-01
3.778200000000003200e+01,5.000000000000000000e-01
3.778300000000003678e+01,5.000000000000000000e-01
3.778400000000003445e+01,5.000000000000000000e-01
3.778500000000003212e+01,5.000000000000000000e-01
3.778600000000003689e+01,5.000000000000000000e-01
3.778700000000003456e+01,5.000000000000000000e-01
3.778800000000003223e+01,5.000000000000000000e-01
3.778900000000003701e+01,5.000000000000000000e-01
3.779000000000003467e+01,5.000000000000000000e-01
3.779100000000003234e+01,5.000000000000000000e-01
3.779200000000003712e+01,5.000000000000000000e-01
3.779300000000003479e+01,5.000000000000000000e-01
3.779400000000003246e+01,5.000000000000000000e-01
3.779500000000003723e+01,5.000000000000000000e-01
3.779600000000003490e+01,5.000000000000000000e-01
3.779700000000003257e+01,5.000000000000000000e-01
3.779800000000003735e+01,5.000000000000000000e-01
3.779900000000003502e+01,5.000000000000000000e-01
3.780000000000003268e+01,5.000000000000000000e-01
3.780100000000003746e+01,5.000000000000000000e-01
3.780200000000003513e+01,5.000000000000000000e-01
3.780300000000003280e+01,5.000000000000000000e-01
3.780400000000003757e+01,5.000000000000000000e-01
3.780500000000003524e+01,5.000000000000000000e-01
3.780600000000003291e+01,5.000000000000000000e-01
3.780700000000003769e+01,5.000000000000000000e-01
3.780800000000003536e+01,5.000000000000000000e-01
3.780900000000003303e+01,5.000000000000000000e-01
3.781000000000003780e+01,5.000000000000000000e-01
3.781100000000003547e+01,5.000000000000000000e-01
3.781200000000003314e+01,5.000000000000000000e-01
3.781300000000003791e+01,5.000000000000000000e-01
3.781400000000003558e+01,5.000000000000000000e-01
3.781500000000003325e+01,5.000000000000000000e-01
3.781600000000003803e+01,5.000000000000000000e-01
3.781700000000003570e+01,5.000000000000000000e-01
3.781800000000003337e+01,5.000000000000000000e-01
3.781900000000003814e+01,5.000000000000000000e-01
3.782000000000003581e+01,5.000000000000000000e-01
3.782100000000003348e+01,5.000000000000000000e-01
3.782200000000003826e+01,5.000000000000000000e-01
3.782300000000003593e+01,5.000000000000000000e-01
3.782400000000003359e+01,5.000000000000000000e-01
3.782500000000003837e+01,5.000000000000000000e-01
3.782600000000003604e+01,5.000000000000000000e-01
3.782700000000003371e+01,5.000000000000000000e-01
3.782800000000003848e+01,5.000000000000000000e-01
3.782900000000003615e+01,5.000000000000000000e-01
3.783000000000003382e+01,5.000000000000000000e-01
3.783100000000003860e+01,5.000000000000000000e-01
3.783200000000003627e+01,5.000000000000000000e-01
3.783300000000003394e+01,5.000000000000000000e-01
3.783400000000003871e+01,5.000000000000000000e-01
3.783500000000003638e+01,5.000000000000000000e-01
3.783600000000003405e+01,5.000000000000000000e-01
3.783700000000003882e+01,5.000000000000000000e-01
3.783800000000003649e+01,5.000000000000000000e-01
3.783900000000003416e+01,5.000000000000000000e-01
3.784000000000003183e+01,5.000000000000000000e-01
3.784100000000003661e+01,5.000000000000000000e-01
3.784200000000003428e+01,5.000000000000000000e-01
3.784300000000003195e+01,5.000000000000000000e-01
3.784400000000003672e+01,5.000000000000000000e-01
3.784500000000003439e+01,5.000000000000000000e-01
3.784600000000003206e+01,5.000000000000000000e-01
3.784700000000003683e+01,5.000000000000000000e-01
3.784800000000003450e+01,5.000000000000000000e-01
3.784900000000003217e+01,5.000000000000000000e-01
3.785000000000003695e+01,5.000000000000000000e-01
3.785100000000003462e+01,5.000000000000000000e-01
3.785200000000003229e+01,5.000000000000000000e-01
3.785300000000003706e+01,5.000000000000000000e-01
3.785400000000003473e+01,5.000000000000000000e-01
3.785500000000003240e+01,5.000000000000000000e-01
3.785600000000003718e+01,5.000000000000000000e-01
3.785700000000003485e+01,5.000000000000000000e-01
3.785800000000003251e+01,5.000000000000000000e-01
3.785900000000003729e+01,5.000000000000000000e-01
3.786000000000003496e+01,5.000000000000000000e-01
3.786100000000003263e+01,5.000000000000000000e-01
3.786200000000003740e+01,5.000000000000000000e-01
3.786300000000003507e+01,5.000000000000000000e-01
3.786400000000003274e+01,5.000000000000000000e-01
3.786500000000003752e+01,5.000000000000000000e-01
3.786600000000003519e+01,5.000000000000000000e-01
3.786700000000003286e+01,5.000000000000000000e-01
3.786800000000003763e+01,5.000000000000000000e-01
3.786900000000003530e+01,5.000000000000000000e-01
3.787000000000003297e+01,5.000000000000000000e-01
3.787100000000003774e+01,5.000000000000000000e-01
3.787200000000003541e+01,5.000000000000000000e-01
3.787300000000003308e+01,5.000000000000000000e-01
3.787400000000003786e+01,5.000000000000000000e-01
3.787500000000003553e+01,5.000000000000000000e-01
3.787600000000003320e+01,5.000000000000000000e-01
3.787700000000003797e+01,5.000000000000000000e-01
3.787800000000003564e+01,5.000000000000000000e-01
3.787900000000003331e+01,5.000000000000000000e-01
3.788000000000003809e+01,5.000000000000000000e-01
3.788100000000003575e+01,5.000000000000000000e-01
3.788200000000003342e+01,5.000000000000000000e-01
3.788300000000003820e+01,5.000000000000000000e-01
3.788400000000003587e+01,5.000000000000000000e-01
3.788500000000003354e+01,5.000000000000000000e-01
3.788600000000003831e+01,5.000000000000000000e-01
3.788700000000003598e+01,5.000000000000000000e-01
3.788800000000003365e+01,5.000000000000000000e-01
3.788900000000003843e+01,5.000000000000000000e-01
3.789000000000003610e+01,5.000000000000000000e-01
3.789100000000003376e+01,5.000000000000000000e-01
3.789200000000003854e+01,5.000000000000000000e-01
3.789300000000003621e+01,5.000000000000000000e-01
3.789400000000003388e+01,5.000000000000000000e-01
3.789500000000003865e+01,5.000000000000000000e-01
3.789600000000003632e+01,5.000000000000000000e-01
3.789700000000003399e+01,5.000000000000000000e-01
3.789800000000003877e+01,5.000000000000000000e-01
3.789900000000003644e+01,5.000000000000000000e-01
3.790000000000003411e+01,5.000000000000000000e-01
3.790100000000003178e+01,5.000000000000000000e-01
3.790200000000003655e+01,5.000000000000000000e-01
3.790300000000003422e+01,5.000000000000000000e-01
3.790400000000003189e+01,5.000000000000000000e-01
3.790500000000003666e+01,5.000000000000000000e-01
3.790600000000003433e+01,5.000000000000000000e-01
3.790700000000003200e+01,5.000000000000000000e-01
3.790800000000003678e+01,5.000000000000000000e-01
3.790900000000003445e+01,5.000000000000000000e-01
3.791000000000003212e+01,5.000000000000000000e-01
3.791100000000003689e+01,5.000000000000000000e-01
3.791200000000003456e+01,5.000000000000000000e-01
3.791300000000003223e+01,5.000000000000000000e-01
3.791400000000003701e+01,5.000000000000000000e-01
3.791500000000003467e+01,5.000000000000000000e-01
3.791600000000003234e+01,5.000000000000000000e-01
3.791700000000003712e+01,5.000000000000000000e-01
3.791800000000003479e+01,5.000000000000000000e-01
3.791900000000003246e+01,5.000000000000000000e-01
3.792000000000003723e+01,5.000000000000000000e-01
3.792100000000003490e+01,5.000000000000000000e-01
3.792200000000003257e+01,5.000000000000000000e-01
3.792300000000003735e+01,5.000000000000000000e-01
3.792400000000003502e+01,5.000000000000000000e-01
3.792500000000003268e+01,5.000000000000000000e-01
3.792600000000003746e+01,5.000000000000000000e-01
3.792700000000003513e+01,5.000000000000000000e-01
3.792800000000003280e+01,5.000000000000000000e-01
3.792900000000003757e+01,5.000000000000000000e-01
3.793000000000003524e+01,5.000000000000000000e-01
3.793100000000003291e+01,5.000000000000000000e-01
3.793200000000003769e+01,5.000000000000000000e-01
3.793300000000003536e+01,5.000000000000000000e-01
3.793400000000003303e+01,5.000000000000000000e-01
3.793500000000003780e+01,5.000000000000000000e-01
3.793600000000003547e+01,5.000000000000000000e-01
3.793700000000003314e+01,5.000000000000000000e-01
3.793800000000003791e+01,5.000000000000000000e-01
3.793900000000003558e+01,5.000000000000000000e-01
3.794000000000003325e+01,5.000000000000000000e-01
3.794100000000003803e+01,5.000000000000000000e-01
3.794200000000003570e+01,5.000000000000000000e-01
3.794300000000003337e+01,5.000000000000000000e-01
3.794400000000003814e+01,5.000000000000000000e-01
3.794500000000003581e+01,5.000000000000000000e-01
3.794600000000003348e+01,5.000000000000000000e-01
3.794700000000003826e+01,5.000000000000000000e-01
3.794800000000003593e+01,5.000000000000000000e-01
3.794900000000003359e+01,5.000000000000000000e-01
3.795000000000003837e+01,5.000000000000000000e-01
3.795100000000003604e+01,5.000000000000000000e-01
3.795200000000003371e+01,5.000000000000000000e-01
3.795300000000003848e+01,5.000000000000000000e-01
3.795400000000003615e+01,5.000000000000000000e-01
3.795500000000003382e+01,5.000000000000000000e-01
3.795600000000003860e+01,5.000000000000000000e-01
3.795700000000003627e+01,5.000000000000000000e-01
3.795800000000003394e+01,5.000000000000000000e-01
3.795900000000003871e+01,5.000000000000000000e-01
3.796000000000003638e+01,5.000000000000000000e-01
3.796100000000003405e+01,5.000000000000000000e-01
3.796200000000003882e+01,5.000000000000000000e-01
3.796300000000003649e+01,5.000000000000000000e-01
3.796400000000003416e+01,5.000000000000000000e-01
3.796500000000003894e+01,5.000000000000000000e-01
3.796600000000003661e+01,5.000000000000000000e-01
3.796700000000003428e+01,5.000000000000000000e-01
3.796800000000003195e+01,5.000000000000000000e-01
3.796900000000003672e+01,5.000000000000000000e-01
3.797000000000003439e+01,5.000000000000000000e-01
3.797100000000003206e+01,5.000000000000000000e-01
3.797200000000003683e+01,5.000000000000000000e-01
3.797300000000003450e+01,5.000000000000000000e-01
3.797400000000003217e+01,5.000000000000000000e-01
3.797500000000003695e+01,5.000000000000000000e-01
3.797600000000003462e+01,5.000000000000000000e-01
3.797700000000003229e+01,5.000000000000000000e-01
3.797800000000003706e+01,5.000000000000000000e-01
3.797900000000003473e+01,5.000000000000000000e-01
3.798000000000003240e+01,5.000000000000000000e-01
3.798100000000003718e+01,5.000000000000000000e-01
3.798200000000003485e+01,5.000000000000000000e-01
3.798300000000003251e+01,5.000000000000000000e-01
3.798400000000003729e+01,5.000000000000000000e-01
3.798500000000003496e+01,5.000000000000000000e-01
3.798600000000003263e+01,5.000000000000000000e-01
3.798700000000003740e+01,5.000000000000000000e-01
3.798800000000003507e+01,5.000000000000000000e-01
3.798900000000003274e+01,5.000000000000000000e-01
3.799000000000003752e+01,5.000000000000000000e-01
3.799100000000003519e+01,5.000000000000000000e-01
3.799200000000003286e+01,5.000000000000000000e-01
3.799300000000003763e+01,5.000000000000000000e-01
3.799400000000003530e+01,5.000000000000000000e-01
3.799500000000003297e+01,5.000000000000000000e-01
3.799600000000003774e+01,5.000000000000000000e-01
3.799700000000003541e+01,5.000000000000000000e-01
3.799800000000003308e+01,5.000000000000000000e-01
3.799900000000003786e+01,5.000000000000000000e-01
3.800000000000003553e+01,5.000000000000000000e-01
3.800100000000003320e+01,5.000000000000000000e-01
3.800200000000003797e+01,5.000000000000000000e-01
3.800300000000003564e+01,5.000000000000000000e-01
3.800400000000003331e+01,5.000000000000000000e-01
3.800500000000003809e+01,5.000000000000000000e-01
3.800600000000003575e+01,5.000000000000000000e-01
3.800700000000003342e+01,5.000000000000000000e-01
3.800800000000003820e+01,5.000000000000000000e-01
3.800900000000003587e+01,5.000000000000000000e-01
3.801000000000003354e+01,5.000000000000000000e-01
3.801100000000003831e+01,5.000000000000000000e-01
3.801200000000003598e+01,5.000000000000000000e-01
3.801300000000003365e+01,5.000000000000000000e-01
3.801400000000003843e+01,5.000000000000000000e-01
3.801500000000003610e+01,5.000000000000000000e-01
3.801600000000003376e+01,5.000000000000000000e-01
3.801700000000003854e+01,5.000000000000000000e-01
3.801800000000003621e+01,5.000000000000000000e-01
3.801900000000003388e+01,5.000000000000000000e-01
3.802000000000003865e+01,5.000000000000000000e-01
3.802100000000003632e+01,5.000000000000000000e-01
3.802200000000003399e+01,5.000000000000000000e-01
3.802300000000003877e+01,5.000000000000000000e-01
3.802400000000003644e+01,5.000000000000000000e-01
3.802500000000003411e+01,5.000000000000000000e-01
3.802600000000003888e+01,5.000000000000000000e-01
3.802700000000003655e+01,5.000000000000000000e-01
3.802800000000003422e+01,5.000000000000000000e-01
3.802900000000003189e+01,5.000000000000000000e-01
3.803000000000003666e+01,5.000000000000000000e-01
3.803100000000003433e+01,5.000000000000000000e-01
3.803200000000003200e+01,5.000000000000000000e-01
3.803300000000003678e+01,5.000000000000000000e-01
3.803400000000003445e+01,5.000000000000000000e-01
3.803500000000003212e+01,5.000000000000000000e-01
3.803600000000003689e+01,5.000000000000000000e-01
3.803700000000003456e+01,5.000000000000000000e-01
3.803800000000003223e+01,5.000000000000000000e-01
3.803900000000003701e+01,5.000000000000000000e-01
3.804000000000003467e+01,5.000000000000000000e-01
3.804100000000003234e+01,5.000000000000000000e-01
3.804200000000003712e+01,5.000000000000000000e-01
3.804300000000003479e+01,5.000000000000000000e-01
3.804400000000003246e+01,5.000000000000000000e-01
3.804500000000003723e+01,5.000000000000000000e-01
3.804600000000003490e+01,5.000000000000000000e-01
3.804700000000003257e+01,5.000000000000000000e-01
3.804800000000003735e+01,5.000000000000000000e-01
3.804900000000003502e+01,5.000000000000000000e-01
3.805000000000003268e+01,5.000000000000000000e-01
3.805100000000003746e+01,5.000000000000000000e-01
3.805200000000003513e+01,5.000000000000000000e-01
3.805300000000003280e+01,5.000000000000000000e-01
3.805400000000003757e+01,5.000000000000000000e-01
3.805500000000003524e+01,5.000000000000000000e-01
3.805600000000003291e+01,5.000000000000000000e-01
3.805700000000003769e+01,5.000000000000000000e-01
3.805800000000003536e+01,5.000000000000000000e-01
3.805900000000003303e+01,5.000000000000000000e-01
3.806000000000003780e+01,5.000000000000000000e-01
3.806100000000003547e+01,5.000000000000000000e-01
3.806200000000003314e+01,5.000000000000000000e-01
3.806300000000003791e+01,5.000000000000000000e-01
3.806400000000003558e+01,5.000000000000000000e-01
3.806500000000003325e+01,5.000000000000000000e-01
3.806600000000003803e+01,5.000000000000000000e-01
3.806700000000003570e+01,5.000000000000000000e-01
3.806800000000003337e+01,5.000000000000000000e-01
3.806900000000003814e+01,5.000000000000000000e-01
3.807000000000003581e+01,5.000000000000000000e-01
3.807100000000003348e+01,5.000000000000000000e-01
3.807200000000003826e+01,5.000000000000000000e-01
3.807300000000003593e+01,5.000000000000000000e-01
3.807400000000003359e+01,5.000000000000000000e-01
3.807500000000003837e+01,5.000000000000000000e-01
3.807600000000003604e+01,5.000000000000000000e-01
3.807700000000003371e+01,5.000000000000000000e-01
3.807800000000003848e+01,5.000000000000000000e-01
3.807900000000003615e+01,5.000000000000000000e-01
3.808000000000003382e+01,5.000000000000000000e-01
3.808100000000003860e+01,5.000000000000000000e-01
3.808200000000003627e+01,5.000000000000000000e-01
3.808300000000003394e+01,5.000000000000000000e-01
3.808400000000003871e+01,5.000000000000000000e-01
3.808500000000003638e+01,5.000000000000000000e-01
3.808600000000003405e+01,5.000000000000000000e-01
3.808700000000003882e+01,5.000000000000000000e-01
3.808800000000003649e+01,5.000000000000000000e-01
3.808900000000003416e+01,5.000000000000000000e-01
3.809000000000003894e+01,5.000000000000000000e-01
3.809100000000003661e+01,5.000000000000000000e-01
3.809200000000003428e+01,5.000000000000000000e-01
3.809300000000003905e+01,5.000000000000000000e-01
3.809400000000003672e+01,5.000000000000000000e-01
3.809500000000003439e+01,5.000000000000000000e-01
3.809600000000003206e+01,5.000000000000000000e-01
3.809700000000003683e+01,5.000000000000000000e-01
3.809800000000003450e+01,5.000000000000000000e-01
3.809900000000003217e+01,5.000000000000000000e-01
3.810000000000003695e+01,5.000000000000000000e-01
3.810100000000003462e+01,5.000000000000000000e-01
3.810200000000003229e+01,5.000000000000000000e-01
3.810300000000003706e+01,5.000000000000000000e-01
3.810400000000003473e+01,5.000000000000000000e-01
3.810500000000003240e+01,5.000000000000000000e-01
3.810600000000003718e+01,5.000000000000000000e-01
3.810700000000003485e+01,5.000000000000000000e-01
3.810800000000003251e+01,5.000000000000000000e-01
3.810900000000003729e+01,5.000000000000000000e-01
3.811000000000003496e+01,5.000000000000000000e-01
3.811100000000003263e+01,5.000000000000000000e-01
3.811200000000003740e+01,5.000000000000000000e-01
3.811300000000003507e+01,5.000000000000000000e-01
3.811400000000003274e+01,5.000000000000000000e-01
3.811500000000003752e+01,5.000000000000000000e-01
3.811600000000003519e+01,5.000000000000000000e-01
3.811700000000003286e+01,5.000000000000000000e-01
3.811800000000003763e+01,5.000000000000000000e-01
3.811900000000003530e+01,5.000000000000000000e-01
3.812000000000003297e+01,5.000000000000000000e-01
3.812100000000003774e+01,5.000000000000000000e-01
3.812200000000003541e+01,5.000000000000000000e-01
3.812300000000003308e+01,5.000000000000000000e-01
3.812400000000003786e+01,5.000000000000000000e-01
3.812500000000003553e+01,5.000000000000000000e-01
3.812600000000003320e+01,5.000000000000000000e-01
3.812700000000003797e+01,5.000000000000000000e-01
3.812800000000003564e+01,5.000000000000000000e-01
3.812900000000003331e+01,5.000000000000000000e-01
3.813000000000003809e+01,5.000000000000000000e-01
3.813100000000003575e+01,5.000000000000000000e-01
3.813200000000003342e+01,5.000000000000000000e-01
3.813300000000003820e+01,5.000000000000000000e-01
3.813400000000003587e+01,5.000000000000000000e-01
3.813500000000003354e+01,5.000000000000000000e-01
3.813600000000003831e+01,5.000000000000000000e-01
3.813700000000003598e+01,5.000000000000000000e-01
3.813800000000003365e+01,5.000000000000000000e-01
3.813900000000003843e+01,5.000000000000000000e-01
3.814000000000003610e+01,5.000000000000000000e-01
3.814100000000003376e+01,5.000000000000000000e-01
3.814200000000003854e+01,5.000000000000000000e-01
3.814300000000003621e+01,5.000000000000000000e-01
3.814400000000003388e+01,5.000000000000000000e-01
3.814500000000003865e+01,5.000000000000000000e-01
3.814600000000003632e+01,5.000000000000000000e-01
3.814700000000003399e+01,5.000000000000000000e-01
3.814800000000003877e+01,5.000000000000000000e-01
3.814900000000003644e+01,5.000000000000000000e-01
3.815000000000003411e+01,5.000000000000000000e-01
3.815100000000003888e+01,5.000000000000000000e-01
3.815200000000003655e+01,5.000000000000000000e-01
3.815300000000003422e+01,5.000000000000000000e-01
3.815400000000003899e+01,5.000000000000000000e-01
3.815500000000003666e+01,5.000000000000000000e-01
3.815600000000003433e+01,5.000000000000000000e-01
3.815700000000003200e+01,5.000000000000000000e-01
3.815800000000003678e+01,5.000000000000000000e-01
3.815900000000003445e+01,5.000000000000000000e-01
3.816000000000003212e+01,5.000000000000000000e-01
3.816100000000003689e+01,5.000000000000000000e-01
3.816200000000003456e+01,5.000000000000000000e-01
3.816300000000003223e+01,5.000000000000000000e-01
3.816400000000003701e+01,5.000000000000000000e-01
3.816500000000003467e+01,5.000000000000000000e-01
3.816600000000003234e+01,5.000000000000000000e-01
3.816700000000003712e+01,5.000000000000000000e-01
3.816800000000003479e+01,5.000000000000000000e-01
3.816900000000003246e+01,5.000000000000000000e-01
3.817000000000003723e+01,5.000000000000000000e-01
3.817100000000003490e+01,5.000000000000000000e-01
3.817200000000003257e+01,5.000000000000000000e-01
3.817300000000003735e+01,5.000000000000000000e-01
3.817400000000003502e+01,5.000000000000000000e-01
3.817500000000003268e+01,5.000000000000000000e-01
3.817600000000003746e+01,5.000000000000000000e-01
3.817700000000003513e+01,5.000000000000000000e-01
3.817800000000003280e+01,5.000000000000000000e-01
3.817900000000003757e+01,5.000000000000000000e-01
3.818000000000003524e+01,5.000000000000000000e-01
3.818100000000003291e+01,5.000000000000000000e-01
3.818200000000003769e+01,5.000000000000000000e-01
3.818300000000003536e+01,5.000000000000000000e-01
3.818400000000003303e+01,5.000000000000000000e-01
3.818500000000003780e+01,5.000000000000000000e-01
3.818600000000003547e+01,5.000000000000000000e-01
3.818700000000003314e+01,5.000000000000000000e-01
3.818800000000003791e+01,5.000000000000000000e-01
3.818900000000003558e+01,5.000000000000000000e-01
3.819000000000003325e+01,5.000000000000000000e-01
3.819100000000003803e+01,5.000000000000000000e-01
3.819200000000003570e+01,5.000000000000000000e-01
3.819300000000003337e+01,5.000000000000000000e-01
3.819400000000003814e+01,5.000000000000000000e-01
3.819500000000003581e+01,5.000000000000000000e-01
3.819600000000003348e+01,5.000000000000000000e-01
3.819700000000003826e+01,5.000000000000000000e-01
3.819800000000003593e+01,5.000000000000000000e-01
3.819900000000003359e+01,5.000000000000000000e-01
3.820000000000003837e+01,5.000000000000000000e-01
3.820100000000003604e+01,5.000000000000000000e-01
3.820200000000003371e+01,5.000000000000000000e-01
3.820300000000003848e+01,5.000000000000000000e-01
3.820400000000003615e+01,5.000000000000000000e-01
3.820500000000003382e+01,5.000000000000000000e-01
3.820600000000003860e+01,5.000000000000000000e-01
3.820700000000003627e+01,5.000000000000000000e-01
3.820800000000003394e+01,5.000000000000000000e-01
3.820900000000003871e+01,5.000000000000000000e-01
3.821000000000003638e+01,5.000000000000000000e-01
3.821100000000003405e+01,5.000000000000000000e-01
3.821200000000003882e+01,5.000000000000000000e-01
3.821300000000003649e+01,5.000000000000000000e-01
3.821400000000003416e+01,5.000000000000000000e-01
3.821500000000003894e+01,5.000000000000000000e-01
3.821600000000003661e+01,5.000000000000000000e-01
3.821700000000003428e+01,5.000000000000000000e-01
3.821800000000003905e+01,5.000000000000000000e-01
3.821900000000003672e+01,5.000000000000000000e-01
3.822000000000003439e+01,5.000000000000000000e-01
3.822100000000003917e+01,5.000000000000000000e-01
3.822200000000003683e+01,5.000000000000000000e-01
3.822300000000003450e+01,5.000000000000000000e-01
3.822400000000003217e+01,5.000000000000000000e-01
3.822500000000003695e+01,5.000000000000000000e-01
3.822600000000003462e+01,5.000000000000000000e-01
3.822700000000003229e+01,5.000000000000000000e-01
3.822800000000003706e+01,5.000000000000000000e-01
3.822900000000003473e+01,5.000000000000000000e-01
3.823000000000003240e+01,5.000000000000000000e-01
3.823100000000003718e+01,5.000000000000000000e-01
3.823200000000003485e+01,5.000000000000000000e-01
3.823300000000003251e+01,5.000000000000000000e-01
3.823400000000003729e+01,5.000000000000000000e-01
3.823500000000003496e+01,5.000000000000000000e-01
3.823600000000003263e+01,5.000000000000000000e-01
3.823700000000003740e+01,5.000000000000000000e-01
3.823800000000003507e+01,5.000000000000000000e-01
3.823900000000003274e+01,5.000000000000000000e-01
3.824000000000003752e+01,5.000000000000000000e-01
3.824100000000003519e+01,5.000000000000000000e-01
3.824200000000003286e+01,5.000000000000000000e-01
3.824300000000003763e+01,5.000000000000000000e-01
3.824400000000003530e+01,5.000000000000000000e-01
3.824500000000003297e+01,5.000000000000000000e-01
3.824600000000003774e+01,5.000000000000000000e-01
3.824700000000003541e+01,5.000000000000000000e-01
3.824800000000003308e+01,5.000000000000000000e-01
3.824900000000003786e+01,5.000000000000000000e-01
3.825000000000003553e+01,5.000000000000000000e-01
3.825100000000003320e+01,5.000000000000000000e-01
3.825200000000003797e+01,5.000000000000000000e-01
3.825300000000003564e+01,5.000000000000000000e-01
3.825400000000003331e+01,5.000000000000000000e-01
3.825500000000003809e+01,5.000000000000000000e-01
3.825600000000003575e+01,5.000000000000000000e-01
3.825700000000003342e+01,5.000000000000000000e-01
3.825800000000003820e+01,5.000000000000000000e-01
3.825900000000003587e+01,5.000000000000000000e-01
3.826000000000003354e+01,5.000000000000000000e-01
3.826100000000003831e+01,5.000000000000000000e-01
3.826200000000003598e+01,5.000000000000000000e-01
3.826300000000003365e+01,5.000000000000000000e-01
3.826400000000003843e+01,5.000000000000000000e-01
3.826500000000003610e+01,5.000000000000000000e-01
3.826600000000003376e+01,5.000000000000000000e-01
3.826700000000003854e+01,5.000000000000000000e-01
3.826800000000003621e+01,5.000000000000000000e-01
3.826900000000003388e+01,5.000000000000000000e-01
3.827000000000003865e+01,5.000000000000000000e-01
3.827100000000003632e+01,5.000000000000000000e-01
3.827200000000003399e+01,5.000000000000000000e-01
3.827300000000003877e+01,5.000000000000000000e-01
3.827400000000003644e+01,5.000000000000000000e-01
3.827500000000003411e+01,5.000000000000000000e-01
3.827600000000003888e+01,5.000000000000000000e-01
3.827700000000003655e+01,5.000000000000000000e-01
3.827800000000003422e+01,5.000000000000000000e-01
3.827900000000003899e+01,5.000000000000000000e-01
3.828000000000003666e+01,5.000000000000000000e-01
3.828100000000003433e+01,5.000000000000000000e-01
3.828200000000003911e+01,5.000000000000000000e-01
3.828300000000003678e+01,5.000000000000000000e-01
3.828400000000003445e+01,5.000000000000000000e-01
3.828500000000003212e+01,5.000000000000000000e-01
3.828600000000003689e+01,5.000000000000000000e-01
3.828700000000003456e+01,5.000000000000000000e-01
3.828800000000003223e+01,5.000000000000000000e-01
3.828900000000003701e+01,5.000000000000000000e-01
3.829000000000003467e+01,5.000000000000000000e-01
3.829100000000003234e+01,5.000000000000000000e-01
3.829200000000003712e+01,5.000000000000000000e-01
3.829300000000003479e+01,5.000000000000000000e-01
3.829400000000003246e+01,5.000000000000000000e-01
3.829500000000003723e+01,5.000000000000000000e-01
3.829600000000003490e+01,5.000000000000000000e-01
3.829700000000003257e+01,5.000000000000000000e-01
3.829800000000003735e+01,5.000000000000000000e-01
3.829900000000003502e+01,5.000000000000000000e-01
3.830000000000003268e+01,5.000000000000000000e-01
3.830100000000003746e+01,5.000000000000000000e-01
3.830200000000003513e+01,5.000000000000000000e-01
3.830300000000003280e+01,5.000000000000000000e-01
3.830400000000003757e+01,5.000000000000000000e-01
3.830500000000003524e+01,5.000000000000000000e-01
3.830600000000003291e+01,5.000000000000000000e-01
3.830700000000003769e+01,5.000000000000000000e-01
3.830800000000003536e+01,5.000000000000000000e-01
3.830900000000003303e+01,5.000000000000000000e-01
3.831000000000003780e+01,5.000000000000000000e-01
3.831100000000003547e+01,5.000000000000000000e-01
3.831200000000003314e+01,5.000000000000000000e-01
3.831300000000003791e+01,5.000000000000000000e-01
3.831400000000003558e+01,5.000000000000000000e-01
3.831500000000003325e+01,5.000000000000000000e-01
3.831600000000003803e+01,5.000000000000000000e-01
3.831700000000003570e+01,5.000000000000000000e-01
3.831800000000003337e+01,5.000000000000000000e-01
3.831900000000003814e+01,5.000000000000000000e-01
3.832000000000003581e+01,5.000000000000000000e-01
3.832100000000003348e+01,5.000000000000000000e-01
3.832200000000003826e+01,5.000000000000000000e-01
3.832300000000003593e+01,5.000000000000000000e-01
3.832400000000003359e+01,5.000000000000000000e-01
3.832500000000003837e+01,5.000000000000000000e-01
3.832600000000003604e+01,5.000000000000000000e-01
3.832700000000003371e+01,5.000000000000000000e-01
3.832800000000003848e+01,5.000000000000000000e-01
3.832900000000003615e+01,5.000000000000000000e-01
3.833000000000003382e+01,5.000000000000000000e-01
3.833100000000003860e+01,5.000000000000000000e-01
3.833200000000003627e+01,5.000000000000000000e-01
3.833300000000003394e+01,5.000000000000000000e-01
3.833400000000003871e+01,5.000000000000000000e-01
3.833500000000003638e+01,5.000000000000000000e-01
3.833600000000003405e+01,5.000000000000000000e-01
3.833700000000003882e+01,5.000000000000000000e-01
3.833800000000003649e+01,5.000000000000000000e-01
3.833900000000003416e+01,5.000000000000000000e-01
3.834000000000003894e+01,5.000000000000000000e-01
3.834100000000003661e+01,5.000000000000000000e-01
3.834200000000003428e+01,5.000000000000000000e-01
3.834300000000003905e+01,5.000000000000000000e-01
3.834400000000003672e+01,5.000000000000000000e-01
3.834500000000003439e+01,5.000000000000000000e-01
3.834600000000003917e+01,5.000000000000000000e-01
3.834700000000003683e+01,5.000000000000000000e-01
3.834800000000003450e+01,5.000000000000000000e-01
3.834900000000003928e+01,5.000000000000000000e-01
3.835000000000003695e+01,5.000000000000000000e-01
3.835100000000003462e+01,5.000000000000000000e-01
3.835200000000003229e+01,5.000000000000000000e-01
3.835300000000003706e+01,5.000000000000000000e-01
3.835400000000003473e+01,5.000000000000000000e-01
3.835500000000003240e+01,5.000000000000000000e-01
3.835600000000003718e+01,5.000000000000000000e-01
3.835700000000003485e+01,5.000000000000000000e-01
3.835800000000003251e+01,5.000000000000000000e-01
3.835900000000003729e+01,5.000000000000000000e-01
3.836000000000003496e+01,5.000000000000000000e-01
3.836100000000003263e+01,5.000000000000000000e-01
3.836200000000003740e+01,5.000000000000000000e-01
3.836300000000003507e+01,5.000000000000000000e-01
3.836400000000003274e+01,5.000000000000000000e-01
3.836500000000003752e+01,5.000000000000000000e-01
3.836600000000003519e+01,5.000000000000000000e-01
3.836700000000003286e+01,5.000000000000000000e-01
3.836800000000003763e+01,5.000000000000000000e-01
3.836900000000003530e+01,5.000000000000000000e-01
3.837000000000003297e+01,5.000000000000000000e-01
3.837100000000003774e+01,5.000000000000000000e-01
3.837200000000003541e+01,5.000000000000000000e-01
3.837300000000003308e+01,5.000000000000000000e-01
3.837400000000003786e+01,5.000000000000000000e-01
3.837500000000003553e+01,5.000000000000000000e-01
3.837600000000003320e+01,5.000000000000000000e-01
3.837700000000003797e+01,5.000000000000000000e-01
3.837800000000003564e+01,5.000000000000000000e-01
3.837900000000003331e+01,5.000000000000000000e-01
3.838000000000003809e+01,5.000000000000000000e-01
3.838100000000003575e+01,5.000000000000000000e-01
3.838200000000003342e+01,5.000000000000000000e-01
3.838300000000003820e+01,5.000000000000000000e-01
3.838400000000003587e+01,5.000000000000000000e-01
3.838500000000003354e+01,5.000000000000000000e-01
3.838600000000003831e+01,5.000000000000000000e-01
3.838700000000003598e+01,5.000000000000000000e-01
3.838800000000003365e+01,5.000000000000000000e-01
3.838900000000003843e+01,5.000000000000000000e-01
3.839000000000003610e+01,5.000000000000000000e-01
3.839100000000003376e+01,5.000000000000000000e-01
3.839200000000003854e+01,5.000000000000000000e-01
3.839300000000003621e+01,5.000000000000000000e-01
3.839400000000003388e+01,5.000000000000000000e-01
3.839500000000003865e+01,5.000000000000000000e-01
3.839600000000003632e+01,5.000000000000000000e-01
3.839700000000003399e+01,5.000000000000000000e-01
3.839800000000003877e+01,5.000000000000000000e-01
3.839900000000003644e+01,5.000000000000000000e-01
3.840000000000003411e+01,5.000000000000000000e-01
3.840100000000003888e+01,5.000000000000000000e-01
3.840200000000003655e+01,5.000000000000000000e-01
3.840300000000003422e+01,5.000000000000000000e-01
3.840400000000003899e+01,5.000000000000000000e-01
3.840500000000003666e+01,5.000000000000000000e-01
3.840600000000003433e+01,5.000000000000000000e-01
3.840700000000003911e+01,5.000000000000000000e-01
3.840800000000003678e+01,5.000000000000000000e-01
3.840900000000003445e+01,5.000000000000000000e-01
3.841000000000003922e+01,5.000000000000000000e-01
3.841100000000003689e+01,5.000000000000000000e-01
3.841200000000003456e+01,5.000000000000000000e-01
3.841300000000003223e+01,5.000000000000000000e-01
3.841400000000003701e+01,5.000000000000000000e-01
3.841500000000003467e+01,5.000000000000000000e-01
3.841600000000003234e+01,5.000000000000000000e-01
3.841700000000003712e+01,5.000000000000000000e-01
3.841800000000003479e+01,5.000000000000000000e-01
3.841900000000003246e+01,5.000000000000000000e-01
3.842000000000003723e+01,5.000000000000000000e-01
3.842100000000003490e+01,5.000000000000000000e-01
3.842200000000003257e+01,5.000000000000000000e-01
3.842300000000003735e+01,5.000000000000000000e-01
3.842400000000003502e+01,5.000000000000000000e-01
3.842500000000003268e+01,5.000000000000000000e-01
3.842600000000003746e+01,5.000000000000000000e-01
3.842700000000003513e+01,5.000000000000000000e-01
3.842800000000003280e+01,5.000000000000000000e-01
3.842900000000003757e+01,5.000000000000000000e-01
3.843000000000003524e+01,5.000000000000000000e-01
3.843100000000003291e+01,5.000000000000000000e-01
3.843200000000003769e+01,5.000000000000000000e-01
3.843300000000003536e+01,5.000000000000000000e-01
3.843400000000003303e+01,5.000000000000000000e-01
3.843500000000003780e+01,5.000000000000000000e-01
3.843600000000003547e+01,5.000000000000000000e-01
3.843700000000003314e+01,5.000000000000000000e-01
3.843800000000003791e+01,5.000000000000000000e-01
3.843900000000003558e+01,5.000000000000000000e-01
3.844000000000003325e+01,5.000000000000000000e-01
3.844100000000003803e+01,5.000000000000000000e-01
3.844200000000003570e+01,5.000000000000000000e-01
3.844300000000003337e+01,5.000000000000000000e-01
3.844400000000003814e+01,5.000000000000000000e-01
3.844500000000003581e+01,5.000000000000000000e-01
3.844600000000003348e+01,5.000000000000000000e-01
3.844700000000003826e+01,5.000000000000000000e-01
3.844800000000003593e+01,5.000000000000000000e-01
3.844900000000003359e+01,5.000000000000000000e-01
3.845000000000003837e+01,5.000000000000000000e-01
3.845100000000003604e+01,5.000000000000000000e-01
3.845200000000003371e+01,5.000000000000000000e-01
3.845300000000003848e+01,5.000000000000000000e-01
3.845400000000003615e+01,5.000000000000000000e-01
3.845500000000003382e+01,5.000000000000000000e-01
3.845600000000003860e+01,5.000000000000000000e-01
3.845700000000003627e+01,5.000000000000000000e-01
3.845800000000003394e+01,5.000000000000000000e-01
3.845900000000003871e+01,5.000000000000000000e-01
3.846000000000003638e+01,5.000000000000000000e-01
3.846100000000003405e+01,5.000000000000000000e-01
3.846200000000003882e+01,5.000000000000000000e-01
3.846300000000003649e+01,5.000000000000000000e-01
3.846400000000003416e+01,5.000000000000000000e-01
3.846500000000003894e+01,5.000000000000000000e-01
3.846600000000003661e+01,5.000000000000000000e-01
3.846700000000003428e+01,5.000000000000000000e-01
3.846800000000003905e+01,5.000000000000000000e-01
3.846900000000003672e+01,5.000000000000000000e-01
3.847000000000003439e+01,5.000000000000000000e-01
3.847100000000003917e+01,5.000000000000000000e-01
3.847200000000003683e+01,5.000000000000000000e-01
3.847300000000003450e+01,5.000000000000000000e-01
3.847400000000003928e+01,5.000000000000000000e-01
3.847500000000003695e+01,5.000000000000000000e-01
3.847600000000003462e+01,5.000000000000000000e-01
3.847700000000003939e+01,5.000000000000000000e-01
3.847800000000003706e+01,5.000000000000000000e-01
3.847900000000003473e+01,5.000000000000000000e-01
3.848000000000003240e+01,5.000000000000000000e-01
3.848100000000003718e+01,5.000000000000000000e-01
3.848200000000003485e+01,5.000000000000000000e-01
3.848300000000003251e+01,5.000000000000000000e-01
3.848400000000003729e+01,5.000000000000000000e-01
3.848500000000003496e+01,5.000000000000000000e-01
3.848600000000003263e+01,5.000000000000000000e-01
3.848700000000003740e+01,5.000000000000000000e-01
3.848800000000003507e+01,5.000000000000000000e-01
3.848900000000003274e+01,5.000000000000000000e-01
3.849000000000003752e+01,5.000000000000000000e-01
3.849100000000003519e+01,5.000000000000000000e-01
3.849200000000003286e+01,5.000000000000000000e-01
3.849300000000003763e+01,5.000000000000000000e-01
3.849400000000003530e+01,5.000000000000000000e-01
3.849500000000003297e+01,5.000000000000000000e-01
3.849600000000003774e+01,5.000000000000000000e-01
3.849700000000003541e+01,5.000000000000000000e-01
3.849800000000003308e+01,5.000000000000000000e-01
3.849900000000003786e+01,5.000000000000000000e-01
3.850000000000003553e+01,5.000000000000000000e-01
3.850100000000003320e+01,5.000000000000000000e-01
3.850200000000003797e+01,5.000000000000000000e-01
3.850300000000003564e+01,5.000000000000000000e-01
3.850400000000003331e+01,5.000000000000000000e-01
3.850500000000003809e+01,5.000000000000000000e-01
3.850600000000003575e+01,5.000000000000000000e-01
3.850700000000003342e+01,5.000000000000000000e-01
3.850800000000003820e+01,5.000000000000000000e-01
3.850900000000003587e+01,5.000000000000000000e-01
3.851000000000003354e+01,5.000000000000000000e-01
3.851100000000003831e+01,5.000000000000000000e-01
3.851200000000003598e+01,5.000000000000000000e-01
3.851300000000003365e+01,5.000000000000000000e-01
3.851400000000003843e+01,5.000000000000000000e-01
3.851500000000003610e+01,5.000000000000000000e-01
3.851600000000003376e+01,5.000000000000000000e-01
3.851700000000003854e+01,5.000000000000000000e-01
3.851800000000003621e+01,5.000000000000000000e-01
3.851900000000003388e+01,5.000000000000000000e-01
3.852000000000003865e+01,5.000000000000000000e-01
3.852100000000003632e+01,5.000000000000000000e-01
3.852200000000003399e+01,5.000000000000000000e-01
3.852300000000003877e+01,5.000000000000000000e-01
3.852400000000003644e+01,5.000000000000000000e-01
3.852500000000003411e+01,5.000000000000000000e-01
3.852600000000003888e+01,5.000000000000000000e-01
3.852700000000003655e+01,5.000000000000000000e-01
3.852800000000003422e+01,5.000000000000000000e-01
3.852900000000003899e+01,5.000000000000000000e-01
3.853000000000003666e+01,5.000000000000000000e-01
3.853100000000003433e+01,5.000000000000000000e-01
3.853200000000003911e+01,5.000000000000000000e-01
3.853300000000003678e+01,5.000000000000000000e-01
3.853400000000003445e+01,5.000000000000000000e-01
3.853500000000003922e+01,5.000000000000000000e-01
3.853600000000003689e+01,5.000000000000000000e-01
3.853700000000003456e+01,5.000000000000000000e-01
3.853800000000003934e+01,5.000000000000000000e-01
3.853900000000003701e+01,5.000000000000000000e-01
3.854000000000003467e+01,5.000000000000000000e-01
3.854100000000003234e+01,5.000000000000000000e-01
3.854200000000003712e+01,5.000000000000000000e-01
3.854300000000003479e+01,5.000000000000000000e-01
3.854400000000003246e+01,5.000000000000000000e-01
3.854500000000003723e+01,5.000000000000000000e-01
3.854600000000003490e+01,5.000000000000000000e-01
3.854700000000003257e+01,5.000000000000000000e-01
3.854800000000003735e+01,5.000000000000000000e-01
3.854900000000003502e+01,5.000000000000000000e-01
3.855000000000003268e+01,5.000000000000000000e-01
3.855100000000003746e+01,5.000000000000000000e-01
3.855200000000003513e+01,5.000000000000000000e-01
3.855300000000003280e+01,5.000000000000000000e-01
3.855400000000003757e+01,5.000000000000000000e-01
3.855500000000003524e+01,5.000000000000000000e-01
3.855600000000003291e+01,5.000000000000000000e-01
3.855700000000003769e+01,5.000000000000000000e-01
3.855800000000003536e+01,5.000000000000000000e-01
3.855900000000003303e+01,5.000000000000000000e-01
3.856000000000003780e+01,5.000000000000000000e-01
3.856100000000003547e+01,5.000000000000000000e-01
3.856200000000003314e+01,5.000000000000000000e-01
3.856300000000003791e+01,5.000000000000000000e-01
3.856400000000003558e+01,5.000000000000000000e-01
3.856500000000003325e+01,5.000000000000000000e-01
3.856600000000003803e+01,5.000000000000000000e-01
3.856700000000003570e+01,5.000000000000000000e-01
3.856800000000003337e+01,5.000000000000000000e-01
3.856900000000003814e+01,5.000000000000000000e-01
3.857000000000003581e+01,5.000000000000000000e-01
3.857100000000003348e+01,5.000000000000000000e-01
3.857200000000003826e+01,5.000000000000000000e-01
3.857300000000003593e+01,5.000000000000000000e-01
3.857400000000003359e+01,5.000000000000000000e-01
3.857500000000003837e+01,5.000000000000000000e-01
3.857600000000003604e+01,5.000000000000000000e-01
3.857700000000003371e+01,5.000000000000000000e-01
3.857800000000003848e+01,5.000000000000000000e-01
3.857900000000003615e+01,5.000000000000000000e-01
3.858000000000003382e+01,5.000000000000000000e-01
3.858100000000003860e+01,5.000000000000000000e-01
3.858200000000003627e+01,5.000000000000000000e-01
3.858300000000003394e+01,5.000000000000000000e-01
3.858400000000003871e+01,5.000000000000000000e-01
3.858500000000003638e+01,5.000000000000000000e-01
3.858600000000003405e+01,5.000000000000000000e-01
3.858700000000003882e+01,5.000000000000000000e-01
3.858800000000003649e+01,5.000000000000000000e-01
3.858900000000003416e+01,5.000000000000000000e-01
3.859000000000003894e+01,5.000000000000000000e-01
3.859100000000003661e+01,5.000000000000000000e-01
3.859200000000003428e+01,5.000000000000000000e-01
3.859300000000003905e+01,5.000000000000000000e-01
3.859400000000003672e+01,5.000000000000000000e-01
3.859500000000003439e+01,5.000000000000000000e-01
3.859600000000003917e+01,5.000000000000000000e-01
3.859700000000003683e+01,5.000000000000000000e-01
3.859800000000003450e+01,5.000000000000000000e-01
3.859900000000003928e+01,5.000000000000000000e-01
3.860000000000003695e+01,5.000000000000000000e-01
3.860100000000003462e+01,5.000000000000000000e-01
3.860200000000003939e+01,5.000000000000000000e-01
3.860300000000003706e+01,5.000000000000000000e-01
3.860400000000003473e+01,5.000000000000000000e-01
3.860500000000003951e+01,5.000000000000000000e-01
3.860600000000003718e+01,5.000000000000000000e-01
3.860700000000003485e+01,5.000000000000000000e-01
3.860800000000003251e+01,5.000000000000000000e-01
3.860900000000003729e+01,5.000000000000000000e-01
3.861000000000003496e+01,5.000000000000000000e-01
3.861100000000003263e+01,5.000000000000000000e-01
3.861200000000003740e+01,5.000000000000000000e-01
3.861300000000003507e+01,5.000000000000000000e-01
3.861400000000003274e+01,5.000000000000000000e-01
3.861500000000003752e+01,5.000000000000000000e-01
3.861600000000003519e+01,5.000000000000000000e-01
3.861700000000003286e+01,5.000000000000000000e-01
3.861800000000003763e+01,5.000000000000000000e-01
3.861900000000003530e+01,5.000000000000000000e-01
3.862000000000003297e+01,5.000000000000000000e-01
3.862100000000003774e+01,5.000000000000000000e-01
3.862200000000003541e+01,5.000000000000000000e-01
3.862300000000003308e+01,5.000000000000000000e-01
3.862400000000003786e+01,5.000000000000000000e-01
3.862500000000003553e+01,5.000000000000000000e-01
3.862600000000003320e+01,5.000000000000000000e-01
3.862700000000003797e+01,5.000000000000000000e-01
3.862800000000003564e+01,5.000000000000000000e-01
3.862900000000003331e+01,5.000000000000000000e-01
3.863000000000003809e+01,5.000000000000000000e-01
3.863100000000003575e+01,5.000000000000000000e-01
3.863200000000003342e+01,5.000000000000000000e-01
3.863300000000003820e+01,5.000000000000000000e-01
3.863400000000003587e+01,5.000000000000000000e-01
3.863500000000003354e+01,5.000000000000000000e-01
3.863600000000003831e+01,5.000000000000000000e-01
3.863700000000003598e+01,5.000000000000000000e-01
3.863800000000003365e+01,5.000000000000000000e-01
3.863900000000003843e+01,5.000000000000000000e-01
3.864000000000003610e+01,5.000000000000000000e-01
3.864100000000003376e+01,5.000000000000000000e-01
3.864200000000003854e+01,5.000000000000000000e-01
3.864300000000003621e+01,5.000000000000000000e-01
3.864400000000003388e+01,5.000000000000000000e-01
3.864500000000003865e+01,5.000000000000000000e-01
3.864600000000003632e+01,5.000000000000000000e-01
3.864700000000003399e+01,5.000000000000000000e-01
3.864800000000003877e+01,5.000000000000000000e-01
3.864900000000003644e+01,5.000000000000000000e-01
3.865000000000003411e+01,5.000000000000000000e-01
3.865100000000003888e+01,5.000000000000000000e-01
3.865200000000003655e+01,5.000000000000000000e-01
3.865300000000003422e+01,5.000000000000000000e-01
3.865400000000003899e+01,5.000000000000000000e-01
3.865500000000003666e+01,5.000000000000000000e-01
3.865600000000003433e+01,5.000000000000000000e-01
3.865700000000003911e+01,5.000000000000000000e-01
3.865800000000003678e+01,5.000000000000000000e-01
3.865900000000003445e+01,5.000000000000000000e-01
3.866000000000003922e+01,5.000000000000000000e-01
3.866100000000003689e+01,5.000000000000000000e-01
3.866200000000003456e+01,5.000000000000000000e-01
3.866300000000003934e+01,5.000000000000000000e-01
3.866400000000003701e+01,5.000000000000000000e-01
3.866500000000003467e+01,5.000000000000000000e-01
3.866600000000003945e+01,5.000000000000000000e-01
3.866700000000003712e+01,5.000000000000000000e-01
3.866800000000003479e+01,5.000000000000000000e-01
3.866900000000003246e+01,5.000000000000000000e-01
3.867000000000003723e+01,5.000000000000000000e-01
3.867100000000003490e+01,5.000000000000000000e-01
3.867200000000003257e+01,5.000000000000000000e-01
3.867300000000003735e+01,5.000000000000000000e-01
3.867400000000003502e+01,5.000000000000000000e-01
3.867500000000003268e+01,5.000000000000000000e-01
3.867600000000003746e+01,5.000000000000000000e-01
3.867700000000003513e+01,5.000000000000000000e-01
3.867800000000003280e+01,5.000000000000000000e-01
3.867900000000003757e+01,5.000000000000000000e-01
3.868000000000003524e+01,5.000000000000000000e-01
3.868100000000003291e+01,5.000000000000000000e-01
3.868200000000003769e+01,5.000000000000000000e-01
3.868300000000003536e+01,5.000000000000000000e-01
3.868400000000003303e+01,5.000000000000000000e-01
3.868500000000003780e+01,5.000000000000000000e-01
3.868600000000003547e+01,5.000000000000000000e-01
3.868700000000003314e+01,5.000000000000000000e-01
3.868800000000003791e+01,5.000000000000000000e-01
3.868900000000003558e+01,5.000000000000000000e-01
3.869000000000003325e+01,5.000000000000000000e-01
3.869100000000003803e+01,5.000000000000000000e-01
3.869200000000003570e+01,5.000000000000000000e-01
3.869300000000003337e+01,5.000000000000000000e-01
3.869400000000003814e+01,5.000000000000000000e-01
3.869500000000003581e+01,5.000000000000000000e-01
3.869600000000003348e+01,5.000000000000000000e-01
3.869700000000003826e+01,5.000000000000000000e-01
3.869800000000003593e+01,5.000000000000000000e-01
3.869900000000003359e+01,5.000000000000000000e-01
3.870000000000003837e+01,5.000000000000000000e-01
3.870100000000003604e+01,5.000000000000000000e-01
3.870200000000003371e+01,5.000000000000000000e-01
3.870300000000003848e+01,5.000000000000000000e-01
3.870400000000003615e+01,5.000000000000000000e-01
3.870500000000003382e+01,5.000000000000000000e-01
3.870600000000003860e+01,5.000000000000000000e-01
3.870700000000003627e+01,5.000000000000000000e-01
3.870800000000003394e+01,5.000000000000000000e-01
3.870900000000003871e+01,5.000000000000000000e-01
3.871000000000003638e+01,5.000000000000000000e-01
3.871100000000003405e+01,5.000000000000000000e-01
3.871200000000003882e+01,5.000000000000000000e-01
3.871300000000003649e+01,5.000000000000000000e-01
3.871400000000003416e+01,5.000000000000000000e-01
3.871500000000003894e+01,5.000000000000000000e-01
3.871600000000003661e+01,5.000000000000000000e-01
3.871700000000003428e+01,5.000000000000000000e-01
3.871800000000003905e+01,5.000000000000000000e-01
3.871900000000003672e+01,5.000000000000000000e-01
3.872000000000003439e+01,5.000000000000000000e-01
3.872100000000003917e+01,5.000000000000000000e-01
3.872200000000003683e+01,5.000000000000000000e-01
3.872300000000003450e+01,5.000000000000000000e-01
3.872400000000003928e+01,5.000000000000000000e-01
3.872500000000003695e+01,5.000000000000000000e-01
3.872600000000003462e+01,5.000000000000000000e-01
3.872700000000003939e+01,5.000000000000000000e-01
3.872800000000003706e+01,5.000000000000000000e-01
3.872900000000003473e+01,5.000000000000000000e-01
3.873000000000003951e+01,5.000000000000000000e-01
3.873100000000003718e+01,5.000000000000000000e-01
3.873200000000003485e+01,5.000000000000000000e-01
3.873300000000003962e+01,5.000000000000000000e-01
3.873400000000003729e+01,5.000000000000000000e-01
3.873500000000003496e+01,5.000000000000000000e-01
3.873600000000003263e+01,5.000000000000000000e-01
3.873700000000003740e+01,5.000000000000000000e-01
3.873800000000003507e+01,5.000000000000000000e-01
3.873900000000003274e+01,5.000000000000000000e-01
3.874000000000003752e+01,5.000000000000000000e-01
3.874100000000003519e+01,5.000000000000000000e-01
3.874200000000003286e+01,5.000000000000000000e-01
3.874300000000003763e+01,5.000000000000000000e-01
3.874400000000003530e+01,5.000000000000000000e-01
3.874500000000003297e+01,5.000000000000000000e-01
3.874600000000003774e+01,5.000000000000000000e-01
3.874700000000003541e+01,5.000000000000000000e-01
3.874800000000003308e+01,5.000000000000000000e-01
3.874900000000003786e+01,5.000000000000000000e-01
3.875000000000003553e+01,5.000000000000000000e-01
3.875100000000003320e+01,5.000000000000000000e-01
3.875200000000003797e+01,5.000000000000000000e-01
3.875300000000003564e+01,5.000000000000000000e-01
3.875400000000003331e+01,5.000000000000000000e-01
3.875500000000003809e+01,5.000000000000000000e-01
3.875600000000003575e+01,5.000000000000000000e-01
3.875700000000003342e+01,5.000000000000000000e-01
3.875800000000003820e+01,5.000000000000000000e-01
3.875900000000003587e+01,5.000000000000000000e-01
3.876000000000003354e+01,5.000000000000000000e-01
3.876100000000003831e+01,5.000000000000000000e-01
3.876200000000003598e+01,5.000000000000000000e-01
3.876300000000003365e+01,5.000000000000000000e-01
3.876400000000003843e+01,5.000000000000000000e-01
3.876500000000003610e+01,5.000000000000000000e-01
3.876600000000003376e+01,5.000000000000000000e-01
3.876700000000003854e+01,5.000000000000000000e-01
3.876800000000003621e+01,5.000000000000000000e-01
3.876900000000003388e+01,5.000000000000000000e-01
3.877000000000003865e+01,5.000000000000000000e-01
3.877100000000003632e+01,5.000000000000000000e-01
3.877200000000003399e+01,5.000000000000000000e-01
3.877300000000003877e+01,5.000000000000000000e-01
3.877400000000003644e+01,5.000000000000000000e-01
3.877500000000003411e+01,5.000000000000000000e-01
3.877600000000003888e+01,5.000000000000000000e-01
3.877700000000003655e+01,5.000000000000000000e-01
3.877800000000003422e+01,5.000000000000000000e-01
3.877900000000003899e+01,5.000000000000000000e-01
3.878000000000003666e+01,5.000000000000000000e-01
3.878100000000003433e+01,5.000000000000000000e-01
3.878200000000003911e+01,5.000000000000000000e-01
3.878300000000003678e+01,5.000000000000000000e-01
3.878400000000003445e+01,5.000000000000000000e-01
3.878500000000003922e+01,5.000000000000000000e-01
3.878600000000003689e+01,5.000000000000000000e-01
3.878700000000003456e+01,5.000000000000000000e-01
3.878800000000003934e+01,5.000000000000000000e-01
3.878900000000003701e+01,5.000000000000000000e-01
3.879000000000003467e+01,5.000000000000000000e-01
3.879100000000003945e+01,5.000000000000000000e-01
3.879200000000003712e+01,5.000000000000000000e-01
3.879300000000003479e+01,5.000000000000000000e-01
3.879400000000003956e+01,5.000000000000000000e-01
3.879500000000003723e+01,5.000000000000000000e-01
3.879600000000003490e+01,5.000000000000000000e-01
3.879700000000003257e+01,5.000000000000000000e-01
3.879800000000003735e+01,5.000000000000000000e-01
3.879900000000003502e+01,5.000000000000000000e-01
3.880000000000003268e+01,5.000000000000000000e-01
3.880100000000003746e+01,5.000000000000000000e-01
3.880200000000003513e+01,5.000000000000000000e-01
3.880300000000003280e+01,5.000000000000000000e-01
3.880400000000003757e+01,5.000000000000000000e-01
3.880500000000003524e+01,5.000000000000000000e-01
3.880600000000003291e+01,5.000000000000000000e-01
3.880700000000003769e+01,5.000000000000000000e-01
3.880800000000003536e+01,5.000000000000000000e-01
3.880900000000003303e+01,5.000000000000000000e-01
3.881000000000003780e+01,5.000000000000000000e-01
3.881100000000003547e+01,5.000000000000000000e-01
3.881200000000003314e+01,5.000000000000000000e-01
3.881300000000003791e+01,5.000000000000000000e-01
3.881400000000003558e+01,5.000000000000000000e-01
3.881500000000003325e+01,5.000000000000000000e-01
3.881600000000003803e+01,5.000000000000000000e-01
3.881700000000003570e+01,5.000000000000000000e-01
3.881800000000003337e+01,5.000000000000000000e-01
3.881900000000003814e+01,5.000000000000000000e-01
3.882000000000003581e+01,5.000000000000000000e-01
3.882100000000003348e+01,5.000000000000000000e-01
3.882200000000003826e+01,5.000000000000000000e-01
3.882300000000003593e+01,5.000000000000000000e-01
3.882400000000003359e+01,5.000000000000000000e-01
3.882500000000003837e+01,5.000000000000000000e-01
3.882600000000003604e+01,5.000000000000000000e-01
3.882700000000003371e+01,5.000000000000000000e-01
3.882800000000003848e+01,5.000000000000000000e-01
3.882900000000003615e+01,5.000000000000000000e-01
3.883000000000003382e+01,5.000000000000000000e-01
3.883100000000003860e+01,5.000000000000000000e-01
3.883200000000003627e+01,5.000000000000000000e-01
3.883300000000003394e+01,5.000000000000000000e-01
3.883400000000003871e+01,5.000000000000000000e-01
3.883500000000003638e+01,5.000000000000000000e-01
3.883600000000003405e+01,5.000000000000000000e-01
3.883700000000003882e+01,5.000000000000000000e-01
3.883800000000003649e+01,5.000000000000000000e-01
3.883900000000003416e+01,5.000000000000000000e-01
3.884000000000003894e+01,5.000000000000000000e-01
3.884100000000003661e+01,5.000000000000000000e-01
3.884200000000003428e+01,5.000000000000000000e-01
3.884300000000003905e+01,5.000000000000000000e-01
3.884400000000003672e+01,5.000000000000000000e-01
3.884500000000003439e+01,5.000000000000000000e-01
3.884600000000003917e+01,5.000000000000000000e-01
3.884700000000003683e+01,5.000000000000000000e-01
3.884800000000003450e+01,5.000000000000000000e-01
3.884900000000003928e+01,5.000000000000000000e-01
3.885000000000003695e+01,5.000000000000000000e-01
3.885100000000003462e+01,5.000000000000000000e-01
3.885200000000003939e+01,5.000000000000000000e-01
3.885300000000003706e+01,5.000000000000000000e-01
3.885400000000003473e+01,5.000000000000000000e-01
3.885500000000003951e+01,5.000000000000000000e-01
3.885600000000003718e+01,5.000000000000000000e-01
3.885700000000003485e+01,5.000000000000000000e-01
3.885800000000003962e+01,5.000000000000000000e-01
3.885900000000003729e+01,5.000000000000000000e-01
3.886000000000003496e+01,5.000000000000000000e-01
3.886100000000003973e+01,5.000000000000000000e-01
3.886200000000003740e+01,5.000000000000000000e-01
3.886300000000003507e+01,5.000000000000000000e-01
3.886400000000003274e+01,5.000000000000000000e-01
3.886500000000003752e+01,5.000000000000000000e-01
3.886600000000003519e+01,5.000000000000000000e-01
3.886700000000003286e+01,5.000000000000000000e-01
3.886800000000003763e+01,5.000000000000000000e-01
3.886900000000003530e+01,5.000000000000000000e-01
3.887000000000003297e+01,5.000000000000000000e-01
3.887100000000003774e+01,5.000000000000000000e-01
3.887200000000003541e+01,5.000000000000000000e-01
3.887300000000003308e+01,5.000000000000000000e-01
3.887400000000003786e+01,5.000000000000000000e-01
3.887500000000003553e+01,5.000000000000000000e-01
3.887600000000003320e+01,5.000000000000000000e-01
3.887700000000003797e+01,5.000000000000000000e-01
3.887800000000003564e+01,5.000000000000000000e-01
3.887900000000003331e+01,5.000000000000000000e-01
3.888000000000003809e+01,5.000000000000000000e-01
3.888100000000003575e+01,5.000000000000000000e-01
3.888200000000003342e+01,5.000000000000000000e-01
3.888300000000003820e+01,5.000000000000000000e-01
3.888400000000003587e+01,5.000000000000000000e-01
3.888500000000003354e+01,5.000000000000000000e-01
3.888600000000003831e+01,5.000000000000000000e-01
3.888700000000003598e+01,5.000000000000000000e-01
3.888800000000003365e+01,5.000000000000000000e-01
3.888900000000003843e+01,5.000000000000000000e-01
3.889000000000003610e+01,5.000000000000000000e-01
3.889100000000003376e+01,5.000000000000000000e-01
3.889200000000003854e+01,5.000000000000000000e-01
3.889300000000003621e+01,5.000000000000000000e-01
3.889400000000003388e+01,5.000000000000000000e-01
3.889500000000003865e+01,5.000000000000000000e-01
3.889600000000003632e+01,5.000000000000000000e-01
3.889700000000003399e+01,5.000000000000000000e-01
3.889800000000003877e+01,5.000000000000000000e-01
3.889900000000003644e+01,5.000000000000000000e-01
3.890000000000003411e+01,5.000000000000000000e-01
3.890100000000003888e+01,5.000000000000000000e-01
3.890200000000003655e+01,5.000000000000000000e-01
3.890300000000003422e+01,5.000000000000000000e-01
3.890400000000003899e+01,5.000000000000000000e-01
3.890500000000003666e+01,5.000000000000000000e-01
3.890600000000003433e+01,5.000000000000000000e-01
3.890700000000003911e+01,5.000000000000000000e-01
3.890800000000003678e+01,5.000000000000000000e-01
3.890900000000003445e+01,5.000000000000000000e-01
3.891000000000003922e+01,5.000000000000000000e-01
3.891100000000003689e+01,5.000000000000000000e-01
3.891200000000003456e+01,5.000000000000000000e-01
3.891300000000003934e+01,5.000000000000000000e-01
3.891400000000003701e+01,5.000000000000000000e-01
3.891500000000003467e+01,5.000000000000000000e-01
3.891600000000003945e+01,5.000000000000000000e-01
3.891700000000003712e+01,5.000000000000000000e-01
3.891800000000003479e+01,5.000000000000000000e-01
3.891900000000003956e+01,5.000000000000000000e-01
3.892000000000003723e+01,5.000000000000000000e-01
3.892100000000003490e+01,5.000000000000000000e-01
3.892200000000003968e+01,5.000000000000000000e-01
3.892300000000003735e+01,5.000000000000000000e-01
3.892400000000003502e+01,5.000000000000000000e-01
3.892500000000003268e+01,5.000000000000000000e-01
3.892600000000003746e+01,5.000000000000000000e-01
3.892700000000003513e+01,5.000000000000000000e-01
3.892800000000003280e+01,5.000000000000000000e-01
3.892900000000003757e+01,5.000000000000000000e-01
3.893000000000003524e+01,5.000000000000000000e-01
3.893100000000003291e+01,5.000000000000000000e-01
3.893200000000003769e+01,5.000000000000000000e-01
3.893300000000003536e+01,5.000000000000000000e-01
3.893400000000003303e+01,5.000000000000000000e-01
3.893500000000003780e+01,5.000000000000000000e-01
3.893600000000003547e+01,5.000000000000000000e-01
3.893700000000003314e+01,5.000000000000000000e-01
3.893800000000003791e+01,5.000000000000000000e-01
3.893900000000003558e+01,5.000000000000000000e-01
3.894000000000003325e+01,5.000000000000000000e-01
3.894100000000003803e+01,5.000000000000000000e-01
3.894200000000003570e+01,5.000000000000000000e-01
3.894300000000003337e+01,5.000000000000000000e-01
3.894400000000003814e+01,5.000000000000000000e-01
3.894500000000003581e+01,5.000000000000000000e-01
3.894600000000003348e+01,5.000000000000000000e-01
3.894700000000003826e+01,5.000000000000000000e-01
3.894800000000003593e+01,5.000000000000000000e-01
3.894900000000003359e+01,5.000000000000000000e-01
3.895000000000003837e+01,5.000000000000000000e-01
3.895100000000003604e+01,5.000000000000000000e-01
3.895200000000003371e+01,5.000000000000000000e-01
3.895300000000003848e+01,5.000000000000000000e-01
3.895400000000003615e+01,5.000000000000000000e-01
3.895500000000003382e+01,5.000000000000000000e-01
3.895600000000003860e+01,5.000000000000000000e-01
3.895700000000003627e+01,5.000000000000000000e-01
3.895800000000003394e+01,5.000000000000000000e-01
3.895900000000003871e+01,5.000000000000000000e-01
3.896000000000003638e+01,5.000000000000000000e-01
3.896100000000003405e+01,5.000000000000000000e-01
3.896200000000003882e+01,5.000000000000000000e-01
3.896300000000003649e+01,5.000000000000000000e-01
3.896400000000003416e+01,5.000000000000000000e-01
3.896500000000003894e+01,5.000000000000000000e-01
3.896600000000003661e+01,5.000000000000000000e-01
3.896700000000003428e+01,5.000000000000000000e-01
3.896800000000003905e+01,5.000000000000000000e-01
3.896900000000003672e+01,5.000000000000000000e-01
3.897000000000003439e+01,5.000000000000000000e-01
3.897100000000003917e+01,5.000000000000000000e-01
3.897200000000003683e+01,5.000000000000000000e-01
3.897300000000003450e+01,5.000000000000000000e-01
3.897400000000003928e+01,5.000000000000000000e-01
3.897500000000003695e+01,5.000000000000000000e-01
3.897600000000003462e+01,5.000000000000000000e-01
3.897700000000003939e+01,5.000000000000000000e-01
3.897800000000003706e+01,5.000000000000000000e-01
3.897900000000003473e+01,5.000000000000000000e-01
3.898000000000003951e+01,5.000000000000000000e-01
3.898100000000003718e+01,5.000000000000000000e-01
3.898200000000003485e+01,5.000000000000000000e-01
3.898300000000003962e+01,5.000000000000000000e-01
3.898400000000003729e+01,5.000000000000000000e-01
3.898500000000003496e+01,5.000000000000000000e-01
3.898600000000003973e+01,5.000000000000000000e-01
3.898700000000003740e+01,5.000000000000000000e-01
3.898800000000003507e+01,5.000000000000000000e-01
3.898900000000003985e+01,5.000000000000000000e-01
3.899000000000003752e+01,5.000000000000000000e-01
3.899100000000003519e+01,5.000000000000000000e-01
3.899200000000003286e+01,5.000000000000000000e-01
3.899300000000003763e+01,5.000000000000000000e-01
3.899400000000003530e+01,5.000000000000000000e-01
3.899500000000003297e+01,5.000000000000000000e-01
3.899600000000003774e+01,5.000000000000000000e-01
3.899700000000003541e+01,5.000000000000000000e-01
3.899800000000003308e+01,5.000000000000000000e-01
3.899900000000003786e+01,5.000000000000000000e-01
3.900000000000003553e+01,5.000000000000000000e-01
3.900100000000003320e+01,5.000000000000000000e-01
3.900200000000003797e+01,5.000000000000000000e-01
3.900300000000003564e+01,5.000000000000000000e-01
3.900400000000003331e+01,5.000000000000000000e-01
3.900500000000003809e+01,5.000000000000000000e-01
3.900600000000003575e+01,5.000000000000000000e-01
3.900700000000003342e+01,5.000000000000000000e-01
3.900800000000003820e+01,5.000000000000000000e-01
3.900900000000003587e+01,5.000000000000000000e-01
3.901000000000003354e+01,5.000000000000000000e-01
3.901100000000003831e+01,5.000000000000000000e-01
3.901200000000003598e+01,5.000000000000000000e-01
3.901300000000003365e+01,5.000000000000000000e-01
3.901400000000003843e+01,5.000000000000000000e-01
3.901500000000003610e+01,5.000000000000000000e-01
3.901600000000003376e+01,5.000000000000000000e-01
3.901700000000003854e+01,5.000000000000000000e-01
3.901800000000003621e+01,5.000000000000000000e-01
3.901900000000003388e+01,5.000000000000000000e-01
3.902000000000003865e+01,5.000000000000000000e-01
3.902100000000003632e+01,5.000000000000000000e-01
3.902200000000003399e+01,5.000000000000000000e-01
3.902300000000003877e+01,5.000000000000000000e-01
3.902400000000003644e+01,5.000000000000000000e-01
3.902500000000003411e+01,5.000000000000000000e-01
3.902600000000003888e+01,5.000000000000000000e-01
3.902700000000003655e+01,5.000000000000000000e-01
3.902800000000003422e+01,5.000000000000000000e-01
3.902900000000003899e+01,5.000000000000000000e-01
3.903000000000003666e+01,5.000000000000000000e-01
3.903100000000003433e+01,5.000000000000000000e-01
3.903200000000003911e+01,5.000000000000000000e-01
3.903300000000003678e+01,5.000000000000000000e-01
3.903400000000003445e+01,5.000000000000000000e-01
3.903500000000003922e+01,5.000000000000000000e-01
3.903600000000003689e+01,5.000000000000000000e-01
3.903700000000003456e+01,5.000000000000000000e-01
3.903800000000003934e+01,5.000000000000000000e-01
3.903900000000003701e+01,5.000000000000000000e-01
3.904000000000003467e+01,5.000000000000000000e-01
3.904100000000003945e+01,5.000000000000000000e-01
3.904200000000003712e+01,5.000000000000000000e-01
3.904300000000003479e+01,5.000000000000000000e-01
3.904400000000003956e+01,5.000000000000000000e-01
3.904500000000003723e+01,5.000000000000000000e-01
3.904600000000003490e+01,5.000000000000000000e-01
3.904700000000003968e+01,5.000000000000000000e-01
3.904800000000003735e+01,5.000000000000000000e-01
3.904900000000003502e+01,5.000000000000000000e-01
3.905000000000003979e+01,5.000000000000000000e-01
3.905100000000003746e+01,5.000000000000000000e-01
3.905200000000003513e+01,5.000000000000000000e-01
3.905300000000003280e+01,5.000000000000000000e-01
3.905400000000003757e+01,5.000000000000000000e-01
3.905500000000003524e+01,5.000000000000000000e-01
3.905600000000003291e+01,5.000000000000000000e-01
3.905700000000003769e+01,5.000000000000000000e-01
3.905800000000003536e+01,5.000000000000000000e-01
3.905900000000003303e+01,5.000000000000000000e-01
3.906000000000003780e+01,5.000000000000000000e-01
3.906100000000003547e+01,5.000000000000000000e-01
3.906200000000003314e+01,5.000000000000000000e-01
3.906300000000003791e+01,5.000000000000000000e-01
3.906400000000003558e+01,5.000000000000000000e-01
3.906500000000003325e+01,5.000000000000000000e-01
3.906600000000003803e+01,5.000000000000000000e-01
3.906700000000003570e+01,5.000000000000000000e-01
3.906800000000003337e+01,5.000000000000000000e-01
3.906900000000003814e+01,5.000000000000000000e-01
3.907000000000003581e+01,5.000000000000000000e-01
3.907100000000003348e+01,5.000000000000000000e-01
3.907200000000003826e+01,5.000000000000000000e-01
3.907300000000003593e+01,5.000000000000000000e-01
3.907400000000003359e+01,5.000000000000000000e-01
3.907500000000003837e+01,5.000000000000000000e-01
3.907600000000003604e+01,5.000000000000000000e-01
3.907700000000003371e+01,5.000000000000000000e-01
3.907800000000003848e+01,5.000000000000000000e-01
3.907900000000003615e+01,5.000000000000000000e-01
3.908000000000003382e+01,5.000000000000000000e-01
3.908100000000003860e+01,5.000000000000000000e-01
3.908200000000003627e+01,5.000000000000000000e-01
3.908300000000003394e+01,5.000000000000000000e-01
3.908400000000003871e+01,5.000000000000000000e-01
3.908500000000003638e+01,5.000000000000000000e-01
3.908600000000003405e+01,5.000000000000000000e-01
3.908700000000003882e+01,5.000000000000000000e-01
3.908800000000003649e+01,5.000000000000000000e-01
3.908900000000003416e+01,5.000000000000000000e-01
3.909000000000003894e+01,5.000000000000000000e-01
3.909100000000003661e+01,5.000000000000000000e-01
3.909200000000003428e+01,5.000000000000000000e-01
3.909300000000003905e+01,5.000000000000000000e-01
3.909400000000003672e+01,5.000000000000000000e-01
3.909500000000003439e+01,5.000000000000000000e-01
3.909600000000003917e+01,5.000000000000000000e-01
3.909700000000003683e+01,5.000000000000000000e-01
3.909800000000003450e+01,5.000000000000000000e-01
3.909900000000003928e+01,5.000000000000000000e-01
3.910000000000003695e+01,5.000000000000000000e-01
3.910100000000003462e+01,5.000000000000000000e-01
3.910200000000003939e+01,5.000000000000000000e-01
3.910300000000003706e+01,5.000000000000000000e-01
3.910400000000003473e+01,5.000000000000000000e-01
3.910500000000003951e+01,5.000000000000000000e-01
3.910600000000003718e+01,5.000000000000000000e-01
3.910700000000003485e+01,5.000000000000000000e-01
3.910800000000003962e+01,5.000000000000000000e-01
3.910900000000003729e+01,5.000000000000000000e-01
3.911000000000003496e+01,5.000000000000000000e-01
3.911100000000003973e+01,5.000000000000000000e-01
3.911200000000003740e+01,5.000000000000000000e-01
3.911300000000003507e+01,5.000000000000000000e-01
3.911400000000003985e+01,5.000000000000000000e-01
3.911500000000003752e+01,5.000000000000000000e-01
3.911600000000003519e+01,5.000000000000000000e-01
3.911700000000003996e+01,5.000000000000000000e-01
3.911800000000003763e+01,5.000000000000000000e-01
3.911900000000003530e+01,5.000000000000000000e-01
3.912000000000003297e+01,5.000000000000000000e-01
3.912100000000003774e+01,5.000000000000000000e-01
3.912200000000003541e+01,5.000000000000000000e-01
3.912300000000003308e+01,5.000000000000000000e-01
3.912400000000003786e+01,5.000000000000000000e-01
3.912500000000003553e+01,5.000000000000000000e-01
3.912600000000003320e+01,5.000000000000000000e-01
3.912700000000003797e+01,5.000000000000000000e-01
3.912800000000003564e+01,5.000000000000000000e-01
3.912900000000003331e+01,5.000000000000000000e-01
3.913000000000003809e+01,5.000000000000000000e-01
3.913100000000003575e+01,5.000000000000000000e-01
3.913200000000003342e+01,5.000000000000000000e-01
3.913300000000003820e+01,5.000000000000000000e-01
3.913400000000003587e+01,5.000000000000000000e-01
3.913500000000003354e+01,5.000000000000000000e-01
3.913600000000003831e+01,5.000000000000000000e-01
3.913700000000003598e+01,5.000000000000000000e-01
3.913800000000003365e+01,5.000000000000000000e-01
3.913900000000003843e+01,5.000000000000000000e-01
3.914000000000003610e+01,5.000000000000000000e-01
3.914100000000003376e+01,5.000000000000000000e-01
3.914200000000003854e+01,5.000000000000000000e-01
3.914300000000003621e+01,5.000000000000000000e-01
3.914400000000003388e+01,5.000000000000000000e-01
3.914500000000003865e+01,5.000000000000000000e-01
3.914600000000003632e+01,5.000000000000000000e-01
3.914700000000003399e+01,5.000000000000000000e-01
3.914800000000003877e+01,5.000000000000000000e-01
3.914900000000003644e+01,5.000000000000000000e-01
3.915000000000003411e+01,5.000000000000000000e-01
3.915100000000003888e+01,5.000000000000000000e-01
3.915200000000003655e+01,5.000000000000000000e-01
3.915300000000003422e+01,5.000000000000000000e-01
3.915400000000003899e+01,5.000000000000000000e-01
3.915500000000003666e+01,5.000000000000000000e-01
3.915600000000003433e+01,5.000000000000000000e-01
3.915700000000003911e+01,5.000000000000000000e-01
3.915800000000003678e+01,5.000000000000000000e-01
3.915900000000003445e+01,5.000000000000000000e-01
3.916000000000003922e+01,5.000000000000000000e-01
3.916100000000003689e+01,5.000000000000000000e-01
3.916200000000003456e+01,5.000000000000000000e-01
3.916300000000003934e+01,5.000000000000000000e-01
3.916400000000003701e+01,5.000000000000000000e-01
3.916500000000003467e+01,5.000000000000000000e-01
3.916600000000003945e+01,5.000000000000000000e-01
3.916700000000003712e+01,5.000000000000000000e-01
3.916800000000003479e+01,5.000000000000000000e-01
3.916900000000003956e+01,5.000000000000000000e-01
3.917000000000003723e+01,5.000000000000000000e-01
3.917100000000003490e+01,5.000000000000000000e-01
3.917200000000003968e+01,5.000000000000000000e-01
3.917300000000003735e+01,5.000000000000000000e-01
3.917400000000003502e+01,5.000000000000000000e-01
3.917500000000003979e+01,5.000000000000000000e-01
3.917600000000003746e+01,5.000000000000000000e-01
3.917700000000003513e+01,5.000000000000000000e-01
3.917800000000003990e+01,5.000000000000000000e-01
3.917900000000003757e+01,5.000000000000000000e-01
3.918000000000003524e+01,5.000000000000000000e-01
3.918100000000003291e+01,5.000000000000000000e-01
3.918200000000003769e+01,5.000000000000000000e-01
3.918300000000003536e+01,5.000000000000000000e-01
3.918400000000003303e+01,5.000000000000000000e-01
3.918500000000003780e+01,5.000000000000000000e-01
3.918600000000003547e+01,5.000000000000000000e-01
3.918700000000003314e+01,5.000000000000000000e-01
3.918800000000003791e+01,5.000000000000000000e-01
3.918900000000003558e+01,5.000000000000000000e-01
3.919000000000003325e+01,5.000000000000000000e-01
3.919100000000003803e+01,5.000000000000000000e-01
3.919200000000003570e+01,5.000000000000000000e-01
3.919300000000003337e+01,5.000000000000000000e-01
3.919400000000003814e+01,5.000000000000000000e-01
3.919500000000003581e+01,5.000000000000000000e-01
3.919600000000003348e+01,5.000000000000000000e-01
3.919700000000003826e+01,5.000000000000000000e-01
3.919800000000003593e+01,5.000000000000000000e-01
3.919900000000003359e+01,5.000000000000000000e-01
3.920000000000003837e+01,5.000000000000000000e-01
3.920100000000003604e+01,5.000000000000000000e-01
3.920200000000003371e+01,5.000000000000000000e-01
3.920300000000003848e+01,5.000000000000000000e-01
3.920400000000003615e+01,5.000000000000000000e-01
3.920500000000003382e+01,5.000000000000000000e-01
3.920600000000003860e+01,5.000000000000000000e-01
3.920700000000003627e+01,5.000000000000000000e-01
3.920800000000003394e+01,5.000000000000000000e-01
3.920900000000003871e+01,5.000000000000000000e-01
3.921000000000003638e+01,5.000000000000000000e-01
3.921100000000003405e+01,5.000000000000000000e-01
3.921200000000003882e+01,5.000000000000000000e-01
3.921300000000003649e+01,5.000000000000000000e-01
3.921400000000003416e+01,5.000000000000000000e-01
3.921500000000003894e+01,5.000000000000000000e-01
3.921600000000003661e+01,5.000000000000000000e-01
3.921700000000003428e+01,5.000000000000000000e-01
3.921800000000003905e+01,5.000000000000000000e-01
3.921900000000003672e+01,5.000000000000000000e-01
3.922000000000003439e+01,5.000000000000000000e-01
3.922100000000003917e+01,5.000000000000000000e-01
3.922200000000003683e+01,5.000000000000000000e-01
3.922300000000003450e+01,5.000000000000000000e-01
3.922400000000003928e+01,5.000000000000000000e-01
3.922500000000003695e+01,5.000000000000000000e-01
3.922600000000003462e+01,5.000000000000000000e-01
3.922700000000003939e+01,5.000000000000000000e-01
3.922800000000003706e+01,5.000000000000000000e-01
3.922900000000003473e+01,5.000000000000000000e-01
3.923000000000003951e+01,5.000000000000000000e-01
3.923100000000003718e+01,5.000000000000000000e-01
3.923200000000003485e+01,5.000000000000000000e-01
3.923300000000003962e+01,5.000000000000000000e-01
3.923400000000003729e+01,5.000000000000000000e-01
3.923500000000003496e+01,5.000000000000000000e-01
3.923600000000003973e+01,5.000000000000000000e-01
3.923700000000003740e+01,5.000000000000000000e-01
3.923800000000003507e+01,5.000000000000000000e-01
3.923900000000003985e+01,5.000000000000000000e-01
3.924000000000003752e+01,5.000000000000000000e-01
3.924100000000003519e+01,5.000000000000000000e-01
3.924200000000003996e+01,5.000000000000000000e-01
3.924300000000003763e+01,5.000000000000000000e-01
3.924400000000003530e+01,5.000000000000000000e-01
3.924500000000004007e+01,5.000000000000000000e-01
3.924600000000003774e+01,5.000000000000000000e-01
3.924700000000003541e+01,5.000000000000000000e-01
3.924800000000003308e+01,5.000000000000000000e-01
3.924900000000003786e+01,5.000000000000000000e-01
3.925000000000003553e+01,5.000000000000000000e-01
3.925100000000003320e+01,5.000000000000000000e-01
3.925200000000003797e+01,5.000000000000000000e-01
3.925300000000003564e+01,5.000000000000000000e-01
3.925400000000003331e+01,5.000000000000000000e-01
3.925500000000003809e+01,5.000000000000000000e-01
3.925600000000003575e+01,5.000000000000000000e-01
3.925700000000003342e+01,5.000000000000000000e-01
3.925800000000003820e+01,5.000000000000000000e-01
3.925900000000003587e+01,5.000000000000000000e-01
3.926000000000003354e+01,5.000000000000000000e-01
3.926100000000003831e+01,5.000000000000000000e-01
3.926200000000003598e+01,5.000000000000000000e-01
3.926300000000003365e+01,5.000000000000000000e-01
3.926400000000003843e+01,5.000000000000000000e-01
3.926500000000003610e+01,5.000000000000000000e-01
3.926600000000003376e+01,5.000000000000000000e-01
3.926700000000003854e+01,5.000000000000000000e-01
3.926800000000003621e+01,5.000000000000000000e-01
3.926900000000003388e+01,5.000000000000000000e-01
3.927000000000003865e+01,5.000000000000000000e-01
3.927100000000003632e+01,5.000000000000000000e-01
3.927200000000003399e+01,5.000000000000000000e-01
3.927300000000003877e+01,5.000000000000000000e-01
3.927400000000003644e+01,5.000000000000000000e-01
3.927500000000003411e+01,5.000000000000000000e-01
3.927600000000003888e+01,5.000000000000000000e-01
3.927700000000003655e+01,5.000000000000000000e-01
3.927800000000003422e+01,5.000000000000000000e-01
3.927900000000003899e+01,5.000000000000000000e-01
3.928000000000003666e+01,5.000000000000000000e-01
3.928100000000003433e+01,5.000000000000000000e-01
3.928200000000003911e+01,5.000000000000000000e-01
3.928300000000003678e+01,5.000000000000000000e-01
3.928400000000003445e+01,5.000000000000000000e-01
3.928500000000003922e+01,5.000000000000000000e-01
3.928600000000003689e+01,5.000000000000000000e-01
3.928700000000003456e+01,5.000000000000000000e-01
3.928800000000003934e+01,5.000000000000000000e-01
3.928900000000003701e+01,5.000000000000000000e-01
3.929000000000003467e+01,5.000000000000000000e-01
3.929100000000003945e+01,5.000000000000000000e-01
3.929200000000003712e+01,5.000000000000000000e-01
3.929300000000003479e+01,5.000000000000000000e-01
3.929400000000003956e+01,5.000000000000000000e-01
3.929500000000003723e+01,5.000000000000000000e-01
3.929600000000003490e+01,5.000000000000000000e-01
3.929700000000003968e+01,5.000000000000000000e-01
3.929800000000003735e+01,5.000000000000000000e-01
3.929900000000003502e+01,5.000000000000000000e-01
3.930000000000003979e+01,5.000000000000000000e-01
3.930100000000003746e+01,5.000000000000000000e-01
3.930200000000003513e+01,5.000000000000000000e-01
3.930300000000003990e+01,5.000000000000000000e-01
3.930400000000003757e+01,5.000000000000000000e-01
3.930500000000003524e+01,5.000000000000000000e-01
3.930600000000004002e+01,5.000000000000000000e-01
3.930700000000003769e+01,5.000000000000000000e-01
3.930800000000003536e+01,5.000000000000000000e-01
3.930900000000003303e+01,5.000000000000000000e-01
3.931000000000003780e+01,5.000000000000000000e-01
3.931100000000003547e+01,5.000000000000000000e-01
3.931200000000003314e+01,5.000000000000000000e-01
3.931300000000003791e+01,5.000000000000000000e-01
3.931400000000003558e+01,5.000000000000000000e-01
3.931500000000003325e+01,5.000000000000000000e-01
3.931600000000003803e+01,5.000000000000000000e-01
3.931700000000003570e+01,5.000000000000000000e-01
3.931800000000003337e+01,5.000000000000000000e-01
3.931900000000003814e+01,5.000000000000000000e-01
3.932000000000003581e+01,5.000000000000000000e-01
3.932100000000003348e+01,5.000000000000000000e-01
3.932200000000003826e+01,5.000000000000000000e-01
3.932300000000003593e+01,5.000000000000000000e-01
3.932400000000003359e+01,5.000000000000000000e-01
3.932500000000003837e+01,5.000000000000000000e-01
3.932600000000003604e+01,5.000000000000000000e-01
3.932700000000003371e+01,5.000000000000000000e-01
3.932800000000003848e+01,5.000000000000000000e-01
3.932900000000003615e+01,5.000000000000000000e-01
3.933000000000003382e+01,5.000000000000000000e-01
3.933100000000003860e+01,5.000000000000000000e-01
3.933200000000003627e+01,5.000000000000000000e-01
3.933300000000003394e+01,5.000000000000000000e-01
3.933400000000003871e+01,5.000000000000000000e-01
3.933500000000003638e+01,5.000000000000000000e-01
3.933600000000003405e+01,5.000000000000000000e-01
3.933700000000003882e+01,5.000000000000000000e-01
3.933800000000003649e+01,5.000000000000000000e-01
3.933900000000003416e+01,5.000000000000000000e-01
3.934000000000003894e+01,5.000000000000000000e-01
3.934100000000003661e+01,5.000000000000000000e-01
3.934200000000003428e+01,5.000000000000000000e-01
3.934300000000003905e+01,5.000000000000000000e-01
3.934400000000003672e+01,5.000000000000000000e-01
3.934500000000003439e+01,5.000000000000000000e-01
3.934600000000003917e+01,5.000000000000000000e-01
3.934700000000003683e+01,5.000000000000000000e-01
3.934800000000003450e+01,5.000000000000000000e-01
3.934900000000003928e+01,5.000000000000000000e-01
3.935000000000003695e+01,5.000000000000000000e-01
3.935100000000003462e+01,5.000000000000000000e-01
3.935200000000003939e+01,5.000000000000000000e-01
3.935300000000003706e+01,5.000000000000000000e-01
3.935400000000003473e+01,5.000000000000000000e-01
3.935500000000003951e+01,5.000000000000000000e-01
3.935600000000003718e+01,5.000000000000000000e-01
3.935700000000003485e+01,5.000000000000000000e-01
3.935800000000003962e+01,5.000000000000000000e-01
3.935900000000003729e+01,5.000000000000000000e-01
3.936000000000003496e+01,5.000000000000000000e-01
3.936100000000003973e+01,5.000000000000000000e-01
3.936200000000003740e+01,5.000000000000000000e-01
3.936300000000003507e+01,5.000000000000000000e-01
3.936400000000003985e+01,5.000000000000000000e-01
3.936500000000003752e+01,5.000000000000000000e-01
3.936600000000003519e+01,5.000000000000000000e-01
3.936700000000003996e+01,5.000000000000000000e-01
3.936800000000003763e+01,5.000000000000000000e-01
3.936900000000003530e+01,5.000000000000000000e-01
3.937000000000004007e+01,5.000000000000000000e-01
3.937100000000003774e+01,5.000000000000000000e-01
3.937200000000003541e+01,5.000000000000000000e-01
3.937300000000004019e+01,5.000000000000000000e-01
3.937400000000003786e+01,5.000000000000000000e-01
3.937500000000003553e+01,5.000000000000000000e-01
3.937600000000003320e+01,5.000000000000000000e-01
3.937700000000003797e+01,5.000000000000000000e-01
3.937800000000003564e+01,5.000000000000000000e-01
3.937900000000003331e+01,5.000000000000000000e-01
3.938000000000003809e+01,5.000000000000000000e-01
3.938100000000003575e+01,5.000000000000000000e-01
3.938200000000003342e+01,5.000000000000000000e-01
3.938300000000003820e+01,5.000000000000000000e-01
3.938400000000003587e+01,5.000000000000000000e-01
3.938500000000003354e+01,5.000000000000000000e-01
3.938600000000003831e+01,5.000000000000000000e-01
3.938700000000003598e+01,5.000000000000000000e-01
3.938800000000003365e+01,5.000000000000000000e-01
3.938900000000003843e+01,5.000000000000000000e-01
3.939000000000003610e+01,5.000000000000000000e-01
3.939100000000003376e+01,5.000000000000000000e-01
3.939200000000003854e+01,5.000000000000000000e-01
3.939300000000003621e+01,5.000000000000000000e-01
3.939400000000003388e+01,5.000000000000000000e-01
3.939500000000003865e+01,5.000000000000000000e-01
3.939600000000003632e+01,5.000000000000000000e-01
3.939700000000003399e+01,5.000000000000000000e-01
3.939800000000003877e+01,5.000000000000000000e-01
3.939900000000003644e+01,5.000000000000000000e-01
3.940000000000003411e+01,5.000000000000000000e-01
3.940100000000003888e+01,5.000000000000000000e-01
3.940200000000003655e+01,5.000000000000000000e-01
3.940300000000003422e+01,5.000000000000000000e-01
3.940400000000003899e+01,5.000000000000000000e-01
3.940500000000003666e+01,5.000000000000000000e-01
3.940600000000003433e+01,5.000000000000000000e-01
3.940700000000003911e+01,5.000000000000000000e-01
3.940800000000003678e+01,5.000000000000000000e-01
3.940900000000003445e+01,5.000000000000000000e-01
3.941000000000003922e+01,5.000000000000000000e-01
3.941100000000003689e+01,5.000000000000000000e-01
3.941200000000003456e+01,5.000000000000000000e-01
3.941300000000003934e+01,5.000000000000000000e-01
3.941400000000003701e+01,5.000000000000000000e-01
3.941500000000003467e+01,5.000000000000000000e-01
3.941600000000003945e+01,5.000000000000000000e-01
3.941700000000003712e+01,5.000000000000000000e-01
3.941800000000003479e+01,5.000000000000000000e-01
3.941900000000003956e+01,5.000000000000000000e-01
3.942000000000003723e+01,5.000000000000000000e-01
3.942100000000003490e+01,5.000000000000000000e-01
3.942200000000003968e+01,5.000000000000000000e-01
3.942300000000003735e+01,5.000000000000000000e-01
3.942400000000003502e+01,5.000000000000000000e-01
3.942500000000003979e+01,5.000000000000000000e-01
3.942600000000003746e+01,5.000000000000000000e-01
3.942700000000003513e+01,5.000000000000000000e-01
3.942800000000003990e+01,5.000000000000000000e-01
3.942900000000003757e+01,5.000000000000000000e-01
3.943000000000003524e+01,5.000000000000000000e-01
3.943100000000004002e+01,5.000000000000000000e-01
3.943200000000003769e+01,5.000000000000000000e-01
3.943300000000003536e+01,5.000000000000000000e-01
3.943400000000004013e+01,5.000000000000000000e-01
3.943500000000003780e+01,5.000000000000000000e-01
3.943600000000003547e+01,5.000000000000000000e-01
3.943700000000003314e+01,5.000000000000000000e-01
3.943800000000003791e+01,5.000000000000000000e-01
3.943900000000003558e+01,5.000000000000000000e-01
3.944000000000003325e+01,5.000000000000000000e-01
3.944100000000003803e+01,5.000000000000000000e-01
3.944200000000003570e+01,5.000000000000000000e-01
3.944300000000003337e+01,5.000000000000000000e-01
3.944400000000003814e+01,5.000000000000000000e-01
3.944500000000003581e+01,5.000000000000000000e-01
3.944600000000003348e+01,5.000000000000000000e-01
3.944700000000003826e+01,5.000000000000000000e-01
3.944800000000003593e+01,5.000000000000000000e-01
3.944900000000003359e+01,5.000000000000000000e-01
3.945000000000003837e+01,5.000000000000000000e-01
3.945100000000003604e+01,5.000000000000000000e-01
3.945200000000003371e+01,5.000000000000000000e-01
3.945300000000003848e+01,5.000000000000000000e-01
3.945400000000003615e+01,5.000000000000000000e-01
3.945500000000003382e+01,5.000000000000000000e-01
3.945600000000003860e+01,5.000000000000000000e-01
3.945700000000003627e+01,5.000000000000000000e-01
3.945800000000003394e+01,5.000000000000000000e-01
3.945900000000003871e+01,5.000000000000000000e-01
3.946000000000003638e+01,5.000000000000000000e-01
3.946100000000003405e+01,5.000000000000000000e-01
3.946200000000003882e+01,5.000000000000000000e-01
3.946300000000003649e+01,5.000000000000000000e-01
3.946400000000003416e+01,5.000000000000000000e-01
3.946500000000003894e+01,5.000000000000000000e-01
3.946600000000003661e+01,5.000000000000000000e-01
3.946700000000003428e+01,5.000000000000000000e-01
3.946800000000003905e+01,5.000000000000000000e-01
3.946900000000003672e+01,5.000000000000000000e-01
3.947000000000003439e+01,5.000000000000000000e-01
3.947100000000003917e+01,5.000000000000000000e-01
3.947200000000003683e+01,5.000000000000000000e-01
3.947300000000003450e+01,5.000000000000000000e-01
3.947400000000003928e+01,5.000000000000000000e-01
3.947500000000003695e+01,5.000000000000000000e-01
3.947600000000003462e+01,5.000000000000000000e-01
3.947700000000003939e+01,5.000000000000000000e-01
3.947800000000003706e+01,5.000000000000000000e-01
3.947900000000003473e+01,5.000000000000000000e-01
3.948000000000003951e+01,5.000000000000000000e-01
3.948100000000003718e+01,5.000000000000000000e-01
3.948200000000003485e+01,5.000000000000000000e-01
3.948300000000003962e+01,5.000000000000000000e-01
3.948400000000003729e+01,5.000000000000000000e-01
3.948500000000003496e+01,5.000000000000000000e-01
3.948600000000003973e+01,5.000000000000000000e-01
3.948700000000003740e+01,5.000000000000000000e-01
3.948800000000003507e+01,5.000000000000000000e-01
3.948900000000003985e+01,5.000000000000000000e-01
3.949000000000003752e+01,5.000000000000000000e-01
3.949100000000003519e+01,5.000000000000000000e-01
3.949200000000003996e+01,5.000000000000000000e-01
3.949300000000003763e+01,5.000000000000000000e-01
3.949400000000003530e+01,5.000000000000000000e-01
3.949500000000004007e+01,5.000000000000000000e-01
3.949600000000003774e+01,5.000000000000000000e-01
3.949700000000003541e+01,5.000000000000000000e-01
3.949800000000004019e+01,5.000000000000000000e-01
3.949900000000003786e+01,5.000000000000000000e-01
3.950000000000003553e+01,5.000000000000000000e-01
3.950100000000004030e+01,5.000000000000000000e-01
3.950200000000003797e+01,5.000000000000000000e-01
3.950300000000003564e+01,5.000000000000000000e-01
3.950400000000003331e+01,5.000000000000000000e-01
3.950500000000003809e+01,5.000000000000000000e-01
3.950600000000003575e+01,5.000000000000000000e-01
3.950700000000003342e+01,5.000000000000000000e-01
3.950800000000003820e+01,5.000000000000000000e-01
3.950900000000003587e+01,5.000000000000000000e-01
3.951000000000003354e+01,5.000000000000000000e-01
3.951100000000003831e+01,5.000000000000000000e-01
3.951200000000003598e+01,5.000000000000000000e-01
3.951300000000003365e+01,5.000000000000000000e-01
3.951400000000003843e+01,5.000000000000000000e-01
3.951500000000003610e+01,5.000000000000000000e-01
3.951600000000003376e+01,5.000000000000000000e-01
3.951700000000003854e+01,5.000000000000000000e-01
3.951800000000003621e+01,5.000000000000000000e-01
3.951900000000003388e+01,5.000000000000000000e-01
3.952000000000003865e+01,5.000000000000000000e-01
3.952100000000003632e+01,5.000000000000000000e-01
3.952200000000003399e+01,5.000000000000000000e-01
3.952300000000003877e+01,5.000000000000000000e-01
3.952400000000003644e+01,5.000000000000000000e-01
3.952500000000003411e+01,5.000000000000000000e-01
3.952600000000003888e+01,5.000000000000000000e-01
3.952700000000003655e+01,5.000000000000000000e-01
3.952800000000003422e+01,5.000000000000000000e-01
3.952900000000003899e+01,5.000000000000000000e-01
3.953000000000003666e+01,5.000000000000000000e-01
3.953100000000003433e+01,5.000000000000000000e-01
3.953200000000003911e+01,5.000000000000000000e-01
3.953300000000003678e+01,5.000000000000000000e-01
3.953400000000003445e+01,5.000000000000000000e-01
3.953500000000003922e+01,5.000000000000000000e-01
3.953600000000003689e+01,5.000000000000000000e-01
3.953700000000003456e+01,5.000000000000000000e-01
3.953800000000003934e+01,5.000000000000000000e-01
3.953900000000003701e+01,5.000000000000000000e-01
3.954000000000003467e+01,5.000000000000000000e-01
3.954100000000003945e+01,5.000000000000000000e-01
3.954200000000003712e+01,5.000000000000000000e-01
3.954300000000003479e+01,5.000000000000000000e-01
3.954400000000003956e+01,5.000000000000000000e-01
3.954500000000003723e+01,5.000000000000000000e-01
3.954600000000003490e+01,5.000000000000000000e-01
3.954700000000003968e+01,5.000000000000000000e-01
3.954800000000003735e+01,5.000000000000000000e-01
3.954900000000003502e+01,5.000000000000000000e-01
3.955000000000003979e+01,5.000000000000000000e-01
3.955100000000003746e+01,5.000000000000000000e-01
3.955200000000003513e+01,5.000000000000000000e-01
3.955300000000003990e+01,5.000000000000000000e-01
3.955400000000003757e+01,5.000000000000000000e-01
3.955500000000003524e+01,5.000000000000000000e-01
3.955600000000004002e+01,5.000000000000000000e-01
3.955700000000003769e+01,5.000000000000000000e-01
3.955800000000003536e+01,5.000000000000000000e-01
3.955900000000004013e+01,5.000000000000000000e-01
3.956000000000003780e+01,5.000000000000000000e-01
3.956100000000003547e+01,5.000000000000000000e-01
3.956200000000004025e+01,5.000000000000000000e-01
3.956300000000003791e+01,5.000000000000000000e-01
3.956400000000003558e+01,5.000000000000000000e-01
3.956500000000003325e+01,5.000000000000000000e-01
3.956600000000003803e+01,5.000000000000000000e-01
3.956700000000003570e+01,5.000000000000000000e-01
3.956800000000003337e+01,5.000000000000000000e-01
3.956900000000003814e+01,5.000000000000000000e-01
3.957000000000003581e+01,5.000000000000000000e-01
3.957100000000003348e+01,5.000000000000000000e-01
3.957200000000003826e+01,5.000000000000000000e-01
3.957300000000003593e+01,5.000000000000000000e-01
3.957400000000003359e+01,5.000000000000000000e-01
3.957500000000003837e+01,5.000000000000000000e-01
3.957600000000003604e+01,5.000000000000000000e-01
3.957700000000003371e+01,5.000000000000000000e-01
3.957800000000003848e+01,5.000000000000000000e-01
3.957900000000003615e+01,5.000000000000000000e-01
3.958000000000003382e+01,5.000000000000000000e-01
3.958100000000003860e+01,5.000000000000000000e-01
3.958200000000003627e+01,5.000000000000000000e-01
3.958300000000003394e+01,5.000000000000000000e-01
3.958400000000003871e+01,5.000000000000000000e-01
3.958500000000003638e+01,5.000000000000000000e-01
3.958600000000003405e+01,5.000000000000000000e-01
3.958700000000003882e+01,5.000000000000000000e-01
3.958800000000003649e+01,5.000000000000000000e-01
3.958900000000003416e+01,5.000000000000000000e-01
3.959000000000003894e+01,5.000000000000000000e-01
3.959100000000003661e+01,5.000000000000000000e-01
3.959200000000003428e+01,5.000000000000000000e-01
3.959300000000003905e+01,5.000000000000000000e-01
3.959400000000003672e+01,5.000000000000000000e-01
3.959500000000003439e+01,5.000000000000000000e-01
3.959600000000003917e+01,5.000000000000000000e-01
3.959700000000003683e+01,5.000000000000000000e-01
3.959800000000003450e+01,5.000000000000000000e-01
3.959900000000003928e+01,5.000000000000000000e-01
3.960000000000003695e+01,5.000000000000000000e-01
3.960100000000003462e+01,5.000000000000000000e-01
3.960200000000003939e+01,5.000000000000000000e-01
3.960300000000003706e+01,5.000000000000000000e-01
3.960400000000003473e+01,5.000000000000000000e-01
3.960500000000003951e+01,5.000000000000000000e-01
3.960600000000003718e+01,5.000000000000000000e-01
3.960700000000003485e+01,5.000000000000000000e-01
3.960800000000003962e+01,5.000000000000000000e-01
3.960900000000003729e+01,5.000000000000000000e-01
3.961000000000003496e+01,5.000000000000000000e-01
3.961100000000003973e+01,5.000000000000000000e-01
3.961200000000003740e+01,5.000000000000000000e-01
3.961300000000003507e+01,5.000000000000000000e-01
3.961400000000003985e+01,5.000000000000000000e-01
3.961500000000003752e+01,5.000000000000000000e-01
3.961600000000003519e+01,5.000000000000000000e-01
3.961700000000003996e+01,5.000000000000000000e-01
3.961800000000003763e+01,5.000000000000000000e-01
3.961900000000003530e+01,5.000000000000000000e-01
3.962000000000004007e+01,5.000000000000000000e-01
3.962100000000003774e+01,5.000000000000000000e-01
3.962200000000003541e+01,5.000000000000000000e-01
3.962300000000004019e+01,5.000000000000000000e-01
3.962400000000003786e+01,5.000000000000000000e-01
3.962500000000003553e+01,5.000000000000000000e-01
3.962600000000004030e+01,5.000000000000000000e-01
3.962700000000003797e+01,5.000000000000000000e-01
3.962800000000003564e+01,5.000000000000000000e-01
3.962900000000004042e+01,5.000000000000000000e-01
3.963000000000003809e+01,5.000000000000000000e-01
3.963100000000003575e+01,5.000000000000000000e-01
3.963200000000003342e+01,5.000000000000000000e-01
3.963300000000003820e+01,5.000000000000000000e-01
3.963400000000003587e+01,5.000000000000000000e-01
3.963500000000003354e+01,5.000000000000000000e-01
3.963600000000003831e+01,5.000000000000000000e-01
3.963700000000003598e+01,5.000000000000000000e-01
3.963800000000003365e+01,5.000000000000000000e-01
3.963900000000003843e+01,5.000000000000000000e-01
3.964000000000003610e+01,5.000000000000000000e-01
3.964100000000003376e+01,5.000000000000000000e-01
3.964200000000003854e+01,5.000000000000000000e-01
3.964300000000003621e+01,5.000000000000000000e-01
3.964400000000003388e+01,5.000000000000000000e-01
3.964500000000003865e+01,5.000000000000000000e-01
3.964600000000003632e+01,5.000000000000000000e-01
3.964700000000003399e+01,5.000000000000000000e-01
3.964800000000003877e+01,5.000000000000000000e-01
3.964900000000003644e+01,5.000000000000000000e-01
3.965000000000003411e+01,5.000000000000000000e-01
3.965100000000003888e+01,5.000000000000000000e-01
3.965200000000003655e+01,5.000000000000000000e-01
3.965300000000003422e+01,5.000000000000000000e-01
3.965400000000003899e+01,5.000000000000000000e-01
3.965500000000003666e+01,5.000000000000000000e-01
3.965600000000003433e+01,5.000000000000000000e-01
3.965700000000003911e+01,5.000000000000000000e-01
3.965800000000003678e+01,5.000000000000000000e-01
3.965900000000003445e+01,5.000000000000000000e-01
3.966000000000003922e+01,5.000000000000000000e-01
3.966100000000003689e+01,5.000000000000000000e-01
3.966200000000003456e+01,5.000000000000000000e-01
3.966300000000003934e+01,5.000000000000000000e-01
3.966400000000003701e+01,5.000000000000000000e-01
3.966500000000003467e+01,5.000000000000000000e-01
3.966600000000003945e+01,5.000000000000000000e-01
3.966700000000003712e+01,5.000000000000000000e-01
3.966800000000003479e+01,5.000000000000000000e-01
3.966900000000003956e+01,5.000000000000000000e-01
3.967000000000003723e+01,5.000000000000000000e-01
3.967100000000003490e+01,5.000000000000000000e-01
3.967200000000003968e+01,5.000000000000000000e-01
3.967300000000003735e+01,5.000000000000000000e-01
3.967400000000003502e+01,5.000000000000000000e-01
3.967500000000003979e+01,5.000000000000000000e-01
3.967600000000003746e+01,5.000000000000000000e-01
3.967700000000003513e+01,5.000000000000000000e-01
3.967800000000003990e+01,5.000000000000000000e-01
3.967900000000003757e+01,5.000000000000000000e-01
3.968000000000003524e+01,5.000000000000000000e-01
3.968100000000004002e+01,5.000000000000000000e-01
3.968200000000003769e+01,5.000000000000000000e-01
3.968300000000003536e+01,5.000000000000000000e-01
3.968400000000004013e+01,5.000000000000000000e-01
3.968500000000003780e+01,5.000000000000000000e-01
3.968600000000003547e+01,5.000000000000000000e-01
3.968700000000004025e+01,5.000000000000000000e-01
3.968800000000003791e+01,5.000000000000000000e-01
3.968900000000003558e+01,5.000000000000000000e-01
3.969000000000004036e+01,5.000000000000000000e-01
3.969100000000003803e+01,5.000000000000000000e-01
3.969200000000003570e+01,5.000000000000000000e-01
3.969300000000003337e+01,5.000000000000000000e-01
3.969400000000003814e+01,5.000000000000000000e-01
3.969500000000003581e+01,5.000000000000000000e-01
3.969600000000003348e+01,5.000000000000000000e-01
3.969700000000003826e+01,5.000000000000000000e-01
3.969800000000003593e+01,5.000000000000000000e-01
3.969900000000003359e+01,5.000000000000000000e-01
3.970000000000003837e+01,5.000000000000000000e-01
3.970100000000003604e+01,5.000000000000000000e-01
3.970200000000003371e+01,5.000000000000000000e-01
3.970300000000003848e+01,5.000000000000000000e-01
3.970400000000003615e+01,5.000000000000000000e-01
3.970500000000003382e+01,5.000000000000000000e-01
3.970600000000003860e+01,5.000000000000000000e-01
3.970700000000003627e+01,5.000000000000000000e-01
3.970800000000003394e+01,5.000000000000000000e-01
3.970900000000003871e+01,5.000000000000000000e-01
3.971000000000003638e+01,5.000000000000000000e-01
3.971100000000003405e+01,5.000000000000000000e-01
3.971200000000003882e+01,5.000000000000000000e-01
3.971300000000003649e+01,5.000000000000000000e-01
3.971400000000003416e+01,5.000000000000000000e-01
3.971500000000003894e+01,5.000000000000000000e-01
3.971600000000003661e+01,5.000000000000000000e-01
3.971700000000003428e+01,5.000000000000000000e-01
3.971800000000003905e+01,5.000000000000000000e-01
3.971900000000003672e+01,5.000000000000000000e-01
3.972000000000003439e+01,5.000000000000000000e-01
3.972100000000003917e+01,5.000000000000000000e-01
3.972200000000003683e+01,5.000000000000000000e-01
3.972300000000003450e+01,5.000000000000000000e-01
3.972400000000003928e+01,5.000000000000000000e-01
3.972500000000003695e+01,5.000000000000000000e-01
3.972600000000003462e+01,5.000000000000000000e-01
3.972700000000003939e+01,5.000000000000000000e-01
3.972800000000003706e+01,5.000000000000000000e-01
3.972900000000003473e+01,5.000000000000000000e-01
3.973000000000003951e+01,5.000000000000000000e-01
3.973100000000003718e+01,5.000000000000000000e-01
3.973200000000003485e+01,5.000000000000000000e-01
3.973300000000003962e+01,5.000000000000000000e-01
3.973400000000003729e+01,5.000000000000000000e-01
3.973500000000003496e+01,5.000000000000000000e-01
3.973600000000003973e+01,5.000000000000000000e-01
3.973700000000003740e+01,5.000000000000000000e-01
3.973800000000003507e+01,5.000000000000000000e-01
3.973900000000003985e+01,5.000000000000000000e-01
3.974000000000003752e+01,5.000000000000000000e-01
3.974100000000003519e+01,5.000000000000000000e-01
3.974200000000003996e+01,5.000000000000000000e-01
3.974300000000003763e+01,5.000000000000000000e-01
3.974400000000003530e+01,5.000000000000000000e-01
3.974500000000004007e+01,5.000000000000000000e-01
3.974600000000003774e+01,5.000000000000000000e-01
3.974700000000003541e+01,5.000000000000000000e-01
3.974800000000004019e+01,5.000000000000000000e-01
3.974900000000003786e+01,5.000000000000000000e-01
3.975000000000003553e+01,5.000000000000000000e-01
3.975100000000004030e+01,5.000000000000000000e-01
3.975200000000003797e+01,5.000000000000000000e-01
3.975300000000003564e+01,5.000000000000000000e-01
3.975400000000004042e+01,5.000000000000000000e-01
3.975500000000003809e+01,5.000000000000000000e-01
3.975600000000003575e+01,5.000000000000000000e-01
3.975700000000004053e+01,5.000000000000000000e-01
3.975800000000003820e+01,5.000000000000000000e-01
3.975900000000003587e+01,5.000000000000000000e-01
3.976000000000003354e+01,5.000000000000000000e-01
3.976100000000003831e+01,5.000000000000000000e-01
3.976200000000003598e+01,5.000000000000000000e-01
3.976300000000003365e+01,5.000000000000000000e-01
3.976400000000003843e+01,5.000000000000000000e-01
3.976500000000003610e+01,5.000000000000000000e-01
3.976600000000003376e+01,5.000000000000000000e-01
3.976700000000003854e+01,5.000000000000000000e-01
3.976800000000003621e+01,5.000000000000000000e-01
3.976900000000003388e+01,5.000000000000000000e-01
3.977000000000003865e+01,5.000000000000000000e-01
3.977100000000003632e+01,5.000000000000000000e-01
3.977200000000003399e+01,5.000000000000000000e-01
3.977300000000003877e+01,5.000000000000000000e-01
3.977400000000003644e+01,5.000000000000000000e-01
3.977500000000003411e+01,5.000000000000000000e-01
3.977600000000003888e+01,5.000000000000000000e-01
3.977700000000003655e+01,5.000000000000000000e-01
3.977800000000003422e+01,5.000000000000000000e-01
3.977900000000003899e+01,5.000000000000000000e-01
3.978000000000003666e+01,5.000000000000000000e-01
3.978100000000003433e+01,5.000000000000000000e-01
3.978200000000003911e+01,5.000000000000000000e-01
3.978300000000003678e+01,5.000000000000000000e-01
3.978400000000003445e+01,5.000000000000000000e-01
3.978500000000003922e+01,5.000000000000000000e-01
3.978600000000003689e+01,5.000000000000000000e-01
3.978700000000003456e+01,5.000000000000000000e-01
3.978800000000003934e+01,5.000000000000000000e-01
3.978900000000003701e+01,5.000000000000000000e-01
3.979000000000003467e+01,5.000000000000000000e-01
3.979100000000003945e+01,5.000000000000000000e-01
3.979200000000003712e+01,5.000000000000000000e-01
3.979300000000003479e+01,5.000000000000000000e-01
3.979400000000003956e+01,5.000000000000000000e-01
3.979500000000003723e+01,5.000000000000000000e-01
3.979600000000003490e+01,5.000000000000000000e-01
3.979700000000003968e+01,5.000000000000000000e-01
3.979800000000003735e+01,5.000000000000000000e-01
3.979900000000003502e+01,5.000000000000000000e-01
3.980000000000003979e+01,5.000000000000000000e-01
3.980100000000003746e+01,5.000000000000000000e-01
3.980200000000003513e+01,5.000000000000000000e-01
3.980300000000003990e+01,5.000000000000000000e-01
3.980400000000003757e+01,5.000000000000000000e-01
3.980500000000003524e+01,5.000000000000000000e-01
3.980600000000004002e+01,5.000000000000000000e-01
3.980700000000003769e+01,5.000000000000000000e-01
3.980800000000003536e+01,5.000000000000000000e-01
3.980900000000004013e+01,5.000000000000000000e-01
3.981000000000003780e+01,5.000000000000000000e-01
3.981100000000003547e+01,5.000000000000000000e-01
3.981200000000004025e+01,5.000000000000000000e-01
3.981300000000003791e+01,5.000000000000000000e-01
3.981400000000003558e+01,5.000000000000000000e-01
3.981500000000004036e+01,5.000000000000000000e-01
3.981600000000003803e+01,5.000000000000000000e-01
3.981700000000003570e+01,5.000000000000000000e-01
3.981800000000004047e+01,5.000000000000000000e-01
3.981900000000003814e+01,5.000000000000000000e-01
3.982000000000003581e+01,5.000000000000000000e-01
3.982100000000003348e+01,5.000000000000000000e-01
3.982200000000003826e+01,5.000000000000000000e-01
3.982300000000003593e+01,5.000000000000000000e-01
3.982400000000003359e+01,5.000000000000000000e-01
3.982500000000003837e+01,5.000000000000000000e-01
3.982600000000003604e+01,5.000000000000000000e-01
3.982700000000003371e+01,5.000000000000000000e-01
3.982800000000003848e+01,5.000000000000000000e-01
3.982900000000003615e+01,5.000000000000000000e-01
3.983000000000003382e+01,5.000000000000000000e-01
3.983100000000003860e+01,5.000000000000000000e-01
3.983200000000003627e+01,5.000000000000000000e-01
3.983300000000003394e+01,5.000000000000000000e-01
3.983400000000003871e+01,5.000000000000000000e-01
3.983500000000003638e+01,5.000000000000000000e-01
3.983600000000003405e+01,5.000000000000000000e-01
3.983700000000003882e+01,5.000000000000000000e-01
3.983800000000003649e+01,5.000000000000000000e-01
3.983900000000003416e+01,5.000000000000000000e-01
3.984000000000003894e+01,5.000000000000000000e-01
3.984100000000003661e+01,5.000000000000000000e-01
3.984200000000003428e+01,5.000000000000000000e-01
3.984300000000003905e+01,5.000000000000000000e-01
3.984400000000003672e+01,5.000000000000000000e-01
3.984500000000003439e+01,5.000000000000000000e-01
3.984600000000003917e+01,5.000000000000000000e-01
3.984700000000003683e+01,5.000000000000000000e-01
3.984800000000003450e+01,5.000000000000000000e-01
3.984900000000003928e+01,5.000000000000000000e-01
3.985000000000003695e+01,5.000000000000000000e-01
3.985100000000003462e+01,5.000000000000000000e-01
3.985200000000003939e+01,5.000000000000000000e-01
3.985300000000003706e+01,5.000000000000000000e-01
3.985400000000003473e+01,5.000000000000000000e-01
3.985500000000003951e+01,5.000000000000000000e-01
3.985600000000003718e+01,5.000000000000000000e-01
3.985700000000003485e+01,5.000000000000000000e-01
3.985800000000003962e+01,5.000000000000000000e-01
3.985900000000003729e+01,5.000000000000000000e-01
3.986000000000003496e+01,5.000000000000000000e-01
3.986100000000003973e+01,5.000000000000000000e-01
3.986200000000003740e+01,5.000000000000000000e-01
3.986300000000003507e+01,5.000000000000000000e-01
3.986400000000003985e+01,5.000000000000000000e-01
3.986500000000003752e+01,5.000000000000000000e-01
3.986600000000003519e+01,5.000000000000000000e-01
3.986700000000003996e+01,5.000000000000000000e-01
3.986800000000003763e+01,5.000000000000000000e-01
3.986900000000003530e+01,5.000000000000000000e-01
3.987000000000004007e+01,5.000000000000000000e-01
3.987100000000003774e+01,5.000000000000000000e-01
3.987200000000003541e+01,5.000000000000000000e-01
3.987300000000004019e+01,5.000000000000000000e-01
3.987400000000003786e+01,5.000000000000000000e-01
3.987500000000003553e+01,5.000000000000000000e-01
3.987600000000004030e+01,5.000000000000000000e-01
3.987700000000003797e+01,5.000000000000000000e-01
3.987800000000003564e+01,5.000000000000000000e-01
3.987900000000004042e+01,5.000000000000000000e-01
3.988000000000003809e+01,5.000000000000000000e-01
3.988100000000003575e+01,5.000000000000000000e-01
3.988200000000004053e+01,5.000000000000000000e-01
3.988300000000003820e+01,5.000000000000000000e-01
3.988400000000003587e+01,5.000000000000000000e-01
3.988500000000004064e+01,5.000000000000000000e-01
3.988600000000003831e+01,5.000000000000000000e-01
3.988700000000003598e+01,5.000000000000000000e-01
3.988800000000003365e+01,5.000000000000000000e-01
3.988900000000003843e+01,5.000000000000000000e-01
3.989000000000003610e+01,5.000000000000000000e-01
3.989100000000003376e+01,5.000000000000000000e-01
3.989200000000003854e+01,5.000000000000000000e-01
3.989300000000003621e+01,5.000000000000000000e-01
3.989400000000003388e+01,5.000000000000000000e-01
3.989500000000003865e+01,5.000000000000000000e-01
3.989600000000003632e+01,5.000000000000000000e-01
3.989700000000003399e+01,5.000000000000000000e-01
3.989800000000003877e+01,5.000000000000000000e-01
3.989900000000003644e+01,5.000000000000000000e-01
3.990000000000003411e+01,5.000000000000000000e-01
3.990100000000003888e+01,5.000000000000000000e-01
3.990200000000003655e+01,5.000000000000000000e-01
3.990300000000003422e+01,5.000000000000000000e-01
3.990400000000003899e+01,5.000000000000000000e-01
3.990500000000003666e+01,5.000000000000000000e-01
3.990600000000003433e+01,5.000000000000000000e-01
3.990700000000003911e+01,5.000000000000000000e-01
3.990800000000003678e+01,5.000000000000000000e-01
3.990900000000003445e+01,5.000000000000000000e-01
3.991000000000003922e+01,5.000000000000000000e-01
3.991100000000003689e+01,5.000000000000000000e-01
3.991200000000003456e+01,5.000000000000000000e-01
3.991300000000003934e+01,5.000000000000000000e-01
3.991400000000003701e+01,5.000000000000000000e-01
3.991500000000003467e+01,5.000000000000000000e-01
3.991600000000003945e+01,5.000000000000000000e-01
3.991700000000003712e+01,5.000000000000000000e-01
3.991800000000003479e+01,5.000000000000000000e-01
3.991900000000003956e+01,5.000000000000000000e-01
3.992000000000003723e+01,5.000000000000000000e-01
3.992100000000003490e+01,5.000000000000000000e-01
3.992200000000003968e+01,5.000000000000000000e-01
3.992300000000003735e+01,5.000000000000000000e-01
3.992400000000003502e+01,5.000000000000000000e-01
3.992500000000003979e+01,5.000000000000000000e-01
3.992600000000003746e+01,5.000000000000000000e-01
3.992700000000003513e+01,5.000000000000000000e-01
3.992800000000003990e+01,5.000000000000000000e-01
3.992900000000003757e+01,5.000000000000000000e-01
3.993000000000003524e+01,5.000000000000000000e-01
3.993100000000004002e+01,5.000000000000000000e-01
3.993200000000003769e+01,5.000000000000000000e-01
3.993300000000003536e+01,5.000000000000000000e-01
3.993400000000004013e+01,5.000000000000000000e-01
3.993500000000003780e+01,5.000000000000000000e-01
3.993600000000003547e+01,5.000000000000000000e-01
3.993700000000004025e+01,5.000000000000000000e-01
3.993800000000003791e+01,5.000000000000000000e-01
3.993900000000003558e+01,5.000000000000000000e-01
3.994000000000004036e+01,5.000000000000000000e-01
3.994100000000003803e+01,5.000000000000000000e-01
3.994200000000003570e+01,5.000000000000000000e-01
3.994300000000004047e+01,5.000000000000000000e-01
3.994400000000003814e+01,5.000000000000000000e-01
3.994500000000003581e+01,5.000000000000000000e-01
3.994600000000004059e+01,5.000000000000000000e-01
3.994700000000003826e+01,5.000000000000000000e-01
3.994800000000003593e+01,5.000000000000000000e-01
3.994900000000003359e+01,5.000000000000000000e-01
3.995000000000003837e+01,5.000000000000000000e-01
3.995100000000003604e+01,5.000000000000000000e-01
3.995200000000003371e+01,5.000000000000000000e-01
3.995300000000003848e+01,5.000000000000000000e-01
3.995400000000003615e+01,5.000000000000000000e-01
3.995500000000003382e+01,5.000000000000000000e-01
3.995600000000003860e+01,5.000000000000000000e-01
3.995700000000003627e+01,5.000000000000000000e-01
3.995800000000003394e+01,5.000000000000000000e-01
3.995900000000003871e+01,5.000000000000000000e-01
3.996000000000003638e+01,5.000000000000000000e-01
3.996100000000003405e+01,5.000000000000000000e-01
3.996200000000003882e+01,5.000000000000000000e-01
3.996300000000003649e+01,5.000000000000000000e-01
3.996400000000003416e+01,5.000000000000000000e-01
3.996500000000003894e+01,5.000000000000000000e-01
3.996600000000003661e+01,5.000000000000000000e-01
3.996700000000003428e+01,5.000000000000000000e-01
3.996800000000003905e+01,5.000000000000000000e-01
3.996900000000003672e+01,5.000000000000000000e-01
3.997000000000003439e+01,5.000000000000000000e-01
3.997100000000003917e+01,5.000000000000000000e-01
3.997200000000003683e+01,5.000000000000000000e-01
3.997300000000003450e+01,5.000000000000000000e-01
3.997400000000003928e+01,5.000000000000000000e-01
3.997500000000003695e+01,5.000000000000000000e-01
3.997600000000003462e+01,5.000000000000000000e-01
3.997700000000003939e+01,5.000000000000000000e-01
3.997800000000003706e+01,5.000000000000000000e-01
3.997900000000003473e+01,5.000000000000000000e-01
3.998000000000003951e+01,5.000000000000000000e-01
3.998100000000003718e+01,5.000000000000000000e-01
3.998200000000003485e+01,5.000000000000000000e-01
3.998300000000003962e+01,5.000000000000000000e-01
3.998400000000003729e+01,5.000000000000000000e-01
3.998500000000003496e+01,5.000000000000000000e-01
3.998600000000003973e+01,5.000000000000000000e-01
3.998700000000003740e+01,5.000000000000000000e-01
3.998800000000003507e+01,5.000000000000000000e-01
3.998900000000003985e+01,5.000000000000000000e-01
3.999000000000003752e+01,5.000000000000000000e-01
3.999100000000003519e+01,5.000000000000000000e-01
3.999200000000003996e+01,5.000000000000000000e-01
3.999300000000003763e+01,5.000000000000000000e-01
3.999400000000003530e+01,5.000000000000000000e-01
3.999500000000004007e+01,5.000000000000000000e-01
3.999600000000003774e+01,5.000000000000000000e-01
3.999700000000003541e+01,5.000000000000000000e-01
3.999800000000004019e+01,5.000000000000000000e-01
3.999900000000003786e+01,5.000000000000000000e-01
4.000000000000003553e+01,5.000000000000000000e-01
4.000100000000004030e+01,5.000000000000000000e-01
4.000200000000003797e+01,5.000000000000000000e-01
4.000300000000003564e+01,5.000000000000000000e-01
4.000400000000004042e+01,5.000000000000000000e-01
4.000500000000003809e+01,5.000000000000000000e-01
4.000600000000003575e+01,5.000000000000000000e-01
4.000700000000004053e+01,5.000000000000000000e-01
4.000800000000003820e+01,5.000000000000000000e-01
4.000900000000003587e+01,5.000000000000000000e-01
4.001000000000004064e+01,5.000000000000000000e-01
4.001100000000003831e+01,5.000000000000000000e-01
4.001200000000003598e+01,5.000000000000000000e-01
4.001300000000004076e+01,5.000000000000000000e-01
4.001400000000003843e+01,5.000000000000000000e-01
4.001500000000003610e+01,5.000000000000000000e-01
4.001600000000003376e+01,5.000000000000000000e-01
4.001700000000003854e+01,5.000000000000000000e-01
4.001800000000003621e+01,5.000000000000000000e-01
4.001900000000003388e+01,5.000000000000000000e-01
4.002000000000003865e+01,5.000000000000000000e-01
4.002100000000003632e+01,5.000000000000000000e-01
4.002200000000003399e+01,5.000000000000000000e-01
4.002300000000003877e+01,5.000000000000000000e-01
4.002400000000003644e+01,5.000000000000000000e-01
4.002500000000003411e+01,5.000000000000000000e-01
4.002600000000003888e+01,5.000000000000000000e-01
4.002700000000003655e+01,5.000000000000000000e-01
4.002800000000003422e+01,5.000000000000000000e-01
4.002900000000003899e+01,5.000000000000000000e-01
4.003000000000003666e+01,5.000000000000000000e-01
4.003100000000003433e+01,5.000000000000000000e-01
4.003200000000003911e+01,5.000000000000000000e-01
4.003300000000003678e+01,5.000000000000000000e-01
4.003400000000003445e+01,5.000000000000000000e-01
4.003500000000003922e+01,5.000000000000000000e-01
4.003600000000003689e+01,5.000000000000000000e-01
4.003700000000003456e+01,5.000000000000000000e-01
4.003800000000003934e+01,5.000000000000000000e-01
4.003900000000003701e+01,5.000000000000000000e-01
4.004000000000003467e+01,5.000000000000000000e-01
4.004100000000003945e+01,5.000000000000000000e-01
4.004200000000003712e+01,5.000000000000000000e-01
4.004300000000003479e+01,5.000000000000000000e-01
4.004400000000003956e+01,5.000000000000000000e-01
4.004500000000003723e+01,5.000000000000000000e-01
4.004600000000003490e+01,5.000000000000000000e-01
4.004700000000003968e+01,5.000000000000000000e-01
4.004800000000003735e+01,5.000000000000000000e-01
4.004900000000003502e+01,5.000000000000000000e-01
4.005000000000003979e+01,5.000000000000000000e-01
4.005100000000003746e+01,5.000000000000000000e-01
4.005200000000003513e+01,5.000000000000000000e-01
4.005300000000003990e+01,5.000000000000000000e-01
4.005400000000003757e+01,5.000000000000000000e-01
4.005500000000003524e+01,5.000000000000000000e-01
4.005600000000004002e+01,5.000000000000000000e-01
4.005700000000003769e+01,5.000000000000000000e-01
4.005800000000003536e+01,5.000000000000000000e-01
4.005900000000004013e+01,5.000000000000000000e-01
4.006000000000003780e+01,5.000000000000000000e-01
4.006100000000003547e+01,5.000000000000000000e-01
4.006200000000004025e+01,5.000000000000000000e-01
4.006300000000003791e+01,5.000000000000000000e-01
4.006400000000003558e+01,5.000000000000000000e-01
4.006500000000004036e+01,5.000000000000000000e-01
4.006600000000003803e+01,5.000000000000000000e-01
4.006700000000003570e+01,5.000000000000000000e-01
4.006800000000004047e+01,5.000000000000000000e-01
4.006900000000003814e+01,5.000000000000000000e-01
4.007000000000003581e+01,5.000000000000000000e-01
4.007100000000004059e+01,5.000000000000000000e-01
4.007200000000003826e+01,5.000000000000000000e-01
4.007300000000003593e+01,5.000000000000000000e-01
4.007400000000004070e+01,5.000000000000000000e-01
4.007500000000003837e+01,5.000000000000000000e-01
4.007600000000003604e+01,5.000000000000000000e-01
4.007700000000003371e+01,5.000000000000000000e-01
4.007800000000003848e+01,5.000000000000000000e-01
4.007900000000003615e+01,5.000000000000000000e-01
4.008000000000003382e+01,5.000000000000000000e-01
4.008100000000003860e+01,5.000000000000000000e-01
4.008200000000003627e+01,5.000000000000000000e-01
4.008300000000003394e+01,5.000000000000000000e-01
4.008400000000003871e+01,5.000000000000000000e-01
4.008500000000003638e+01,5.000000000000000000e-01
4.008600000000003405e+01,5.000000000000000000e-01
4.008700000000003882e+01,5.000000000000000000e-01
4.008800000000003649e+01,5.000000000000000000e-01
4.008900000000003416e+01,5.000000000000000000e-01
4.009000000000003894e+01,5.000000000000000000e-01
4.009100000000003661e+01,5.000000000000000000e-01
4.009200000000003428e+01,5.000000000000000000e-01
4.009300000000003905e+01,5.000000000000000000e-01
4.009400000000003672e+01,5.000000000000000000e-01
4.009500000000003439e+01,5.000000000000000000e-01
4.009600000000003917e+01,5.000000000000000000e-01
4.009700000000003683e+01,5.000000000000000000e-01
4.009800000000003450e+01,5.000000000000000000e-01
4.009900000000003928e+01,5.000000000000000000e-01
4.010000000000003695e+01,5.000000000000000000e-01
4.010100000000003462e+01,5.000000000000000000e-01
4.010200000000003939e+01,5.000000000000000000e-01
4.010300000000003706e+01,5.000000000000000000e-01
4.010400000000003473e+01,5.000000000000000000e-01
4.010500000000003951e+01,5.000000000000000000e-01
4.010600000000003718e+01,5.000000000000000000e-01
4.010700000000003485e+01,5.000000000000000000e-01
4.010800000000003962e+01,5.000000000000000000e-01
4.010900000000003729e+01,5.000000000000000000e-01
4.011000000000003496e+01,5.000000000000000000e-01
4.011100000000003973e+01,5.000000000000000000e-01
4.011200000000003740e+01,5.000000000000000000e-01
4.011300000000003507e+01,5.000000000000000000e-01
4.011400000000003985e+01,5.000000000000000000e-01
4.011500000000003752e+01,5.000000000000000000e-01
4.011600000000003519e+01,5.000000000000000000e-01
4.011700000000003996e+01,5.000000000000000000e-01
4.011800000000003763e+01,5.000000000000000000e-01
4.011900000000003530e+01,5.000000000000000000e-01
4.012000000000004007e+01,5.000000000000000000e-01
4.012100000000003774e+01,5.000000000000000000e-01
4.012200000000003541e+01,5.000000000000000000e-01
4.012300000000004019e+01,5.000000000000000000e-01
4.012400000000003786e+01,5.000000000000000000e-01
4.012500000000003553e+01,5.000000000000000000e-01
4.012600000000004030e+01,5.000000000000000000e-01
4.012700000000003797e+01,5.000000000000000000e-01
4.012800000000003564e+01,5.000000000000000000e-01
4.012900000000004042e+01,5.000000000000000000e-01
4.013000000000003809e+01,5.000000000000000000e-01
4.013100000000003575e+01,5.000000000000000000e-01
4.013200000000004053e+01,5.000000000000000000e-01
4.013300000000003820e+01,5.000000000000000000e-01
4.013400000000003587e+01,5.000000000000000000e-01
4.013500000000004064e+01,5.000000000000000000e-01
4.013600000000003831e+01,5.000000000000000000e-01
4.013700000000003598e+01,5.000000000000000000e-01
4.013800000000004076e+01,5.000000000000000000e-01
4.013900000000003843e+01,5.000000000000000000e-01
4.014000000000003610e+01,5.000000000000000000e-01
4.014100000000004087e+01,5.000000000000000000e-01
4.014200000000003854e+01,5.000000000000000000e-01
4.014300000000003621e+01,5.000000000000000000e-01
4.014400000000003388e+01,5.000000000000000000e-01
4.014500000000003865e+01,5.000000000000000000e-01
4.014600000000003632e+01,5.000000000000000000e-01
4.014700000000003399e+01,5.000000000000000000e-01
4.014800000000003877e+01,5.000000000000000000e-01
4.014900000000003644e+01,5.000000000000000000e-01
4.015000000000003411e+01,5.000000000000000000e-01
4.015100000000003888e+01,5.000000000000000000e-01
4.015200000000003655e+01,5.000000000000000000e-01
4.015300000000003422e+01,5.000000000000000000e-01
4.015400000000003899e+01,5.000000000000000000e-01
4.015500000000003666e+01,5.000000000000000000e-01
4.015600000000003433e+01,5.000000000000000000e-01
4.015700000000003911e+01,5.000000000000000000e-01
4.015800000000003678e+01,5.000000000000000000e-01
4.015900000000003445e+01,5.000000000000000000e-01
4.016000000000003922e+01,5.000000000000000000e-01
4.016100000000003689e+01,5.000000000000000000e-01
4.016200000000003456e+01,5.000000000000000000e-01
4.016300000000003934e+01,5.000000000000000000e-01
4.016400000000003701e+01,5.000000000000000000e-01
4.016500000000003467e+01,5.000000000000000000e-01
4.016600000000003945e+01,5.000000000000000000e-01
4.016700000000003712e+01,5.000000000000000000e-01
4.016800000000003479e+01,5.000000000000000000e-01
4.016900000000003956e+01,5.000000000000000000e-01
4.017000000000003723e+01,5.000000000000000000e-01
4.017100000000003490e+01,5.000000000000000000e-01
4.017200000000003968e+01,5.000000000000000000e-01
4.017300000000003735e+01,5.000000000000000000e-01
4.017400000000003502e+01,5.000000000000000000e-01
4.017500000000003979e+01,5.000000000000000000e-01
4.017600000000003746e+01,5.000000000000000000e-01
4.017700000000003513e+01,5.000000000000000000e-01
4.017800000000003990e+01,5.000000000000000000e-01
4.017900000000003757e+01,5.000000000000000000e-01
4.018000000000003524e+01,5.000000000000000000e-01
4.018100000000004002e+01,5.000000000000000000e-01
4.018200000000003769e+01,5.000000000000000000e-01
4.018300000000003536e+01,5.000000000000000000e-01
4.018400000000004013e+01,5.000000000000000000e-01
4.018500000000003780e+01,5.000000000000000000e-01
4.018600000000003547e+01,5.000000000000000000e-01
4.018700000000004025e+01,5.000000000000000000e-01
4.018800000000003791e+01,5.000000000000000000e-01
4.018900000000003558e+01,5.000000000000000000e-01
4.019000000000004036e+01,5.000000000000000000e-01
4.019100000000003803e+01,5.000000000000000000e-01
4.019200000000003570e+01,5.000000000000000000e-01
4.019300000000004047e+01,5.000000000000000000e-01
4.019400000000003814e+01,5.000000000000000000e-01
4.019500000000003581e+01,5.000000000000000000e-01
4.019600000000004059e+01,5.000000000000000000e-01
4.019700000000003826e+01,5.000000000000000000e-01
4.019800000000003593e+01,5.000000000000000000e-01
4.019900000000004070e+01,5.000000000000000000e-01
4.020000000000003837e+01,5.000000000000000000e-01
4.020100000000003604e+01,5.000000000000000000e-01
4.020200000000004081e+01,5.000000000000000000e-01
4.020300000000003848e+01,5.000000000000000000e-01
4.020400000000003615e+01,5.000000000000000000e-01
4.020500000000003382e+01,5.000000000000000000e-01
4.020600000000003860e+01,5.000000000000000000e-01
4.020700000000003627e+01,5.000000000000000000e-01
4.020800000000003394e+01,5.000000000000000000e-01
4.020900000000003871e+01,5.000000000000000000e-01
4.021000000000003638e+01,5.000000000000000000e-01
4.021100000000003405e+01,5.000000000000000000e-01
4.021200000000003882e+01,5.000000000000000000e-01
4.021300000000003649e+01,5.000000000000000000e-01
4.021400000000003416e+01,5.000000000000000000e-01
4.021500000000003894e+01,5.000000000000000000e-01
4.021600000000003661e+01,5.000000000000000000e-01
4.021700000000003428e+01,5.000000000000000000e-01
4.021800000000003905e+01,5.000000000000000000e-01
4.021900000000003672e+01,5.000000000000000000e-01
4.022000000000003439e+01,5.000000000000000000e-01
4.022100000000003917e+01,5.000000000000000000e-01
4.022200000000003683e+01,5.000000000000000000e-01
4.022300000000003450e+01,5.000000000000000000e-01
4.022400000000003928e+01,5.000000000000000000e-01
4.022500000000003695e+01,5.000000000000000000e-01
4.022600000000003462e+01,5.000000000000000000e-01
4.022700000000003939e+01,5.000000000000000000e-01
4.022800000000003706e+01,5.000000000000000000e-01
4.022900000000003473e+01,5.000000000000000000e-01
4.023000000000003951e+01,5.000000000000000000e-01
4.023100000000003718e+01,5.000000000000000000e-01
4.023200000000003485e+01,5.000000000000000000e-01
4.023300000000003962e+01,5.000000000000000000e-01
4.023400000000003729e+01,5.000000000000000000e-01
4.023500000000003496e+01,5.000000000000000000e-01
4.023600000000003973e+01,5.000000000000000000e-01
4.023700000000003740e+01,5.000000000000000000e-01
4.023800000000003507e+01,5.000000000000000000e-01
4.023900000000003985e+01,5.000000000000000000e-01
4.024000000000003752e+01,5.000000000000000000e-01
4.024100000000003519e+01,5.000000000000000000e-01
4.024200000000003996e+01,5.000000000000000000e-01
4.024300000000003763e+01,5.000000000000000000e-01
4.024400000000003530e+01,5.000000000000000000e-01
4.024500000000004007e+01,5.000000000000000000e-01
4.024600000000003774e+01,5.000000000000000000e-01
4.024700000000003541e+01,5.000000000000000000e-01
4.024800000000004019e+01,5.000000000000000000e-01
4.024900000000003786e+01,5.000000000000000000e-01
4.025000000000003553e+01,5.000000000000000000e-01
4.025100000000004030e+01,5.000000000000000000e-01
4.025200000000003797e+01,5.000000000000000000e-01
4.025300000000003564e+01,5.000000000000000000e-01
4.025400000000004042e+01,5.000000000000000000e-01
4.025500000000003809e+01,5.000000000000000000e-01
4.025600000000003575e+01,5.000000000000000000e-01
4.025700000000004053e+01,5.000000000000000000e-01
4.025800000000003820e+01,5.000000000000000000e-01
4.025900000000003587e+01,5.000000000000000000e-01
4.026000000000004064e+01,5.000000000000000000e-01
4.026100000000003831e+01,5.000000000000000000e-01
4.026200000000003598e+01,5.000000000000000000e-01
4.026300000000004076e+01,5.000000000000000000e-01
4.026400000000003843e+01,5.000000000000000000e-01
4.026500000000003610e+01,5.000000000000000000e-01
4.026600000000004087e+01,5.000000000000000000e-01
4.026700000000003854e+01,5.000000000000000000e-01
4.026800000000003621e+01,5.000000000000000000e-01
4.026900000000004098e+01,5.000000000000000000e-01
4.027000000000003865e+01,5.000000000000000000e-01
4.027100000000003632e+01,5.000000000000000000e-01
4.027200000000003399e+01,5.000000000000000000e-01
4.027300000000003877e+01,5.000000000000000000e-01
4.027400000000003644e+01,5.000000000000000000e-01
4.027500000000003411e+01,5.000000000000000000e-01
4.027600000000003888e+01,5.000000000000000000e-01
4.027700000000003655e+01,5.000000000000000000e-01
4.027800000000003422e+01,5.000000000000000000e-01
4.027900000000003899e+01,5.000000000000000000e-01
4.028000000000003666e+01,5.000000000000000000e-01
4.028100000000003433e+01,5.000000000000000000e-01
4.028200000000003911e+01,5.000000000000000000e-01
4.028300000000003678e+01,5.000000000000000000e-01
4.028400000000003445e+01,5.000000000000000000e-01
4.028500000000003922e+01,5.000000000000000000e-01
4.028600000000003689e+01,5.000000000000000000e-01
4.028700000000003456e+01,5.000000000000000000e-01
4.028800000000003934e+01,5.000000000000000000e-01
4.028900000000003701e+01,5.000000000000000000e-01
4.029000000000003467e+01,5.000000000000000000e-01
4.029100000000003945e+01,5.000000000000000000e-01
4.029200000000003712e+01,5.000000000000000000e-01
4.029300000000003479e+01,5.000000000000000000e-01
4.029400000000003956e+01,5.000000000000000000e-01
4.029500000000003723e+01,5.000000000000000000e-01
4.029600000000003490e+01,5.000000000000000000e-01
4.029700000000003968e+01,5.000000000000000000e-01
4.029800000000003735e+01,5.000000000000000000e-01
4.029900000000003502e+01,5.000000000000000000e-01
4.030000000000003979e+01,5.000000000000000000e-01
4.030100000000003746e+01,5.000000000000000000e-01
4.030200000000003513e+01,5.000000000000000000e-01
4.030300000000003990e+01,5.000000000000000000e-01
4.030400000000003757e+01,5.000000000000000000e-01
4.030500000000003524e+01,5.000000000000000000e-01
4.030600000000004002e+01,5.000000000000000000e-01
4.030700000000003769e+01,5.000000000000000000e-01
4.030800000000003536e+01,5.000000000000000000e-01
4.030900000000004013e+01,5.000000000000000000e-01
4.031000000000003780e+01,5.000000000000000000e-01
4.031100000000003547e+01,5.000000000000000000e-01
4.031200000000004025e+01,5.000000000000000000e-01
4.031300000000003791e+01,5.000000000000000000e-01
4.031400000000003558e+01,5.000000000000000000e-01
4.031500000000004036e+01,5.000000000000000000e-01
4.031600000000003803e+01,5.000000000000000000e-01
4.031700000000003570e+01,5.000000000000000000e-01
4.031800000000004047e+01,5.000000000000000000e-01
4.031900000000003814e+01,5.000000000000000000e-01
4.032000000000003581e+01,5.000000000000000000e-01
4.032100000000004059e+01,5.000000000000000000e-01
4.032200000000003826e+01,5.000000000000000000e-01
4.032300000000003593e+01,5.000000000000000000e-01
4.032400000000004070e+01,5.000000000000000000e-01
4.032500000000003837e+01,5.000000000000000000e-01
4.032600000000003604e+01,5.000000000000000000e-01
4.032700000000004081e+01,5.000000000000000000e-01
4.032800000000003848e+01,5.000000000000000000e-01
4.032900000000003615e+01,5.000000000000000000e-01
4.033000000000004093e+01,5.000000000000000000e-01
4.033100000000003860e+01,5.000000000000000000e-01
4.033200000000003627e+01,5.000000000000000000e-01
4.033300000000003394e+01,5.000000000000000000e-01
4.033400000000003871e+01,5.000000000000000000e-01
4.033500000000003638e+01,5.000000000000000000e-01
4.033600000000003405e+01,5.000000000000000000e-01
4.033700000000003882e+01,5.000000000000000000e-01
4.033800000000003649e+01,5.000000000000000000e-01
4.033900000000003416e+01,5.000000000000000000e-01
4.034000000000003894e+01,5.000000000000000000e-01
4.034100000000003661e+01,5.000000000000000000e-01
4.034200000000003428e+01,5.000000000000000000e-01
4.034300000000003905e+01,5.000000000000000000e-01
4.034400000000003672e+01,5.000000000000000000e-01
4.034500000000003439e+01,5.000000000000000000e-01
4.034600000000003917e+01,5.000000000000000000e-01
4.034700000000003683e+01,5.000000000000000000e-01
4.034800000000003450e+01,5.000000000000000000e-01
4.034900000000003928e+01,5.000000000000000000e-01
4.035000000000003695e+01,5.000000000000000000e-01
4.035100000000003462e+01,5.000000000000000000e-01
4.035200000000003939e+01,5.000000000000000000e-01
4.035300000000003706e+01,5.000000000000000000e-01
4.035400000000003473e+01,5.000000000000000000e-01
4.035500000000003951e+01,5.000000000000000000e-01
4.035600000000003718e+01,5.000000000000000000e-01
4.035700000000003485e+01,5.000000000000000000e-01
4.035800000000003962e+01,5.000000000000000000e-01
4.035900000000003729e+01,5.000000000000000000e-01
4.036000000000003496e+01,5.000000000000000000e-01
4.036100000000003973e+01,5.000000000000000000e-01
4.036200000000003740e+01,5.000000000000000000e-01
4.036300000000003507e+01,5.000000000000000000e-01
4.036400000000003985e+01,5.000000000000000000e-01
4.036500000000003752e+01,5.000000000000000000e-01
4.036600000000003519e+01,5.000000000000000000e-01
4.036700000000003996e+01,5.000000000000000000e-01
4.036800000000003763e+01,5.000000000000000000e-01
4.036900000000003530e+01,5.000000000000000000e-01
4.037000000000004007e+01,5.000000000000000000e-01
4.037100000000003774e+01,5.000000000000000000e-01
4.037200000000003541e+01,5.000000000000000000e-01
4.037300000000004019e+01,5.000000000000000000e-01
4.037400000000003786e+01,5.000000000000000000e-01
4.037500000000003553e+01,5.000000000000000000e-01
4.037600000000004030e+01,5.000000000000000000e-01
4.037700000000003797e+01,5.000000000000000000e-01
4.037800000000003564e+01,5.000000000000000000e-01
4.037900000000004042e+01,5.000000000000000000e-01
4.038000000000003809e+01,5.000000000000000000e-01
4.038100000000003575e+01,5.000000000000000000e-01
4.038200000000004053e+01,5.000000000000000000e-01
4.038300000000003820e+01,5.000000000000000000e-01
4.038400000000003587e+01,5.000000000000000000e-01
4.038500000000004064e+01,5.000000000000000000e-01
4.038600000000003831e+01,5.000000000000000000e-01
4.038700000000003598e+01,5.000000000000000000e-01
4.038800000000004076e+01,5.000000000000000000e-01
4.038900000000003843e+01,5.000000000000000000e-01
4.039000000000003610e+01,5.000000000000000000e-01
4.039100000000004087e+01,5.000000000000000000e-01
4.039200000000003854e+01,5.000000000000000000e-01
4.039300000000003621e+01,5.000000000000000000e-01
4.039400000000004098e+01,5.000000000000000000e-01
4.039500000000003865e+01,5.000000000000000000e-01
4.039600000000003632e+01,5.000000000000000000e-01
4.039700000000004110e+01,5.000000000000000000e-01
4.039800000000003877e+01,5.000000000000000000e-01
4.039900000000003644e+01,5.000000000000000000e-01
4.040000000000003411e+01,5.000000000000000000e-01
4.040100000000003888e+01,5.000000000000000000e-01
4.040200000000003655e+01,5.000000000000000000e-01
4.040300000000003422e+01,5.000000000000000000e-01
4.040400000000003899e+01,5.000000000000000000e-01
4.040500000000003666e+01,5.000000000000000000e-01
4.040600000000003433e+01,5.000000000000000000e-01
4.040700000000003911e+01,5.000000000000000000e-01
4.040800000000003678e+01,5.000000000000000000e-01
4.040900000000003445e+01,5.000000000000000000e-01
4.041000000000003922e+01,5.000000000000000000e-01
4.041100000000003689e+01,5.000000000000000000e-01
4.041200000000003456e+01,5.000000000000000000e-01
4.041300000000003934e+01,5.000000000000000000e-01
4.041400000000003701e+01,5.000000000000000000e-01
4.041500000000003467e+01,5.000000000000000000e-01
4.041600000000003945e+01,5.000000000000000000e-01
4.041700000000003712e+01,5.000000000000000000e-01
4.041800000000003479e+01,5.000000000000000000e-01
4.041900000000003956e+01,5.000000000000000000e-01
4.042000000000003723e+01,5.000000000000000000e-01
4.042100000000003490e+01,5.000000000000000000e-01
4.042200000000003968e+01,5.000000000000000000e-01
4.042300000000003735e+01,5.000000000000000000e-01
4.042400000000003502e+01,5.000000000000000000e-01
4.042500000000003979e+01,5.000000000000000000e-01
4.042600000000003746e+01,5.000000000000000000e-01
4.042700000000003513e+01,5.000000000000000000e-01
4.042800000000003990e+01,5.000000000000000000e-01
4.042900000000003757e+01,5.000000000000000000e-01
4.043000000000003524e+01,5.000000000000000000e-01
4.043100000000004002e+01,5.000000000000000000e-01
4.043200000000003769e+01,5.000000000000000000e-01
4.043300000000003536e+01,5.000000000000000000e-01
4.043400000000004013e+01,5.000000000000000000e-01
4.043500000000003780e+01,5.000000000000000000e-01
4.043600000000003547e+01,5.000000000000000000e-01
4.043700000000004025e+01,5.000000000000000000e-01
4.043800000000003791e+01,5.000000000000000000e-01
4.043900000000003558e+01,5.000000000000000000e-01
4.044000000000004036e+01,5.000000000000000000e-01
4.044100000000003803e+01,5.000000000000000000e-01
4.044200000000003570e+01,5.000000000000000000e-01
4.044300000000004047e+01,5.000000000000000000e-01
4.044400000000003814e+01,5.000000000000000000e-01
4.044500000000003581e+01,5.000000000000000000e-01
4.044600000000004059e+01,5.000000000000000000e-01
4.044700000000003826e+01,5.000000000000000000e-01
4.044800000000003593e+01,5.000000000000000000e-01
4.044900000000004070e+01,5.000000000000000000e-01
4.045000000000003837e+01,5.000000000000000000e-01
4.045100000000003604e+01,5.000000000000000000e-01
4.045200000000004081e+01,5.000000000000000000e-01
4.045300000000003848e+01,5.000000000000000000e-01
4.045400000000003615e+01,5.000000000000000000e-01
4.045500000000004093e+01,5.000000000000000000e-01
4.045600000000003860e+01,5.000000000000000000e-01
4.045700000000003627e+01,5.000000000000000000e-01
4.045800000000004104e+01,5.000000000000000000e-01
4.045900000000003871e+01,5.000000000000000000e-01
4.046000000000003638e+01,5.000000000000000000e-01
4.046100000000003405e+01,5.000000000000000000e-01
4.046200000000003882e+01,5.000000000000000000e-01
4.046300000000003649e+01,5.000000000000000000e-01
4.046400000000003416e+01,5.000000000000000000e-01
4.046500000000003894e+01,5.000000000000000000e-01
4.046600000000003661e+01,5.000000000000000000e-01
4.046700000000003428e+01,5.000000000000000000e-01
4.046800000000003905e+01,5.000000000000000000e-01
4.046900000000003672e+01,5.000000000000000000e-01
4.047000000000003439e+01,5.000000000000000000e-01
4.047100000000003917e+01,5.000000000000000000e-01
4.047200000000003683e+01,5.000000000000000000e-01
4.047300000000003450e+01,5.000000000000000000e-01
4.047400000000003928e+01,5.000000000000000000e-01
4.047500000000003695e+01,5.000000000000000000e-01
4.047600000000003462e+01,5.000000000000000000e-01
4.047700000000003939e+01,5.000000000000000000e-01
4.047800000000003706e+01,5.000000000000000000e-01
4.047900000000003473e+01,5.000000000000000000e-01
4.048000000000003951e+01,5.000000000000000000e-01
4.048100000000003718e+01,5.000000000000000000e-01
4.048200000000003485e+01,5.000000000000000000e-01
4.048300000000003962e+01,5.000000000000000000e-01
4.048400000000003729e+01,5.000000000000000000e-01
4.048500000000003496e+01,5.000000000000000000e-01
4.048600000000003973e+01,5.000000000000000000e-01
4.048700000000003740e+01,5.000000000000000000e-01
4.048800000000003507e+01,5.000000000000000000e-01
4.048900000000003985e+01,5.000000000000000000e-01
4.049000000000003752e+01,5.000000000000000000e-01
4.049100000000003519e+01,5.000000000000000000e-01
4.049200000000003996e+01,5.000000000000000000e-01
4.049300000000003763e+01,5.000000000000000000e-01
4.049400000000003530e+01,5.000000000000000000e-01
4.049500000000004007e+01,5.000000000000000000e-01
4.049600000000003774e+01,5.000000000000000000e-01
4.049700000000003541e+01,5.000000000000000000e-01
4.049800000000004019e+01,5.000000000000000000e-01
4.049900000000003786e+01,5.000000000000000000e-01
4.050000000000003553e+01,5.000000000000000000e-01
4.050100000000004030e+01,5.000000000000000000e-01
4.050200000000003797e+01,5.000000000000000000e-01
4.050300000000003564e+01,5.000000000000000000e-01
4.050400000000004042e+01,5.000000000000000000e-01
4.050500000000003809e+01,5.000000000000000000e-01
4.050600000000003575e+01,5.000000000000000000e-01
4.050700000000004053e+01,5.000000000000000000e-01
4.050800000000003820e+01,5.000000000000000000e-01
4.050900000000003587e+01,5.000000000000000000e-01
4.051000000000004064e+01,5.000000000000000000e-01
4.051100000000003831e+01,5.000000000000000000e-01
4.051200000000003598e+01,5.000000000000000000e-01
4.051300000000004076e+01,5.000000000000000000e-01
4.051400000000003843e+01,5.000000000000000000e-01
4.051500000000003610e+01,5.000000000000000000e-01
4.051600000000004087e+01,5.000000000000000000e-01
4.051700000000003854e+01,5.000000000000000000e-01
4.051800000000003621e+01,5.000000000000000000e-01
4.051900000000004098e+01,5.000000000000000000e-01
4.052000000000003865e+01,5.000000000000000000e-01
4.052100000000003632e+01,5.000000000000000000e-01
4.052200000000004110e+01,5.000000000000000000e-01
4.052300000000003877e+01,5.000000000000000000e-01
4.052400000000003644e+01,5.000000000000000000e-01
4.052500000000004121e+01,5.000000000000000000e-01
4.052600000000003888e+01,5.000000000000000000e-01
4.052700000000003655e+01,5.000000000000000000e-01
4.052800000000003422e+01,5.000000000000000000e-01
4.052900000000003899e+01,5.000000000000000000e-01
4.053000000000003666e+01,5.000000000000000000e-01
4.053100000000003433e+01,5.000000000000000000e-01
4.053200000000003911e+01,5.000000000000000000e-01
4.053300000000003678e+01,5.000000000000000000e-01
4.053400000000003445e+01,5.000000000000000000e-01
4.053500000000003922e+01,5.000000000000000000e-01
4.053600000000003689e+01,5.000000000000000000e-01
4.053700000000003456e+01,5.000000000000000000e-01
4.053800000000003934e+01,5.000000000000000000e-01
4.053900000000003701e+01,5.000000000000000000e-01
4.054000000000003467e+01,5.000000000000000000e-01
4.054100000000003945e+01,5.000000000000000000e-01
4.054200000000003712e+01,5.000000000000000000e-01
4.054300000000003479e+01,5.000000000000000000e-01
4.054400000000003956e+01,5.000000000000000000e-01
4.054500000000003723e+01,5.000000000000000000e-01
4.054600000000003490e+01,5.000000000000000000e-01
4.054700000000003968e+01,5.000000000000000000e-01
4.054800000000003735e+01,5.000000000000000000e-01
4.054900000000003502e+01,5.000000000000000000e-01
4.055000000000003979e+01,5.000000000000000000e-01
4.055100000000003746e+01,5.000000000000000000e-01
4.055200000000003513e+01,5.000000000000000000e-01
4.055300000000003990e+01,5.000000000000000000e-01
4.055400000000003757e+01,5.000000000000000000e-01
4.055500000000003524e+01,5.000000000000000000e-01
4.055600000000004002e+01,5.000000000000000000e-01
4.055700000000003769e+01,5.000000000000000000e-01
4.055800000000003536e+01,5.000000000000000000e-01
4.055900000000004013e+01,5.000000000000000000e-01
4.056000000000003780e+01,5.000000000000000000e-01
4.056100000000003547e+01,5.000000000000000000e-01
4.056200000000004025e+01,5.000000000000000000e-01
4.056300000000003791e+01,5.000000000000000000e-01
4.056400000000003558e+01,5.000000000000000000e-01
4.056500000000004036e+01,5.000000000000000000e-01
4.056600000000003803e+01,5.000000000000000000e-01
4.056700000000003570e+01,5.000000000000000000e-01
4.056800000000004047e+01,5.000000000000000000e-01
4.056900000000003814e+01,5.000000000000000000e-01
4.057000000000003581e+01,5.000000000000000000e-01
4.057100000000004059e+01,5.000000000000000000e-01
4.057200000000003826e+01,5.000000000000000000e-01
4.057300000000003593e+01,5.000000000000000000e-01
4.057400000000004070e+01,5.000000000000000000e-01
4.057500000000003837e+01,5.000000000000000000e-01
4.057600000000003604e+01,5.000000000000000000e-01
4.057700000000004081e+01,5.000000000000000000e-01
4.057800000000003848e+01,5.000000000000000000e-01
4.057900000000003615e+01,5.000000000000000000e-01
4.058000000000004093e+01,5.000000000000000000e-01
4.058100000000003860e+01,5.000000000000000000e-01
4.058200000000003627e+01,5.000000000000000000e-01
4.058300000000004104e+01,5.000000000000000000e-01
4.058400000000003871e+01,5.000000000000000000e-01
4.058500000000003638e+01,5.000000000000000000e-01
4.058600000000004115e+01,5.000000000000000000e-01
4.058700000000003882e+01,5.000000000000000000e-01
4.058800000000003649e+01,5.000000000000000000e-01
4.058900000000003416e+01,5.000000000000000000e-01
4.059000000000003894e+01,5.000000000000000000e-01
4.059100000000003661e+01,5.000000000000000000e-01
4.059200000000003428e+01,5.000000000000000000e-01
4.059300000000003905e+01,5.000000000000000000e-01
4.059400000000003672e+01,5.000000000000000000e-01
4.059500000000003439e+01,5.000000000000000000e-01
4.059600000000003917e+01,5.000000000000000000e-01
4.059700000000003683e+01,5.000000000000000000e-01
4.059800000000003450e+01,5.000000000000000000e-01
4.059900000000003928e+01,5.000000000000000000e-01
4.060000000000003695e+01,5.000000000000000000e-01
4.060100000000003462e+01,5.000000000000000000e-01
4.060200000000003939e+01,5.000000000000000000e-01
4.060300000000003706e+01,5.000000000000000000e-01
4.060400000000003473e+01,5.000000000000000000e-01
4.060500000000003951e+01,5.000000000000000000e-01
4.060600000000003718e+01,5.000000000000000000e-01
4.060700000000003485e+01,5.000000000000000000e-01
4.060800000000003962e+01,5.000000000000000000e-01
4.060900000000003729e+01,5.000000000000000000e-01
4.061000000000003496e+01,5.000000000000000000e-01
4.061100000000003973e+01,5.000000000000000000e-01
4.061200000000003740e+01,5.000000000000000000e-01
4.061300000000003507e+01,5.000000000000000000e-01
4.061400000000003985e+01,5.000000000000000000e-01
4.061500000000003752e+01,5.000000000000000000e-01
4.061600000000003519e+01,5.000000000000000000e-01
4.061700000000003996e+01,5.000000000000000000e-01
4.061800000000003763e+01,5.000000000000000000e-01
4.061900000000003530e+01,5.000000000000000000e-01
4.062000000000004007e+01,5.000000000000000000e-01
4.062100000000003774e+01,5.000000000000000000e-01
4.062200000000003541e+01,5.000000000000000000e-01
4.062300000000004019e+01,5.000000000000000000e-01
4.062400000000003786e+01,5.000000000000000000e-01
4.062500000000003553e+01,5.000000000000000000e-01
4.062600000000004030e+01,5.000000000000000000e-01
4.062700000000003797e+01,5.000000000000000000e-01
4.062800000000003564e+01,5.000000000000000000e-01
4.062900000000004042e+01,5.000000000000000000e-01
4.063000000000003809e+01,5.000000000000000000e-01
4.063100000000003575e+01,5.000000000000000000e-01
4.063200000000004053e+01,5.000000000000000000e-01
4.063300000000003820e+01,5.000000000000000000e-01
4.063400000000003587e+01,5.000000000000000000e-01
4.063500000000004064e+01,5.000000000000000000e-01
4.063600000000003831e+01,5.000000000000000000e-01
4.063700000000003598e+01,5.000000000000000000e-01
4.063800000000004076e+01,5.000000000000000000e-01
4.063900000000003843e+01,5.000000000000000000e-01
4.064000000000003610e+01,5.000000000000000000e-01
4.064100000000004087e+01,5.000000000000000000e-01
4.064200000000003854e+01,5.000000000000000000e-01
4.064300000000003621e+01,5.000000000000000000e-01
4.064400000000004098e+01,5.000000000000000000e-01
4.064500000000003865e+01,5.000000000000000000e-01
4.064600000000003632e+01,5.000000000000000000e-01
4.064700000000004110e+01,5.000000000000000000e-01
4.064800000000003877e+01,5.000000000000000000e-01
4.064900000000003644e+01,5.000000000000000000e-01
4.065000000000004121e+01,5.000000000000000000e-01
4.065100000000003888e+01,5.000000000000000000e-01
4.065200000000003655e+01,5.000000000000000000e-01
4.065300000000004133e+01,5.000000000000000000e-01
4.065400000000003899e+01,5.000000000000000000e-01
4.065500000000003666e+01,5.000000000000000000e-01
4.065600000000003433e+01,5.000000000000000000e-01
4.065700000000003911e+01,5.000000000000000000e-01
4.065800000000003678e+01,5.000000000000000000e-01
4.065900000000003445e+01,5.000000000000000000e-01
4.066000000000003922e+01,5.000000000000000000e-01
4.066100000000003689e+01,5.000000000000000000e-01
4.066200000000003456e+01,5.000000000000000000e-01
4.066300000000003934e+01,5.000000000000000000e-01
4.066400000000003701e+01,5.000000000000000000e-01
4.066500000000003467e+01,5.000000000000000000e-01
4.066600000000003945e+01,5.000000000000000000e-01
4.066700000000003712e+01,5.000000000000000000e-01
4.066800000000003479e+01,5.000000000000000000e-01
4.066900000000003956e+01,5.000000000000000000e-01
4.067000000000003723e+01,5.000000000000000000e-01
4.067100000000003490e+01,5.000000000000000000e-01
4.067200000000003968e+01,5.000000000000000000e-01
4.067300000000003735e+01,5.000000000000000000e-01
4.067400000000003502e+01,5.000000000000000000e-01
4.067500000000003979e+01,5.000000000000000000e-01
4.067600000000003746e+01,5.000000000000000000e-01
4.067700000000003513e+01,5.000000000000000000e-01
4.067800000000003990e+01,5.000000000000000000e-01
4.067900000000003757e+01,5.000000000000000000e-01
4.068000000000003524e+01,5.000000000000000000e-01
4.068100000000004002e+01,5.000000000000000000e-01
4.068200000000003769e+01,5.000000000000000000e-01
4.068300000000003536e+01,5.000000000000000000e-01
4.068400000000004013e+01,5.000000000000000000e-01
4.068500000000003780e+01,5.000000000000000000e-01
4.068600000000003547e+01,5.000000000000000000e-01
4.068700000000004025e+01,5.000000000000000000e-01
4.068800000000003791e+01,5.000000000000000000e-01
4.068900000000003558e+01,5.000000000000000000e-01
4.069000000000004036e+01,5.000000000000000000e-01
4.069100000000003803e+01,5.000000000000000000e-01
4.069200000000003570e+01,5.000000000000000000e-01
4.069300000000004047e+01,5.000000000000000000e-01
4.069400000000003814e+01,5.000000000000000000e-01
4.069500000000003581e+01,5.000000000000000000e-01
4.069600000000004059e+01,5.000000000000000000e-01
4.069700000000003826e+01,5.000000000000000000e-01
4.069800000000003593e+01,5.000000000000000000e-01
4.069900000000004070e+01,5.000000000000000000e-01
4.070000000000003837e+01,5.000000000000000000e-01
4.070100000000003604e+01,5.000000000000000000e-01
4.070200000000004081e+01,5.000000000000000000e-01
4.070300000000003848e+01,5.000000000000000000e-01
4.070400000000003615e+01,5.000000000000000000e-01
4.070500000000004093e+01,5.000000000000000000e-01
4.070600000000003860e+01,5.000000000000000000e-01
4.070700000000003627e+01,5.000000000000000000e-01
4.070800000000004104e+01,5.000000000000000000e-01
4.070900000000003871e+01,5.000000000000000000e-01
4.071000000000003638e+01,5.000000000000000000e-01
4.071100000000004115e+01,5.000000000000000000e-01
4.071200000000003882e+01,5.000000000000000000e-01
4.071300000000003649e+01,5.000000000000000000e-01
4.071400000000004127e+01,5.000000000000000000e-01
4.071500000000003894e+01,5.000000000000000000e-01
4.071600000000003661e+01,5.000000000000000000e-01
4.071700000000003428e+01,5.000000000000000000e-01
4.071800000000003905e+01,5.000000000000000000e-01
4.071900000000003672e+01,5.000000000000000000e-01
4.072000000000003439e+01,5.000000000000000000e-01
4.072100000000003917e+01,5.000000000000000000e-01
4.072200000000003683e+01,5.000000000000000000e-01
4.072300000000003450e+01,5.000000000000000000e-01
4.072400000000003928e+01,5.000000000000000000e-01
4.072500000000003695e+01,5.000000000000000000e-01
4.072600000000003462e+01,5.000000000000000000e-01
4.072700000000003939e+01,5.000000000000000000e-01
4.072800000000003706e+01,5.000000000000000000e-01
4.072900000000003473e+01,5.000000000000000000e-01
4.073000000000003951e+01,5.000000000000000000e-01
4.073100000000003718e+01,5.000000000000000000e-01
4.073200000000003485e+01,5.000000000000000000e-01
4.073300000000003962e+01,5.000000000000000000e-01
4.073400000000003729e+01,5.000000000000000000e-01
4.073500000000003496e+01,5.000000000000000000e-01
4.073600000000003973e+01,5.000000000000000000e-01
4.073700000000003740e+01,5.000000000000000000e-01
4.073800000000003507e+01,5.000000000000000000e-01
4.073900000000003985e+01,5.000000000000000000e-01
4.074000000000003752e+01,5.000000000000000000e-01
4.074100000000003519e+01,5.000000000000000000e-01
4.074200000000003996e+01,5.000000000000000000e-01
4.074300000000003763e+01,5.000000000000000000e-01
4.074400000000003530e+01,5.000000000000000000e-01
4.074500000000004007e+01,5.000000000000000000e-01
4.074600000000003774e+01,5.000000000000000000e-01
4.074700000000003541e+01,5.000000000000000000e-01
4.074800000000004019e+01,5.000000000000000000e-01
4.074900000000003786e+01,5.000000000000000000e-01
4.075000000000003553e+01,5.000000000000000000e-01
4.075100000000004030e+01,5.000000000000000000e-01
4.075200000000003797e+01,5.000000000000000000e-01
4.075300000000003564e+01,5.000000000000000000e-01
4.075400000000004042e+01,5.000000000000000000e-01
4.075500000000003809e+01,5.000000000000000000e-01
4.075600000000003575e+01,5.000000000000000000e-01
4.075700000000004053e+01,5.000000000000000000e-01
4.075800000000003820e+01,5.000000000000000000e-01
4.075900000000003587e+01,5.000000000000000000e-01
4.076000000000004064e+01,5.000000000000000000e-01
4.076100000000003831e+01,5.000000000000000000e-01
4.076200000000003598e+01,5.000000000000000000e-01
4.076300000000004076e+01,5.000000000000000000e-01
4.076400000000003843e+01,5.000000000000000000e-01
4.076500000000003610e+01,5.000000000000000000e-01
4.076600000000004087e+01,5.000000000000000000e-01
4.076700000000003854e+01,5.000000000000000000e-01
4.076800000000003621e+01,5.000000000000000000e-01
4.076900000000004098e+01,5.000000000000000000e-01
4.077000000000003865e+01,5.000000000000000000e-01
4.077100000000003632e+01,5.000000000000000000e-01
4.077200000000004110e+01,5.000000000000000000e-01
4.077300000000003877e+01,5.000000000000000000e-01
4.077400000000003644e+01,5.000000000000000000e-01
4.077500000000004121e+01,5.000000000000000000e-01
4.077600000000003888e+01,5.000000000000000000e-01
4.077700000000003655e+01,5.000000000000000000e-01
4.077800000000004133e+01,5.000000000000000000e-01
4.077900000000003899e+01,5.000000000000000000e-01
4.078000000000003666e+01,5.000000000000000000e-01
4.078100000000004144e+01,5.000000000000000000e-01
4.078200000000003911e+01,5.000000000000000000e-01
4.078300000000003678e+01,5.000000000000000000e-01
4.078400000000003445e+01,5.000000000000000000e-01
4.078500000000003922e+01,5.000000000000000000e-01
4.078600000000003689e+01,5.000000000000000000e-01
4.078700000000003456e+01,5.000000000000000000e-01
4.078800000000003934e+01,5.000000000000000000e-01
4.078900000000003701e+01,5.000000000000000000e-01
4.079000000000003467e+01,5.000000000000000000e-01
4.079100000000003945e+01,5.000000000000000000e-01
4.079200000000003712e+01,5.000000000000000000e-01
4.079300000000003479e+01,5.000000000000000000e-01
4.079400000000003956e+01,5.000000000000000000e-01
4.079500000000003723e+01,5.000000000000000000e-01
4.079600000000003490e+01,5.000000000000000000e-01
4.079700000000003968e+01,5.000000000000000000e-01
4.079800000000003735e+01,5.000000000000000000e-01
4.079900000000003502e+01,5.000000000000000000e-01
4.080000000000003979e+01,5.000000000000000000e-01
4.080100000000003746e+01,5.000000000000000000e-01
4.080200000000003513e+01,5.000000000000000000e-01
4.080300000000003990e+01,5.000000000000000000e-01
4.080400000000003757e+01,5.000000000000000000e-01
4.080500000000003524e+01,5.000000000000000000e-01
4.080600000000004002e+01,5.000000000000000000e-01
4.080700000000003769e+01,5.000000000000000000e-01
4.080800000000003536e+01,5.000000000000000000e-01
4.080900000000004013e+01,5.000000000000000000e-01
4.081000000000003780e+01,5.000000000000000000e-01
4.081100000000003547e+01,5.000000000000000000e-01
4.081200000000004025e+01,5.000000000000000000e-01
4.081300000000003791e+01,5.000000000000000000e-01
4.081400000000003558e+01,5.000000000000000000e-01
4.081500000000004036e+01,5.000000000000000000e-01
4.081600000000003803e+01,5.000000000000000000e-01
4.081700000000003570e+01,5.000000000000000000e-01
4.081800000000004047e+01,5.000000000000000000e-01
4.081900000000003814e+01,5.000000000000000000e-01
4.082000000000003581e+01,5.000000000000000000e-01
4.082100000000004059e+01,5.000000000000000000e-01
4.082200000000003826e+01,5.000000000000000000e-01
4.082300000000003593e+01,5.000000000000000000e-01
4.082400000000004070e+01,5.000000000000000000e-01
4.082500000000003837e+01,5.000000000000000000e-01
4.082600000000003604e+01,5.000000000000000000e-01
4.082700000000004081e+01,5.000000000000000000e-01
4.082800000000003848e+01,5.000000000000000000e-01
4.082900000000003615e+01,5.000000000000000000e-01
4.083000000000004093e+01,5.000000000000000000e-01
4.083100000000003860e+01,5.000000000000000000e-01
4.083200000000003627e+01,5.000000000000000000e-01
4.083300000000004104e+01,5.000000000000000000e-01
4.083400000000003871e+01,5.000000000000000000e-01
4.083500000000003638e+01,5.000000000000000000e-01
4.083600000000004115e+01,5.000000000000000000e-01
4.083700000000003882e+01,5.000000000000000000e-01
4.083800000000003649e+01,5.000000000000000000e-01
4.083900000000004127e+01,5.000000000000000000e-01
4.084000000000003894e+01,5.000000000000000000e-01
4.084100000000003661e+01,5.000000000000000000e-01
4.084200000000004138e+01,5.000000000000000000e-01
4.084300000000003905e+01,5.000000000000000000e-01
4.084400000000003672e+01,5.000000000000000000e-01
4.084500000000003439e+01,5.000000000000000000e-01
4.084600000000003917e+01,5.000000000000000000e-01
4.084700000000003683e+01,5.000000000000000000e-01
4.084800000000003450e+01,5.000000000000000000e-01
4.084900000000003928e+01,5.000000000000000000e-01
4.085000000000003695e+01,5.000000000000000000e-01
4.085100000000003462e+01,5.000000000000000000e-01
4.085200000000003939e+01,5.000000000000000000e-01
4.085300000000003706e+01,5.000000000000000000e-01
4.085400000000003473e+01,5.000000000000000000e-01
4.085500000000003951e+01,5.000000000000000000e-01
4.085600000000003718e+01,5.000000000000000000e-01
4.085700000000003485e+01,5.000000000000000000e-01
4.085800000000003962e+01,5.000000000000000000e-01
4.085900000000003729e+01,5.000000000000000000e-01
4.086000000000003496e+01,5.000000000000000000e-01
4.086100000000003973e+01,5.000000000000000000e-01
4.086200000000003740e+01,5.000000000000000000e-01
4.086300000000003507e+01,5.000000000000000000e-01
4.086400000000003985e+01,5.000000000000000000e-01
4.086500000000003752e+01,5.000000000000000000e-01
4.086600000000003519e+01,5.000000000000000000e-01
4.086700000000003996e+01,5.000000000000000000e-01
4.086800000000003763e+01,5.000000000000000000e-01
4.086900000000003530e+01,5.000000000000000000e-01
4.087000000000004007e+01,5.000000000000000000e-01
4.087100000000003774e+01,5.000000000000000000e-01
4.087200000000003541e+01,5.000000000000000000e-01
4.087300000000004019e+01,5.000000000000000000e-01
4.087400000000003786e+01,5.000000000000000000e-01
4.087500000000003553e+01,5.000000000000000000e-01
4.087600000000004030e+01,5.000000000000000000e-01
4.087700000000003797e+01,5.000000000000000000e-01
4.087800000000003564e+01,5.000000000000000000e-01
4.087900000000004042e+01,5.000000000000000000e-01
4.088000000000003809e+01,5.000000000000000000e-01
4.088100000000003575e+01,5.000000000000000000e-01
4.088200000000004053e+01,5.000000000000000000e-01
4.088300000000003820e+01,5.000000000000000000e-01
4.088400000000003587e+01,5.000000000000000000e-01
4.088500000000004064e+01,5.000000000000000000e-01
4.088600000000003831e+01,5.000000000000000000e-01
4.088700000000003598e+01,5.000000000000000000e-01
4.088800000000004076e+01,5.000000000000000000e-01
4.088900000000003843e+01,5.000000000000000000e-01
4.089000000000003610e+01,5.000000000000000000e-01
4.089100000000004087e+01,5.000000000000000000e-01
4.089200000000003854e+01,5.000000000000000000e-01
4.089300000000003621e+01,5.000000000000000000e-01
4.089400000000004098e+01,5.000000000000000000e-01
4.089500000000003865e+01,5.000000000000000000e-01
4.089600000000003632e+01,5.000000000000000000e-01
4.089700000000004110e+01,5.000000000000000000e-01
4.089800000000003877e+01,5.000000000000000000e-01
4.089900000000003644e+01,5.000000000000000000e-01
4.090000000000004121e+01,5.000000000000000000e-01
4.090100000000003888e+01,5.000000000000000000e-01
4.090200000000003655e+01,5.000000000000000000e-01
4.090300000000004133e+01,5.000000000000000000e-01
4.090400000000003899e+01,5.000000000000000000e-01
4.090500000000003666e+01,5.000000000000000000e-01
4.090600000000004144e+01,5.000000000000000000e-01
4.090700000000003911e+01,5.000000000000000000e-01
4.090800000000003678e+01,5.000000000000000000e-01
4.090900000000004155e+01,5.000000000000000000e-01
4.091000000000003922e+01,5.000000000000000000e-01
4.091100000000003689e+01,5.000000000000000000e-01
4.091200000000003456e+01,5.000000000000000000e-01
4.091300000000003934e+01,5.000000000000000000e-01
4.091400000000003701e+01,5.000000000000000000e-01
4.091500000000003467e+01,5.000000000000000000e-01
4.091600000000003945e+01,5.000000000000000000e-01
4.091700000000003712e+01,5.000000000000000000e-01
4.091800000000003479e+01,5.000000000000000000e-01
4.091900000000003956e+01,5.000000000000000000e-01
4.092000000000003723e+01,5.000000000000000000e-01
4.092100000000003490e+01,5.000000000000000000e-01
4.092200000000003968e+01,5.000000000000000000e-01
4.092300000000003735e+01,5.000000000000000000e-01
4.092400000000003502e+01,5.000000000000000000e-01
4.092500000000003979e+01,5.000000000000000000e-01
4.092600000000003746e+01,5.000000000000000000e-01
4.092700000000003513e+01,5.000000000000000000e-01
4.092800000000003990e+01,5.000000000000000000e-01
4.092900000000003757e+01,5.000000000000000000e-01
4.093000000000003524e+01,5.000000000000000000e-01
4.093100000000004002e+01,5.000000000000000000e-01
4.093200000000003769e+01,5.000000000000000000e-01
4.093300000000003536e+01,5.000000000000000000e-01
4.093400000000004013e+01,5.000000000000000000e-01
4.093500000000003780e+01,5.000000000000000000e-01
4.093600000000003547e+01,5.000000000000000000e-01
4.093700000000004025e+01,5.000000000000000000e-01
4.093800000000003791e+01,5.000000000000000000e-01
4.093900000000003558e+01,5.000000000000000000e-01
4.094000000000004036e+01,5.000000000000000000e-01
4.094100000000003803e+01,5.000000000000000000e-01
4.094200000000003570e+01,5.000000000000000000e-01
4.094300000000004047e+01,5.000000000000000000e-01
4.094400000000003814e+01,5.000000000000000000e-01
4.094500000000003581e+01,5.000000000000000000e-01
4.094600000000004059e+01,5.000000000000000000e-01
4.094700000000003826e+01,5.000000000000000000e-01
4.094800000000003593e+01,5.000000000000000000e-01
4.094900000000004070e+01,5.000000000000000000e-01
4.095000000000003837e+01,5.000000000000000000e-01
4.095100000000003604e+01,5.000000000000000000e-01
4.095200000000004081e+01,5.000000000000000000e-01
4.095300000000003848e+01,5.000000000000000000e-01
4.095400000000003615e+01,5.000000000000000000e-01
4.095500000000004093e+01,5.000000000000000000e-01
4.095600000000003860e+01,5.000000000000000000e-01
4.095700000000003627e+01,5.000000000000000000e-01
4.095800000000004104e+01,5.000000000000000000e-01
4.095900000000003871e+01,5.000000000000000000e-01
4.096000000000003638e+01,5.000000000000000000e-01
4.096100000000004115e+01,5.000000000000000000e-01
4.096200000000003882e+01,5.000000000000000000e-01
4.096300000000003649e+01,5.000000000000000000e-01
4.096400000000004127e+01,5.000000000000000000e-01
4.096500000000003894e+01,5.000000000000000000e-01
4.096600000000003661e+01,5.000000000000000000e-01
4.096700000000004138e+01,5.000000000000000000e-01
4.096800000000003905e+01,5.000000000000000000e-01
4.096900000000003672e+01,5.000000000000000000e-01
4.097000000000004150e+01,5.000000000000000000e-01
4.097100000000003917e+01,5.000000000000000000e-01
4.097200000000003683e+01,5.000000000000000000e-01
4.097300000000003450e+01,5.000000000000000000e-01
4.097400000000003928e+01,5.000000000000000000e-01
4.097500000000003695e+01,5.000000000000000000e-01
4.097600000000003462e+01,5.000000000000000000e-01
4.097700000000003939e+01,5.000000000000000000e-01
4.097800000000003706e+01,5.000000000000000000e-01
4.097900000000003473e+01,5.000000000000000000e-01
4.098000000000003951e+01,5.000000000000000000e-01
4.098100000000003718e+01,5.000000000000000000e-01
4.098200000000003485e+01,5.000000000000000000e-01
4.098300000000003962e+01,5.000000000000000000e-01
4.098400000000003729e+01,5.000000000000000000e-01
4.098500000000003496e+01,5.000000000000000000e-01
4.098600000000003973e+01,5.000000000000000000e-01
4.098700000000003740e+01,5.000000000000000000e-01
4.098800000000003507e+01,5.000000000000000000e-01
4.098900000000003985e+01,5.000000000000000000e-01
4.099000000000003752e+01,5.000000000000000000e-01
4.099100000000003519e+01,5.000000000000000000e-01
4.099200000000003996e+01,5.000000000000000000e-01
4.099300000000003763e+01,5.000000000000000000e-01
4.099400000000003530e+01,5.000000000000000000e-01
4.099500000000004007e+01,5.000000000000000000e-01
4.099600000000003774e+01,5.000000000000000000e-01
4.099700000000003541e+01,5.000000000000000000e-01
4.099800000000004019e+01,5.000000000000000000e-01
4.099900000000003786e+01,5.000000000000000000e-01
4.100000000000003553e+01,5.000000000000000000e-01
4.100100000000004030e+01,5.000000000000000000e-01
4.100200000000003797e+01,5.000000000000000000e-01
4.100300000000003564e+01,5.000000000000000000e-01
4.100400000000004042e+01,5.000000000000000000e-01
4.100500000000003809e+01,5.000000000000000000e-01
4.100600000000003575e+01,5.000000000000000000e-01
4.100700000000004053e+01,5.000000000000000000e-01
4.100800000000003820e+01,5.000000000000000000e-01
4.100900000000003587e+01,5.000000000000000000e-01
4.101000000000004064e+01,5.000000000000000000e-01
4.101100000000003831e+01,5.000000000000000000e-01
4.101200000000003598e+01,5.000000000000000000e-01
4.101300000000004076e+01,5.000000000000000000e-01
4.101400000000003843e+01,5.000000000000000000e-01
4.101500000000003610e+01,5.000000000000000000e-01
4.101600000000004087e+01,5.000000000000000000e-01
4.101700000000003854e+01,5.000000000000000000e-01
4.101800000000003621e+01,5.000000000000000000e-01
4.101900000000004098e+01,5.000000000000000000e-01
4.102000000000003865e+01,5.000000000000000000e-01
4.102100000000003632e+01,5.000000000000000000e-01
4.102200000000004110e+01,5.000000000000000000e-01
4.102300000000003877e+01,5.000000000000000000e-01
4.102400000000003644e+01,5.000000000000000000e-01
4.102500000000004121e+01,5.000000000000000000e-01
4.102600000000003888e+01,5.000000000000000000e-01
4.102700000000003655e+01,5.000000000000000000e-01
4.102800000000004133e+01,5.000000000000000000e-01
4.102900000000003899e+01,5.000000000000000000e-01
4.103000000000003666e+01,5.000000000000000000e-01
4.103100000000004144e+01,5.000000000000000000e-01
4.103200000000003911e+01,5.000000000000000000e-01
4.103300000000003678e+01,5.000000000000000000e-01
4.103400000000004155e+01,5.000000000000000000e-01
4.103500000000003922e+01,5.000000000000000000e-01
4.103600000000003689e+01,5.000000000000000000e-01
4.103700000000004167e+01,5.000000000000000000e-01
4.103800000000003934e+01,5.000000000000000000e-01
4.103900000000003701e+01,5.000000000000000000e-01
4.104000000000003467e+01,5.000000000000000000e-01
4.104100000000003945e+01,5.000000000000000000e-01
4.104200000000003712e+01,5.000000000000000000e-01
4.104300000000003479e+01,5.000000000000000000e-01
4.104400000000003956e+01,5.000000000000000000e-01
4.104500000000003723e+01,5.000000000000000000e-01
4.104600000000003490e+01,5.000000000000000000e-01
4.104700000000003968e+01,5.000000000000000000e-01
4.104800000000003735e+01,5.000000000000000000e-01
4.104900000000003502e+01,5.000000000000000000e-01
4.105000000000003979e+01,5.000000000000000000e-01
4.105100000000003746e+01,5.000000000000000000e-01
4.105200000000003513e+01,5.000000000000000000e-01
4.105300000000003990e+01,5.000000000000000000e-01
4.105400000000003757e+01,5.000000000000000000e-01
4.105500000000003524e+01,5.000000000000000000e-01
4.105600000000004002e+01,5.000000000000000000e-01
4.105700000000003769e+01,5.000000000000000000e-01
4.105800000000003536e+01,5.000000000000000000e-01
4.105900000000004013e+01,5.000000000000000000e-01
4.106000000000003780e+01,5.000000000000000000e-01
4.106100000000003547e+01,5.000000000000000000e-01
4.106200000000004025e+01,5.000000000000000000e-01
4.106300000000003791e+01,5.000000000000000000e-01
4.106400000000003558e+01,5.000000000000000000e-01
4.106500000000004036e+01,5.000000000000000000e-01
4.106600000000003803e+01,5.000000000000000000e-01
4.106700000000003570e+01,5.000000000000000000e-01
4.106800000000004047e+01,5.000000000000000000e-01
4.106900000000003814e+01,5.000000000000000000e-01
4.107000000000003581e+01,5.000000000000000000e-01
4.107100000000004059e+01,5.000000000000000000e-01
4.107200000000003826e+01,5.000000000000000000e-01
4.107300000000003593e+01,5.000000000000000000e-01
4.107400000000004070e+01,5.000000000000000000e-01
4.107500000000003837e+01,5.000000000000000000e-01
4.107600000000003604e+01,5.000000000000000000e-01
4.107700000000004081e+01,5.000000000000000000e-01
4.107800000000003848e+01,5.000000000000000000e-01
4.107900000000003615e+01,5.000000000000000000e-01
4.108000000000004093e+01,5.000000000000000000e-01
4.108100000000003860e+01,5.000000000000000000e-01
4.108200000000003627e+01,5.000000000000000000e-01
4.108300000000004104e+01,5.000000000000000000e-01
4.108400000000003871e+01,5.000000000000000000e-01
4.108500000000003638e+01,5.000000000000000000e-01
4.108600000000004115e+01,5.000000000000000000e-01
4.108700000000003882e+01,5.000000000000000000e-01
4.108800000000003649e+01,5.000000000000000000e-01
4.108900000000004127e+01,5.000000000000000000e-01
4.109000000000003894e+01,5.000000000000000000e-01
4.109100000000003661e+01,5.000000000000000000e-01
4.109200000000004138e+01,5.000000000000000000e-01
4.109300000000003905e+01,5.000000000000000000e-01
4.109400000000003672e+01,5.000000000000000000e-01
4.109500000000004150e+01,5.000000000000000000e-01
4.109600000000003917e+01,5.000000000000000000e-01
4.109700000000003683e+01,5.000000000000000000e-01
4.109800000000004161e+01,5.000000000000000000e-01
4.109900000000003928e+01,5.000000000000000000e-01
4.110000000000003695e+01,5.000000000000000000e-01
4.110100000000003462e+01,5.000000000000000000e-01
4.110200000000003939e+01,5.000000000000000000e-01
4.110300000000003706e+01,5.000000000000000000e-01
4.110400000000003473e+01,5.000000000000000000e-01
4.110500000000003951e+01,5.000000000000000000e-01
4.110600000000003718e+01,5.000000000000000000e-01
4.110700000000003485e+01,5.000000000000000000e-01
4.110800000000003962e+01,5.000000000000000000e-01
4.110900000000003729e+01,5.000000000000000000e-01
4.111000000000003496e+01,5.000000000000000000e-01
4.111100000000003973e+01,5.000000000000000000e-01
4.111200000000003740e+01,5.000000000000000000e-01
4.111300000000003507e+01,5.000000000000000000e-01
4.111400000000003985e+01,5.000000000000000000e-01
4.111500000000003752e+01,5.000000000000000000e-01
4.111600000000003519e+01,5.000000000000000000e-01
4.111700000000003996e+01,5.000000000000000000e-01
4.111800000000003763e+01,5.000000000000000000e-01
4.111900000000003530e+01,5.000000000000000000e-01
4.112000000000004007e+01,5.000000000000000000e-01
4.112100000000003774e+01,5.000000000000000000e-01
4.112200000000003541e+01,5.000000000000000000e-01
4.112300000000004019e+01,5.000000000000000000e-01
4.112400000000003786e+01,5.000000000000000000e-01
4.112500000000003553e+01,5.000000000000000000e-01
4.112600000000004030e+01,5.000000000000000000e-01
4.112700000000003797e+01,5.000000000000000000e-01
4.112800000000003564e+01,5.000000000000000000e-01
4.112900000000004042e+01,5.000000000000000000e-01
4.113000000000003809e+01,5.000000000000000000e-01
4.113100000000003575e+01,5.000000000000000000e-01
4.113200000000004053e+01,5.000000000000000000e-01
4.113300000000003820e+01,5.000000000000000000e-01
4.113400000000003587e+01,5.000000000000000000e-01
4.113500000000004064e+01,5.000000000000000000e-01
4.113600000000003831e+01,5.000000000000000000e-01
4.113700000000003598e+01,5.000000000000000000e-01
4.113800000000004076e+01,5.000000000000000000e-01
4.113900000000003843e+01,5.000000000000000000e-01
4.114000000000003610e+01,5.000000000000000000e-01
4.114100000000004087e+01,5.000000000000000000e-01
4.114200000000003854e+01,5.000000000000000000e-01
4.114300000000003621e+01,5.000000000000000000e-01
4.114400000000004098e+01,5.000000000000000000e-01
4.114500000000003865e+01,5.000000000000000000e-01
4.114600000000003632e+01,5.000000000000000000e-01
4.114700000000004110e+01,5.000000000000000000e-01
4.114800000000003877e+01,5.000000000000000000e-01
4.114900000000003644e+01,5.000000000000000000e-01
4.115000000000004121e+01,5.000000000000000000e-01
4.115100000000003888e+01,5.000000000000000000e-01
4.115200000000003655e+01,5.000000000000000000e-01
4.115300000000004133e+01,5.000000000000000000e-01
4.115400000000003899e+01,5.000000000000000000e-01
4.115500000000003666e+01,5.000000000000000000e-01
4.115600000000004144e+01,5.000000000000000000e-01
4.115700000000003911e+01,5.000000000000000000e-01
4.115800000000003678e+01,5.000000000000000000e-01
4.115900000000004155e+01,5.000000000000000000e-01
4.116000000000003922e+01,5.000000000000000000e-01
4.116100000000003689e+01,5.000000000000000000e-01
4.116200000000004167e+01,5.000000000000000000e-01
4.116300000000003934e+01,5.000000000000000000e-01
4.116400000000003701e+01,5.000000000000000000e-01
4.116500000000004178e+01,5.000000000000000000e-01
4.116600000000003945e+01,5.000000000000000000e-01
4.116700000000003712e+01,5.000000000000000000e-01
4.116800000000003479e+01,5.000000000000000000e-01
4.116900000000003956e+01,5.000000000000000000e-01
4.117000000000003723e+01,5.000000000000000000e-01
4.117100000000003490e+01,5.000000000000000000e-01
4.117200000000003968e+01,5.000000000000000000e-01
4.117300000000003735e+01,5.000000000000000000e-01
4.117400000000003502e+01,5.000000000000000000e-01
4.117500000000003979e+01,5.000000000000000000e-01
4.117600000000003746e+01,5.000000000000000000e-01
4.117700000000003513e+01,5.000000000000000000e-01
4.117800000000003990e+01,5.000000000000000000e-01
4.117900000000003757e+01,5.000000000000000000e-01
4.118000000000003524e+01,5.000000000000000000e-01
4.118100000000004002e+01,5.000000000000000000e-01
4.118200000000003769e+01,5.000000000000000000e-01
4.118300000000003536e+01,5.000000000000000000e-01
4.118400000000004013e+01,5.000000000000000000e-01
4.118500000000003780e+01,5.000000000000000000e-01
4.118600000000003547e+01,5.000000000000000000e-01
4.118700000000004025e+01,5.000000000000000000e-01
4.118800000000003791e+01,5.000000000000000000e-01
4.118900000000003558e+01,5.000000000000000000e-01
4.119000000000004036e+01,5.000000000000000000e-01
4.119100000000003803e+01,5.000000000000000000e-01
4.119200000000003570e+01,5.000000000000000000e-01
4.119300000000004047e+01,5.000000000000000000e-01
4.119400000000003814e+01,5.000000000000000000e-01
4.119500000000003581e+01,5.000000000000000000e-01
4.119600000000004059e+01,5.000000000000000000e-01
4.119700000000003826e+01,5.000000000000000000e-01
4.119800000000003593e+01,5.000000000000000000e-01
4.119900000000004070e+01,5.000000000000000000e-01
4.120000000000003837e+01,5.000000000000000000e-01
4.120100000000003604e+01,5.000000000000000000e-01
4.120200000000004081e+01,5.000000000000000000e-01
4.120300000000003848e+01,5.000000000000000000e-01
4.120400000000003615e+01,5.000000000000000000e-01
4.120500000000004093e+01,5.000000000000000000e-01
4.120600000000003860e+01,5.000000000000000000e-01
4.120700000000003627e+01,5.000000000000000000e-01
4.120800000000004104e+01,5.000000000000000000e-01
4.120900000000003871e+01,5.000000000000000000e-01
4.121000000000003638e+01,5.000000000000000000e-01
4.121100000000004115e+01,5.000000000000000000e-01
4.121200000000003882e+01,5.000000000000000000e-01
4.121300000000003649e+01,5.000000000000000000e-01
4.121400000000004127e+01,5.000000000000000000e-01
4.121500000000003894e+01,5.000000000000000000e-01
4.121600000000003661e+01,5.000000000000000000e-01
4.121700000000004138e+01,5.000000000000000000e-01
4.121800000000003905e+01,5.000000000000000000e-01
4.121900000000003672e+01,5.000000000000000000e-01
4.122000000000004150e+01,5.000000000000000000e-01
4.122100000000003917e+01,5.000000000000000000e-01
4.122200000000003683e+01,5.000000000000000000e-01
4.122300000000004161e+01,5.000000000000000000e-01
4.122400000000003928e+01,5.000000000000000000e-01
4.122500000000003695e+01,5.000000000000000000e-01
4.122600000000004172e+01,5.000000000000000000e-01
4.122700000000003939e+01,5.000000000000000000e-01
4.122800000000003706e+01,5.000000000000000000e-01
4.122900000000003473e+01,5.000000000000000000e-01
4.123000000000003951e+01,5.000000000000000000e-01
4.123100000000003718e+01,5.000000000000000000e-01
4.123200000000003485e+01,5.000000000000000000e-01
4.123300000000003962e+01,5.000000000000000000e-01
4.123400000000003729e+01,5.000000000000000000e-01
4.123500000000003496e+01,5.000000000000000000e-01
4.123600000000003973e+01,5.000000000000000000e-01
4.123700000000003740e+01,5.000000000000000000e-01
4.123800000000003507e+01,5.000000000000000000e-01
4.123900000000003985e+01,5.000000000000000000e-01
4.124000000000003752e+01,5.000000000000000000e-01
4.124100000000003519e+01,5.000000000000000000e-01
4.124200000000003996e+01,5.000000000000000000e-01
4.124300000000003763e+01,5.000000000000000000e-01
4.124400000000003530e+01,5.000000000000000000e-01
4.124500000000004007e+01,5.000000000000000000e-01
4.124600000000003774e+01,5.000000000000000000e-01
4.124700000000003541e+01,5.000000000000000000e-01
4.124800000000004019e+01,5.000000000000000000e-01
4.124900000000003786e+01,5.000000000000000000e-01
4.125000000000003553e+01,5.000000000000000000e-01
4.125100000000004030e+01,5.000000000000000000e-01
4.125200000000003797e+01,5.000000000000000000e-01
4.125300000000003564e+01,5.000000000000000000e-01
4.125400000000004042e+01,5.000000000000000000e-01
4.125500000000003809e+01,5.000000000000000000e-01
4.125600000000003575e+01,5.000000000000000000e-01
4.125700000000004053e+01,5.000000000000000000e-01
4.125800000000003820e+01,5.000000000000000000e-01
4.125900000000003587e+01,5.000000000000000000e-01
4.126000000000004064e+01,5.000000000000000000e-01
4.126100000000003831e+01,5.000000000000000000e-01
4.126200000000003598e+01,5.000000000000000000e-01
4.126300000000004076e+01,5.000000000000000000e-01
4.126400000000003843e+01,5.000000000000000000e-01
4.126500000000003610e+01,5.000000000000000000e-01
4.126600000000004087e+01,5.000000000000000000e-01
4.126700000000003854e+01,5.000000000000000000e-01
4.126800000000003621e+01,5.000000000000000000e-01
4.126900000000004098e+01,5.000000000000000000e-01
4.127000000000003865e+01,5.000000000000000000e-01
4.127100000000003632e+01,5.000000000000000000e-01
4.127200000000004110e+01,5.000000000000000000e-01
4.127300000000003877e+01,5.000000000000000000e-01
4.127400000000003644e+01,5.000000000000000000e-01
4.127500000000004121e+01,5.000000000000000000e-01
4.127600000000003888e+01,5.000000000000000000e-01
4.127700000000003655e+01,5.000000000000000000e-01
4.127800000000004133e+01,5.000000000000000000e-01
4.127900000000003899e+01,5.000000000000000000e-01
4.128000000000003666e+01,5.000000000000000000e-01
4.128100000000004144e+01,5.000000000000000000e-01
4.128200000000003911e+01,5.000000000000000000e-01
4.128300000000003678e+01,5.000000000000000000e-01
4.128400000000004155e+01,5.000000000000000000e-01
4.128500000000003922e+01,5.000000000000000000e-01
4.128600000000003689e+01,5.000000000000000000e-01
4.128700000000004167e+01,5.000000000000000000e-01
4.128800000000003934e+01,5.000000000000000000e-01
4.128900000000003701e+01,5.000000000000000000e-01
4.129000000000004178e+01,5.000000000000000000e-01
4.129100000000003945e+01,5.000000000000000000e-01
4.129200000000003712e+01,5.000000000000000000e-01
4.129300000000004189e+01,5.000000000000000000e-01
4.129400000000003956e+01,5.000000000000000000e-01
4.129500000000003723e+01,5.000000000000000000e-01
4.129600000000003490e+01,5.000000000000000000e-01
4.129700000000003968e+01,5.000000000000000000e-01
4.129800000000003735e+01,5.000000000000000000e-01
4.129900000000003502e+01,5.000000000000000000e-01
4.130000000000003979e+01,5.000000000000000000e-01
4.130100000000003746e+01,5.000000000000000000e-01
4.130200000000003513e+01,5.000000000000000000e-01
4.130300000000003990e+01,5.000000000000000000e-01
4.130400000000003757e+01,5.000000000000000000e-01
4.130500000000003524e+01,5.000000000000000000e-01
4.130600000000004002e+01,5.000000000000000000e-01
4.130700000000003769e+01,5.000000000000000000e-01
4.130800000000003536e+01,5.000000000000000000e-01
4.130900000000004013e+01,5.000000000000000000e-01
4.131000000000003780e+01,5.000000000000000000e-01
4.131100000000003547e+01,5.000000000000000000e-01
4.131200000000004025e+01,5.000000000000000000e-01
4.131300000000003791e+01,5.000000000000000000e-01
4.131400000000003558e+01,5.000000000000000000e-01
4.131500000000004036e+01,5.000000000000000000e-01
4.131600000000003803e+01,5.000000000000000000e-01
4.131700000000003570e+01,5.000000000000000000e-01
4.131800000000004047e+01,5.000000000000000000e-01
4.131900000000003814e+01,5.000000000000000000e-01
4.132000000000003581e+01,5.000000000000000000e-01
4.132100000000004059e+01,5.000000000000000000e-01
4.132200000000003826e+01,5.000000000000000000e-01
4.132300000000003593e+01,5.000000000000000000e-01
4.132400000000004070e+01,5.000000000000000000e-01
4.132500000000003837e+01,5.000000000000000000e-01
4.132600000000003604e+01,5.000000000000000000e-01
4.132700000000004081e+01,5.000000000000000000e-01
4.132800000000003848e+01,5.000000000000000000e-01
4.132900000000003615e+01,5.000000000000000000e-01
4.133000000000004093e+01,5.000000000000000000e-01
4.133100000000003860e+01,5.000000000000000000e-01
4.133200000000003627e+01,5.000000000000000000e-01
4.133300000000004104e+01,5.000000000000000000e-01
4.133400000000003871e+01,5.000000000000000000e-01
4.133500000000003638e+01,5.000000000000000000e-01
4.133600000000004115e+01,5.000000000000000000e-01
4.133700000000003882e+01,5.000000000000000000e-01
4.133800000000003649e+01,5.000000000000000000e-01
4.133900000000004127e+01,5.000000000000000000e-01
4.134000000000003894e+01,5.000000000000000000e-01
4.134100000000003661e+01,5.000000000000000000e-01
4.134200000000004138e+01,5.000000000000000000e-01
4.134300000000003905e+01,5.000000000000000000e-01
4.134400000000003672e+01,5.000000000000000000e-01
4.134500000000004150e+01,5.000000000000000000e-01
4.134600000000003917e+01,5.000000000000000000e-01
4.134700000000003683e+01,5.000000000000000000e-01
4.134800000000004161e+01,5.000000000000000000e-01
4.134900000000003928e+01,5.000000000000000000e-01
4.135000000000003695e+01,5.000000000000000000e-01
4.135100000000004172e+01,5.000000000000000000e-01
4.135200000000003939e+01,5.000000000000000000e-01
4.135300000000003706e+01,5.000000000000000000e-01
4.135400000000004184e+01,5.000000000000000000e-01
4.135500000000003951e+01,5.000000000000000000e-01
4.135600000000003718e+01,5.000000000000000000e-01
4.135700000000003485e+01,5.000000000000000000e-01
4.135800000000003962e+01,5.000000000000000000e-01
4.135900000000003729e+01,5.000000000000000000e-01
4.136000000000003496e+01,5.000000000000000000e-01
4.136100000000003973e+01,5.000000000000000000e-01
4.136200000000003740e+01,5.000000000000000000e-01
4.136300000000003507e+01,5.000000000000000000e-01
4.136400000000003985e+01,5.000000000000000000e-01
4.136500000000003752e+01,5.000000000000000000e-01
4.136600000000003519e+01,5.000000000000000000e-01
4.136700000000003996e+01,5.000000000000000000e-01
4.136800000000003763e+01,5.000000000000000000e-01
4.136900000000003530e+01,5.000000000000000000e-01
4.137000000000004007e+01,5.000000000000000000e-01
4.137100000000003774e+01,5.000000000000000000e-01
4.137200000000003541e+01,5.000000000000000000e-01
4.137300000000004019e+01,5.000000000000000000e-01
4.137400000000003786e+01,5.000000000000000000e-01
4.137500000000003553e+01,5.000000000000000000e-01
4.137600000000004030e+01,5.000000000000000000e-01
4.137700000000003797e+01,5.000000000000000000e-01
4.137800000000003564e+01,5.000000000000000000e-01
4.137900000000004042e+01,5.000000000000000000e-01
4.138000000000003809e+01,5.000000000000000000e-01
4.138100000000003575e+01,5.000000000000000000e-01
4.138200000000004053e+01,5.000000000000000000e-01
4.138300000000003820e+01,5.000000000000000000e-01
4.138400000000003587e+01,5.000000000000000000e-01
4.138500000000004064e+01,5.000000000000000000e-01
4.138600000000003831e+01,5.000000000000000000e-01
4.138700000000003598e+01,5.000000000000000000e-01
4.138800000000004076e+01,5.000000000000000000e-01
4.138900000000003843e+01,5.000000000000000000e-01
4.139000000000003610e+01,5.000000000000000000e-01
4.139100000000004087e+01,5.000000000000000000e-01
4.139200000000003854e+01,5.000000000000000000e-01
4.139300000000003621e+01,5.000000000000000000e-01
4.139400000000004098e+01,5.000000000000000000e-01
4.139500000000003865e+01,5.000000000000000000e-01
4.139600000000003632e+01,5.000000000000000000e-01
4.139700000000004110e+01,5.000000000000000000e-01
4.139800000000003877e+01,5.000000000000000000e-01
4.139900000000003644e+01,5.000000000000000000e-01
4.140000000000004121e+01,5.000000000000000000e-01
4.140100000000003888e+01,5.000000000000000000e-01
4.140200000000003655e+01,5.000000000000000000e-01
4.140300000000004133e+01,5.000000000000000000e-01
4.140400000000003899e+01,5.000000000000000000e-01
4.140500000000003666e+01,5.000000000000000000e-01
4.140600000000004144e+01,5.000000000000000000e-01
4.140700000000003911e+01,5.000000000000000000e-01
4.140800000000003678e+01,5.000000000000000000e-01
4.140900000000004155e+01,5.000000000000000000e-01
4.141000000000003922e+01,5.000000000000000000e-01
4.141100000000003689e+01,5.000000000000000000e-01
4.141200000000004167e+01,5.000000000000000000e-01
4.141300000000003934e+01,5.000000000000000000e-01
4.141400000000003701e+01,5.000000000000000000e-01
4.141500000000004178e+01,5.000000000000000000e-01
4.141600000000003945e+01,5.000000000000000000e-01
4.141700000000003712e+01,5.000000000000000000e-01
4.141800000000004189e+01,5.000000000000000000e-01
4.141900000000003956e+01,5.000000000000000000e-01
4.142000000000003723e+01,5.000000000000000000e-01
4.142100000000004201e+01,5.000000000000000000e-01
4.142200000000003968e+01,5.000000000000000000e-01
4.142300000000003735e+01,5.000000000000000000e-01
4.142400000000003502e+01,5.000000000000000000e-01
4.142500000000003979e+01,5.000000000000000000e-01
4.142600000000003746e+01,5.000000000000000000e-01
4.142700000000003513e+01,5.000000000000000000e-01
4.142800000000003990e+01,5.000000000000000000e-01
4.142900000000003757e+01,5.000000000000000000e-01
4.143000000000003524e+01,5.000000000000000000e-01
4.143100000000004002e+01,5.000000000000000000e-01
4.143200000000003769e+01,5.000000000000000000e-01
4.143300000000003536e+01,5.000000000000000000e-01
4.143400000000004013e+01,5.000000000000000000e-01
4.143500000000003780e+01,5.000000000000000000e-01
4.143600000000003547e+01,5.000000000000000000e-01
4.143700000000004025e+01,5.000000000000000000e-01
4.143800000000003791e+01,5.000000000000000000e-01
4.143900000000003558e+01,5.000000000000000000e-01
4.144000000000004036e+01,5.000000000000000000e-01
4.144100000000003803e+01,5.000000000000000000e-01
4.144200000000003570e+01,5.000000000000000000e-01
4.144300000000004047e+01,5.000000000000000000e-01
4.144400000000003814e+01,5.000000000000000000e-01
4.144500000000003581e+01,5.000000000000000000e-01
4.144600000000004059e+01,5.000000000000000000e-01
4.144700000000003826e+01,5.000000000000000000e-01
4.144800000000003593e+01,5.000000000000000000e-01
4.144900000000004070e+01,5.000000000000000000e-01
4.145000000000003837e+01,5.000000000000000000e-01
4.145100000000003604e+01,5.000000000000000000e-01
4.145200000000004081e+01,5.000000000000000000e-01
4.145300000000003848e+01,5.000000000000000000e-01
4.145400000000003615e+01,5.000000000000000000e-01
4.145500000000004093e+01,5.000000000000000000e-01
4.145600000000003860e+01,5.000000000000000000e-01
4.145700000000003627e+01,5.000000000000000000e-01
4.145800000000004104e+01,5.000000000000000000e-01
4.145900000000003871e+01,5.000000000000000000e-01
4.146000000000003638e+01,5.000000000000000000e-01
4.146100000000004115e+01,5.000000000000000000e-01
4.146200000000003882e+01,5.000000000000000000e-01
4.146300000000003649e+01,5.000000000000000000e-01
4.146400000000004127e+01,5.000000000000000000e-01
4.146500000000003894e+01,5.000000000000000000e-01
4.146600000000003661e+01,5.000000000000000000e-01
4.146700000000004138e+01,5.000000000000000000e-01
4.146800000000003905e+01,5.000000000000000000e-01
4.146900000000003672e+01,5.000000000000000000e-01
4.147000000000004150e+01,5.000000000000000000e-01
4.147100000000003917e+01,5.000000000000000000e-01
4.147200000000003683e+01,5.000000000000000000e-01
4.147300000000004161e+01,5.000000000000000000e-01
4.147400000000003928e+01,5.000000000000000000e-01
4.147500000000003695e+01,5.000000000000000000e-01
4.147600000000004172e+01,5.000000000000000000e-01
4.147700000000003939e+01,5.000000000000000000e-01
4.147800000000003706e+01,5.000000000000000000e-01
4.147900000000004184e+01,5.000000000000000000e-01
4.148000000000003951e+01,5.000000000000000000e-01
4.148100000000003718e+01,5.000000000000000000e-01
4.148200000000004195e+01,5.000000000000000000e-01
4.148300000000003962e+01,5.000000000000000000e-01
4.148400000000003729e+01,5.000000000000000000e-01
4.148500000000003496e+01,5.000000000000000000e-01
4.148600000000003973e+01,5.000000000000000000e-01
4.148700000000003740e+01,5.000000000000000000e-01
4.148800000000003507e+01,5.000000000000000000e-01
4.148900000000003985e+01,5.000000000000000000e-01
4.149000000000003752e+01,5.000000000000000000e-01
4.149100000000003519e+01,5.000000000000000000e-01
4.149200000000003996e+01,5.000000000000000000e-01
4.149300000000003763e+01,5.000000000000000000e-01
4.149400000000003530e+01,5.000000000000000000e-01
4.149500000000004007e+01,5.000000000000000000e-01
4.149600000000003774e+01,5.000000000000000000e-01
4.149700000000003541e+01,5.000000000000000000e-01
4.149800000000004019e+01,5.000000000000000000e-01
4.149900000000003786e+01,5.000000000000000000e-01
4.150000000000003553e+01,5.000000000000000000e-01
4.150100000000004030e+01,5.000000000000000000e-01
4.150200000000003797e+01,5.000000000000000000e-01
4.150300000000003564e+01,5.000000000000000000e-01
4.150400000000004042e+01,5.000000000000000000e-01
4.150500000000003809e+01,5.000000000000000000e-01
4.150600000000003575e+01,5.000000000000000000e-01
4.150700000000004053e+01,5.000000000000000000e-01
4.150800000000003820e+01,5.000000000000000000e-01
4.150900000000003587e+01,5.000000000000000000e-01
4.151000000000004064e+01,5.000000000000000000e-01
4.151100000000003831e+01,5.000000000000000000e-01
4.151200000000003598e+01,5.000000000000000000e-01
4.151300000000004076e+01,5.000000000000000000e-01
4.151400000000003843e+01,5.000000000000000000e-01
4.151500000000003610e+01,5.000000000000000000e-01
4.151600000000004087e+01,5.000000000000000000e-01
4.151700000000003854e+01,5.000000000000000000e-01
4.151800000000003621e+01,5.000000000000000000e-01
4.151900000000004098e+01,5.000000000000000000e-01
4.152000000000003865e+01,5.000000000000000000e-01
4.152100000000003632e+01,5.000000000000000000e-01
4.152200000000004110e+01,5.000000000000000000e-01
4.152300000000003877e+01,5.000000000000000000e-01
4.152400000000003644e+01,5.000000000000000000e-01
4.152500000000004121e+01,5.000000000000000000e-01
4.152600000000003888e+01,5.000000000000000000e-01
4.152700000000003655e+01,5.000000000000000000e-01
4.152800000000004133e+01,5.000000000000000000e-01
4.152900000000003899e+01,5.000000000000000000e-01
4.153000000000003666e+01,5.000000000000000000e-01
4.153100000000004144e+01,5.000000000000000000e-01
4.153200000000003911e+01,5.000000000000000000e-01
4.153300000000003678e+01,5.000000000000000000e-01
4.153400000000004155e+01,5.000000000000000000e-01
4.153500000000003922e+01,5.000000000000000000e-01
4.153600000000003689e+01,5.000000000000000000e-01
4.153700000000004167e+01,5.000000000000000000e-01
4.153800000000003934e+01,5.000000000000000000e-01
4.153900000000003701e+01,5.000000000000000000e-01
4.154000000000004178e+01,5.000000000000000000e-01
4.154100000000003945e+01,5.000000000000000000e-01
4.154200000000003712e+01,5.000000000000000000e-01
4.154300000000004189e+01,5.000000000000000000e-01
4.154400000000003956e+01,5.000000000000000000e-01
4.154500000000003723e+01,5.000000000000000000e-01
4.154600000000004201e+01,5.000000000000000000e-01
4.154700000000003968e+01,5.000000000000000000e-01
4.154800000000003735e+01,5.000000000000000000e-01
4.154900000000004212e+01,5.000000000000000000e-01
4.155000000000003979e+01,5.000000000000000000e-01
4.155100000000003746e+01,5.000000000000000000e-01
4.155200000000003513e+01,5.000000000000000000e-01
4.155300000000003990e+01,5.000000000000000000e-01
4.155400000000003757e+01,5.000000000000000000e-01
4.155500000000003524e+01,5.000000000000000000e-01
4.155600000000004002e+01,5.000000000000000000e-01
4.155700000000003769e+01,5.000000000000000000e-01
4.155800000000003536e+01,5.000000000000000000e-01
4.155900000000004013e+01,5.000000000000000000e-01
4.156000000000003780e+01,5.000000000000000000e-01
4.156100000000003547e+01,5.000000000000000000e-01
4.156200000000004025e+01,5.000000000000000000e-01
4.156300000000003791e+01,5.000000000000000000e-01
4.156400000000003558e+01,5.000000000000000000e-01
4.156500000000004036e+01,5.000000000000000000e-01
4.156600000000003803e+01,5.000000000000000000e-01
4.156700000000003570e+01,5.000000000000000000e-01
4.156800000000004047e+01,5.000000000000000000e-01
4.156900000000003814e+01,5.000000000000000000e-01
4.157000000000003581e+01,5.000000000000000000e-01
4.157100000000004059e+01,5.000000000000000000e-01
4.157200000000003826e+01,5.000000000000000000e-01
4.157300000000003593e+01,5.000000000000000000e-01
4.157400000000004070e+01,5.000000000000000000e-01
4.157500000000003837e+01,5.000000000000000000e-01
4.157600000000003604e+01,5.000000000000000000e-01
4.157700000000004081e+01,5.000000000000000000e-01
4.157800000000003848e+01,5.000000000000000000e-01
4.157900000000003615e+01,5.000000000000000000e-01
4.158000000000004093e+01,5.000000000000000000e-01
4.158100000000003860e+01,5.000000000000000000e-01
4.158200000000003627e+01,5.000000000000000000e-01
4.158300000000004104e+01,5.000000000000000000e-01
4.158400000000003871e+01,5.000000000000000000e-01
4.158500000000003638e+01,5.000000000000000000e-01
4.158600000000004115e+01,5.000000000000000000e-01
4.158700000000003882e+01,5.000000000000000000e-01
4.158800000000003649e+01,5.000000000000000000e-01
4.158900000000004127e+01,5.000000000000000000e-01
4.159000000000003894e+01,5.000000000000000000e-01
4.159100000000003661e+01,5.000000000000000000e-01
4.159200000000004138e+01,5.000000000000000000e-01
4.159300000000003905e+01,5.000000000000000000e-01
4.159400000000003672e+01,5.000000000000000000e-01
4.159500000000004150e+01,5.000000000000000000e-01
4.159600000000003917e+01,5.000000000000000000e-01
4.159700000000003683e+01,5.000000000000000000e-01
4.159800000000004161e+01,5.000000000000000000e-01
4.159900000000003928e+01,5.000000000000000000e-01
4.160000000000003695e+01,5.000000000000000000e-01
4.160100000000004172e+01,5.000000000000000000e-01
4.160200000000003939e+01,5.000000000000000000e-01
4.160300000000003706e+01,5.000000000000000000e-01
4.160400000000004184e+01,5.000000000000000000e-01
4.160500000000003951e+01,5.000000000000000000e-01
4.160600000000003718e+01,5.000000000000000000e-01
4.160700000000004195e+01,5.000000000000000000e-01
4.160800000000003962e+01,5.000000000000000000e-01
4.160900000000003729e+01,5.000000000000000000e-01
4.161000000000004206e+01,5.000000000000000000e-01
4.161100000000003973e+01,5.000000000000000000e-01
4.161200000000003740e+01,5.000000000000000000e-01
4.161300000000003507e+01,5.000000000000000000e-01
4.161400000000003985e+01,5.000000000000000000e-01
4.161500000000003752e+01,5.000000000000000000e-01
4.161600000000003519e+01,5.000000000000000000e-01
4.161700000000003996e+01,5.000000000000000000e-01
4.161800000000003763e+01,5.000000000000000000e-01
4.161900000000003530e+01,5.000000000000000000e-01
4.162000000000004007e+01,5.000000000000000000e-01
4.162100000000003774e+01,5.000000000000000000e-01
4.162200000000003541e+01,5.000000000000000000e-01
4.162300000000004019e+01,5.000000000000000000e-01
4.162400000000003786e+01,5.000000000000000000e-01
4.162500000000003553e+01,5.000000000000000000e-01
4.162600000000004030e+01,5.000000000000000000e-01
4.162700000000003797e+01,5.000000000000000000e-01
4.162800000000003564e+01,5.000000000000000000e-01
4.162900000000004042e+01,5.000000000000000000e-01
4.163000000000003809e+01,5.000000000000000000e-01
4.163100000000003575e+01,5.000000000000000000e-01
4.163200000000004053e+01,5.000000000000000000e-01
4.163300000000003820e+01,5.000000000000000000e-01
4.163400000000003587e+01,5.000000000000000000e-01
4.163500000000004064e+01,5.000000000000000000e-01
4.163600000000003831e+01,5.000000000000000000e-01
4.163700000000003598e+01,5.000000000000000000e-01
4.163800000000004076e+01,5.000000000000000000e-01
4.163900000000003843e+01,5.000000000000000000e-01
4.164000000000003610e+01,5.000000000000000000e-01
4.164100000000004087e+01,5.000000000000000000e-01
4.164200000000003854e+01,5.000000000000000000e-01
4.164300000000003621e+01,5.000000000000000000e-01
4.164400000000004098e+01,5.000000000000000000e-01
4.164500000000003865e+01,5.000000000000000000e-01
4.164600000000003632e+01,5.000000000000000000e-01
4.164700000000004110e+01,5.000000000000000000e-01
4.164800000000003877e+01,5.000000000000000000e-01
4.164900000000003644e+01,5.000000000000000000e-01
4.165000000000004121e+01,5.000000000000000000e-01
4.165100000000003888e+01,5.000000000000000000e-01
4.165200000000003655e+01,5.000000000000000000e-01
4.165300000000004133e+01,5.000000000000000000e-01
4.165400000000003899e+01,5.000000000000000000e-01
4.165500000000003666e+01,5.000000000000000000e-01
4.165600000000004144e+01,5.000000000000000000e-01
4.165700000000003911e+01,5.000000000000000000e-01
4.165800000000003678e+01,5.000000000000000000e-01
4.165900000000004155e+01,5.000000000000000000e-01
4.166000000000003922e+01,5.000000000000000000e-01
4.166100000000003689e+01,5.000000000000000000e-01
4.166200000000004167e+01,5.000000000000000000e-01
4.166300000000003934e+01,5.000000000000000000e-01
4.166400000000003701e+01,5.000000000000000000e-01
4.166500000000004178e+01,5.000000000000000000e-01
4.166600000000003945e+01,5.000000000000000000e-01
4.166700000000003712e+01,5.000000000000000000e-01
4.166800000000004189e+01,5.000000000000000000e-01
4.166900000000003956e+01,5.000000000000000000e-01
4.167000000000003723e+01,5.000000000000000000e-01
4.167100000000004201e+01,5.000000000000000000e-01
4.167200000000003968e+01,5.000000000000000000e-01
4.167300000000003735e+01,5.000000000000000000e-01
4.167400000000004212e+01,5.000000000000000000e-01
4.167500000000003979e+01,5.000000000000000000e-01
4.167600000000003746e+01,5.000000000000000000e-01
4.167700000000004223e+01,5.000000000000000000e-01
4.167800000000003990e+01,5.000000000000000000e-01
4.167900000000003757e+01,5.000000000000000000e-01
4.168000000000003524e+01,5.000000000000000000e-01
4.168100000000004002e+01,5.000000000000000000e-01
4.168200000000003769e+01,5.000000000000000000e-01
4.168300000000003536e+01,5.000000000000000000e-01
4.168400000000004013e+01,5.000000000000000000e-01
4.168500000000003780e+01,5.000000000000000000e-01
4.168600000000003547e+01,5.000000000000000000e-01
4.168700000000004025e+01,5.000000000000000000e-01
4.168800000000003791e+01,5.000000000000000000e-01
4.168900000000003558e+01,5.000000000000000000e-01
4.169000000000004036e+01,5.000000000000000000e-01
4.169100000000003803e+01,5.000000000000000000e-01
4.169200000000003570e+01,5.000000000000000000e-01
4.169300000000004047e+01,5.000000000000000000e-01
4.169400000000003814e+01,5.000000000000000000e-01
4.169500000000003581e+01,5.000000000000000000e-01
4.169600000000004059e+01,5.000000000000000000e-01
4.169700000000003826e+01,5.000000000000000000e-01
4.169800000000003593e+01,5.000000000000000000e-01
4.169900000000004070e+01,5.000000000000000000e-01
4.170000000000003837e+01,5.000000000000000000e-01
4.170100000000003604e+01,5.000000000000000000e-01
4.170200000000004081e+01,5.000000000000000000e-01
4.170300000000003848e+01,5.000000000000000000e-01
4.170400000000003615e+01,5.000000000000000000e-01
4.170500000000004093e+01,5.000000000000000000e-01
4.170600000000003860e+01,5.000000000000000000e-01
4.170700000000003627e+01,5.000000000000000000e-01
4.170800000000004104e+01,5.000000000000000000e-01
4.170900000000003871e+01,5.000000000000000000e-01
4.171000000000003638e+01,5.000000000000000000e-01
4.171100000000004115e+01,5.000000000000000000e-01
4.171200000000003882e+01,5.000000000000000000e-01
4.171300000000003649e+01,5.000000000000000000e-01
4.171400000000004127e+01,5.000000000000000000e-01
4.171500000000003894e+01,5.000000000000000000e-01
4.171600000000003661e+01,5.000000000000000000e-01
4.171700000000004138e+01,5.000000000000000000e-01
4.171800000000003905e+01,5.000000000000000000e-01
4.171900000000003672e+01,5.000000000000000000e-01
4.172000000000004150e+01,5.000000000000000000e-01
4.172100000000003917e+01,5.000000000000000000e-01
4.172200000000003683e+01,5.000000000000000000e-01
4.172300000000004161e+01,5.000000000000000000e-01
4.172400000000003928e+01,5.000000000000000000e-01
4.172500000000003695e+01,5.000000000000000000e-01
4.172600000000004172e+01,5.000000000000000000e-01
4.172700000000003939e+01,5.000000000000000000e-01
4.172800000000003706e+01,5.000000000000000000e-01
4.172900000000004184e+01,5.000000000000000000e-01
4.173000000000003951e+01,5.000000000000000000e-01
4.173100000000003718e+01,5.000000000000000000e-01
4.173200000000004195e+01,5.000000000000000000e-01
4.173300000000003962e+01,5.000000000000000000e-01
4.173400000000003729e+01,5.000000000000000000e-01
4.173500000000004206e+01,5.000000000000000000e-01
4.173600000000003973e+01,5.000000000000000000e-01
4.173700000000003740e+01,5.000000000000000000e-01
4.173800000000004218e+01,5.000000000000000000e-01
4.173900000000003985e+01,5.000000000000000000e-01
4.174000000000003752e+01,5.000000000000000000e-01
4.174100000000003519e+01,5.000000000000000000e-01
4.174200000000003996e+01,5.000000000000000000e-01
4.174300000000003763e+01,5.000000000000000000e-01
4.174400000000003530e+01,5.000000000000000000e-01
4.174500000000004007e+01,5.000000000000000000e-01
4.174600000000003774e+01,5.000000000000000000e-01
4.174700000000003541e+01,5.000000000000000000e-01
4.174800000000004019e+01,5.000000000000000000e-01
4.174900000000003786e+01,5.000000000000000000e-01
4.175000000000003553e+01,5.000000000000000000e-01
4.175100000000004030e+01,5.000000000000000000e-01
4.175200000000003797e+01,5.000000000000000000e-01
4.175300000000003564e+01,5.000000000000000000e-01
4.175400000000004042e+01,5.000000000000000000e-01
4.175500000000003809e+01,5.000000000000000000e-01
4.175600000000003575e+01,5.000000000000000000e-01
4.175700000000004053e+01,5.000000000000000000e-01
4.175800000000003820e+01,5.000000000000000000e-01
4.175900000000003587e+01,5.000000000000000000e-01
4.176000000000004064e+01,5.000000000000000000e-01
4.176100000000003831e+01,5.000000000000000000e-01
4.176200000000003598e+01,5.000000000000000000e-01
4.176300000000004076e+01,5.000000000000000000e-01
4.176400000000003843e+01,5.000000000000000000e-01
4.176500000000003610e+01,5.000000000000000000e-01
4.176600000000004087e+01,5.000000000000000000e-01
4.176700000000003854e+01,5.000000000000000000e-01
4.176800000000003621e+01,5.000000000000000000e-01
4.176900000000004098e+01,5.000000000000000000e-01
4.177000000000003865e+01,5.000000000000000000e-01
4.177100000000003632e+01,5.000000000000000000e-01
4.177200000000004110e+01,5.000000000000000000e-01
4.177300000000003877e+01,5.000000000000000000e-01
4.177400000000003644e+01,5.000000000000000000e-01
4.177500000000004121e+01,5.000000000000000000e-01
4.177600000000003888e+01,5.000000000000000000e-01
4.177700000000003655e+01,5.000000000000000000e-01
4.177800000000004133e+01,5.000000000000000000e-01
4.177900000000003899e+01,5.000000000000000000e-01
4.178000000000003666e+01,5.000000000000000000e-01
4.178100000000004144e+01,5.000000000000000000e-01
4.178200000000003911e+01,5.000000000000000000e-01
4.178300000000003678e+01,5.000000000000000000e-01
4.178400000000004155e+01,5.000000000000000000e-01
4.178500000000003922e+01,5.000000000000000000e-01
4.178600000000003689e+01,5.000000000000000000e-01
4.178700000000004167e+01,5.000000000000000000e-01
4.178800000000003934e+01,5.000000000000000000e-01
4.178900000000003701e+01,5.000000000000000000e-01
4.179000000000004178e+01,5.000000000000000000e-01
4.179100000000003945e+01,5.000000000000000000e-01
4.179200000000003712e+01,5.000000000000000000e-01
4.179300000000004189e+01,5.000000000000000000e-01
4.179400000000003956e+01,5.000000000000000000e-01
4.179500000000003723e+01,5.000000000000000000e-01
4.179600000000004201e+01,5.000000000000000000e-01
4.179700000000003968e+01,5.000000000000000000e-01
4.179800000000003735e+01,5.000000000000000000e-01
4.179900000000004212e+01,5.000000000000000000e-01
4.180000000000003979e+01,5.000000000000000000e-01
4.180100000000003746e+01,5.000000000000000000e-01
4.180200000000004223e+01,5.000000000000000000e-01
4.180300000000003990e+01,5.000000000000000000e-01
4.180400000000003757e+01,5.000000000000000000e-01
4.180500000000004235e+01,5.000000000000000000e-01
4.180600000000004002e+01,5.000000000000000000e-01
4.180700000000003769e+01,5.000000000000000000e-01
4.180800000000003536e+01,5.000000000000000000e-01
4.180900000000004013e+01,5.000000000000000000e-01
4.181000000000003780e+01,5.000000000000000000e-01
4.181100000000003547e+01,5.000000000000000000e-01
4.181200000000004025e+01,5.000000000000000000e-01
4.181300000000003791e+01,5.000000000000000000e-01
4.181400000000003558e+01,5.000000000000000000e-01
4.181500000000004036e+01,5.000000000000000000e-01
4.181600000000003803e+01,5.000000000000000000e-01
4.181700000000003570e+01,5.000000000000000000e-01
4.181800000000004047e+01,5.000000000000000000e-01
4.181900000000003814e+01,5.000000000000000000e-01
4.182000000000003581e+01,5.000000000000000000e-01
4.182100000000004059e+01,5.000000000000000000e-01
4.182200000000003826e+01,5.000000000000000000e-01
4.182300000000003593e+01,5.000000000000000000e-01
4.182400000000004070e+01,5.000000000000000000e-01
4.182500000000003837e+01,5.000000000000000000e-01
4.182600000000003604e+01,5.000000000000000000e-01
4.182700000000004081e+01,5.000000000000000000e-01
4.182800000000003848e+01,5.000000000000000000e-01
4.182900000000003615e+01,5.000000000000000000e-01
4.183000000000004093e+01,5.000000000000000000e-01
4.183100000000003860e+01,5.000000000000000000e-01
4.183200000000003627e+01,5.000000000000000000e-01
4.183300000000004104e+01,5.000000000000000000e-01
4.183400000000003871e+01,5.000000000000000000e-01
4.183500000000003638e+01,5.000000000000000000e-01
4.183600000000004115e+01,5.000000000000000000e-01
4.183700000000003882e+01,5.000000000000000000e-01
4.183800000000003649e+01,5.000000000000000000e-01
4.183900000000004127e+01,5.000000000000000000e-01
4.184000000000003894e+01,5.000000000000000000e-01
4.184100000000003661e+01,5.000000000000000000e-01
4.184200000000004138e+01,5.000000000000000000e-01
4.184300000000003905e+01,5.000000000000000000e-01
4.184400000000003672e+01,5.000000000000000000e-01
4.184500000000004150e+01,5.000000000000000000e-01
4.184600000000003917e+01,5.000000000000000000e-01
4.184700000000003683e+01,5.000000000000000000e-01
4.184800000000004161e+01,5.000000000000000000e-01
4.184900000000003928e+01,5.000000000000000000e-01
4.185000000000003695e+01,5.000000000000000000e-01
4.185100000000004172e+01,5.000000000000000000e-01
4.185200000000003939e+01,5.000000000000000000e-01
4.185300000000003706e+01,5.000000000000000000e-01
4.185400000000004184e+01,5.000000000000000000e-01
4.185500000000003951e+01,5.000000000000000000e-01
4.185600000000003718e+01,5.000000000000000000e-01
4.185700000000004195e+01,5.000000000000000000e-01
4.185800000000003962e+01,5.000000000000000000e-01
4.185900000000003729e+01,5.000000000000000000e-01
4.186000000000004206e+01,5.000000000000000000e-01
4.186100000000003973e+01,5.000000000000000000e-01
4.186200000000003740e+01,5.000000000000000000e-01
4.186300000000004218e+01,5.000000000000000000e-01
4.186400000000003985e+01,5.000000000000000000e-01
4.186500000000003752e+01,5.000000000000000000e-01
4.186600000000004229e+01,5.000000000000000000e-01
4.186700000000003996e+01,5.000000000000000000e-01
4.186800000000003763e+01,5.000000000000000000e-01
4.186900000000003530e+01,5.000000000000000000e-01
4.187000000000004007e+01,5.000000000000000000e-01
4.187100000000003774e+01,5.000000000000000000e-01
4.187200000000003541e+01,5.000000000000000000e-01
4.187300000000004019e+01,5.000000000000000000e-01
4.187400000000003786e+01,5.000000000000000000e-01
4.187500000000003553e+01,5.000000000000000000e-01
4.187600000000004030e+01,5.000000000000000000e-01
4.187700000000003797e+01,5.000000000000000000e-01
4.187800000000003564e+01,5.000000000000000000e-01
4.187900000000004042e+01,5.000000000000000000e-01
4.188000000000003809e+01,5.000000000000000000e-01
4.188100000000003575e+01,5.000000000000000000e-01
4.188200000000004053e+01,5.000000000000000000e-01
4.188300000000003820e+01,5.000000000000000000e-01
4.188400000000003587e+01,5.000000000000000000e-01
4.188500000000004064e+01,5.000000000000000000e-01
4.188600000000003831e+01,5.000000000000000000e-01
4.188700000000003598e+01,5.000000000000000000e-01
4.188800000000004076e+01,5.000000000000000000e-01
4.188900000000003843e+01,5.000000000000000000e-01
4.189000000000003610e+01,5.000000000000000000e-01
4.189100000000004087e+01,5.000000000000000000e-01
4.189200000000003854e+01,5.000000000000000000e-01
4.189300000000003621e+01,5.000000000000000000e-01
4.189400000000004098e+01,5.000000000000000000e-01
4.189500000000003865e+01,5.000000000000000000e-01
4.189600000000003632e+01,5.000000000000000000e-01
4.189700000000004110e+01,5.000000000000000000e-01
4.189800000000003877e+01,5.000000000000000000e-01
4.189900000000003644e+01,5.000000000000000000e-01
4.190000000000004121e+01,5.000000000000000000e-01
4.190100000000003888e+01,5.000000000000000000e-01
4.190200000000003655e+01,5.000000000000000000e-01
4.190300000000004133e+01,5.000000000000000000e-01
4.190400000000003899e+01,5.000000000000000000e-01
4.190500000000003666e+01,5.000000000000000000e-01
4.190600000000004144e+01,5.000000000000000000e-01
4.190700000000003911e+01,5.000000000000000000e-01
4.190800000000003678e+01,5.000000000000000000e-01
4.190900000000004155e+01,5.000000000000000000e-01
4.191000000000003922e+01,5.000000000000000000e-01
4.191100000000003689e+01,5.000000000000000000e-01
4.191200000000004167e+01,5.000000000000000000e-01
4.191300000000003934e+01,5.000000000000000000e-01
4.191400000000003701e+01,5.000000000000000000e-01
4.191500000000004178e+01,5.000000000000000000e-01
4.191600000000003945e+01,5.000000000000000000e-01
4.191700000000003712e+01,5.000000000000000000e-01
4.191800000000004189e+01,5.000000000000000000e-01
4.191900000000003956e+01,5.000000000000000000e-01
4.192000000000003723e+01,5.000000000000000000e-01
4.192100000000004201e+01,5.000000000000000000e-01
4.192200000000003968e+01,5.000000000000000000e-01
4.192300000000003735e+01,5.000000000000000000e-01
4.192400000000004212e+01,5.000000000000000000e-01
4.192500000000003979e+01,5.000000000000000000e-01
4.192600000000003746e+01,5.000000000000000000e-01
4.192700000000004223e+01,5.000000000000000000e-01
4.192800000000003990e+01,5.000000000000000000e-01
4.192900000000003757e+01,5.000000000000000000e-01
4.193000000000004235e+01,5.000000000000000000e-01
4.193100000000004002e+01,5.000000000000000000e-01
4.193200000000003769e+01,5.000000000000000000e-01
4.193300000000004246e+01,5.000000000000000000e-01
4.193400000000004013e+01,5.000000000000000000e-01
4.193500000000003780e+01,5.000000000000000000e-01
4.193600000000003547e+01,5.000000000000000000e-01
4.193700000000004025e+01,5.000000000000000000e-01
4.193800000000003791e+01,5.000000000000000000e-01
4.193900000000003558e+01,5.000000000000000000e-01
4.194000000000004036e+01,5.000000000000000000e-01
4.194100000000003803e+01,5.000000000000000000e-01
4.194200000000003570e+01,5.000000000000000000e-01
4.194300000000004047e+01,5.000000000000000000e-01
4.194400000000003814e+01,5.000000000000000000e-01
4.194500000000003581e+01,5.000000000000000000e-01
4.194600000000004059e+01,5.000000000000000000e-01
4.194700000000003826e+01,5.000000000000000000e-01
4.194800000000003593e+01,5.000000000000000000e-01
4.194900000000004070e+01,5.000000000000000000e-01
4.195000000000003837e+01,5.000000000000000000e-01
4.195100000000003604e+01,5.000000000000000000e-01
4.195200000000004081e+01,5.000000000000000000e-01
4.195300000000003848e+01,5.000000000000000000e-01
4.195400000000003615e+01,5.000000000000000000e-01
4.195500000000004093e+01,5.000000000000000000e-01
4.195600000000003860e+01,5.000000000000000000e-01
4.195700000000003627e+01,5.000000000000000000e-01
4.195800000000004104e+01,5.000000000000000000e-01
4.195900000000003871e+01,5.000000000000000000e-01
4.196000000000003638e+01,5.000000000000000000e-01
4.196100000000004115e+01,5.000000000000000000e-01
4.196200000000003882e+01,5.000000000000000000e-01
4.196300000000003649e+01,5.000000000000000000e-01
4.196400000000004127e+01,5.000000000000000000e-01
4.196500000000003894e+01,5.000000000000000000e-01
4.196600000000003661e+01,5.000000000000000000e-01
4.196700000000004138e+01,5.000000000000000000e-01
4.196800000000003905e+01,5.000000000000000000e-01
4.196900000000003672e+01,5.000000000000000000e-01
4.197000000000004150e+01,5.000000000000000000e-01
4.197100000000003917e+01,5.000000000000000000e-01
4.197200000000003683e+01,5.000000000000000000e-01
4.197300000000004161e+01,5.000000000000000000e-01
4.197400000000003928e+01,5.000000000000000000e-01
4.197500000000003695e+01,5.000000000000000000e-01
4.197600000000004172e+01,5.000000000000000000e-01
4.197700000000003939e+01,5.000000000000000000e-01
4.197800000000003706e+01,5.000000000000000000e-01
4.197900000000004184e+01,5.000000000000000000e-01
4.198000000000003951e+01,5.000000000000000000e-01
4.198100000000003718e+01,5.000000000000000000e-01
4.198200000000004195e+01,5.000000000000000000e-01
4.198300000000003962e+01,5.000000000000000000e-01
4.198400000000003729e+01,5.000000000000000000e-01
4.198500000000004206e+01,5.000000000000000000e-01
4.198600000000003973e+01,5.000000000000000000e-01
4.198700000000003740e+01,5.000000000000000000e-01
4.198800000000004218e+01,5.000000000000000000e-01
4.198900000000003985e+01,5.000000000000000000e-01
4.199000000000003752e+01,5.000000000000000000e-01
4.199100000000004229e+01,5.000000000000000000e-01
4.199200000000003996e+01,5.000000000000000000e-01
4.199300000000003763e+01,5.000000000000000000e-01
4.199400000000004241e+01,5.000000000000000000e-01
4.199500000000004007e+01,5.000000000000000000e-01
4.199600000000003774e+01,5.000000000000000000e-01
4.199700000000003541e+01,5.000000000000000000e-01
4.199800000000004019e+01,5.000000000000000000e-01
4.199900000000003786e+01,5.000000000000000000e-01
4.200000000000003553e+01,5.000000000000000000e-01
4.200100000000004030e+01,5.000000000000000000e-01
4.200200000000003797e+01,5.000000000000000000e-01
4.200300000000003564e+01,5.000000000000000000e-01
4.200400000000004042e+01,5.000000000000000000e-01
4.200500000000003809e+01,5.000000000000000000e-01
4.200600000000003575e+01,5.000000000000000000e-01
4.200700000000004053e+01,5.000000000000000000e-01
4.200800000000003820e+01,5.000000000000000000e-01
4.200900000000003587e+01,5.000000000000000000e-01
4.201000000000004064e+01,5.000000000000000000e-01
4.201100000000003831e+01,5.000000000000000000e-01
4.201200000000003598e+01,5.000000000000000000e-01
4.201300000000004076e+01,5.000000000000000000e-01
4.201400000000003843e+01,5.000000000000000000e-01
4.201500000000003610e+01,5.000000000000000000e-01
4.201600000000004087e+01,5.000000000000000000e-01
4.201700000000003854e+01,5.000000000000000000e-01
4.201800000000003621e+01,5.000000000000000000e-01
4.201900000000004098e+01,5.000000000000000000e-01
4.202000000000003865e+01,5.000000000000000000e-01
4.202100000000003632e+01,5.000000000000000000e-01
4.202200000000004110e+01,5.000000000000000000e-01
4.202300000000003877e+01,5.000000000000000000e-01
4.202400000000003644e+01,5.000000000000000000e-01
4.202500000000004121e+01,5.000000000000000000e-01
4.202600000000003888e+01,5.000000000000000000e-01
4.202700000000003655e+01,5.000000000000000000e-01
4.202800000000004133e+01,5.000000000000000000e-01
4.202900000000003899e+01,5.000000000000000000e-01
4.203000000000003666e+01,5.000000000000000000e-01
4.203100000000004144e+01,5.000000000000000000e-01
4.203200000000003911e+01,5.000000000000000000e-01
4.203300000000003678e+01,5.000000000000000000e-01
4.203400000000004155e+01,5.000000000000000000e-01
4.203500000000003922e+01,5.000000000000000000e-01
4.203600000000003689e+01,5.000000000000000000e-01
4.203700000000004167e+01,5.000000000000000000e-01
4.203800000000003934e+01,5.000000000000000000e-01
4.203900000000003701e+01,5.000000000000000000e-01
4.204000000000004178e+01,5.000000000000000000e-01
4.204100000000003945e+01,5.000000000000000000e-01
4.204200000000003712e+01,5.000000000000000000e-01
4.204300000000004189e+01,5.000000000000000000e-01
4.204400000000003956e+01,5.000000000000000000e-01
4.204500000000003723e+01,5.000000000000000000e-01
4.204600000000004201e+01,5.000000000000000000e-01
4.204700000000003968e+01,5.000000000000000000e-01
4.204800000000003735e+01,5.000000000000000000e-01
4.204900000000004212e+01,5.000000000000000000e-01
4.205000000000003979e+01,5.000000000000000000e-01
4.205100000000003746e+01,5.000000000000000000e-01
4.205200000000004223e+01,5.000000000000000000e-01
4.205300000000003990e+01,5.000000000000000000e-01
4.205400000000003757e+01,5.000000000000000000e-01
4.205500000000004235e+01,5.000000000000000000e-01
4.205600000000004002e+01,5.000000000000000000e-01
4.205700000000003769e+01,5.000000000000000000e-01
4.205800000000004246e+01,5.000000000000000000e-01
4.205900000000004013e+01,5.000000000000000000e-01
4.206000000000003780e+01,5.000000000000000000e-01
4.206100000000004258e+01,5.000000000000000000e-01
4.206200000000004025e+01,5.000000000000000000e-01
4.206300000000003791e+01,5.000000000000000000e-01
4.206400000000003558e+01,5.000000000000000000e-01
4.206500000000004036e+01,5.000000000000000000e-01
4.206600000000003803e+01,5.000000000000000000e-01
4.206700000000003570e+01,5.000000000000000000e-01
4.206800000000004047e+01,5.000000000000000000e-01
4.206900000000003814e+01,5.000000000000000000e-01
4.207000000000003581e+01,5.000000000000000000e-01
4.207100000000004059e+01,5.000000000000000000e-01
4.207200000000003826e+01,5.000000000000000000e-01
4.207300000000003593e+01,5.000000000000000000e-01
4.207400000000004070e+01,5.000000000000000000e-01
4.207500000000003837e+01,5.000000000000000000e-01
4.207600000000003604e+01,5.000000000000000000e-01
4.207700000000004081e+01,5.000000000000000000e-01
4.207800000000003848e+01,5.000000000000000000e-01
4.207900000000003615e+01,5.000000000000000000e-01
4.208000000000004093e+01,5.000000000000000000e-01
4.208100000000003860e+01,5.000000000000000000e-01
4.208200000000003627e+01,5.000000000000000000e-01
4.208300000000004104e+01,5.000000000000000000e-01
4.208400000000003871e+01,5.000000000000000000e-01
4.208500000000003638e+01,5.000000000000000000e-01
4.208600000000004115e+01,5.000000000000000000e-01
4.208700000000003882e+01,5.000000000000000000e-01
4.208800000000003649e+01,5.000000000000000000e-01
4.208900000000004127e+01,5.000000000000000000e-01
4.209000000000003894e+01,5.000000000000000000e-01
4.209100000000003661e+01,5.000000000000000000e-01
4.209200000000004138e+01,5.000000000000000000e-01
4.209300000000003905e+01,5.000000000000000000e-01
4.209400000000003672e+01,5.000000000000000000e-01
4.209500000000004150e+01,5.000000000000000000e-01
4.209600000000003917e+01,5.000000000000000000e-01
4.209700000000003683e+01,5.000000000000000000e-01
4.209800000000004161e+01,5.000000000000000000e-01
4.209900000000003928e+01,5.000000000000000000e-01
4.210000000000003695e+01,5.000000000000000000e-01
4.210100000000004172e+01,5.000000000000000000e-01
4.210200000000003939e+01,5.000000000000000000e-01
4.210300000000003706e+01,5.000000000000000000e-01
4.210400000000004184e+01,5.000000000000000000e-01
4.210500000000003951e+01,5.000000000000000000e-01
4.210600000000003718e+01,5.000000000000000000e-01
4.210700000000004195e+01,5.000000000000000000e-01
4.210800000000003962e+01,5.000000000000000000e-01
4.210900000000003729e+01,5.000000000000000000e-01
4.211000000000004206e+01,5.000000000000000000e-01
4.211100000000003973e+01,5.000000000000000000e-01
4.211200000000003740e+01,5.000000000000000000e-01
4.211300000000004218e+01,5.000000000000000000e-01
4.211400000000003985e+01,5.000000000000000000e-01
4.211500000000003752e+01,5.000000000000000000e-01
4.211600000000004229e+01,5.000000000000000000e-01
4.211700000000003996e+01,5.000000000000000000e-01
4.211800000000003763e+01,5.000000000000000000e-01
4.211900000000004241e+01,5.000000000000000000e-01
4.212000000000004007e+01,5.000000000000000000e-01
4.212100000000003774e+01,5.000000000000000000e-01
4.212200000000004252e+01,5.000000000000000000e-01
4.212300000000004019e+01,5.000000000000000000e-01
4.212400000000003786e+01,5.000000000000000000e-01
4.212500000000003553e+01,5.000000000000000000e-01
4.212600000000004030e+01,5.000000000000000000e-01
4.212700000000003797e+01,5.000000000000000000e-01
4.212800000000003564e+01,5.000000000000000000e-01
4.212900000000004042e+01,5.000000000000000000e-01
4.213000000000003809e+01,5.000000000000000000e-01
4.213100000000003575e+01,5.000000000000000000e-01
4.213200000000004053e+01,5.000000000000000000e-01
4.213300000000003820e+01,5.000000000000000000e-01
4.213400000000003587e+01,5.000000000000000000e-01
4.213500000000004064e+01,5.000000000000000000e-01
4.213600000000003831e+01,5.000000000000000000e-01
4.213700000000003598e+01,5.000000000000000000e-01
4.213800000000004076e+01,5.000000000000000000e-01
4.213900000000003843e+01,5.000000000000000000e-01
4.214000000000003610e+01,5.000000000000000000e-01
4.214100000000004087e+01,5.000000000000000000e-01
4.214200000000003854e+01,5.000000000000000000e-01
4.214300000000003621e+01,5.000000000000000000e-01
4.214400000000004098e+01,5.000000000000000000e-01
4.214500000000003865e+01,5.000000000000000000e-01
4.214600000000003632e+01,5.000000000000000000e-01
4.214700000000004110e+01,5.000000000000000000e-01
4.214800000000003877e+01,5.000000000000000000e-01
4.214900000000003644e+01,5.000000000000000000e-01
4.215000000000004121e+01,5.000000000000000000e-01
4.215100000000003888e+01,5.000000000000000000e-01
4.215200000000003655e+01,5.000000000000000000e-01
4.215300000000004133e+01,5.000000000000000000e-01
4.215400000000003899e+01,5.000000000000000000e-01
4.215500000000003666e+01,5.000000000000000000e-01
4.215600000000004144e+01,5.000000000000000000e-01
4.215700000000003911e+01,5.000000000000000000e-01
4.215800000000003678e+01,5.000000000000000000e-01
4.215900000000004155e+01,5.000000000000000000e-01
4.216000000000003922e+01,5.000000000000000000e-01
4.216100000000003689e+01,5.000000000000000000e-01
4.216200000000004167e+01,5.000000000000000000e-01
4.216300000000003934e+01,5.000000000000000000e-01
4.216400000000003701e+01,5.000000000000000000e-01
4.216500000000004178e+01,5.000000000000000000e-01
4.216600000000003945e+01,5.000000000000000000e-01
4.216700000000003712e+01,5.000000000000000000e-01
4.216800000000004189e+01,5.000000000000000000e-01
4.216900000000003956e+01,5.000000000000000000e-01
4.217000000000003723e+01,5.000000000000000000e-01
4.217100000000004201e+01,5.000000000000000000e-01
4.217200000000003968e+01,5.000000000000000000e-01
4.217300000000003735e+01,5.000000000000000000e-01
4.217400000000004212e+01,5.000000000000000000e-01
4.217500000000003979e+01,5.000000000000000000e-01
4.217600000000003746e+01,5.000000000000000000e-01
4.217700000000004223e+01,5.000000000000000000e-01
4.217800000000003990e+01,5.000000000000000000e-01
4.217900000000003757e+01,5.000000000000000000e-01
4.218000000000004235e+01,5.000000000000000000e-01
4.218100000000004002e+01,5.000000000000000000e-01
4.218200000000003769e+01,5.000000000000000000e-01
4.218300000000004246e+01,5.000000000000000000e-01
4.218400000000004013e+01,5.000000000000000000e-01
4.218500000000003780e+01,5.000000000000000000e-01
4.218600000000004258e+01,5.000000000000000000e-01
4.218700000000004025e+01,5.000000000000000000e-01
4.218800000000003791e+01,5.000000000000000000e-01
4.218900000000004269e+01,5.000000000000000000e-01
4.219000000000004036e+01,5.000000000000000000e-01
4.219100000000003803e+01,5.000000000000000000e-01
4.219200000000003570e+01,5.000000000000000000e-01
4.219300000000004047e+01,5.000000000000000000e-01
4.219400000000003814e+01,5.000000000000000000e-01
4.219500000000003581e+01,5.000000000000000000e-01
4.219600000000004059e+01,5.000000000000000000e-01
4.219700000000003826e+01,5.000000000000000000e-01
4.219800000000003593e+01,5.000000000000000000e-01
4.219900000000004070e+01,5.000000000000000000e-01
4.220000000000003837e+01,5.000000000000000000e-01
4.220100000000003604e+01,5.000000000000000000e-01
4.220200000000004081e+01,5.000000000000000000e-01
4.220300000000003848e+01,5.000000000000000000e-01
4.220400000000003615e+01,5.000000000000000000e-01
4.220500000000004093e+01,5.000000000000000000e-01
4.220600000000003860e+01,5.000000000000000000e-01
4.220700000000003627e+01,5.000000000000000000e-01
4.220800000000004104e+01,5.000000000000000000e-01
4.220900000000003871e+01,5.000000000000000000e-01
4.221000000000003638e+01,5.000000000000000000e-01
4.221100000000004115e+01,5.000000000000000000e-01
4.221200000000003882e+01,5.000000000000000000e-01
4.221300000000003649e+01,5.000000000000000000e-01
4.221400000000004127e+01,5.000000000000000000e-01
4.221500000000003894e+01,5.000000000000000000e-01
4.221600000000003661e+01,5.000000000000000000e-01
4.221700000000004138e+01,5.000000000000000000e-01
4.221800000000003905e+01,5.000000000000000000e-01
4.221900000000003672e+01,5.000000000000000000e-01
4.222000000000004150e+01,5.000000000000000000e-01
4.222100000000003917e+01,5.000000000000000000e-01
4.222200000000003683e+01,5.000000000000000000e-01
4.222300000000004161e+01,5.000000000000000000e-01
4.222400000000003928e+01,5.000000000000000000e-01
4.222500000000003695e+01,5.000000000000000000e-01
4.222600000000004172e+01,5.000000000000000000e-01
4.222700000000003939e+01,5.000000000000000000e-01
4.222800000000003706e+01,5.000000000000000000e-01
4.222900000000004184e+01,5.000000000000000000e-01
4.223000000000003951e+01,5.000000000000000000e-01
4.223100000000003718e+01,5.000000000000000000e-01
4.223200000000004195e+01,5.000000000000000000e-01
4.223300000000003962e+01,5.000000000000000000e-01
4.223400000000003729e+01,5.000000000000000000e-01
4.223500000000004206e+01,5.000000000000000000e-01
4.223600000000003973e+01,5.000000000000000000e-01
4.223700000000003740e+01,5.000000000000000000e-01
4.223800000000004218e+01,5.000000000000000000e-01
4.223900000000003985e+01,5.000000000000000000e-01
4.224000000000003752e+01,5.000000000000000000e-01
4.224100000000004229e+01,5.000000000000000000e-01
4.224200000000003996e+01,5.000000000000000000e-01
4.224300000000003763e+01,5.000000000000000000e-01
4.224400000000004241e+01,5.000000000000000000e-01
4.224500000000004007e+01,5.000000000000000000e-01
4.224600000000003774e+01,5.000000000000000000e-01
4.224700000000004252e+01,5.000000000000000000e-01
4.224800000000004019e+01,5.000000000000000000e-01
4.224900000000003786e+01,5.000000000000000000e-01
4.225000000000004263e+01,5.000000000000000000e-01
4.225100000000004030e+01,5.000000000000000000e-01
4.225200000000003797e+01,5.000000000000000000e-01
4.225300000000003564e+01,5.000000000000000000e-01
4.225400000000004042e+01,5.000000000000000000e-01
4.225500000000003809e+01,5.000000000000000000e-01
4.225600000000003575e+01,5.000000000000000000e-01
4.225700000000004053e+01,5.000000000000000000e-01
4.225800000000003820e+01,5.000000000000000000e-01
4.225900000000003587e+01,5.000000000000000000e-01
4.226000000000004064e+01,5.000000000000000000e-01
4.226100000000003831e+01,5.000000000000000000e-01
4.226200000000003598e+01,5.000000000000000000e-01
4.226300000000004076e+01,5.000000000000000000e-01
4.226400000000003843e+01,5.000000000000000000e-01
4.226500000000003610e+01,5.000000000000000000e-01
4.226600000000004087e+01,5.000000000000000000e-01
4.226700000000003854e+01,5.000000000000000000e-01
4.226800000000003621e+01,5.000000000000000000e-01
4.226900000000004098e+01,5.000000000000000000e-01
4.227000000000003865e+01,5.000000000000000000e-01
4.227100000000003632e+01,5.000000000000000000e-01
4.227200000000004110e+01,5.000000000000000000e-01
4.227300000000003877e+01,5.000000000000000000e-01
4.227400000000003644e+01,5.000000000000000000e-01
4.227500000000004121e+01,5.000000000000000000e-01
4.227600000000003888e+01,5.000000000000000000e-01
4.227700000000003655e+01,5.000000000000000000e-01
4.227800000000004133e+01,5.000000000000000000e-01
4.227900000000003899e+01,5.000000000000000000e-01
4.228000000000003666e+01,5.000000000000000000e-01
4.228100000000004144e+01,5.000000000000000000e-01
4.228200000000003911e+01,5.000000000000000000e-01
4.228300000000003678e+01,5.000000000000000000e-01
4.228400000000004155e+01,5.000000000000000000e-01
4.228500000000003922e+01,5.000000000000000000e-01
4.228600000000003689e+01,5.000000000000000000e-01
4.228700000000004167e+01,5.000000000000000000e-01
4.228800000000003934e+01,5.000000000000000000e-01
4.228900000000003701e+01,5.000000000000000000e-01
4.229000000000004178e+01,5.000000000000000000e-01
4.229100000000003945e+01,5.000000000000000000e-01
4.229200000000003712e+01,5.000000000000000000e-01
4.229300000000004189e+01,5.000000000000000000e-01
4.229400000000003956e+01,5.000000000000000000e-01
4.229500000000003723e+01,5.000000000000000000e-01
4.229600000000004201e+01,5.000000000000000000e-01
4.229700000000003968e+01,5.000000000000000000e-01
4.229800000000003735e+01,5.000000000000000000e-01
4.229900000000004212e+01,5.000000000000000000e-01
4.230000000000003979e+01,5.000000000000000000e-01
4.230100000000003746e+01,5.000000000000000000e-01
4.230200000000004223e+01,5.000000000000000000e-01
4.230300000000003990e+01,5.000000000000000000e-01
4.230400000000003757e+01,5.000000000000000000e-01
4.230500000000004235e+01,5.000000000000000000e-01
4.230600000000004002e+01,5.000000000000000000e-01
4.230700000000003769e+01,5.000000000000000000e-01
4.230800000000004246e+01,5.000000000000000000e-01
4.230900000000004013e+01,5.000000000000000000e-01
4.231000000000003780e+01,5.000000000000000000e-01
4.231100000000004258e+01,5.000000000000000000e-01
4.231200000000004025e+01,5.000000000000000000e-01
4.231300000000003791e+01,5.000000000000000000e-01
4.231400000000004269e+01,5.000000000000000000e-01
4.231500000000004036e+01,5.000000000000000000e-01
4.231600000000003803e+01,5.000000000000000000e-01
4.231700000000004280e+01,5.000000000000000000e-01
4.231800000000004047e+01,5.000000000000000000e-01
4.231900000000003814e+01,5.000000000000000000e-01
4.232000000000003581e+01,5.000000000000000000e-01
4.232100000000004059e+01,5.000000000000000000e-01
4.232200000000003826e+01,5.000000000000000000e-01
4.232300000000003593e+01,5.000000000000000000e-01
4.232400000000004070e+01,5.000000000000000000e-01
4.232500000000003837e+01,5.000000000000000000e-01
4.232600000000003604e+01,5.000000000000000000e-01
4.232700000000004081e+01,5.000000000000000000e-01
4.232800000000003848e+01,5.000000000000000000e-01
4.232900000000003615e+01,5.000000000000000000e-01
4.233000000000004093e+01,5.000000000000000000e-01
4.233100000000003860e+01,5.000000000000000000e-01
4.233200000000003627e+01,5.000000000000000000e-01
4.233300000000004104e+01,5.000000000000000000e-01
4.233400000000003871e+01,5.000000000000000000e-01
4.233500000000003638e+01,5.000000000000000000e-01
4.233600000000004115e+01,5.000000000000000000e-01
4.233700000000003882e+01,5.000000000000000000e-01
4.233800000000003649e+01,5.000000000000000000e-01
4.233900000000004127e+01,5.000000000000000000e-01
4.234000000000003894e+01,5.000000000000000000e-01
4.234100000000003661e+01,5.000000000000000000e-01
4.234200000000004138e+01,5.000000000000000000e-01
4.234300000000003905e+01,5.000000000000000000e-01
4.234400000000003672e+01,5.000000000000000000e-01
4.234500000000004150e+01,5.000000000000000000e-01
4.234600000000003917e+01,5.000000000000000000e-01
4.234700000000003683e+01,5.000000000000000000e-01
4.234800000000004161e+01,5.000000000000000000e-01
4.234900000000003928e+01,5.000000000000000000e-01
4.235000000000003695e+01,5.000000000000000000e-01
4.235100000000004172e+01,5.000000000000000000e-01
4.235200000000003939e+01,5.000000000000000000e-01
4.235300000000003706e+01,5.000000000000000000e-01
4.235400000000004184e+01,5.000000000000000000e-01
4.235500000000003951e+01,5.000000000000000000e-01
4.235600000000003718e+01,5.000000000000000000e-01
4.235700000000004195e+01,5.000000000000000000e-01
4.235800000000003962e+01,5.000000000000000000e-01
4.235900000000003729e+01,5.000000000000000000e-01
4.236000000000004206e+01,5.000000000000000000e-01
4.236100000000003973e+01,5.000000000000000000e-01
4.236200000000003740e+01,5.000000000000000000e-01
4.236300000000004218e+01,5.000000000000000000e-01
4.236400000000003985e+01,5.000000000000000000e-01
4.236500000000003752e+01,5.000000000000000000e-01
4.236600000000004229e+01,5.000000000000000000e-01
4.236700000000003996e+01,5.000000000000000000e-01
4.236800000000003763e+01,5.000000000000000000e-01
4.236900000000004241e+01,5.000000000000000000e-01
4.237000000000004007e+01,5.000000000000000000e-01
4.237100000000003774e+01,5.000000000000000000e-01
4.237200000000004252e+01,5.000000000000000000e-01
4.237300000000004019e+01,5.000000000000000000e-01
4.237400000000003786e+01,5.000000000000000000e-01
4.237500000000004263e+01,5.000000000000000000e-01
4.237600000000004030e+01,5.000000000000000000e-01
4.237700000000003797e+01,5.000000000000000000e-01
4.237800000000004275e+01,5.000000000000000000e-01
4.237900000000004042e+01,5.000000000000000000e-01
4.238000000000003809e+01,5.000000000000000000e-01
4.238100000000003575e+01,5.000000000000000000e-01
4.238200000000004053e+01,5.000000000000000000e-01
4.238300000000003820e+01,5.000000000000000000e-01
4.238400000000003587e+01,5.000000000000000000e-01
4.238500000000004064e+01,5.000000000000000000e-01
4.238600000000003831e+01,5.000000000000000000e-01
4.238700000000003598e+01,5.000000000000000000e-01
4.238800000000004076e+01,5.000000000000000000e-01
4.238900000000003843e+01,5.000000000000000000e-01
4.239000000000003610e+01,5.000000000000000000e-01
4.239100000000004087e+01,5.000000000000000000e-01
4.239200000000003854e+01,5.000000000000000000e-01
4.239300000000003621e+01,5.000000000000000000e-01
4.239400000000004098e+01,5.000000000000000000e-01
4.239500000000003865e+01,5.000000000000000000e-01
4.239600000000003632e+01,5.000000000000000000e-01
4.239700000000004110e+01,5.000000000000000000e-01
4.239800000000003877e+01,5.000000000000000000e-01
4.239900000000003644e+01,5.000000000000000000e-01
4.240000000000004121e+01,5.000000000000000000e-01
4.240100000000003888e+01,5.000000000000000000e-01
4.240200000000003655e+01,5.000000000000000000e-01
4.240300000000004133e+01,5.000000000000000000e-01
4.240400000000003899e+01,5.000000000000000000e-01
4.240500000000003666e+01,5.000000000000000000e-01
4.240600000000004144e+01,5.000000000000000000e-01
4.240700000000003911e+01,5.000000000000000000e-01
4.240800000000003678e+01,5.000000000000000000e-01
4.240900000000004155e+01,5.000000000000000000e-01
4.241000000000003922e+01,5.000000000000000000e-01
4.241100000000003689e+01,5.000000000000000000e-01
4.241200000000004167e+01,5.000000000000000000e-01
4.241300000000003934e+01,5.000000000000000000e-01
4.241400000000003701e+01,5.000000000000000000e-01
4.241500000000004178e+01,5.000000000000000000e-01
4.241600000000003945e+01,5.000000000000000000e-01
4.241700000000003712e+01,5.000000000000000000e-01
4.241800000000004189e+01,5.000000000000000000e-01
4.241900000000003956e+01,5.000000000000000000e-01
4.242000000000003723e+01,5.000000000000000000e-01
4.242100000000004201e+01,5.000000000000000000e-01
4.242200000000003968e+01,5.000000000000000000e-01
4.242300000000003735e+01,5.000000000000000000e-01
4.242400000000004212e+01,5.000000000000000000e-01
4.242500000000003979e+01,5.000000000000000000e-01
4.242600000000003746e+01,5.000000000000000000e-01
4.242700000000004223e+01,5.000000000000000000e-01
4.242800000000003990e+01,5.000000000000000000e-01
4.242900000000003757e+01,5.000000000000000000e-01
4.243000000000004235e+01,5.000000000000000000e-01
4.243100000000004002e+01,5.000000000000000000e-01
4.243200000000003769e+01,5.000000000000000000e-01
4.243300000000004246e+01,5.000000000000000000e-01
4.243400000000004013e+01,5.000000000000000000e-01
4.243500000000003780e+01,5.000000000000000000e-01
4.243600000000004258e+01,5.000000000000000000e-01
4.243700000000004025e+01,5.000000000000000000e-01
4.243800000000003791e+01,5.000000000000000000e-01
4.243900000000004269e+01,5.000000000000000000e-01
4.244000000000004036e+01,5.000000000000000000e-01
4.244100000000003803e+01,5.000000000000000000e-01
4.244200000000004280e+01,5.000000000000000000e-01
4.244300000000004047e+01,5.000000000000000000e-01
4.244400000000003814e+01,5.000000000000000000e-01
4.244500000000004292e+01,5.000000000000000000e-01
4.244600000000004059e+01,5.000000000000000000e-01
4.244700000000003826e+01,5.000000000000000000e-01
4.244800000000003593e+01,5.000000000000000000e-01
4.244900000000004070e+01,5.000000000000000000e-01
4.245000000000003837e+01,5.000000000000000000e-01
4.245100000000003604e+01,5.000000000000000000e-01
4.245200000000004081e+01,5.000000000000000000e-01
4.245300000000003848e+01,5.000000000000000000e-01
4.245400000000003615e+01,5.000000000000000000e-01
4.245500000000004093e+01,5.000000000000000000e-01
4.245600000000003860e+01,5.000000000000000000e-01
4.245700000000003627e+01,5.000000000000000000e-01
4.245800000000004104e+01,5.000000000000000000e-01
4.245900000000003871e+01,5.000000000000000000e-01
4.246000000000003638e+01,5.000000000000000000e-01
4.246100000000004115e+01,5.000000000000000000e-01
4.246200000000003882e+01,5.000000000000000000e-01
4.246300000000003649e+01,5.000000000000000000e-01
4.246400000000004127e+01,5.000000000000000000e-01
4.246500000000003894e+01,5.000000000000000000e-01
4.246600000000003661e+01,5.000000000000000000e-01
4.246700000000004138e+01,5.000000000000000000e-01
4.246800000000003905e+01,5.000000000000000000e-01
4.246900000000003672e+01,5.000000000000000000e-01
4.247000000000004150e+01,5.000000000000000000e-01
4.247100000000003917e+01,5.000000000000000000e-01
4.247200000000003683e+01,5.000000000000000000e-01
4.247300000000004161e+01,5.000000000000000000e-01
4.247400000000003928e+01,5.000000000000000000e-01
4.247500000000003695e+01,5.000000000000000000e-01
4.247600000000004172e+01,5.000000000000000000e-01
4.247700000000003939e+01,5.000000000000000000e-01
4.247800000000003706e+01,5.000000000000000000e-01
4.247900000000004184e+01,5.000000000000000000e-01
4.248000000000003951e+01,5.000000000000000000e-01
4.248100000000003718e+01,5.000000000000000000e-01
4.248200000000004195e+01,5.000000000000000000e-01
4.248300000000003962e+01,5.000000000000000000e-01
4.248400000000003729e+01,5.000000000000000000e-01
4.248500000000004206e+01,5.000000000000000000e-01
4.248600000000003973e+01,5.000000000000000000e-01
4.248700000000003740e+01,5.000000000000000000e-01
4.248800000000004218e+01,5.000000000000000000e-01
4.248900000000003985e+01,5.000000000000000000e-01
4.249000000000003752e+01,5.000000000000000000e-01
4.249100000000004229e+01,5.000000000000000000e-01
4.249200000000003996e+01,5.000000000000000000e-01
4.249300000000003763e+01,5.000000000000000000e-01
4.249400000000004241e+01,5.000000000000000000e-01
4.249500000000004007e+01,5.000000000000000000e-01
4.249600000000003774e+01,5.000000000000000000e-01
4.249700000000004252e+01,5.000000000000000000e-01
4.249800000000004019e+01,5.000000000000000000e-01
4.249900000000003786e+01,5.000000000000000000e-01
4.250000000000004263e+01,5.000000000000000000e-01
4.250100000000004030e+01,5.000000000000000000e-01
4.250200000000003797e+01,5.000000000000000000e-01
4.250300000000004275e+01,5.000000000000000000e-01
4.250400000000004042e+01,5.000000000000000000e-01
4.250500000000003809e+01,5.000000000000000000e-01
4.250600000000004286e+01,5.000000000000000000e-01
4.250700000000004053e+01,5.000000000000000000e-01
4.250800000000003820e+01,5.000000000000000000e-01
4.250900000000003587e+01,5.000000000000000000e-01
4.251000000000004064e+01,5.000000000000000000e-01
4.251100000000003831e+01,5.000000000000000000e-01
4.251200000000003598e+01,5.000000000000000000e-01
4.251300000000004076e+01,5.000000000000000000e-01
4.251400000000003843e+01,5.000000000000000000e-01
4.251500000000003610e+01,5.000000000000000000e-01
4.251600000000004087e+01,5.000000000000000000e-01
4.251700000000003854e+01,5.000000000000000000e-01
4.251800000000003621e+01,5.000000000000000000e-01
4.251900000000004098e+01,5.000000000000000000e-01
4.252000000000003865e+01,5.000000000000000000e-01
4.252100000000003632e+01,5.000000000000000000e-01
4.252200000000004110e+01,5.000000000000000000e-01
4.252300000000003877e+01,5.000000000000000000e-01
4.252400000000003644e+01,5.000000000000000000e-01
4.252500000000004121e+01,5.000000000000000000e-01
4.252600000000003888e+01,5.000000000000000000e-01
4.252700000000003655e+01,5.000000000000000000e-01
4.252800000000004133e+01,5.000000000000000000e-01
4.252900000000003899e+01,5.000000000000000000e-01
4.253000000000003666e+01,5.000000000000000000e-01
4.253100000000004144e+01,5.000000000000000000e-01
4.253200000000003911e+01,5.000000000000000000e-01
4.253300000000003678e+01,5.000000000000000000e-01
4.253400000000004155e+01,5.000000000000000000e-01
4.253500000000003922e+01,5.000000000000000000e-01
4.253600000000003689e+01,5.000000000000000000e-01
4.253700000000004167e+01,5.000000000000000000e-01
4.253800000000003934e+01,5.000000000000000000e-01
4.253900000000003701e+01,5.000000000000000000e-01
4.254000000000004178e+01,5.000000000000000000e-01
4.254100000000003945e+01,5.000000000000000000e-01
4.254200000000003712e+01,5.000000000000000000e-01
4.254300000000004189e+01,5.000000000000000000e-01
4.254400000000003956e+01,5.000000000000000000e-01
4.254500000000003723e+01,5.000000000000000000e-01
4.254600000000004201e+01,5.000000000000000000e-01
4.254700000000003968e+01,5.000000000000000000e-01
4.254800000000003735e+01,5.000000000000000000e-01
4.254900000000004212e+01,5.000000000000000000e-01
4.255000000000003979e+01,5.000000000000000000e-01
4.255100000000003746e+01,5.000000000000000000e-01
4.255200000000004223e+01,5.000000000000000000e-01
4.255300000000003990e+01,5.000000000000000000e-01
4.255400000000003757e+01,5.000000000000000000e-01
4.255500000000004235e+01,5.000000000000000000e-01
4.255600000000004002e+01,5.000000000000000000e-01
4.255700000000003769e+01,5.000000000000000000e-01
4.255800000000004246e+01,5.000000000000000000e-01
4.255900000000004013e+01,5.000000000000000000e-01
4.256000000000003780e+01,5.000000000000000000e-01
4.256100000000004258e+01,5.000000000000000000e-01
4.256200000000004025e+01,5.000000000000000000e-01
4.256300000000003791e+01,5.000000000000000000e-01
4.256400000000004269e+01,5.000000000000000000e-01
4.256500000000004036e+01,5.000000000000000000e-01
4.256600000000003803e+01,5.000000000000000000e-01
4.256700000000004280e+01,5.000000000000000000e-01
4.256800000000004047e+01,5.000000000000000000e-01
4.256900000000003814e+01,5.000000000000000000e-01
4.257000000000004292e+01,5.000000000000000000e-01
4.257100000000004059e+01,5.000000000000000000e-01
4.257200000000003826e+01,5.000000000000000000e-01
4.257300000000004303e+01,5.000000000000000000e-01
4.257400000000004070e+01,5.000000000000000000e-01
4.257500000000003837e+01,5.000000000000000000e-01
4.257600000000003604e+01,5.000000000000000000e-01
4.257700000000004081e+01,5.000000000000000000e-01
4.257800000000003848e+01,5.000000000000000000e-01
4.257900000000003615e+01,5.000000000000000000e-01
4.258000000000004093e+01,5.000000000000000000e-01
4.258100000000003860e+01,5.000000000000000000e-01
4.258200000000003627e+01,5.000000000000000000e-01
4.258300000000004104e+01,5.000000000000000000e-01
4.258400000000003871e+01,5.000000000000000000e-01
4.258500000000003638e+01,5.000000000000000000e-01
4.258600000000004115e+01,5.000000000000000000e-01
4.258700000000003882e+01,5.000000000000000000e-01
4.258800000000003649e+01,5.000000000000000000e-01
4.258900000000004127e+01,5.000000000000000000e-01
4.259000000000003894e+01,5.000000000000000000e-01
4.259100000000003661e+01,5.000000000000000000e-01
4.259200000000004138e+01,5.000000000000000000e-01
4.259300000000003905e+01,5.000000000000000000e-01
4.259400000000003672e+01,5.000000000000000000e-01
4.259500000000004150e+01,5.000000000000000000e-01
4.259600000000003917e+01,5.000000000000000000e-01
4.259700000000003683e+01,5.000000000000000000e-01
4.259800000000004161e+01,5.000000000000000000e-01
4.259900000000003928e+01,5.000000000000000000e-01
4.260000000000003695e+01,5.000000000000000000e-01
4.260100000000004172e+01,5.000000000000000000e-01
4.260200000000003939e+01,5.000000000000000000e-01
4.260300000000003706e+01,5.000000000000000000e-01
4.260400000000004184e+01,5.000000000000000000e-01
4.260500000000003951e+01,5.000000000000000000e-01
4.260600000000003718e+01,5.000000000000000000e-01
4.260700000000004195e+01,5.000000000000000000e-01
4.260800000000003962e+01,5.000000000000000000e-01
4.260900000000003729e+01,5.000000000000000000e-01
4.261000000000004206e+01,5.000000000000000000e-01
4.261100000000003973e+01,5.000000000000000000e-01
4.261200000000003740e+01,5.000000000000000000e-01
4.261300000000004218e+01,5.000000000000000000e-01
4.261400000000003985e+01,5.000000000000000000e-01
4.261500000000003752e+01,5.000000000000000000e-01
4.261600000000004229e+01,5.000000000000000000e-01
4.261700000000003996e+01,5.000000000000000000e-01
4.261800000000003763e+01,5.000000000000000000e-01
4.261900000000004241e+01,5.000000000000000000e-01
4.262000000000004007e+01,5.000000000000000000e-01
4.262100000000003774e+01,5.000000000000000000e-01
4.262200000000004252e+01,5.000000000000000000e-01
4.262300000000004019e+01,5.000000000000000000e-01
4.262400000000003786e+01,5.000000000000000000e-01
4.262500000000004263e+01,5.000000000000000000e-01
4.262600000000004030e+01,5.000000000000000000e-01
4.262700000000003797e+01,5.000000000000000000e-01
4.262800000000004275e+01,5.000000000000000000e-01
4.262900000000004042e+01,5.000000000000000000e-01
4.263000000000003809e+01,5.000000000000000000e-01
4.263100000000004286e+01,5.000000000000000000e-01
4.263200000000004053e+01,5.000000000000000000e-01
4.263300000000003820e+01,5.000000000000000000e-01
4.263400000000004297e+01,5.000000000000000000e-01
4.263500000000004064e+01,5.000000000000000000e-01
4.263600000000003831e+01,5.000000000000000000e-01
4.263700000000003598e+01,5.000000000000000000e-01
4.263800000000004076e+01,5.000000000000000000e-01
4.263900000000003843e+01,5.000000000000000000e-01
4.264000000000003610e+01,5.000000000000000000e-01
4.264100000000004087e+01,5.000000000000000000e-01
4.264200000000003854e+01,5.000000000000000000e-01
4.264300000000003621e+01,5.000000000000000000e-01
4.264400000000004098e+01,5.000000000000000000e-01
4.264500000000003865e+01,5.000000000000000000e-01
4.264600000000003632e+01,5.000000000000000000e-01
4.264700000000004110e+01,5.000000000000000000e-01
4.264800000000003877e+01,5.000000000000000000e-01
4.264900000000003644e+01,5.000000000000000000e-01
4.265000000000004121e+01,5.000000000000000000e-01
4.265100000000003888e+01,5.000000000000000000e-01
4.265200000000003655e+01,5.000000000000000000e-01
4.265300000000004133e+01,5.000000000000000000e-01
4.265400000000003899e+01,5.000000000000000000e-01
4.265500000000003666e+01,5.000000000000000000e-01
4.265600000000004144e+01,5.000000000000000000e-01
4.265700000000003911e+01,5.000000000000000000e-01
4.265800000000003678e+01,5.000000000000000000e-01
4.265900000000004155e+01,5.000000000000000000e-01
4.266000000000003922e+01,5.000000000000000000e-01
4.266100000000003689e+01,5.000000000000000000e-01
4.266200000000004167e+01,5.000000000000000000e-01
4.266300000000003934e+01,5.000000000000000000e-01
4.266400000000003701e+01,5.000000000000000000e-01
4.266500000000004178e+01,5.000000000000000000e-01
4.266600000000003945e+01,5.000000000000000000e-01
4.266700000000003712e+01,5.000000000000000000e-01
4.266800000000004189e+01,5.000000000000000000e-01
4.266900000000003956e+01,5.000000000000000000e-01
4.267000000000003723e+01,5.000000000000000000e-01
4.267100000000004201e+01,5.000000000000000000e-01
4.267200000000003968e+01,5.000000000000000000e-01
4.267300000000003735e+01,5.000000000000000000e-01
4.267400000000004212e+01,5.000000000000000000e-01
4.267500000000003979e+01,5.000000000000000000e-01
4.267600000000003746e+01,5.000000000000000000e-01
4.267700000000004223e+01,5.000000000000000000e-01
4.267800000000003990e+01,5.000000000000000000e-01
4.267900000000003757e+01,5.000000000000000000e-01
4.268000000000004235e+01,5.000000000000000000e-01
4.268100000000004002e+01,5.000000000000000000e-01
4.268200000000003769e+01,5.000000000000000000e-01
4.268300000000004246e+01,5.000000000000000000e-01
4.268400000000004013e+01,5.000000000000000000e-01
4.268500000000003780e+01,5.000000000000000000e-01
4.268600000000004258e+01,5.000000000000000000e-01
4.268700000000004025e+01,5.000000000000000000e-01
4.268800000000003791e+01,5.000000000000000000e-01
4.268900000000004269e+01,5.000000000000000000e-01
4.269000000000004036e+01,5.000000000000000000e-01
4.269100000000003803e+01,5.000000000000000000e-01
4.269200000000004280e+01,5.000000000000000000e-01
4.269300000000004047e+01,5.000000000000000000e-01
4.269400000000003814e+01,5.000000000000000000e-01
4.269500000000004292e+01,5.000000000000000000e-01
4.269600000000004059e+01,5.000000000000000000e-01
4.269700000000003826e+01,5.000000000000000000e-01
4.269800000000004303e+01,5.000000000000000000e-01
4.269900000000004070e+01,5.000000000000000000e-01
4.270000000000003837e+01,5.000000000000000000e-01
4.270100000000004314e+01,5.000000000000000000e-01
4.270200000000004081e+01,5.000000000000000000e-01
4.270300000000003848e+01,5.000000000000000000e-01
4.270400000000003615e+01,5.000000000000000000e-01
4.270500000000004093e+01,5.000000000000000000e-01
4.270600000000003860e+01,5.000000000000000000e-01
4.270700000000003627e+01,5.000000000000000000e-01
4.270800000000004104e+01,5.000000000000000000e-01
4.270900000000003871e+01,5.000000000000000000e-01
4.271000000000003638e+01,5.000000000000000000e-01
4.271100000000004115e+01,5.000000000000000000e-01
4.271200000000003882e+01,5.000000000000000000e-01
4.271300000000003649e+01,5.000000000000000000e-01
4.271400000000004127e+01,5.000000000000000000e-01
4.271500000000003894e+01,5.000000000000000000e-01
4.271600000000003661e+01,5.000000000000000000e-01
4.271700000000004138e+01,5.000000000000000000e-01
4.271800000000003905e+01,5.000000000000000000e-01
4.271900000000003672e+01,5.000000000000000000e-01
4.272000000000004150e+01,5.000000000000000000e-01
4.272100000000003917e+01,5.000000000000000000e-01
4.272200000000003683e+01,5.000000000000000000e-01
4.272300000000004161e+01,5.000000000000000000e-01
4.272400000000003928e+01,5.000000000000000000e-01
4.272500000000003695e+01,5.000000000000000000e-01
4.272600000000004172e+01,5.000000000000000000e-01
4.272700000000003939e+01,5.000000000000000000e-01
4.272800000000003706e+01,5.000000000000000000e-01
4.272900000000004184e+01,5.000000000000000000e-01
4.273000000000003951e+01,5.000000000000000000e-01
4.273100000000003718e+01,5.000000000000000000e-01
4.273200000000004195e+01,5.000000000000000000e-01
4.273300000000003962e+01,5.000000000000000000e-01
4.273400000000003729e+01,5.000000000000000000e-01
4.273500000000004206e+01,5.000000000000000000e-01
4.273600000000003973e+01,5.000000000000000000e-01
4.273700000000003740e+01,5.000000000000000000e-01
4.273800000000004218e+01,5.000000000000000000e-01
4.273900000000003985e+01,5.000000000000000000e-01
4.274000000000003752e+01,5.000000000000000000e-01
4.274100000000004229e+01,5.000000000000000000e-01
4.274200000000003996e+01,5.000000000000000000e-01
4.274300000000003763e+01,5.000000000000000000e-01
4.274400000000004241e+01,5.000000000000000000e-01
4.274500000000004007e+01,5.000000000000000000e-01
4.274600000000003774e+01,5.000000000000000000e-01
4.274700000000004252e+01,5.000000000000000000e-01
4.274800000000004019e+01,5.000000000000000000e-01
4.274900000000003786e+01,5.000000000000000000e-01
4.275000000000004263e+01,5.000000000000000000e-01
4.275100000000004030e+01,5.000000000000000000e-01
4.275200000000003797e+01,5.000000000000000000e-01
4.275300000000004275e+01,5.000000000000000000e-01
4.275400000000004042e+01,5.000000000000000000e-01
4.275500000000003809e+01,5.000000000000000000e-01
4.275600000000004286e+01,5.000000000000000000e-01
4.275700000000004053e+01,5.000000000000000000e-01
4.275800000000003820e+01,5.000000000000000000e-01
4.275900000000004297e+01,5.000000000000000000e-01
4.276000000000004064e+01,5.000000000000000000e-01
4.276100000000003831e+01,5.000000000000000000e-01
4.276200000000004309e+01,5.000000000000000000e-01
4.276300000000004076e+01,5.000000000000000000e-01
4.276400000000003843e+01,5.000000000000000000e-01
4.276500000000003610e+01,5.000000000000000000e-01
4.276600000000004087e+01,5.000000000000000000e-01
4.276700000000003854e+01,5.000000000000000000e-01
4.276800000000003621e+01,5.000000000000000000e-01
4.276900000000004098e+01,5.000000000000000000e-01
4.277000000000003865e+01,5.000000000000000000e-01
4.277100000000003632e+01,5.000000000000000000e-01
4.277200000000004110e+01,5.000000000000000000e-01
4.277300000000003877e+01,5.000000000000000000e-01
4.277400000000003644e+01,5.000000000000000000e-01
4.277500000000004121e+01,5.000000000000000000e-01
4.277600000000003888e+01,5.000000000000000000e-01
4.277700000000003655e+01,5.000000000000000000e-01
4.277800000000004133e+01,5.000000000000000000e-01
4.277900000000003899e+01,5.000000000000000000e-01
4.278000000000003666e+01,5.000000000000000000e-01
4.278100000000004144e+01,5.000000000000000000e-01
4.278200000000003911e+01,5.000000000000000000e-01
4.278300000000003678e+01,5.000000000000000000e-01
4.278400000000004155e+01,5.000000000000000000e-01
4.278500000000003922e+01,5.000000000000000000e-01
4.278600000000003689e+01,5.000000000000000000e-01
4.278700000000004167e+01,5.000000000000000000e-01
4.278800000000003934e+01,5.000000000000000000e-01
4.278900000000003701e+01,5.000000000000000000e-01
4.279000000000004178e+01,5.000000000000000000e-01
4.279100000000003945e+01,5.000000000000000000e-01
4.279200000000003712e+01,5.000000000000000000e-01
4.279300000000004189e+01,5.000000000000000000e-01
4.279400000000003956e+01,5.000000000000000000e-01
4.279500000000003723e+01,5.000000000000000000e-01
4.279600000000004201e+01,5.000000000000000000e-01
4.279700000000003968e+01,5.000000000000000000e-01
4.279800000000003735e+01,5.000000000000000000e-01
4.279900000000004212e+01,5.000000000000000000e-01
4.280000000000003979e+01,5.000000000000000000e-01
4.280100000000003746e+01,5.000000000000000000e-01
4.280200000000004223e+01,5.000000000000000000e-01
4.280300000000003990e+01,5.000000000000000000e-01
4.280400000000003757e+01,5.000000000000000000e-01
4.280500000000004235e+01,5.000000000000000000e-01
4.280600000000004002e+01,5.000000000000000000e-01
4.280700000000003769e+01,5.000000000000000000e-01
4.280800000000004246e+01,5.000000000000000000e-01
4.280900000000004013e+01,5.000000000000000000e-01
4.281000000000003780e+01,5.000000000000000000e-01
4.281100000000004258e+01,5.000000000000000000e-01
4.281200000000004025e+01,5.000000000000000000e-01
4.281300000000003791e+01,5.000000000000000000e-01
4.281400000000004269e+01,5.000000000000000000e-01
4.281500000000004036e+01,5.000000000000000000e-01
4.281600000000003803e+01,5.000000000000000000e-01
4.281700000000004280e+01,5.000000000000000000e-01
4.281800000000004047e+01,5.000000000000000000e-01
4.281900000000003814e+01,5.000000000000000000e-01
4.282000000000004292e+01,5.000000000000000000e-01
4.282100000000004059e+01,5.000000000000000000e-01
4.282200000000003826e+01,5.000000000000000000e-01
4.282300000000004303e+01,5.000000000000000000e-01
4.282400000000004070e+01,5.000000000000000000e-01
4.282500000000003837e+01,5.000000000000000000e-01
4.282600000000004314e+01,5.000000000000000000e-01
4.282700000000004081e+01,5.000000000000000000e-01
4.282800000000003848e+01,5.000000000000000000e-01
4.282900000000004326e+01,5.000000000000000000e-01
4.283000000000004093e+01,5.000000000000000000e-01
4.283100000000003860e+01,5.000000000000000000e-01
4.283200000000003627e+01,5.000000000000000000e-01
4.283300000000004104e+01,5.000000000000000000e-01
4.283400000000003871e+01,5.000000000000000000e-01
4.283500000000003638e+01,5.000000000000000000e-01
4.283600000000004115e+01,5.000000000000000000e-01
4.283700000000003882e+01,5.000000000000000000e-01
4.283800000000003649e+01,5.000000000000000000e-01
4.283900000000004127e+01,5.000000000000000000e-01
4.284000000000003894e+01,5.000000000000000000e-01
4.284100000000003661e+01,5.000000000000000000e-01
4.284200000000004138e+01,5.000000000000000000e-01
4.284300000000003905e+01,5.000000000000000000e-01
4.284400000000003672e+01,5.000000000000000000e-01
4.284500000000004150e+01,5.000000000000000000e-01
4.284600000000003917e+01,5.000000000000000000e-01
4.284700000000003683e+01,5.000000000000000000e-01
4.284800000000004161e+01,5.000000000000000000e-01
4.284900000000003928e+01,5.000000000000000000e-01
4.285000000000003695e+01,5.000000000000000000e-01
4.285100000000004172e+01,5.000000000000000000e-01
4.285200000000003939e+01,5.000000000000000000e-01
4.285300000000003706e+01,5.000000000000000000e-01
4.285400000000004184e+01,5.000000000000000000e-01
4.285500000000003951e+01,5.000000000000000000e-01
4.285600000000003718e+01,5.000000000000000000e-01
4.285700000000004195e+01,5.000000000000000000e-01
4.285800000000003962e+01,5.000000000000000000e-01
4.285900000000003729e+01,5.000000000000000000e-01
4.286000000000004206e+01,5.000000000000000000e-01
4.286100000000003973e+01,5.000000000000000000e-01
4.286200000000003740e+01,5.000000000000000000e-01
4.286300000000004218e+01,5.000000000000000000e-01
4.286400000000003985e+01,5.000000000000000000e-01
4.286500000000003752e+01,5.000000000000000000e-01
4.286600000000004229e+01,5.000000000000000000e-01
4.286700000000003996e+01,5.000000000000000000e-01
4.286800000000003763e+01,5.000000000000000000e-01
4.286900000000004241e+01,5.000000000000000000e-01
4.287000000000004007e+01,5.000000000000000000e-01
4.287100000000003774e+01,5.000000000000000000e-01
4.287200000000004252e+01,5.000000000000000000e-01
4.287300000000004019e+01,5.000000000000000000e-01
4.287400000000003786e+01,5.000000000000000000e-01
4.287500000000004263e+01,5.000000000000000000e-01
4.287600000000004030e+01,5.000000000000000000e-01
4.287700000000003797e+01,5.000000000000000000e-01
4.287800000000004275e+01,5.000000000000000000e-01
4.287900000000004042e+01,5.000000000000000000e-01
4.288000000000003809e+01,5.000000000000000000e-01
4.288100000000004286e+01,5.000000000000000000e-01
4.288200000000004053e+01,5.000000000000000000e-01
4.288300000000003820e+01,5.000000000000000000e-01
4.288400000000004297e+01,5.000000000000000000e-01
4.288500000000004064e+01,5.000000000000000000e-01
4.288600000000003831e+01,5.000000000000000000e-01
4.288700000000004309e+01,5.000000000000000000e-01
4.288800000000004076e+01,5.000000000000000000e-01
4.288900000000003843e+01,5.000000000000000000e-01
4.289000000000004320e+01,5.000000000000000000e-01
4.289100000000004087e+01,5.000000000000000000e-01
4.289200000000003854e+01,5.000000000000000000e-01
4.289300000000003621e+01,5.000000000000000000e-01
4.289400000000004098e+01,5.000000000000000000e-01
4.289500000000003865e+01,5.000000000000000000e-01
4.289600000000003632e+01,5.000000000000000000e-01
4.289700000000004110e+01,5.000000000000000000e-01
4.289800000000003877e+01,5.000000000000000000e-01
4.289900000000003644e+01,5.000000000000000000e-01
4.290000000000004121e+01,5.000000000000000000e-01
4.290100000000003888e+01,5.000000000000000000e-01
4.290200000000003655e+01,5.000000000000000000e-01
4.290300000000004133e+01,5.000000000000000000e-01
4.290400000000003899e+01,5.000000000000000000e-01
4.290500000000003666e+01,5.000000000000000000e-01
4.290600000000004144e+01,5.000000000000000000e-01
4.290700000000003911e+01,5.000000000000000000e-01
4.290800000000003678e+01,5.000000000000000000e-01
4.290900000000004155e+01,5.000000000000000000e-01
4.291000000000003922e+01,5.000000000000000000e-01
4.291100000000003689e+01,5.000000000000000000e-01
4.291200000000004167e+01,5.000000000000000000e-01
4.291300000000003934e+01,5.000000000000000000e-01
4.291400000000003701e+01,5.000000000000000000e-01
4.291500000000004178e+01,5.000000000000000000e-01
4.291600000000003945e+01,5.000000000000000000e-01
4.291700000000003712e+01,5.000000000000000000e-01
4.291800000000004189e+01,5.000000000000000000e-01
4.291900000000003956e+01,5.000000000000000000e-01
4.292000000000003723e+01,5.000000000000000000e-01
4.292100000000004201e+01,5.000000000000000000e-01
4.292200000000003968e+01,5.000000000000000000e-01
4.292300000000003735e+01,5.000000000000000000e-01
4.292400000000004212e+01,5.000000000000000000e-01
4.292500000000003979e+01,5.000000000000000000e-01
4.292600000000003746e+01,5.000000000000000000e-01
4.292700000000004223e+01,5.000000000000000000e-01
4.292800000000003990e+01,5.000000000000000000e-01
4.292900000000003757e+01,5.000000000000000000e-01
4.293000000000004235e+01,5.000000000000000000e-01
4.293100000000004002e+01,5.000000000000000000e-01
4.293200000000003769e+01,5.000000000000000000e-01
4.293300000000004246e+01,5.000000000000000000e-01
4.293400000000004013e+01,5.000000000000000000e-01
4.293500000000003780e+01,5.000000000000000000e-01
4.293600000000004258e+01,5.000000000000000000e-01
4.293700000000004025e+01,5.000000000000000000e-01
4.293800000000003791e+01,5.000000000000000000e-01
4.293900000000004269e+01,5.000000000000000000e-01
4.294000000000004036e+01,5.000000000000000000e-01
4.294100000000003803e+01,5.000000000000000000e-01
4.294200000000004280e+01,5.000000000000000000e-01
4.294300000000004047e+01,5.000000000000000000e-01
4.294400000000003814e+01,5.000000000000000000e-01
4.294500000000004292e+01,5.000000000000000000e-01
4.294600000000004059e+01,5.000000000000000000e-01
4.294700000000003826e+01,5.000000000000000000e-01
4.294800000000004303e+01,5.000000000000000000e-01
4.294900000000004070e+01,5.000000000000000000e-01
4.295000000000003837e+01,5.000000000000000000e-01
4.295100000000004314e+01,5.000000000000000000e-01
4.295200000000004081e+01,5.000000000000000000e-01
4.295300000000003848e+01,5.000000000000000000e-01
4.295400000000004326e+01,5.000000000000000000e-01
4.295500000000004093e+01,5.000000000000000000e-01
4.295600000000003860e+01,5.000000000000000000e-01
4.295700000000004337e+01,5.000000000000000000e-01
4.295800000000004104e+01,5.000000000000000000e-01
4.295900000000003871e+01,5.000000000000000000e-01
4.296000000000003638e+01,5.000000000000000000e-01
4.296100000000004115e+01,5.000000000000000000e-01
4.296200000000003882e+01,5.000000000000000000e-01
4.296300000000003649e+01,5.000000000000000000e-01
4.296400000000004127e+01,5.000000000000000000e-01
4.296500000000003894e+01,5.000000000000000000e-01
4.296600000000003661e+01,5.000000000000000000e-01
4.296700000000004138e+01,5.000000000000000000e-01
4.296800000000003905e+01,5.000000000000000000e-01
4.296900000000003672e+01,5.000000000000000000e-01
4.297000000000004150e+01,5.000000000000000000e-01
4.297100000000003917e+01,5.000000000000000000e-01
4.297200000000003683e+01,5.000000000000000000e-01
4.297300000000004161e+01,5.000000000000000000e-01
4.297400000000003928e+01,5.000000000000000000e-01
4.297500000000003695e+01,5.000000000000000000e-01
4.297600000000004172e+01,5.000000000000000000e-01
4.297700000000003939e+01,5.000000000000000000e-01
4.297800000000003706e+01,5.000000000000000000e-01
4.297900000000004184e+01,5.000000000000000000e-01
4.298000000000003951e+01,5.000000000000000000e-01
4.298100000000003718e+01,5.000000000000000000e-01
4.298200000000004195e+01,5.000000000000000000e-01
4.298300000000003962e+01,5.000000000000000000e-01
4.298400000000003729e+01,5.000000000000000000e-01
4.298500000000004206e+01,5.000000000000000000e-01
4.298600000000003973e+01,5.000000000000000000e-01
4.298700000000003740e+01,5.000000000000000000e-01
4.298800000000004218e+01,5.000000000000000000e-01
4.298900000000003985e+01,5.000000000000000000e-01
4.299000000000003752e+01,5.000000000000000000e-01
4.299100000000004229e+01,5.000000000000000000e-01
4.299200000000003996e+01,5.000000000000000000e-01
4.299300000000003763e+01,5.000000000000000000e-01
4.299400000000004241e+01,5.000000000000000000e-01
4.299500000000004007e+01,5.000000000000000000e-01
4.299600000000003774e+01,5.000000000000000000e-01
4.299700000000004252e+01,5.000000000000000000e-01
4.299800000000004019e+01,5.000000000000000000e-01
4.299900000000003786e+01,5.000000000000000000e-01
4.300000000000004263e+01,5.000000000000000000e-01
4.300100000000004030e+01,5.000000000000000000e-01
4.300200000000003797e+01,5.000000000000000000e-01
4.300300000000004275e+01,5.000000000000000000e-01
4.300400000000004042e+01,5.000000000000000000e-01
4.300500000000003809e+01,5.000000000000000000e-01
4.300600000000004286e+01,5.000000000000000000e-01
4.300700000000004053e+01,5.000000000000000000e-01
4.300800000000003820e+01,5.000000000000000000e-01
4.300900000000004297e+01,5.000000000000000000e-01
4.301000000000004064e+01,5.000000000000000000e-01
4.301100000000003831e+01,5.000000000000000000e-01
4.301200000000004309e+01,5.000000000000000000e-01
4.301300000000004076e+01,5.000000000000000000e-01
4.301400000000003843e+01,5.000000000000000000e-01
4.301500000000004320e+01,5.000000000000000000e-01
4.301600000000004087e+01,5.000000000000000000e-01
4.301700000000003854e+01,5.000000000000000000e-01
4.301800000000004331e+01,5.000000000000000000e-01
4.301900000000004098e+01,5.000000000000000000e-01
4.302000000000003865e+01,5.000000000000000000e-01
4.302100000000003632e+01,5.000000000000000000e-01
4.302200000000004110e+01,5.000000000000000000e-01
4.302300000000003877e+01,5.000000000000000000e-01
4.302400000000003644e+01,5.000000000000000000e-01
4.302500000000004121e+01,5.000000000000000000e-01
4.302600000000003888e+01,5.000000000000000000e-01
4.302700000000003655e+01,5.000000000000000000e-01
4.302800000000004133e+01,5.000000000000000000e-01
4.302900000000003899e+01,5.000000000000000000e-01
4.303000000000003666e+01,5.000000000000000000e-01
4.303100000000004144e+01,5.000000000000000000e-01
4.303200000000003911e+01,5.000000000000000000e-01
4.303300000000003678e+01,5.000000000000000000e-01
4.303400000000004155e+01,5.000000000000000000e-01
4.303500000000003922e+01,5.000000000000000000e-01
4.303600000000003689e+01,5.000000000000000000e-01
4.303700000000004167e+01,5.000000000000000000e-01
4.303800000000003934e+01,5.000000000000000000e-01
4.303900000000003701e+01,5.000000000000000000e-01
4.304000000000004178e+01,5.000000000000000000e-01
4.304100000000003945e+01,5.000000000000000000e-01
4.304200000000003712e+01,5.000000000000000000e-01
4.304300000000004189e+01,5.000000000000000000e-01
4.304400000000003956e+01,5.000000000000000000e-01
4.304500000000003723e+01,5.000000000000000000e-01
4.304600000000004201e+01,5.000000000000000000e-01
4.304700000000003968e+01,5.000000000000000000e-01
4.304800000000003735e+01,5.000000000000000000e-01
4.304900000000004212e+01,5.000000000000000000e-01
4.305000000000003979e+01,5.000000000000000000e-01
4.305100000000003746e+01,5.000000000000000000e-01
4.305200000000004223e+01,5.000000000000000000e-01
4.305300000000003990e+01,5.000000000000000000e-01
4.305400000000003757e+01,5.000000000000000000e-01
4.305500000000004235e+01,5.000000000000000000e-01
4.305600000000004002e+01,5.000000000000000000e-01
4.305700000000003769e+01,5.000000000000000000e-01
4.305800000000004246e+01,5.000000000000000000e-01
4.305900000000004013e+01,5.000000000000000000e-01
4.306000000000003780e+01,5.000000000000000000e-01
4.306100000000004258e+01,5.000000000000000000e-01
4.306200000000004025e+01,5.000000000000000000e-01
4.306300000000003791e+01,5.000000000000000000e-01
4.306400000000004269e+01,5.000000000000000000e-01
4.306500000000004036e+01,5.000000000000000000e-01
4.306600000000003803e+01,5.000000000000000000e-01
4.306700000000004280e+01,5.000000000000000000e-01
4.306800000000004047e+01,5.000000000000000000e-01
4.306900000000003814e+01,5.000000000000000000e-01
4.307000000000004292e+01,5.000000000000000000e-01
4.307100000000004059e+01,5.000000000000000000e-01
4.307200000000003826e+01,5.000000000000000000e-01
4.307300000000004303e+01,5.000000000000000000e-01
4.307400000000004070e+01,5.000000000000000000e-01
4.307500000000003837e+01,5.000000000000000000e-01
4.307600000000004314e+01,5.000000000000000000e-01
4.307700000000004081e+01,5.000000000000000000e-01
4.307800000000003848e+01,5.000000000000000000e-01
4.307900000000004326e+01,5.000000000000000000e-01
4.308000000000004093e+01,5.000000000000000000e-01
4.308100000000003860e+01,5.000000000000000000e-01
4.308200000000004337e+01,5.000000000000000000e-01
4.308300000000004104e+01,5.000000000000000000e-01
4.308400000000003871e+01,5.000000000000000000e-01
4.308500000000004349e+01,5.000000000000000000e-01
4.308600000000004115e+01,5.000000000000000000e-01
4.308700000000003882e+01,5.000000000000000000e-01
4.308800000000003649e+01,5.000000000000000000e-01
4.308900000000004127e+01,5.000000000000000000e-01
4.309000000000003894e+01,5.000000000000000000e-01
4.309100000000003661e+01,5.000000000000000000e-01
4.309200000000004138e+01,5.000000000000000000e-01
4.309300000000003905e+01,5.000000000000000000e-01
4.309400000000003672e+01,5.000000000000000000e-01
4.309500000000004150e+01,5.000000000000000000e-01
4.309600000000003917e+01,5.000000000000000000e-01
4.309700000000003683e+01,5.000000000000000000e-01
4.309800000000004161e+01,5.000000000000000000e-01
4.309900000000003928e+01,5.000000000000000000e-01
4.310000000000003695e+01,5.000000000000000000e-01
4.310100000000004172e+01,5.000000000000000000e-01
4.310200000000003939e+01,5.000000000000000000e-01
4.310300000000003706e+01,5.000000000000000000e-01
4.310400000000004184e+01,5.000000000000000000e-01
4.310500000000003951e+01,5.000000000000000000e-01
4.310600000000003718e+01,5.000000000000000000e-01
4.310700000000004195e+01,5.000000000000000000e-01
4.310800000000003962e+01,5.000000000000000000e-01
4.310900000000003729e+01,5.000000000000000000e-01
4.311000000000004206e+01,5.000000000000000000e-01
4.311100000000003973e+01,5.000000000000000000e-01
4.311200000000003740e+01,5.000000000000000000e-01
4.311300000000004218e+01,5.000000000000000000e-01
4.311400000000003985e+01,5.000000000000000000e-01
4.311500000000003752e+01,5.000000000000000000e-01
4.311600000000004229e+01,5.000000000000000000e-01
4.311700000000003996e+01,5.000000000000000000e-01
4.311800000000003763e+01,5.000000000000000000e-01
4.311900000000004241e+01,5.000000000000000000e-01
4.312000000000004007e+01,5.000000000000000000e-01
4.312100000000003774e+01,5.000000000000000000e-01
4.312200000000004252e+01,5.000000000000000000e-01
4.312300000000004019e+01,5.000000000000000000e-01
4.312400000000003786e+01,5.000000000000000000e-01
4.312500000000004263e+01,5.000000000000000000e-01
4.312600000000004030e+01,5.000000000000000000e-01
4.312700000000003797e+01,5.000000000000000000e-01
4.312800000000004275e+01,5.000000000000000000e-01
4.312900000000004042e+01,5.000000000000000000e-01
4.313000000000003809e+01,5.000000000000000000e-01
4.313100000000004286e+01,5.000000000000000000e-01
4.313200000000004053e+01,5.000000000000000000e-01
4.313300000000003820e+01,5.000000000000000000e-01
4.313400000000004297e+01,5.000000000000000000e-01
4.313500000000004064e+01,5.000000000000000000e-01
4.313600000000003831e+01,5.000000000000000000e-01
4.313700000000004309e+01,5.000000000000000000e-01
4.313800000000004076e+01,5.000000000000000000e-01
4.313900000000003843e+01,5.000000000000000000e-01
4.314000000000004320e+01,5.000000000000000000e-01
4.314100000000004087e+01,5.000000000000000000e-01
4.314200000000003854e+01,5.000000000000000000e-01
4.314300000000004331e+01,5.000000000000000000e-01
4.314400000000004098e+01,5.000000000000000000e-01
4.314500000000003865e+01,5.000000000000000000e-01
4.314600000000004343e+01,5.000000000000000000e-01
4.314700000000004110e+01,5.000000000000000000e-01
4.314800000000003877e+01,5.000000000000000000e-01
4.314900000000003644e+01,5.000000000000000000e-01
4.315000000000004121e+01,5.000000000000000000e-01
4.315100000000003888e+01,5.000000000000000000e-01
4.315200000000003655e+01,5.000000000000000000e-01
4.315300000000004133e+01,5.000000000000000000e-01
4.315400000000003899e+01,5.000000000000000000e-01
4.315500000000003666e+01,5.000000000000000000e-01
4.315600000000004144e+01,5.000000000000000000e-01
4.315700000000003911e+01,5.000000000000000000e-01
4.315800000000003678e+01,5.000000000000000000e-01
4.315900000000004155e+01,5.000000000000000000e-01
4.316000000000003922e+01,5.000000000000000000e-01
4.316100000000003689e+01,5.000000000000000000e-01
4.316200000000004167e+01,5.000000000000000000e-01
4.316300000000003934e+01,5.000000000000000000e-01
4.316400000000003701e+01,5.000000000000000000e-01
4.316500000000004178e+01,5.000000000000000000e-01
4.316600000000003945e+01,5.000000000000000000e-01
4.316700000000003712e+01,5.000000000000000000e-01
4.316800000000004189e+01,5.000000000000000000e-01
4.316900000000003956e+01,5.000000000000000000e-01
4.317000000000003723e+01,5.000000000000000000e-01
4.317100000000004201e+01,5.000000000000000000e-01
4.317200000000003968e+01,5.000000000000000000e-01
4.317300000000003735e+01,5.000000000000000000e-01
4.317400000000004212e+01,5.000000000000000000e-01
4.317500000000003979e+01,5.000000000000000000e-01
4.317600000000003746e+01,5.000000000000000000e-01
4.317700000000004223e+01,5.000000000000000000e-01
4.317800000000003990e+01,5.000000000000000000e-01
4.317900000000003757e+01,5.000000000000000000e-01
4.318000000000004235e+01,5.000000000000000000e-01
4.318100000000004002e+01,5.000000000000000000e-01
4.318200000000003769e+01,5.000000000000000000e-01
4.318300000000004246e+01,5.000000000000000000e-01
4.318400000000004013e+01,5.000000000000000000e-01
4.318500000000003780e+01,5.000000000000000000e-01
4.318600000000004258e+01,5.000000000000000000e-01
4.318700000000004025e+01,5.000000000000000000e-01
4.318800000000003791e+01,5.000000000000000000e-01
4.318900000000004269e+01,5.000000000000000000e-01
4.319000000000004036e+01,5.000000000000000000e-01
4.319100000000003803e+01,5.000000000000000000e-01
4.319200000000004280e+01,5.000000000000000000e-01
4.319300000000004047e+01,5.000000000000000000e-01
4.319400000000003814e+01,5.000000000000000000e-01
4.319500000000004292e+01,5.000000000000000000e-01
4.319600000000004059e+01,5.000000000000000000e-01
4.319700000000003826e+01,5.000000000000000000e-01
4.319800000000004303e+01,5.000000000000000000e-01
4.319900000000004070e+01,5.000000000000000000e-01
4.320000000000003837e+01,5.000000000000000000e-01
4.320100000000004314e+01,5.000000000000000000e-01
4.320200000000004081e+01,5.000000000000000000e-01
4.320300000000003848e+01,5.000000000000000000e-01
4.320400000000004326e+01,5.000000000000000000e-01
4.320500000000004093e+01,5.000000000000000000e-01
4.320600000000003860e+01,5.000000000000000000e-01
4.320700000000004337e+01,5.000000000000000000e-01
4.320800000000004104e+01,5.000000000000000000e-01
4.320900000000003871e+01,5.000000000000000000e-01
4.321000000000004349e+01,5.000000000000000000e-01
4.321100000000004115e+01,5.000000000000000000e-01
4.321200000000003882e+01,5.000000000000000000e-01
4.321300000000004360e+01,5.000000000000000000e-01
4.321400000000004127e+01,5.000000000000000000e-01
4.321500000000003894e+01,5.000000000000000000e-01
4.321600000000003661e+01,5.000000000000000000e-01
4.321700000000004138e+01,5.000000000000000000e-01
4.321800000000003905e+01,5.000000000000000000e-01
4.321900000000003672e+01,5.000000000000000000e-01
4.322000000000004150e+01,5.000000000000000000e-01
4.322100000000003917e+01,5.000000000000000000e-01
4.322200000000003683e+01,5.000000000000000000e-01
4.322300000000004161e+01,5.000000000000000000e-01
4.322400000000003928e+01,5.000000000000000000e-01
4.322500000000003695e+01,5.000000000000000000e-01
4.322600000000004172e+01,5.000000000000000000e-01
4.322700000000003939e+01,5.000000000000000000e-01
4.322800000000003706e+01,5.000000000000000000e-01
4.322900000000004184e+01,5.000000000000000000e-01
4.323000000000003951e+01,5.000000000000000000e-01
4.323100000000003718e+01,5.000000000000000000e-01
4.323200000000004195e+01,5.000000000000000000e-01
4.323300000000003962e+01,5.000000000000000000e-01
4.323400000000003729e+01,5.000000000000000000e-01
4.323500000000004206e+01,5.000000000000000000e-01
4.323600000000003973e+01,5.000000000000000000e-01
4.323700000000003740e+01,5.000000000000000000e-01
4.323800000000004218e+01,5.000000000000000000e-01
4.323900000000003985e+01,5.000000000000000000e-01
4.324000000000003752e+01,5.000000000000000000e-01
4.324100000000004229e+01,5.000000000000000000e-01
4.324200000000003996e+01,5.000000000000000000e-01
4.324300000000003763e+01,5.000000000000000000e-01
4.324400000000004241e+01,5.000000000000000000e-01
4.324500000000004007e+01,5.000000000000000000e-01
4.324600000000003774e+01,5.000000000000000000e-01
4.324700000000004252e+01,5.000000000000000000e-01
4.324800000000004019e+01,5.000000000000000000e-01
4.324900000000003786e+01,5.000000000000000000e-01
4.325000000000004263e+01,5.000000000000000000e-01
4.325100000000004030e+01,5.000000000000000000e-01
4.325200000000003797e+01,5.000000000000000000e-01
4.325300000000004275e+01,5.000000000000000000e-01
4.325400000000004042e+01,5.000000000000000000e-01
4.325500000000003809e+01,5.000000000000000000e-01
4.325600000000004286e+01,5.000000000000000000e-01
4.325700000000004053e+01,5.000000000000000000e-01
4.325800000000003820e+01,5.000000000000000000e-01
4.325900000000004297e+01,5.000000000000000000e-01
4.326000000000004064e+01,5.000000000000000000e-01
4.326100000000003831e+01,5.000000000000000000e-01
4.326200000000004309e+01,5.000000000000000000e-01
4.326300000000004076e+01,5.000000000000000000e-01
4.326400000000003843e+01,5.000000000000000000e-01
4.326500000000004320e+01,5.000000000000000000e-01
4.326600000000004087e+01,5.000000000000000000e-01
4.326700000000003854e+01,5.000000000000000000e-01
4.326800000000004331e+01,5.000000000000000000e-01
4.326900000000004098e+01,5.000000000000000000e-01
4.327000000000003865e+01,5.000000000000000000e-01
4.327100000000004343e+01,5.000000000000000000e-01
4.327200000000004110e+01,5.000000000000000000e-01
4.327300000000003877e+01,5.000000000000000000e-01
4.327400000000004354e+01,5.000000000000000000e-01
4.327500000000004121e+01,5.000000000000000000e-01
4.327600000000003888e+01,5.000000000000000000e-01
4.327700000000003655e+01,5.000000000000000000e-01
4.327800000000004133e+01,5.000000000000000000e-01
4.327900000000003899e+01,5.000000000000000000e-01
4.328000000000003666e+01,5.000000000000000000e-01
4.328100000000004144e+01,5.000000000000000000e-01
4.328200000000003911e+01,5.000000000000000000e-01
4.328300000000003678e+01,5.000000000000000000e-01
4.328400000000004155e+01,5.000000000000000000e-01
4.328500000000003922e+01,5.000000000000000000e-01
4.328600000000003689e+01,5.000000000000000000e-01
4.328700000000004167e+01,5.000000000000000000e-01
4.328800000000003934e+01,5.000000000000000000e-01
4.328900000000003701e+01,5.000000000000000000e-01
4.329000000000004178e+01,5.000000000000000000e-01
4.329100000000003945e+01,5.000000000000000000e-01
4.329200000000003712e+01,5.000000000000000000e-01
4.329300000000004189e+01,5.000000000000000000e-01
4.329400000000003956e+01,5.000000000000000000e-01
4.329500000000003723e+01,5.000000000000000000e-01
4.329600000000004201e+01,5.000000000000000000e-01
4.329700000000003968e+01,5.000000000000000000e-01
4.329800000000003735e+01,5.000000000000000000e-01
4.329900000000004212e+01,5.000000000000000000e-01
4.330000000000003979e+01,5.000000000000000000e-01
4.330100000000003746e+01,5.000000000000000000e-01
4.330200000000004223e+01,5.000000000000000000e-01
4.330300000000003990e+01,5.000000000000000000e-01
4.330400000000003757e+01,5.000000000000000000e-01
4.330500000000004235e+01,5.000000000000000000e-01
4.330600000000004002e+01,5.000000000000000000e-01
4.330700000000003769e+01,5.000000000000000000e-01
4.330800000000004246e+01,5.000000000000000000e-01
4.330900000000004013e+01,5.000000000000000000e-01
4.331000000000003780e+01,5.000000000000000000e-01
4.331100000000004258e+01,5.000000000000000000e-01
4.331200000000004025e+01,5.000000000000000000e-01
4.331300000000003791e+01,5.000000000000000000e-01
4.331400000000004269e+01,5.000000000000000000e-01
4.331500000000004036e+01,5.000000000000000000e-01
4.331600000000003803e+01,5.000000000000000000e-01
4.331700000000004280e+01,5.000000000000000000e-01
4.331800000000004047e+01,5.000000000000000000e-01
4.331900000000003814e+01,5.000000000000000000e-01
4.332000000000004292e+01,5.000000000000000000e-01
4.332100000000004059e+01,5.000000000000000000e-01
4.332200000000003826e+01,5.000000000000000000e-01
4.332300000000004303e+01,5.000000000000000000e-01
4.332400000000004070e+01,5.000000000000000000e-01
4.332500000000003837e+01,5.000000000000000000e-01
4.332600000000004314e+01,5.000000000000000000e-01
4.332700000000004081e+01,5.000000000000000000e-01
4.332800000000003848e+01,5.000000000000000000e-01
4.332900000000004326e+01,5.000000000000000000e-01
4.333000000000004093e+01,5.000000000000000000e-01
4.333100000000003860e+01,5.000000000000000000e-01
4.333200000000004337e+01,5.000000000000000000e-01
4.333300000000004104e+01,5.000000000000000000e-01
4.333400000000003871e+01,5.000000000000000000e-01
4.333500000000004349e+01,5.000000000000000000e-01
4.333600000000004115e+01,5.000000000000000000e-01
4.333700000000003882e+01,5.000000000000000000e-01
4.333800000000004360e+01,5.000000000000000000e-01
4.333900000000004127e+01,5.000000000000000000e-01
4.334000000000003894e+01,5.000000000000000000e-01
4.334100000000004371e+01,5.000000000000000000e-01
4.334200000000004138e+01,5.000000000000000000e-01
4.334300000000003905e+01,5.000000000000000000e-01
4.334400000000003672e+01,5.000000000000000000e-01
4.334500000000004150e+01,5.000000000000000000e-01
4.334600000000003917e+01,5.000000000000000000e-01
4.334700000000003683e+01,5.000000000000000000e-01
4.334800000000004161e+01,5.000000000000000000e-01
4.334900000000003928e+01,5.000000000000000000e-01
4.335000000000003695e+01,5.000000000000000000e-01
4.335100000000004172e+01,5.000000000000000000e-01
4.335200000000003939e+01,5.000000000000000000e-01
4.335300000000003706e+01,5.000000000000000000e-01
4.335400000000004184e+01,5.000000000000000000e-01
4.335500000000003951e+01,5.000000000000000000e-01
4.335600000000003718e+01,5.000000000000000000e-01
4.335700000000004195e+01,5.000000000000000000e-01
4.335800000000003962e+01,5.000000000000000000e-01
4.335900000000003729e+01,5.000000000000000000e-01
4.336000000000004206e+01,5.000000000000000000e-01
4.336100000000003973e+01,5.000000000000000000e-01
4.336200000000003740e+01,5.000000000000000000e-01
4.336300000000004218e+01,5.000000000000000000e-01
4.336400000000003985e+01,5.000000000000000000e-01
4.336500000000003752e+01,5.000000000000000000e-01
4.336600000000004229e+01,5.000000000000000000e-01
4.336700000000003996e+01,5.000000000000000000e-01
4.336800000000003763e+01,5.000000000000000000e-01
4.336900000000004241e+01,5.000000000000000000e-01
4.337000000000004007e+01,5.000000000000000000e-01
4.337100000000003774e+01,5.000000000000000000e-01
4.337200000000004252e+01,5.000000000000000000e-01
4.337300000000004019e+01,5.000000000000000000e-01
4.337400000000003786e+01,5.000000000000000000e-01
4.337500000000004263e+01,5.000000000000000000e-01
4.337600000000004030e+01,5.000000000000000000e-01
4.337700000000003797e+01,5.000000000000000000e-01
4.337800000000004275e+01,5.000000000000000000e-01
4.337900000000004042e+01,5.000000000000000000e-01
4.338000000000003809e+01,5.000000000000000000e-01
4.338100000000004286e+01,5.000000000000000000e-01
4.338200000000004053e+01,5.000000000000000000e-01
4.338300000000003820e+01,5.000000000000000000e-01
4.338400000000004297e+01,5.000000000000000000e-01
4.338500000000004064e+01,5.000000000000000000e-01
4.338600000000003831e+01,5.000000000000000000e-01
4.338700000000004309e+01,5.000000000000000000e-01
4.338800000000004076e+01,5.000000000000000000e-01
4.338900000000003843e+01,5.000000000000000000e-01
4.339000000000004320e+01,5.000000000000000000e-01
4.339100000000004087e+01,5.000000000000000000e-01
4.339200000000003854e+01,5.000000000000000000e-01
4.339300000000004331e+01,5.000000000000000000e-01
4.339400000000004098e+01,5.000000000000000000e-01
4.339500000000003865e+01,5.000000000000000000e-01
4.339600000000004343e+01,5.000000000000000000e-01
4.339700000000004110e+01,5.000000000000000000e-01
4.339800000000003877e+01,5.000000000000000000e-01
4.339900000000004354e+01,5.000000000000000000e-01
4.340000000000004121e+01,5.000000000000000000e-01
4.340100000000003888e+01,5.000000000000000000e-01
4.340200000000004366e+01,5.000000000000000000e-01
4.340300000000004133e+01,5.000000000000000000e-01
4.340400000000003899e+01,5.000000000000000000e-01
4.340500000000003666e+01,5.000000000000000000e-01
4.340600000000004144e+01,5.000000000000000000e-01
4.340700000000003911e+01,5.000000000000000000e-01
4.340800000000003678e+01,5.000000000000000000e-01
4.340900000000004155e+01,5.000000000000000000e-01
4.341000000000003922e+01,5.000000000000000000e-01
4.341100000000003689e+01,5.000000000000000000e-01
4.341200000000004167e+01,5.000000000000000000e-01
4.341300000000003934e+01,5.000000000000000000e-01
4.341400000000003701e+01,5.000000000000000000e-01
4.341500000000004178e+01,5.000000000000000000e-01
4.341600000000003945e+01,5.000000000000000000e-01
4.341700000000003712e+01,5.000000000000000000e-01
4.341800000000004189e+01,5.000000000000000000e-01
4.341900000000003956e+01,5.000000000000000000e-01
4.342000000000003723e+01,5.000000000000000000e-01
4.342100000000004201e+01,5.000000000000000000e-01
4.342200000000003968e+01,5.000000000000000000e-01
4.342300000000003735e+01,5.000000000000000000e-01
4.342400000000004212e+01,5.000000000000000000e-01
4.342500000000003979e+01,5.000000000000000000e-01
4.342600000000003746e+01,5.000000000000000000e-01
4.342700000000004223e+01,5.000000000000000000e-01
4.342800000000003990e+01,5.000000000000000000e-01
4.342900000000003757e+01,5.000000000000000000e-01
4.343000000000004235e+01,5.000000000000000000e-01
4.343100000000004002e+01,5.000000000000000000e-01
4.343200000000003769e+01,5.000000000000000000e-01
4.343300000000004246e+01,5.000000000000000000e-01
4.343400000000004013e+01,5.000000000000000000e-01
4.343500000000003780e+01,5.000000000000000000e-01
4.343600000000004258e+01,5.000000000000000000e-01
4.343700000000004025e+01,5.000000000000000000e-01
4.343800000000003791e+01,5.000000000000000000e-01
4.343900000000004269e+01,5.000000000000000000e-01
4.344000000000004036e+01,5.000000000000000000e-01
4.344100000000003803e+01,5.000000000000000000e-01
4.344200000000004280e+01,5.000000000000000000e-01
4.344300000000004047e+01,5.000000000000000000e-01
4.344400000000003814e+01,5.000000000000000000e-01
4.344500000000004292e+01,5.000000000000000000e-01
4.344600000000004059e+01,5.000000000000000000e-01
4.344700000000003826e+01,5.000000000000000000e-01
4.344800000000004303e+01,5.000000000000000000e-01
4.344900000000004070e+01,5.000000000000000000e-01
4.345000000000003837e+01,5.000000000000000000e-01
4.345100000000004314e+01,5.000000000000000000e-01
4.345200000000004081e+01,5.000000000000000000e-01
4.345300000000003848e+01,5.000000000000000000e-01
4.345400000000004326e+01,5.000000000000000000e-01
4.345500000000004093e+01,5.000000000000000000e-01
4.345600000000003860e+01,5.000000000000000000e-01
4.345700000000004337e+01,5.000000000000000000e-01
4.345800000000004104e+01,5.000000000000000000e-01
4.345900000000003871e+01,5.000000000000000000e-01
4.346000000000004349e+01,5.000000000000000000e-01
4.346100000000004115e+01,5.000000000000000000e-01
4.346200000000003882e+01,5.000000000000000000e-01
4.346300000000004360e+01,5.000000000000000000e-01
4.346400000000004127e+01,5.000000000000000000e-01
4.346500000000003894e+01,5.000000000000000000e-01
4.346600000000004371e+01,5.000000000000000000e-01
4.346700000000004138e+01,5.000000000000000000e-01
4.346800000000003905e+01,5.000000000000000000e-01
4.346900000000004383e+01,5.000000000000000000e-01
4.347000000000004150e+01,5.000000000000000000e-01
4.347100000000003917e+01,5.000000000000000000e-01
4.347200000000003683e+01,5.000000000000000000e-01
4.347300000000004161e+01,5.000000000000000000e-01
4.347400000000003928e+01,5.000000000000000000e-01
4.347500000000003695e+01,5.000000000000000000e-01
4.347600000000004172e+01,5.000000000000000000e-01
4.347700000000003939e+01,5.000000000000000000e-01
4.347800000000003706e+01,5.000000000000000000e-01
4.347900000000004184e+01,5.000000000000000000e-01
4.348000000000003951e+01,5.000000000000000000e-01
4.348100000000003718e+01,5.000000000000000000e-01
4.348200000000004195e+01,5.000000000000000000e-01
4.348300000000003962e+01,5.000000000000000000e-01
4.348400000000003729e+01,5.000000000000000000e-01
4.348500000000004206e+01,5.000000000000000000e-01
4.348600000000003973e+01,5.000000000000000000e-01
4.348700000000003740e+01,5.000000000000000000e-01
4.348800000000004218e+01,5.000000000000000000e-01
4.348900000000003985e+01,5.000000000000000000e-01
4.349000000000003752e+01,5.000000000000000000e-01
4.349100000000004229e+01,5.000000000000000000e-01
4.349200000000003996e+01,5.000000000000000000e-01
4.349300000000003763e+01,5.000000000000000000e-01
4.349400000000004241e+01,5.000000000000000000e-01
4.349500000000004007e+01,5.000000000000000000e-01
4.349600000000003774e+01,5.000000000000000000e-01
4.349700000000004252e+01,5.000000000000000000e-01
4.349800000000004019e+01,5.000000000000000000e-01
4.349900000000003786e+01,5.000000000000000000e-01
4.350000000000004263e+01,5.000000000000000000e-01
4.350100000000004030e+01,5.000000000000000000e-01
4.350200000000003797e+01,5.000000000000000000e-01
4.350300000000004275e+01,5.000000000000000000e-01
4.350400000000004042e+01,5.000000000000000000e-01
4.350500000000003809e+01,5.000000000000000000e-01
4.350600000000004286e+01,5.000000000000000000e-01
4.350700000000004053e+01,5.000000000000000000e-01
4.350800000000003820e+01,5.000000000000000000e-01
4.350900000000004297e+01,5.000000000000000000e-01
4.351000000000004064e+01,5.000000000000000000e-01
4.351100000000003831e+01,5.000000000000000000e-01
4.351200000000004309e+01,5.000000000000000000e-01
4.351300000000004076e+01,5.000000000000000000e-01
4.351400000000003843e+01,5.000000000000000000e-01
4.351500000000004320e+01,5.000000000000000000e-01
4.351600000000004087e+01,5.000000000000000000e-01
4.351700000000003854e+01,5.000000000000000000e-01
4.351800000000004331e+01,5.000000000000000000e-01
4.351900000000004098e+01,5.000000000000000000e-01
4.352000000000003865e+01,5.000000000000000000e-01
4.352100000000004343e+01,5.000000000000000000e-01
4.352200000000004110e+01,5.000000000000000000e-01
4.352300000000003877e+01,5.000000000000000000e-01
4.352400000000004354e+01,5.000000000000000000e-01
4.352500000000004121e+01,5.000000000000000000e-01
4.352600000000003888e+01,5.000000000000000000e-01
4.352700000000004366e+01,5.000000000000000000e-01
4.352800000000004133e+01,5.000000000000000000e-01
4.352900000000003899e+01,5.000000000000000000e-01
4.353000000000004377e+01,5.000000000000000000e-01
4.353100000000004144e+01,5.000000000000000000e-01
4.353200000000003911e+01,5.000000000000000000e-01
4.353300000000003678e+01,5.000000000000000000e-01
4.353400000000004155e+01,5.000000000000000000e-01
4.353500000000003922e+01,5.000000000000000000e-01
4.353600000000003689e+01,5.000000000000000000e-01
4.353700000000004167e+01,5.000000000000000000e-01
4.353800000000003934e+01,5.000000000000000000e-01
4.353900000000003701e+01,5.000000000000000000e-01
4.354000000000004178e+01,5.000000000000000000e-01
4.354100000000003945e+01,5.000000000000000000e-01
4.354200000000003712e+01,5.000000000000000000e-01
4.354300000000004189e+01,5.000000000000000000e-01
4.354400000000003956e+01,5.000000000000000000e-01
4.354500000000003723e+01,5.000000000000000000e-01
4.354600000000004201e+01,5.000000000000000000e-01
4.354700000000003968e+01,5.000000000000000000e-01
4.354800000000003735e+01,5.000000000000000000e-01
4.354900000000004212e+01,5.000000000000000000e-01
4.355000000000003979e+01,5.000000000000000000e-01
4.355100000000003746e+01,5.000000000000000000e-01
4.355200000000004223e+01,5.000000000000000000e-01
4.355300000000003990e+01,5.000000000000000000e-01
4.355400000000003757e+01,5.000000000000000000e-01
4.355500000000004235e+01,5.000000000000000000e-01
4.355600000000004002e+01,5.000000000000000000e-01
4.355700000000003769e+01,5.000000000000000000e-01
4.355800000000004246e+01,5.000000000000000000e-01
4.355900000000004013e+01,5.000000000000000000e-01
4.356000000000003780e+01,5.000000000000000000e-01
4.356100000000004258e+01,5.000000000000000000e-01
4.356200000000004025e+01,5.000000000000000000e-01
4.356300000000003791e+01,5.000000000000000000e-01
4.356400000000004269e+01,5.000000000000000000e-01
4.356500000000004036e+01,5.000000000000000000e-01
4.356600000000003803e+01,5.000000000000000000e-01
4.356700000000004280e+01,5.000000000000000000e-01
4.356800000000004047e+01,5.000000000000000000e-01
4.356900000000003814e+01,5.000000000000000000e-01
4.357000000000004292e+01,5.000000000000000000e-01
4.357100000000004059e+01,5.000000000000000000e-01
4.357200000000003826e+01,5.000000000000000000e-01
4.357300000000004303e+01,5.000000000000000000e-01
4.357400000000004070e+01,5.000000000000000000e-01
4.357500000000003837e+01,5.000000000000000000e-01
4.357600000000004314e+01,5.000000000000000000e-01
4.357700000000004081e+01,5.000000000000000000e-01
4.357800000000003848e+01,5.000000000000000000e-01
4.357900000000004326e+01,5.000000000000000000e-01
4.358000000000004093e+01,5.000000000000000000e-01
4.358100000000003860e+01,5.000000000000000000e-01
4.358200000000004337e+01,5.000000000000000000e-01
4.358300000000004104e+01,5.000000000000000000e-01
4.358400000000003871e+01,5.000000000000000000e-01
4.358500000000004349e+01,5.000000000000000000e-01
4.358600000000004115e+01,5.000000000000000000e-01
4.358700000000003882e+01,5.000000000000000000e-01
4.358800000000004360e+01,5.000000000000000000e-01
4.358900000000004127e+01,5.000000000000000000e-01
4.359000000000003894e+01,5.000000000000000000e-01
4.359100000000004371e+01,5.000000000000000000e-01
4.359200000000004138e+01,5.000000000000000000e-01
4.359300000000003905e+01,5.000000000000000000e-01
4.359400000000004383e+01,5.000000000000000000e-01
4.359500000000004150e+01,5.000000000000000000e-01
4.359600000000003917e+01,5.000000000000000000e-01
4.359700000000004394e+01,5.000000000000000000e-01
4.359800000000004161e+01,5.000000000000000000e-01
4.359900000000003928e+01,5.000000000000000000e-01
4.360000000000003695e+01,5.000000000000000000e-01
4.360100000000004172e+01,5.000000000000000000e-01
4.360200000000003939e+01,5.000000000000000000e-01
4.360300000000003706e+01,5.000000000000000000e-01
4.360400000000004184e+01,5.000000000000000000e-01
4.360500000000003951e+01,5.000000000000000000e-01
4.360600000000003718e+01,5.000000000000000000e-01
4.360700000000004195e+01,5.000000000000000000e-01
4.360800000000003962e+01,5.000000000000000000e-01
4.360900000000003729e+01,5.000000000000000000e-01
4.361000000000004206e+01,5.000000000000000000e-01
4.361100000000003973e+01,5.000000000000000000e-01
4.361200000000003740e+01,5.000000000000000000e-01
4.361300000000004218e+01,5.000000000000000000e-01
4.361400000000003985e+01,5.000000000000000000e-01
4.361500000000003752e+01,5.000000000000000000e-01
4.361600000000004229e+01,5.000000000000000000e-01
4.361700000000003996e+01,5.000000000000000000e-01
4.361800000000003763e+01,5.000000000000000000e-01
4.361900000000004241e+01,5.000000000000000000e-01
4.362000000000004007e+01,5.000000000000000000e-01
4.362100000000003774e+01,5.000000000000000000e-01
4.362200000000004252e+01,5.000000000000000000e-01
4.362300000000004019e+01,5.000000000000000000e-01
4.362400000000003786e+01,5.000000000000000000e-01
4.362500000000004263e+01,5.000000000000000000e-01
4.362600000000004030e+01,5.000000000000000000e-01
4.362700000000003797e+01,5.000000000000000000e-01
4.362800000000004275e+01,5.000000000000000000e-01
4.362900000000004042e+01,5.000000000000000000e-01
4.363000000000003809e+01,5.000000000000000000e-01
4.363100000000004286e+01,5.000000000000000000e-01
4.363200000000004053e+01,5.000000000000000000e-01
4.363300000000003820e+01,5.000000000000000000e-01
4.363400000000004297e+01,5.000000000000000000e-01
4.363500000000004064e+01,5.000000000000000000e-01
4.363600000000003831e+01,5.000000000000000000e-01
4.363700000000004309e+01,5.000000000000000000e-01
4.363800000000004076e+01,5.000000000000000000e-01
4.363900000000003843e+01,5.000000000000000000e-01
4.364000000000004320e+01,5.000000000000000000e-01
4.364100000000004087e+01,5.000000000000000000e-01
4.364200000000003854e+01,5.000000000000000000e-01
4.364300000000004331e+01,5.000000000000000000e-01
4.364400000000004098e+01,5.000000000000000000e-01
4.364500000000003865e+01,5.000000000000000000e-01
4.364600000000004343e+01,5.000000000000000000e-01
4.364700000000004110e+01,5.000000000000000000e-01
4.364800000000003877e+01,5.000000000000000000e-01
4.364900000000004354e+01,5.000000000000000000e-01
4.365000000000004121e+01,5.000000000000000000e-01
4.365100000000003888e+01,5.000000000000000000e-01
4.365200000000004366e+01,5.000000000000000000e-01
4.365300000000004133e+01,5.000000000000000000e-01
4.365400000000003899e+01,5.000000000000000000e-01
4.365500000000004377e+01,5.000000000000000000e-01
4.365600000000004144e+01,5.000000000000000000e-01
4.365700000000003911e+01,5.000000000000000000e-01
4.365800000000004388e+01,5.000000000000000000e-01
4.365900000000004155e+01,5.000000000000000000e-01
4.366000000000003922e+01,5.000000000000000000e-01
4.366100000000003689e+01,5.000000000000000000e-01
4.366200000000004167e+01,5.000000000000000000e-01
4.366300000000003934e+01,5.000000000000000000e-01
4.366400000000003701e+01,5.000000000000000000e-01
4.366500000000004178e+01,5.000000000000000000e-01
4.366600000000003945e+01,5.000000000000000000e-01
4.366700000000003712e+01,5.000000000000000000e-01
4.366800000000004189e+01,5.000000000000000000e-01
4.366900000000003956e+01,5.000000000000000000e-01
4.367000000000003723e+01,5.000000000000000000e-01
4.367100000000004201e+01,5.000000000000000000e-01
4.367200000000003968e+01,5.000000000000000000e-01
4.367300000000003735e+01,5.000000000000000000e-01
4.367400000000004212e+01,5.000000000000000000e-01
4.367500000000003979e+01,5.000000000000000000e-01
4.367600000000003746e+01,5.000000000000000000e-01
4.367700000000004223e+01,5.000000000000000000e-01
4.367800000000003990e+01,5.000000000000000000e-01
4.367900000000003757e+01,5.000000000000000000e-01
4.368000000000004235e+01,5.000000000000000000e-01
4.368100000000004002e+01,5.000000000000000000e-01
4.368200000000003769e+01,5.000000000000000000e-01
4.368300000000004246e+01,5.000000000000000000e-01
4.368400000000004013e+01,5.000000000000000000e-01
4.368500000000003780e+01,5.000000000000000000e-01
4.368600000000004258e+01,5.000000000000000000e-01
4.368700000000004025e+01,5.000000000000000000e-01
4.368800000000003791e+01,5.000000000000000000e-01
4.368900000000004269e+01,5.000000000000000000e-01
4.369000000000004036e+01,5.000000000000000000e-01
4.369100000000003803e+01,5.000000000000000000e-01
4.369200000000004280e+01,5.000000000000000000e-01
4.369300000000004047e+01,5.000000000000000000e-01
4.369400000000003814e+01,5.000000000000000000e-01
4.369500000000004292e+01,5.000000000000000000e-01
4.369600000000004059e+01,5.000000000000000000e-01
4.369700000000003826e+01,5.000000000000000000e-01
4.369800000000004303e+01,5.000000000000000000e-01
4.369900000000004070e+01,5.000000000000000000e-01
4.370000000000003837e+01,5.000000000000000000e-01
4.370100000000004314e+01,5.000000000000000000e-01
4.370200000000004081e+01,5.000000000000000000e-01
4.370300000000003848e+01,5.000000000000000000e-01
4.370400000000004326e+01,5.000000000000000000e-01
4.370500000000004093e+01,5.000000000000000000e-01
4.370600000000003860e+01,5.000000000000000000e-01
4.370700000000004337e+01,5.000000000000000000e-01
4.370800000000004104e+01,5.000000000000000000e-01
4.370900000000003871e+01,5.000000000000000000e-01
4.371000000000004349e+01,5.000000000000000000e-01
4.371100000000004115e+01,5.000000000000000000e-01
4.371200000000003882e+01,5.000000000000000000e-01
4.371300000000004360e+01,5.000000000000000000e-01
4.371400000000004127e+01,5.000000000000000000e-01
4.371500000000003894e+01,5.000000000000000000e-01
4.371600000000004371e+01,5.000000000000000000e-01
4.371700000000004138e+01,5.000000000000000000e-01
4.371800000000003905e+01,5.000000000000000000e-01
4.371900000000004383e+01,5.000000000000000000e-01
4.372000000000004150e+01,5.000000000000000000e-01
4.372100000000003917e+01,5.000000000000000000e-01
4.372200000000004394e+01,5.000000000000000000e-01
4.372300000000004161e+01,5.000000000000000000e-01
4.372400000000003928e+01,5.000000000000000000e-01
4.372500000000004405e+01,5.000000000000000000e-01
4.372600000000004172e+01,5.000000000000000000e-01
4.372700000000003939e+01,5.000000000000000000e-01
4.372800000000003706e+01,5.000000000000000000e-01
4.372900000000004184e+01,5.000000000000000000e-01
4.373000000000003951e+01,5.000000000000000000e-01
4.373100000000003718e+01,5.000000000000000000e-01
4.373200000000004195e+01,5.000000000000000000e-01
4.373300000000003962e+01,5.000000000000000000e-01
4.373400000000003729e+01,5.000000000000000000e-01
4.373500000000004206e+01,5.000000000000000000e-01
4.373600000000003973e+01,5.000000000000000000e-01
4.373700000000003740e+01,5.000000000000000000e-01
4.373800000000004218e+01,5.000000000000000000e-01
4.373900000000003985e+01,5.000000000000000000e-01
4.374000000000003752e+01,5.000000000000000000e-01
4.374100000000004229e+01,5.000000000000000000e-01
4.374200000000003996e+01,5.000000000000000000e-01
4.374300000000003763e+01,5.000000000000000000e-01
4.374400000000004241e+01,5.000000000000000000e-01
4.374500000000004007e+01,5.000000000000000000e-01
4.374600000000003774e+01,5.000000000000000000e-01
4.374700000000004252e+01,5.000000000000000000e-01
4.374800000000004019e+01,5.000000000000000000e-01
4.374900000000003786e+01,5.000000000000000000e-01
4.375000000000004263e+01,5.000000000000000000e-01
4.375100000000004030e+01,5.000000000000000000e-01
4.375200000000003797e+01,5.000000000000000000e-01
4.375300000000004275e+01,5.000000000000000000e-01
4.375400000000004042e+01,5.000000000000000000e-01
4.375500000000003809e+01,5.000000000000000000e-01
4.375600000000004286e+01,5.000000000000000000e-01
4.375700000000004053e+01,5.000000000000000000e-01
4.375800000000003820e+01,5.000000000000000000e-01
4.375900000000004297e+01,5.000000000000000000e-01
4.376000000000004064e+01,5.000000000000000000e-01
4.376100000000003831e+01,5.000000000000000000e-01
4.376200000000004309e+01,5.000000000000000000e-01
4.376300000000004076e+01,5.000000000000000000e-01
4.376400000000003843e+01,5.000000000000000000e-01
4.376500000000004320e+01,5.000000000000000000e-01
4.376600000000004087e+01,5.000000000000000000e-01
4.376700000000003854e+01,5.000000000000000000e-01
4.376800000000004331e+01,5.000000000000000000e-01
4.376900000000004098e+01,5.000000000000000000e-01
4.377000000000003865e+01,5.000000000000000000e-01
4.377100000000004343e+01,5.000000000000000000e-01
4.377200000000004110e+01,5.000000000000000000e-01
4.377300000000003877e+01,5.000000000000000000e-01
4.377400000000004354e+01,5.000000000000000000e-01
4.377500000000004121e+01,5.000000000000000000e-01
4.377600000000003888e+01,5.000000000000000000e-01
4.377700000000004366e+01,5.000000000000000000e-01
4.377800000000004133e+01,5.000000000000000000e-01
4.377900000000003899e+01,5.000000000000000000e-01
4.378000000000004377e+01,5.000000000000000000e-01
4.378100000000004144e+01,5.000000000000000000e-01
4.378200000000003911e+01,5.000000000000000000e-01
4.378300000000004388e+01,5.000000000000000000e-01
4.378400000000004155e+01,5.000000000000000000e-01
4.378500000000003922e+01,5.000000000000000000e-01
4.378600000000004400e+01,5.000000000000000000e-01
4.378700000000004167e+01,5.000000000000000000e-01
4.378800000000003934e+01,5.000000000000000000e-01
4.378900000000003701e+01,5.000000000000000000e-01
4.379000000000004178e+01,5.000000000000000000e-01
4.379100000000003945e+01,5.000000000000000000e-01
4.379200000000003712e+01,5.000000000000000000e-01
4.379300000000004189e+01,5.000000000000000000e-01
4.379400000000003956e+01,5.000000000000000000e-01
4.379500000000003723e+01,5.000000000000000000e-01
4.379600000000004201e+01,5.000000000000000000e-01
4.379700000000003968e+01,5.000000000000000000e-01
4.379800000000003735e+01,5.000000000000000000e-01
4.379900000000004212e+01,5.000000000000000000e-01
4.380000000000003979e+01,5.000000000000000000e-01
4.380100000000003746e+01,5.000000000000000000e-01
4.380200000000004223e+01,5.000000000000000000e-01
4.380300000000003990e+01,5.000000000000000000e-01
4.380400000000003757e+01,5.000000000000000000e-01
4.380500000000004235e+01,5.000000000000000000e-01
4.380600000000004002e+01,5.000000000000000000e-01
4.380700000000003769e+01,5.000000000000000000e-01
4.380800000000004246e+01,5.000000000000000000e-01
4.380900000000004013e+01,5.000000000000000000e-01
4.381000000000003780e+01,5.000000000000000000e-01
4.381100000000004258e+01,5.000000000000000000e-01
4.381200000000004025e+01,5.000000000000000000e-01
4.381300000000003791e+01,5.000000000000000000e-01
4.381400000000004269e+01,5.000000000000000000e-01
4.381500000000004036e+01,5.000000000000000000e-01
4.381600000000003803e+01,5.000000000000000000e-01
4.381700000000004280e+01,5.000000000000000000e-01
4.381800000000004047e+01,5.000000000000000000e-01
4.381900000000003814e+01,5.000000000000000000e-01
4.382000000000004292e+01,5.000000000000000000e-01
4.382100000000004059e+01,5.000000000000000000e-01
4.382200000000003826e+01,5.000000000000000000e-01
4.382300000000004303e+01,5.000000000000000000e-01
4.382400000000004070e+01,5.000000000000000000e-01
4.382500000000003837e+01,5.000000000000000000e-01
4.382600000000004314e+01,5.000000000000000000e-01
4.382700000000004081e+01,5.000000000000000000e-01
4.382800000000003848e+01,5.000000000000000000e-01
4.382900000000004326e+01,5.000000000000000000e-01
4.383000000000004093e+01,5.000000000000000000e-01
4.383100000000003860e+01,5.000000000000000000e-01
4.383200000000004337e+01,5.000000000000000000e-01
4.383300000000004104e+01,5.000000000000000000e-01
4.383400000000003871e+01,5.000000000000000000e-01
4.383500000000004349e+01,5.000000000000000000e-01
4.383600000000004115e+01,5.000000000000000000e-01
4.383700000000003882e+01,5.000000000000000000e-01
4.383800000000004360e+01,5.000000000000000000e-01
4.383900000000004127e+01,5.000000000000000000e-01
4.384000000000003894e+01,5.000000000000000000e-01
4.384100000000004371e+01,5.000000000000000000e-01
4.384200000000004138e+01,5.000000000000000000e-01
4.384300000000003905e+01,5.000000000000000000e-01
4.384400000000004383e+01,5.000000000000000000e-01
4.384500000000004150e+01,5.000000000000000000e-01
4.384600000000003917e+01,5.000000000000000000e-01
4.384700000000004394e+01,5.000000000000000000e-01
4.384800000000004161e+01,5.000000000000000000e-01
4.384900000000003928e+01,5.000000000000000000e-01
4.385000000000004405e+01,5.000000000000000000e-01
4.385100000000004172e+01,5.000000000000000000e-01
4.385200000000003939e+01,5.000000000000000000e-01
4.385300000000004417e+01,5.000000000000000000e-01
4.385400000000004184e+01,5.000000000000000000e-01
4.385500000000003951e+01,5.000000000000000000e-01
4.385600000000003718e+01,5.000000000000000000e-01
4.385700000000004195e+01,5.000000000000000000e-01
4.385800000000003962e+01,5.000000000000000000e-01
4.385900000000003729e+01,5.000000000000000000e-01
4.386000000000004206e+01,5.000000000000000000e-01
4.386100000000003973e+01,5.000000000000000000e-01
4.386200000000003740e+01,5.000000000000000000e-01
4.386300000000004218e+01,5.000000000000000000e-01
4.386400000000003985e+01,5.000000000000000000e-01
4.386500000000003752e+01,5.000000000000000000e-01
4.386600000000004229e+01,5.000000000000000000e-01
4.386700000000003996e+01,5.000000000000000000e-01
4.386800000000003763e+01,5.000000000000000000e-01
4.386900000000004241e+01,5.000000000000000000e-01
4.387000000000004007e+01,5.000000000000000000e-01
4.387100000000003774e+01,5.000000000000000000e-01
4.387200000000004252e+01,5.000000000000000000e-01
4.387300000000004019e+01,5.000000000000000000e-01
4.387400000000003786e+01,5.000000000000000000e-01
4.387500000000004263e+01,5.000000000000000000e-01
4.387600000000004030e+01,5.000000000000000000e-01
4.387700000000003797e+01,5.000000000000000000e-01
4.387800000000004275e+01,5.000000000000000000e-01
4.387900000000004042e+01,5.000000000000000000e-01
4.388000000000003809e+01,5.000000000000000000e-01
4.388100000000004286e+01,5.000000000000000000e-01
4.388200000000004053e+01,5.000000000000000000e-01
4.388300000000003820e+01,5.000000000000000000e-01
4.388400000000004297e+01,5.000000000000000000e-01
4.388500000000004064e+01,5.000000000000000000e-01
4.388600000000003831e+01,5.000000000000000000e-01
4.388700000000004309e+01,5.000000000000000000e-01
4.388800000000004076e+01,5.000000000000000000e-01
4.388900000000003843e+01,5.000000000000000000e-01
4.389000000000004320e+01,5.000000000000000000e-01
4.389100000000004087e+01,5.000000000000000000e-01
4.389200000000003854e+01,5.000000000000000000e-01
4.389300000000004331e+01,5.000000000000000000e-01
4.389400000000004098e+01,5.000000000000000000e-01
4.389500000000003865e+01,5.000000000000000000e-01
4.389600000000004343e+01,5.000000000000000000e-01
4.389700000000004110e+01,5.000000000000000000e-01
4.389800000000003877e+01,5.000000000000000000e-01
4.389900000000004354e+01,5.000000000000000000e-01
4.390000000000004121e+01,5.000000000000000000e-01
4.390100000000003888e+01,5.000000000000000000e-01
4.390200000000004366e+01,5.000000000000000000e-01
4.390300000000004133e+01,5.000000000000000000e-01
4.390400000000003899e+01,5.000000000000000000e-01
4.390500000000004377e+01,5.000000000000000000e-01
4.390600000000004144e+01,5.000000000000000000e-01
4.390700000000003911e+01,5.000000000000000000e-01
4.390800000000004388e+01,5.000000000000000000e-01
4.390900000000004155e+01,5.000000000000000000e-01
4.391000000000003922e+01,5.000000000000000000e-01
4.391100000000004400e+01,5.000000000000000000e-01
4.391200000000004167e+01,5.000000000000000000e-01
4.391300000000003934e+01,5.000000000000000000e-01
4.391400000000004411e+01,5.000000000000000000e-01
4.391500000000004178e+01,5.000000000000000000e-01
4.391600000000003945e+01,5.000000000000000000e-01
4.391700000000003712e+01,5.000000000000000000e-01
4.391800000000004189e+01,5.000000000000000000e-01
4.391900000000003956e+01,5.000000000000000000e-01
4.392000000000003723e+01,5.000000000000000000e-01
4.392100000000004201e+01,5.000000000000000000e-01
4.392200000000003968e+01,5.000000000000000000e-01
4.392300000000003735e+01,5.000000000000000000e-01
4.392400000000004212e+01,5.000000000000000000e-01
4.392500000000003979e+01,5.000000000000000000e-01
4.392600000000003746e+01,5.000000000000000000e-01
4.392700000000004223e+01,5.000000000000000000e-01
4.392800000000003990e+01,5.000000000000000000e-01
4.392900000000003757e+01,5.000000000000000000e-01
4.393000000000004235e+01,5.000000000000000000e-01
4.393100000000004002e+01,5.000000000000000000e-01
4.393200000000003769e+01,5.000000000000000000e-01
4.393300000000004246e+01,5.000000000000000000e-01
4.393400000000004013e+01,5.000000000000000000e-01
4.393500000000003780e+01,5.000000000000000000e-01
4.393600000000004258e+01,5.000000000000000000e-01
4.393700000000004025e+01,5.000000000000000000e-01
4.393800000000003791e+01,5.000000000000000000e-01
4.393900000000004269e+01,5.000000000000000000e-01
4.394000000000004036e+01,5.000000000000000000e-01
4.394100000000003803e+01,5.000000000000000000e-01
4.394200000000004280e+01,5.000000000000000000e-01
4.394300000000004047e+01,5.000000000000000000e-01
4.394400000000003814e+01,5.000000000000000000e-01
4.394500000000004292e+01,5.000000000000000000e-01
4.394600000000004059e+01,5.000000000000000000e-01
4.394700000000003826e+01,5.000000000000000000e-01
4.394800000000004303e+01,5.000000000000000000e-01
4.394900000000004070e+01,5.000000000000000000e-01
4.395000000000003837e+01,5.000000000000000000e-01
4.395100000000004314e+01,5.000000000000000000e-01
4.395200000000004081e+01,5.000000000000000000e-01
4.395300000000003848e+01,5.000000000000000000e-01
4.395400000000004326e+01,5.000000000000000000e-01
4.395500000000004093e+01,5.000000000000000000e-01
4.395600000000003860e+01,5.000000000000000000e-01
4.395700000000004337e+01,5.000000000000000000e-01
4.395800000000004104e+01,5.000000000000000000e-01
4.395900000000003871e+01,5.000000000000000000e-01
4.396000000000004349e+01,5.000000000000000000e-01
4.396100000000004115e+01,5.000000000000000000e-01
4.396200000000003882e+01,5.000000000000000000e-01
4.396300000000004360e+01,5.000000000000000000e-01
4.396400000000004127e+01,5.000000000000000000e-01
4.396500000000003894e+01,5.000000000000000000e-01
4.396600000000004371e+01,5.000000000000000000e-01
4.396700000000004138e+01,5.000000000000000000e-01
4.396800000000003905e+01,5.000000000000000000e-01
4.396900000000004383e+01,5.000000000000000000e-01
4.397000000000004150e+01,5.000000000000000000e-01
4.397100000000003917e+01,5.000000000000000000e-01
4.397200000000004394e+01,5.000000000000000000e-01
4.397300000000004161e+01,5.000000000000000000e-01
4.397400000000003928e+01,5.000000000000000000e-01
4.397500000000004405e+01,5.000000000000000000e-01
4.397600000000004172e+01,5.000000000000000000e-01
4.397700000000003939e+01,5.000000000000000000e-01
4.397800000000004417e+01,5.000000000000000000e-01
4.397900000000004184e+01,5.000000000000000000e-01
4.398000000000003951e+01,5.000000000000000000e-01
4.398100000000004428e+01,5.000000000000000000e-01
4.398200000000004195e+01,5.000000000000000000e-01
4.398300000000003962e+01,5.000000000000000000e-01
4.398400000000003729e+01,5.000000000000000000e-01
4.398500000000004206e+01,5.000000000000000000e-01
4.398600000000003973e+01,5.000000000000000000e-01
4.398700000000003740e+01,5.000000000000000000e-01
4.398800000000004218e+01,5.000000000000000000e-01
4.398900000000003985e+01,5.000000000000000000e-01
4.399000000000003752e+01,5.000000000000000000e-01
4.399100000000004229e+01,5.000000000000000000e-01
4.399200000000003996e+01,5.000000000000000000e-01
4.399300000000003763e+01,5.000000000000000000e-01
4.399400000000004241e+01,5.000000000000000000e-01
4.399500000000004007e+01,5.000000000000000000e-01
4.399600000000003774e+01,5.000000000000000000e-01
4.399700000000004252e+01,5.000000000000000000e-01
4.399800000000004019e+01,5.000000000000000000e-01
4.399900000000003786e+01,5.000000000000000000e-01
4.400000000000004263e+01,5.000000000000000000e-01
4.400100000000004030e+01,5.000000000000000000e-01
4.400200000000003797e+01,5.000000000000000000e-01
4.400300000000004275e+01,5.000000000000000000e-01
4.400400000000004042e+01,5.000000000000000000e-01
4.400500000000003809e+01,5.000000000000000000e-01
4.400600000000004286e+01,5.000000000000000000e-01
4.400700000000004053e+01,5.000000000000000000e-01
4.400800000000003820e+01,5.000000000000000000e-01
4.400900000000004297e+01,5.000000000000000000e-01
4.401000000000004064e+01,5.000000000000000000e-01
4.401100000000003831e+01,5.000000000000000000e-01
4.401200000000004309e+01,5.000000000000000000e-01
4.401300000000004076e+01,5.000000000000000000e-01
4.401400000000003843e+01,5.000000000000000000e-01
4.401500000000004320e+01,5.000000000000000000e-01
4.401600000000004087e+01,5.000000000000000000e-01
4.401700000000003854e+01,5.000000000000000000e-01
4.401800000000004331e+01,5.000000000000000000e-01
4.401900000000004098e+01,5.000000000000000000e-01
4.402000000000003865e+01,5.000000000000000000e-01
4.402100000000004343e+01,5.000000000000000000e-01
4.402200000000004110e+01,5.000000000000000000e-01
4.402300000000003877e+01,5.000000000000000000e-01
4.402400000000004354e+01,5.000000000000000000e-01
4.402500000000004121e+01,5.000000000000000000e-01
4.402600000000003888e+01,5.000000000000000000e-01
4.402700000000004366e+01,5.000000000000000000e-01
4.402800000000004133e+01,5.000000000000000000e-01
4.402900000000003899e+01,5.000000000000000000e-01
4.403000000000004377e+01,5.000000000000000000e-01
4.403100000000004144e+01,5.000000000000000000e-01
4.403200000000003911e+01,5.000000000000000000e-01
4.403300000000004388e+01,5.000000000000000000e-01
4.403400000000004155e+01,5.000000000000000000e-01
4.403500000000003922e+01,5.000000000000000000e-01
4.403600000000004400e+01,5.000000000000000000e-01
4.403700000000004167e+01,5.000000000000000000e-01
4.403800000000003934e+01,5.000000000000000000e-01
4.403900000000004411e+01,5.000000000000000000e-01
4.404000000000004178e+01,5.000000000000000000e-01
4.404100000000003945e+01,5.000000000000000000e-01
4.404200000000004422e+01,5.000000000000000000e-01
4.404300000000004189e+01,5.000000000000000000e-01
4.404400000000003956e+01,5.000000000000000000e-01
4.404500000000003723e+01,5.000000000000000000e-01
4.404600000000004201e+01,5.000000000000000000e-01
4.404700000000003968e+01,5.000000000000000000e-01
4.404800000000003735e+01,5.000000000000000000e-01
4.404900000000004212e+01,5.000000000000000000e-01
4.405000000000003979e+01,5.000000000000000000e-01
4.405100000000003746e+01,5.000000000000000000e-01
4.405200000000004223e+01,5.000000000000000000e-01
4.405300000000003990e+01,5.000000000000000000e-01
4.405400000000003757e+01,5.000000000000000000e-01
4.405500000000004235e+01,5.000000000000000000e-01
4.405600000000004002e+01,5.000000000000000000e-01
4.405700000000003769e+01,5.000000000000000000e-01
4.405800000000004246e+01,5.000000000000000000e-01
4.405900000000004013e+01,5.000000000000000000e-01
4.406000000000003780e+01,5.000000000000000000e-01
4.406100000000004258e+01,5.000000000000000000e-01
4.406200000000004025e+01,5.000000000000000000e-01
4.406300000000003791e+01,5.000000000000000000e-01
4.406400000000004269e+01,5.000000000000000000e-01
4.406500000000004036e+01,5.000000000000000000e-01
4.406600000000003803e+01,5.000000000000000000e-01
4.406700000000004280e+01,5.000000000000000000e-01
4.406800000000004047e+01,5.000000000000000000e-01
4.406900000000003814e+01,5.000000000000000000e-01
4.407000000000004292e+01,5.000000000000000000e-01
4.407100000000004059e+01,5.000000000000000000e-01
4.407200000000003826e+01,5.000000000000000000e-01
4.407300000000004303e+01,5.000000000000000000e-01
4.407400000000004070e+01,5.000000000000000000e-01
4.407500000000003837e+01,5.000000000000000000e-01
4.407600000000004314e+01,5.000000000000000000e-01
4.407700000000004081e+01,5.000000000000000000e-01
4.407800000000003848e+01,5.000000000000000000e-01
4.407900000000004326e+01,5.000000000000000000e-01
4.408000000000004093e+01,5.000000000000000000e-01
4.408100000000003860e+01,5.000000000000000000e-01
4.408200000000004337e+01,5.000000000000000000e-01
4.408300000000004104e+01,5.000000000000000000e-01
4.408400000000003871e+01,5.000000000000000000e-01
4.408500000000004349e+01,5.000000000000000000e-01
4.408600000000004115e+01,5.000000000000000000e-01
4.408700000000003882e+01,5.000000000000000000e-01
4.408800000000004360e+01,5.000000000000000000e-01
4.408900000000004127e+01,5.000000000000000000e-01
4.409000000000003894e+01,5.000000000000000000e-01
4.409100000000004371e+01,5.000000000000000000e-01
4.409200000000004138e+01,5.000000000000000000e-01
4.409300000000003905e+01,5.000000000000000000e-01
4.409400000000004383e+01,5.000000000000000000e-01
4.409500000000004150e+01,5.000000000000000000e-01
4.409600000000003917e+01,5.000000000000000000e-01
4.409700000000004394e+01,5.000000000000000000e-01
4.409800000000004161e+01,5.000000000000000000e-01
4.409900000000003928e+01,5.000000000000000000e-01
4.410000000000004405e+01,5.000000000000000000e-01
4.410100000000004172e+01,5.000000000000000000e-01
4.410200000000003939e+01,5.000000000000000000e-01
4.410300000000004417e+01,5.000000000000000000e-01
4.410400000000004184e+01,5.000000000000000000e-01
4.410500000000003951e+01,5.000000000000000000e-01
4.410600000000004428e+01,5.000000000000000000e-01
4.410700000000004195e+01,5.000000000000000000e-01
4.410800000000003962e+01,5.000000000000000000e-01
4.410900000000004439e+01,5.000000000000000000e-01
4.411000000000004206e+01,5.000000000000000000e-01
4.411100000000003973e+01,5.000000000000000000e-01
4.411200000000003740e+01,5.000000000000000000e-01
4.411300000000004218e+01,5.000000000000000000e-01
4.411400000000003985e+01,5.000000000000000000e-01
4.411500000000003752e+01,5.000000000000000000e-01
4.411600000000004229e+01,5.000000000000000000e-01
4.411700000000003996e+01,5.000000000000000000e-01
4.411800000000003763e+01,5.000000000000000000e-01
4.411900000000004241e+01,5.000000000000000000e-01
4.412000000000004007e+01,5.000000000000000000e-01
4.412100000000003774e+01,5.000000000000000000e-01
4.412200000000004252e+01,5.000000000000000000e-01
4.412300000000004019e+01,5.000000000000000000e-01
4.412400000000003786e+01,5.000000000000000000e-01
4.412500000000004263e+01,5.000000000000000000e-01
4.412600000000004030e+01,5.000000000000000000e-01
4.412700000000003797e+01,5.000000000000000000e-01
4.412800000000004275e+01,5.000000000000000000e-01
4.412900000000004042e+01,5.000000000000000000e-01
4.413000000000003809e+01,5.000000000000000000e-01
4.413100000000004286e+01,5.000000000000000000e-01
4.413200000000004053e+01,5.000000000000000000e-01
4.413300000000003820e+01,5.000000000000000000e-01
4.413400000000004297e+01,5.000000000000000000e-01
4.413500000000004064e+01,5.000000000000000000e-01
4.413600000000003831e+01,5.000000000000000000e-01
4.413700000000004309e+01,5.000000000000000000e-01
4.413800000000004076e+01,5.000000000000000000e-01
4.413900000000003843e+01,5.000000000000000000e-01
4.414000000000004320e+01,5.000000000000000000e-01
4.414100000000004087e+01,5.000000000000000000e-01
4.414200000000003854e+01,5.000000000000000000e-01
4.414300000000004331e+01,5.000000000000000000e-01
4.414400000000004098e+01,5.000000000000000000e-01
4.414500000000003865e+01,5.000000000000000000e-01
4.414600000000004343e+01,5.000000000000000000e-01
4.414700000000004110e+01,5.000000000000000000e-01
4.414800000000003877e+01,5.000000000000000000e-01
4.414900000000004354e+01,5.000000000000000000e-01
4.415000000000004121e+01,5.000000000000000000e-01
4.415100000000003888e+01,5.000000000000000000e-01
4.415200000000004366e+01,5.000000000000000000e-01
4.415300000000004133e+01,5.000000000000000000e-01
4.415400000000003899e+01,5.000000000000000000e-01
4.415500000000004377e+01,5.000000000000000000e-01
4.415600000000004144e+01,5.000000000000000000e-01
4.415700000000003911e+01,5.000000000000000000e-01
4.415800000000004388e+01,5.000000000000000000e-01
4.415900000000004155e+01,5.000000000000000000e-01
4.416000000000003922e+01,5.000000000000000000e-01
4.416100000000004400e+01,5.000000000000000000e-01
4.416200000000004167e+01,5.000000000000000000e-01
4.416300000000003934e+01,5.000000000000000000e-01
4.416400000000004411e+01,5.000000000000000000e-01
4.416500000000004178e+01,5.000000000000000000e-01
4.416600000000003945e+01,5.000000000000000000e-01
4.416700000000004422e+01,5.000000000000000000e-01
4.416800000000004189e+01,5.000000000000000000e-01
4.416900000000003956e+01,5.000000000000000000e-01
4.417000000000004434e+01,5.000000000000000000e-01
4.417100000000004201e+01,5.000000000000000000e-01
4.417200000000003968e+01,5.000000000000000000e-01
4.417300000000003735e+01,5.000000000000000000e-01
4.417400000000004212e+01,5.000000000000000000e-01
4.417500000000003979e+01,5.000000000000000000e-01
4.417600000000003746e+01,5.000000000000000000e-01
4.417700000000004223e+01,5.000000000000000000e-01
4.417800000000003990e+01,5.000000000000000000e-01
4.417900000000003757e+01,5.000000000000000000e-01
4.418000000000004235e+01,5.000000000000000000e-01
4.418100000000004002e+01,5.000000000000000000e-01
4.418200000000003769e+01,5.000000000000000000e-01
4.418300000000004246e+01,5.000000000000000000e-01
4.418400000000004013e+01,5.000000000000000000e-01
4.418500000000003780e+01,5.000000000000000000e-01
4.418600000000004258e+01,5.000000000000000000e-01
4.418700000000004025e+01,5.000000000000000000e-01
4.418800000000003791e+01,5.000000000000000000e-01
4.418900000000004269e+01,5.000000000000000000e-01
4.419000000000004036e+01,5.000000000000000000e-01
4.419100000000003803e+01,5.000000000000000000e-01
4.419200000000004280e+01,5.000000000000000000e-01
4.419300000000004047e+01,5.000000000000000000e-01
4.419400000000003814e+01,5.000000000000000000e-01
4.419500000000004292e+01,5.000000000000000000e-01
4.419600000000004059e+01,5.000000000000000000e-01
4.419700000000003826e+01,5.000000000000000000e-01
4.419800000000004303e+01,5.000000000000000000e-01
4.419900000000004070e+01,5.000000000000000000e-01
4.420000000000003837e+01,5.000000000000000000e-01
4.420100000000004314e+01,5.000000000000000000e-01
4.420200000000004081e+01,5.000000000000000000e-01
4.420300000000003848e+01,5.000000000000000000e-01
4.420400000000004326e+01,5.000000000000000000e-01
4.420500000000004093e+01,5.000000000000000000e-01
4.420600000000003860e+01,5.000000000000000000e-01
4.420700000000004337e+01,5.000000000000000000e-01
4.420800000000004104e+01,5.000000000000000000e-01
4.420900000000003871e+01,5.000000000000000000e-01
4.421000000000004349e+01,5.000000000000000000e-01
4.421100000000004115e+01,5.000000000000000000e-01
4.421200000000003882e+01,5.000000000000000000e-01
4.421300000000004360e+01,5.000000000000000000e-01
4.421400000000004127e+01,5.000000000000000000e-01
4.421500000000003894e+01,5.000000000000000000e-01
4.421600000000004371e+01,5.000000000000000000e-01
4.421700000000004138e+01,5.000000000000000000e-01
4.421800000000003905e+01,5.000000000000000000e-01
4.421900000000004383e+01,5.000000000000000000e-01
4.422000000000004150e+01,5.000000000000000000e-01
4.422100000000003917e+01,5.000000000000000000e-01
4.422200000000004394e+01,5.000000000000000000e-01
4.422300000000004161e+01,5.000000000000000000e-01
4.422400000000003928e+01,5.000000000000000000e-01
4.422500000000004405e+01,5.000000000000000000e-01
4.422600000000004172e+01,5.000000000000000000e-01
4.422700000000003939e+01,5.000000000000000000e-01
4.422800000000004417e+01,5.000000000000000000e-01
4.422900000000004184e+01,5.000000000000000000e-01
4.423000000000003951e+01,5.000000000000000000e-01
4.423100000000004428e+01,5.000000000000000000e-01
4.423200000000004195e+01,5.000000000000000000e-01
4.423300000000003962e+01,5.000000000000000000e-01
4.423400000000004439e+01,5.000000000000000000e-01
4.423500000000004206e+01,5.000000000000000000e-01
4.423600000000003973e+01,5.000000000000000000e-01
4.423700000000004451e+01,5.000000000000000000e-01
4.423800000000004218e+01,5.000000000000000000e-01
4.423900000000003985e+01,5.000000000000000000e-01
4.424000000000003752e+01,5.000000000000000000e-01
4.424100000000004229e+01,5.000000000000000000e-01
4.424200000000003996e+01,5.000000000000000000e-01
4.424300000000003763e+01,5.000000000000000000e-01
4.424400000000004241e+01,5.000000000000000000e-01
4.424500000000004007e+01,5.000000000000000000e-01
4.424600000000003774e+01,5.000000000000000000e-01
4.424700000000004252e+01,5.000000000000000000e-01
4.424800000000004019e+01,5.000000000000000000e-01
4.424900000000003786e+01,5.000000000000000000e-01
4.425000000000004263e+01,5.000000000000000000e-01
4.425100000000004030e+01,5.000000000000000000e-01
4.425200000000003797e+01,5.000000000000000000e-01
4.425300000000004275e+01,5.000000000000000000e-01
4.425400000000004042e+01,5.000000000000000000e-01
4.425500000000003809e+01,5.000000000000000000e-01
4.425600000000004286e+01,5.000000000000000000e-01
4.425700000000004053e+01,5.000000000000000000e-01
4.425800000000003820e+01,5.000000000000000000e-01
4.425900000000004297e+01,5.000000000000000000e-01
4.426000000000004064e+01,5.000000000000000000e-01
4.426100000000003831e+01,5.000000000000000000e-01
4.426200000000004309e+01,5.000000000000000000e-01
4.426300000000004076e+01,5.000000000000000000e-01
4.426400000000003843e+01,5.000000000000000000e-01
4.426500000000004320e+01,5.000000000000000000e-01
4.426600000000004087e+01,5.000000000000000000e-01
4.426700000000003854e+01,5.000000000000000000e-01
4.426800000000004331e+01,5.000000000000000000e-01
4.426900000000004098e+01,5.000000000000000000e-01
4.427000000000003865e+01,5.000000000000000000e-01
4.427100000000004343e+01,5.000000000000000000e-01
4.427200000000004110e+01,5.000000000000000000e-01
4.427300000000003877e+01,5.000000000000000000e-01
4.427400000000004354e+01,5.000000000000000000e-01
4.427500000000004121e+01,5.000000000000000000e-01
4.427600000000003888e+01,5.000000000000000000e-01
4.427700000000004366e+01,5.000000000000000000e-01
4.427800000000004133e+01,5.000000000000000000e-01
4.427900000000003899e+01,5.000000000000000000e-01
4.428000000000004377e+01,5.000000000000000000e-01
4.428100000000004144e+01,5.000000000000000000e-01
4.428200000000003911e+01,5.000000000000000000e-01
4.428300000000004388e+01,5.000000000000000000e-01
4.428400000000004155e+01,5.000000000000000000e-01
4.428500000000003922e+01,5.000000000000000000e-01
4.428600000000004400e+01,5.000000000000000000e-01
4.428700000000004167e+01,5.000000000000000000e-01
4.428800000000003934e+01,5.000000000000000000e-01
4.428900000000004411e+01,5.000000000000000000e-01
4.429000000000004178e+01,5.000000000000000000e-01
4.429100000000003945e+01,5.000000000000000000e-01
4.429200000000004422e+01,5.000000000000000000e-01
4.429300000000004189e+01,5.000000000000000000e-01
4.429400000000003956e+01,5.000000000000000000e-01
4.429500000000004434e+01,5.000000000000000000e-01
4.429600000000004201e+01,5.000000000000000000e-01
4.429700000000003968e+01,5.000000000000000000e-01
4.429800000000004445e+01,5.000000000000000000e-01
4.429900000000004212e+01,5.000000000000000000e-01
4.430000000000003979e+01,5.000000000000000000e-01
4.430100000000003746e+01,5.000000000000000000e-01
4.430200000000004223e+01,5.000000000000000000e-01
4.430300000000003990e+01,5.000000000000000000e-01
4.430400000000003757e+01,5.000000000000000000e-01
4.430500000000004235e+01,5.000000000000000000e-01
4.430600000000004002e+01,5.000000000000000000e-01
4.430700000000003769e+01,5.000000000000000000e-01
4.430800000000004246e+01,5.000000000000000000e-01
4.430900000000004013e+01,5.000000000000000000e-01
4.431000000000003780e+01,5.000000000000000000e-01
4.431100000000004258e+01,5.000000000000000000e-01
4.431200000000004025e+01,5.000000000000000000e-01
4.431300000000003791e+01,5.000000000000000000e-01
4.431400000000004269e+01,5.000000000000000000e-01
4.431500000000004036e+01,5.000000000000000000e-01
4.431600000000003803e+01,5.000000000000000000e-01
4.431700000000004280e+01,5.000000000000000000e-01
4.431800000000004047e+01,5.000000000000000000e-01
4.431900000000003814e+01,5.000000000000000000e-01
4.432000000000004292e+01,5.000000000000000000e-01
4.432100000000004059e+01,5.000000000000000000e-01
4.432200000000003826e+01,5.000000000000000000e-01
4.432300000000004303e+01,5.000000000000000000e-01
4.432400000000004070e+01,5.000000000000000000e-01
4.432500000000003837e+01,5.000000000000000000e-01
4.432600000000004314e+01,5.000000000000000000e-01
4.432700000000004081e+01,5.000000000000000000e-01
4.432800000000003848e+01,5.000000000000000000e-01
4.432900000000004326e+01,5.000000000000000000e-01
4.433000000000004093e+01,5.000000000000000000e-01
4.433100000000003860e+01,5.000000000000000000e-01
4.433200000000004337e+01,5.000000000000000000e-01
4.433300000000004104e+01,5.000000000000000000e-01
4.433400000000003871e+01,5.000000000000000000e-01
4.433500000000004349e+01,5.000000000000000000e-01
4.433600000000004115e+01,5.000000000000000000e-01
4.433700000000003882e+01,5.000000000000000000e-01
4.433800000000004360e+01,5.000000000000000000e-01
4.433900000000004127e+01,5.000000000000000000e-01
4.434000000000003894e+01,5.000000000000000000e-01
4.434100000000004371e+01,5.000000000000000000e-01
4.434200000000004138e+01,5.000000000000000000e-01
4.434300000000003905e+01,5.000000000000000000e-01
4.434400000000004383e+01,5.000000000000000000e-01
4.434500000000004150e+01,5.000000000000000000e-01
4.434600000000003917e+01,5.000000000000000000e-01
4.434700000000004394e+01,5.000000000000000000e-01
4.434800000000004161e+01,5.000000000000000000e-01
4.434900000000003928e+01,5.000000000000000000e-01
4.435000000000004405e+01,5.000000000000000000e-01
4.435100000000004172e+01,5.000000000000000000e-01
4.435200000000003939e+01,5.000000000000000000e-01
4.435300000000004417e+01,5.000000000000000000e-01
4.435400000000004184e+01,5.000000000000000000e-01
4.435500000000003951e+01,5.000000000000000000e-01
4.435600000000004428e+01,5.000000000000000000e-01
4.435700000000004195e+01,5.000000000000000000e-01
4.435800000000003962e+01,5.000000000000000000e-01
4.435900000000004439e+01,5.000000000000000000e-01
4.436000000000004206e+01,5.000000000000000000e-01
4.436100000000003973e+01,5.000000000000000000e-01
4.436200000000004451e+01,5.000000000000000000e-01
4.436300000000004218e+01,5.000000000000000000e-01
4.436400000000003985e+01,5.000000000000000000e-01
4.436500000000004462e+01,5.000000000000000000e-01
4.436600000000004229e+01,5.000000000000000000e-01
4.436700000000003996e+01,5.000000000000000000e-01
4.436800000000003763e+01,5.000000000000000000e-01
4.436900000000004241e+01,5.000000000000000000e-01
4.437000000000004007e+01,5.000000000000000000e-01
4.437100000000003774e+01,5.000000000000000000e-01
4.437200000000004252e+01,5.000000000000000000e-01
4.437300000000004019e+01,5.000000000000000000e-01
4.437400000000003786e+01,5.000000000000000000e-01
4.437500000000004263e+01,5.000000000000000000e-01
4.437600000000004030e+01,5.000000000000000000e-01
4.437700000000003797e+01,5.000000000000000000e-01
4.437800000000004275e+01,5.000000000000000000e-01
4.437900000000004042e+01,5.000000000000000000e-01
4.438000000000003809e+01,5.000000000000000000e-01
4.438100000000004286e+01,5.000000000000000000e-01
4.438200000000004053e+01,5.000000000000000000e-01
4.438300000000003820e+01,5.000000000000000000e-01
4.438400000000004297e+01,5.000000000000000000e-01
4.438500000000004064e+01,5.000000000000000000e-01
4.438600000000003831e+01,5.000000000000000000e-01
4.438700000000004309e+01,5.000000000000000000e-01
4.438800000000004076e+01,5.000000000000000000e-01
4.438900000000003843e+01,5.000000000000000000e-01
4.439000000000004320e+01,5.000000000000000000e-01
4.439100000000004087e+01,5.000000000000000000e-01
4.439200000000003854e+01,5.000000000000000000e-01
4.439300000000004331e+01,5.000000000000000000e-01
4.439400000000004098e+01,5.000000000000000000e-01
4.439500000000003865e+01,5.000000000000000000e-01
4.439600000000004343e+01,5.000000000000000000e-01
4.439700000000004110e+01,5.000000000000000000e-01
4.439800000000003877e+01,5.000000000000000000e-01
4.439900000000004354e+01,5.000000000000000000e-01
4.440000000000004121e+01,5.000000000000000000e-01
4.440100000000003888e+01,5.000000000000000000e-01
4.440200000000004366e+01,5.000000000000000000e-01
4.440300000000004133e+01,5.000000000000000000e-01
4.440400000000003899e+01,5.000000000000000000e-01
4.440500000000004377e+01,5.000000000000000000e-01
4.440600000000004144e+01,5.000000000000000000e-01
4.440700000000003911e+01,5.000000000000000000e-01
4.440800000000004388e+01,5.000000000000000000e-01
4.440900000000004155e+01,5.000000000000000000e-01
4.441000000000003922e+01,5.000000000000000000e-01
4.441100000000004400e+01,5.000000000000000000e-01
4.441200000000004167e+01,5.000000000000000000e-01
4.441300000000003934e+01,5.000000000000000000e-01
4.441400000000004411e+01,5.000000000000000000e-01
4.441500000000004178e+01,5.000000000000000000e-01
4.441600000000003945e+01,5.000000000000000000e-01
4.441700000000004422e+01,5.000000000000000000e-01
4.441800000000004189e+01,5.000000000000000000e-01
4.441900000000003956e+01,5.000000000000000000e-01
4.442000000000004434e+01,5.000000000000000000e-01
4.442100000000004201e+01,5.000000000000000000e-01
4.442200000000003968e+01,5.000000000000000000e-01
4.442300000000004445e+01,5.000000000000000000e-01
4.442400000000004212e+01,5.000000000000000000e-01
4.442500000000003979e+01,5.000000000000000000e-01
4.442600000000004457e+01,5.000000000000000000e-01
4.442700000000004223e+01,5.000000000000000000e-01
4.442800000000003990e+01,5.000000000000000000e-01
4.442900000000003757e+01,5.000000000000000000e-01
4.443000000000004235e+01,5.000000000000000000e-01
4.443100000000004002e+01,5.000000000000000000e-01
4.443200000000003769e+01,5.000000000000000000e-01
4.443300000000004246e+01,5.000000000000000000e-01
4.443400000000004013e+01,5.000000000000000000e-01
4.443500000000003780e+01,5.000000000000000000e-01
4.443600000000004258e+01,5.000000000000000000e-01
4.443700000000004025e+01,5.000000000000000000e-01
4.443800000000003791e+01,5.000000000000000000e-01
4.443900000000004269e+01,5.000000000000000000e-01
4.444000000000004036e+01,5.000000000000000000e-01
4.444100000000003803e+01,5.000000000000000000e-01
4.444200000000004280e+01,5.000000000000000000e-01
4.444300000000004047e+01,5.000000000000000000e-01
4.444400000000003814e+01,5.000000000000000000e-01
4.444500000000004292e+01,5.000000000000000000e-01
4.444600000000004059e+01,5.000000000000000000e-01
4.444700000000003826e+01,5.000000000000000000e-01
4.444800000000004303e+01,5.000000000000000000e-01
4.444900000000004070e+01,5.000000000000000000e-01
4.445000000000003837e+01,5.000000000000000000e-01
4.445100000000004314e+01,5.000000000000000000e-01
4.445200000000004081e+01,5.000000000000000000e-01
4.445300000000003848e+01,5.000000000000000000e-01
4.445400000000004326e+01,5.000000000000000000e-01
4.445500000000004093e+01,5.000000000000000000e-01
4.445600000000003860e+01,5.000000000000000000e-01
4.445700000000004337e+01,5.000000000000000000e-01
4.445800000000004104e+01,5.000000000000000000e-01
4.445900000000003871e+01,5.000000000000000000e-01
4.446000000000004349e+01,5.000000000000000000e-01
4.446100000000004115e+01,5.000000000000000000e-01
4.446200000000003882e+01,5.000000000000000000e-01
4.446300000000004360e+01,5.000000000000000000e-01
4.446400000000004127e+01,5.000000000000000000e-01
4.446500000000003894e+01,5.000000000000000000e-01
4.446600000000004371e+01,5.000000000000000000e-01
4.446700000000004138e+01,5.000000000000000000e-01
4.446800000000003905e+01,5.000000000000000000e-01
4.446900000000004383e+01,5.000000000000000000e-01
4.447000000000004150e+01,5.000000000000000000e-01
4.447100000000003917e+01,5.000000000000000000e-01
4.447200000000004394e+01,5.000000000000000000e-01
4.447300000000004161e+01,5.000000000000000000e-01
4.447400000000003928e+01,5.000000000000000000e-01
4.447500000000004405e+01,5.000000000000000000e-01
4.447600000000004172e+01,5.000000000000000000e-01
4.447700000000003939e+01,5.000000000000000000e-01
4.447800000000004417e+01,5.000000000000000000e-01
4.447900000000004184e+01,5.000000000000000000e-01
4.448000000000003951e+01,5.000000000000000000e-01
4.448100000000004428e+01,5.000000000000000000e-01
4.448200000000004195e+01,5.000000000000000000e-01
4.448300000000003962e+01,5.000000000000000000e-01
4.448400000000004439e+01,5.000000000000000000e-01
4.448500000000004206e+01,5.000000000000000000e-01
4.448600000000003973e+01,5.000000000000000000e-01
4.448700000000004451e+01,5.000000000000000000e-01
4.448800000000004218e+01,5.000000000000000000e-01
4.448900000000003985e+01,5.000000000000000000e-01
4.449000000000004462e+01,5.000000000000000000e-01
4.449100000000004229e+01,5.000000000000000000e-01
4.449200000000003996e+01,5.000000000000000000e-01
4.449300000000004474e+01,5.000000000000000000e-01
4.449400000000004241e+01,5.000000000000000000e-01
4.449500000000004007e+01,5.000000000000000000e-01
4.449600000000003774e+01,5.000000000000000000e-01
4.449700000000004252e+01,5.000000000000000000e-01
4.449800000000004019e+01,5.000000000000000000e-01
4.449900000000003786e+01,5.000000000000000000e-01
4.450000000000004263e+01,5.000000000000000000e-01
4.450100000000004030e+01,5.000000000000000000e-01
4.450200000000003797e+01,5.000000000000000000e-01
4.450300000000004275e+01,5.000000000000000000e-01
4.450400000000004042e+01,5.000000000000000000e-01
4.450500000000003809e+01,5.000000000000000000e-01
4.450600000000004286e+01,5.000000000000000000e-01
4.450700000000004053e+01,5.000000000000000000e-01
4.450800000000003820e+01,5.000000000000000000e-01
4.450900000000004297e+01,5.000000000000000000e-01
4.451000000000004064e+01,5.000000000000000000e-01
4.451100000000003831e+01,5.000000000000000000e-01
4.451200000000004309e+01,5.000000000000000000e-01
4.451300000000004076e+01,5.000000000000000000e-01
4.451400000000003843e+01,5.000000000000000000e-01
4.451500000000004320e+01,5.000000000000000000e-01
4.451600000000004087e+01,5.000000000000000000e-01
4.451700000000003854e+01,5.000000000000000000e-01
4.451800000000004331e+01,5.000000000000000000e-01
4.451900000000004098e+01,5.000000000000000000e-01
4.452000000000003865e+01,5.000000000000000000e-01
4.452100000000004343e+01,5.000000000000000000e-01
4.452200000000004110e+01,5.000000000000000000e-01
4.452300000000003877e+01,5.000000000000000000e-01
4.452400000000004354e+01,5.000000000000000000e-01
4.452500000000004121e+01,5.000000000000000000e-01
4.452600000000003888e+01,5.000000000000000000e-01
4.452700000000004366e+01,5.000000000000000000e-01
4.452800000000004133e+01,5.000000000000000000e-01
4.452900000000003899e+01,5.000000000000000000e-01
4.453000000000004377e+01,5.000000000000000000e-01
4.453100000000004144e+01,5.000000000000000000e-01
4.453200000000003911e+01,5.000000000000000000e-01
4.453300000000004388e+01,5.000000000000000000e-01
4.453400000000004155e+01,5.000000000000000000e-01
4.453500000000003922e+01,5.000000000000000000e-01
4.453600000000004400e+01,5.000000000000000000e-01
4.453700000000004167e+01,5.000000000000000000e-01
4.453800000000003934e+01,5.000000000000000000e-01
4.453900000000004411e+01,5.000000000000000000e-01
4.454000000000004178e+01,5.000000000000000000e-01
4.454100000000003945e+01,5.000000000000000000e-01
4.454200000000004422e+01,5.000000000000000000e-01
4.454300000000004189e+01,5.000000000000000000e-01
4.454400000000003956e+01,5.000000000000000000e-01
4.454500000000004434e+01,5.000000000000000000e-01
4.454600000000004201e+01,5.000000000000000000e-01
4.454700000000003968e+01,5.000000000000000000e-01
4.454800000000004445e+01,5.000000000000000000e-01
4.454900000000004212e+01,5.000000000000000000e-01
4.455000000000003979e+01,5.000000000000000000e-01
4.455100000000004457e+01,5.000000000000000000e-01
4.455200000000004223e+01,5.000000000000000000e-01
4.455300000000003990e+01,5.000000000000000000e-01
4.455400000000004468e+01,5.000000000000000000e-01
4.455500000000004235e+01,5.000000000000000000e-01
4.455600000000004002e+01,5.000000000000000000e-01
4.455700000000003769e+01,5.000000000000000000e-01
4.455800000000004246e+01,5.000000000000000000e-01
4.455900000000004013e+01,5.000000000000000000e-01
4.456000000000003780e+01,5.000000000000000000e-01
4.456100000000004258e+01,5.000000000000000000e-01
4.456200000000004025e+01,5.000000000000000000e-01
4.456300000000003791e+01,5.000000000000000000e-01
4.456400000000004269e+01,5.000000000000000000e-01
4.456500000000004036e+01,5.000000000000000000e-01
4.456600000000003803e+01,5.000000000000000000e-01
4.456700000000004280e+01,5.000000000000000000e-01
4.456800000000004047e+01,5.000000000000000000e-01
4.456900000000003814e+01,5.000000000000000000e-01
4.457000000000004292e+01,5.000000000000000000e-01
4.457100000000004059e+01,5.000000000000000000e-01
4.457200000000003826e+01,5.000000000000000000e-01
4.457300000000004303e+01,5.000000000000000000e-01
4.457400000000004070e+01,5.000000000000000000e-01
4.457500000000003837e+01,5.000000000000000000e-01
4.457600000000004314e+01,5.000000000000000000e-01
4.457700000000004081e+01,5.000000000000000000e-01
4.457800000000003848e+01,5.000000000000000000e-01
4.457900000000004326e+01,5.000000000000000000e-01
4.458000000000004093e+01,5.000000000000000000e-01
4.458100000000003860e+01,5.000000000000000000e-01
4.458200000000004337e+01,5.000000000000000000e-01
4.458300000000004104e+01,5.000000000000000000e-01
4.458400000000003871e+01,5.000000000000000000e-01
4.458500000000004349e+01,5.000000000000000000e-01
4.458600000000004115e+01,5.000000000000000000e-01
4.458700000000003882e+01,5.000000000000000000e-01
4.458800000000004360e+01,5.000000000000000000e-01
4.458900000000004127e+01,5.000000000000000000e-01
4.459000000000003894e+01,5.000000000000000000e-01
4.459100000000004371e+01,5.000000000000000000e-01
4.459200000000004138e+01,5.000000000000000000e-01
4.459300000000003905e+01,5.000000000000000000e-01
4.459400000000004383e+01,5.000000000000000000e-01
4.459500000000004150e+01,5.000000000000000000e-01
4.459600000000003917e+01,5.000000000000000000e-01
4.459700000000004394e+01,5.000000000000000000e-01
4.459800000000004161e+01,5.000000000000000000e-01
4.459900000000003928e+01,5.000000000000000000e-01
4.460000000000004405e+01,5.000000000000000000e-01
4.460100000000004172e+01,5.000000000000000000e-01
4.460200000000003939e+01,5.000000000000000000e-01
4.460300000000004417e+01,5.000000000000000000e-01
4.460400000000004184e+01,5.000000000000000000e-01
4.460500000000003951e+01,5.000000000000000000e-01
4.460600000000004428e+01,5.000000000000000000e-01
4.460700000000004195e+01,5.000000000000000000e-01
4.460800000000003962e+01,5.000000000000000000e-01
4.460900000000004439e+01,5.000000000000000000e-01
4.461000000000004206e+01,5.000000000000000000e-01
4.461100000000003973e+01,5.000000000000000000e-01
4.461200000000004451e+01,5.000000000000000000e-01
4.461300000000004218e+01,5.000000000000000000e-01
4.461400000000003985e+01,5.000000000000000000e-01
4.461500000000004462e+01,5.000000000000000000e-01
4.461600000000004229e+01,5.000000000000000000e-01
4.461700000000003996e+01,5.000000000000000000e-01
4.461800000000004474e+01,5.000000000000000000e-01
4.461900000000004241e+01,5.000000000000000000e-01
4.462000000000004007e+01,5.000000000000000000e-01
4.462100000000004485e+01,5.000000000000000000e-01
4.462200000000004252e+01,5.000000000000000000e-01
4.462300000000004019e+01,5.000000000000000000e-01
4.462400000000003786e+01,5.000000000000000000e-01
4.462500000000004263e+01,5.000000000000000000e-01
4.462600000000004030e+01,5.000000000000000000e-01
4.462700000000003797e+01,5.000000000000000000e-01
4.462800000000004275e+01,5.000000000000000000e-01
4.462900000000004042e+01,5.000000000000000000e-01
4.463000000000003809e+01,5.000000000000000000e-01
4.463100000000004286e+01,5.000000000000000000e-01
4.463200000000004053e+01,5.000000000000000000e-01
4.463300000000003820e+01,5.000000000000000000e-01
4.463400000000004297e+01,5.000000000000000000e-01
4.463500000000004064e+01,5.000000000000000000e-01
4.463600000000003831e+01,5.000000000000000000e-01
4.463700000000004309e+01,5.000000000000000000e-01
4.463800000000004076e+01,5.000000000000000000e-01
4.463900000000003843e+01,5.000000000000000000e-01
4.464000000000004320e+01,5.000000000000000000e-01
4.464100000000004087e+01,5.000000000000000000e-01
4.464200000000003854e+01,5.000000000000000000e-01
4.464300000000004331e+01,5.000000000000000000e-01
4.464400000000004098e+01,5.000000000000000000e-01
4.464500000000003865e+01,5.000000000000000000e-01
4.464600000000004343e+01,5.000000000000000000e-01
4.464700000000004110e+01,5.000000000000000000e-01
4.464800000000003877e+01,5.000000000000000000e-01
4.464900000000004354e+01,5.000000000000000000e-01
4.465000000000004121e+01,5.000000000000000000e-01
4.465100000000003888e+01,5.000000000000000000e-01
4.465200000000004366e+01,5.000000000000000000e-01
4.465300000000004133e+01,5.000000000000000000e-01
4.465400000000003899e+01,5.000000000000000000e-01
4.465500000000004377e+01,5.000000000000000000e-01
4.465600000000004144e+01,5.000000000000000000e-01
4.465700000000003911e+01,5.000000000000000000e-01
4.465800000000004388e+01,5.000000000000000000e-01
4.465900000000004155e+01,5.000000000000000000e-01
4.466000000000003922e+01,5.000000000000000000e-01
4.466100000000004400e+01,5.000000000000000000e-01
4.466200000000004167e+01,5.000000000000000000e-01
4.466300000000003934e+01,5.000000000000000000e-01
4.466400000000004411e+01,5.000000000000000000e-01
4.466500000000004178e+01,5.000000000000000000e-01
4.466600000000003945e+01,5.000000000000000000e-01
4.466700000000004422e+01,5.000000000000000000e-01
4.466800000000004189e+01,5.000000000000000000e-01
4.466900000000003956e+01,5.000000000000000000e-01
4.467000000000004434e+01,5.000000000000000000e-01
4.467100000000004201e+01,5.000000000000000000e-01
4.467200000000003968e+01,5.000000000000000000e-01
4.467300000000004445e+01,5.000000000000000000e-01
4.467400000000004212e+01,5.000000000000000000e-01
4.467500000000003979e+01,5.000000000000000000e-01
4.467600000000004457e+01,5.000000000000000000e-01
4.467700000000004223e+01,5.000000000000000000e-01
4.467800000000003990e+01,5.000000000000000000e-01
4.467900000000004468e+01,5.000000000000000000e-01
4.468000000000004235e+01,5.000000000000000000e-01
4.468100000000004002e+01,5.000000000000000000e-01
4.468200000000004479e+01,5.000000000000000000e-01
4.468300000000004246e+01,5.000000000000000000e-01
4.468400000000004013e+01,5.000000000000000000e-01
4.468500000000003780e+01,5.000000000000000000e-01
4.468600000000004258e+01,5.000000000000000000e-01
4.468700000000004025e+01,5.000000000000000000e-01
4.468800000000003791e+01,5.000000000000000000e-01
4.468900000000004269e+01,5.000000000000000000e-01
4.469000000000004036e+01,5.000000000000000000e-01
4.469100000000003803e+01,5.000000000000000000e-01
4.469200000000004280e+01,5.000000000000000000e-01
4.469300000000004047e+01,5.000000000000000000e-01
4.469400000000003814e+01,5.000000000000000000e-01
4.469500000000004292e+01,5.000000000000000000e-01
4.469600000000004059e+01,5.000000000000000000e-01
4.469700000000003826e+01,5.000000000000000000e-01
4.469800000000004303e+01,5.000000000000000000e-01
4.469900000000004070e+01,5.000000000000000000e-01
4.470000000000003837e+01,5.000000000000000000e-01
4.470100000000004314e+01,5.000000000000000000e-01
4.470200000000004081e+01,5.000000000000000000e-01
4.470300000000003848e+01,5.000000000000000000e-01
4.470400000000004326e+01,5.000000000000000000e-01
4.470500000000004093e+01,5.000000000000000000e-01
4.470600000000003860e+01,5.000000000000000000e-01
4.470700000000004337e+01,5.000000000000000000e-01
4.470800000000004104e+01,5.000000000000000000e-01
4.470900000000003871e+01,5.000000000000000000e-01
4.471000000000004349e+01,5.000000000000000000e-01
4.471100000000004115e+01,5.000000000000000000e-01
4.471200000000003882e+01,5.000000000000000000e-01
4.471300000000004360e+01,5.000000000000000000e-01
4.471400000000004127e+01,5.000000000000000000e-01
4.471500000000003894e+01,5.000000000000000000e-01
4.471600000000004371e+01,5.000000000000000000e-01
4.471700000000004138e+01,5.000000000000000000e-01
4.471800000000003905e+01,5.000000000000000000e-01
4.471900000000004383e+01,5.000000000000000000e-01
4.472000000000004150e+01,5.000000000000000000e-01
4.472100000000003917e+01,5.000000000000000000e-01
4.472200000000004394e+01,5.000000000000000000e-01
4.472300000000004161e+01,5.000000000000000000e-01
4.472400000000003928e+01,5.000000000000000000e-01
4.472500000000004405e+01,5.000000000000000000e-01
4.472600000000004172e+01,5.000000000000000000e-01
4.472700000000003939e+01,5.000000000000000000e-01
4.472800000000004417e+01,5.000000000000000000e-01
4.472900000000004184e+01,5.000000000000000000e-01
4.473000000000003951e+01,5.000000000000000000e-01
4.473100000000004428e+01,5.000000000000000000e-01
4.473200000000004195e+01,5.000000000000000000e-01
4.473300000000003962e+01,5.000000000000000000e-01
4.473400000000004439e+01,5.000000000000000000e-01
4.473500000000004206e+01,5.000000000000000000e-01
4.473600000000003973e+01,5.000000000000000000e-01
4.473700000000004451e+01,5.000000000000000000e-01
4.473800000000004218e+01,5.000000000000000000e-01
4.473900000000003985e+01,5.000000000000000000e-01
4.474000000000004462e+01,5.000000000000000000e-01
4.474100000000004229e+01,5.000000000000000000e-01
4.474200000000003996e+01,5.000000000000000000e-01
4.474300000000004474e+01,5.000000000000000000e-01
4.474400000000004241e+01,5.000000000000000000e-01
4.474500000000004007e+01,5.000000000000000000e-01
4.474600000000004485e+01,5.000000000000000000e-01
4.474700000000004252e+01,5.000000000000000000e-01
4.474800000000004019e+01,5.000000000000000000e-01
4.474900000000004496e+01,5.000000000000000000e-01
4.475000000000004263e+01,5.000000000000000000e-01
4.475100000000004030e+01,5.000000000000000000e-01
4.475200000000003797e+01,5.000000000000000000e-01
4.475300000000004275e+01,5.000000000000000000e-01
4.475400000000004042e+01,5.000000000000000000e-01
4.475500000000003809e+01,5.000000000000000000e-01
4.475600000000004286e+01,5.000000000000000000e-01
4.475700000000004053e+01,5.000000000000000000e-01
4.475800000000003820e+01,5.000000000000000000e-01
4.475900000000004297e+01,5.000000000000000000e-01
4.476000000000004064e+01,5.000000000000000000e-01
4.476100000000003831e+01,5.000000000000000000e-01
4.476200000000004309e+01,5.000000000000000000e-01
4.476300000000004076e+01,5.000000000000000000e-01
4.476400000000003843e+01,5.000000000000000000e-01
4.476500000000004320e+01,5.000000000000000000e-01
4.476600000000004087e+01,5.000000000000000000e-01
4.476700000000003854e+01,5.000000000000000000e-01
4.476800000000004331e+01,5.000000000000000000e-01
4.476900000000004098e+01,5.000000000000000000e-01
4.477000000000003865e+01,5.000000000000000000e-01
4.477100000000004343e+01,5.000000000000000000e-01
4.477200000000004110e+01,5.000000000000000000e-01
4.477300000000003877e+01,5.000000000000000000e-01
4.477400000000004354e+01,5.000000000000000000e-01
4.477500000000004121e+01,5.000000000000000000e-01
4.477600000000003888e+01,5.000000000000000000e-01
4.477700000000004366e+01,5.000000000000000000e-01
4.477800000000004133e+01,5.000000000000000000e-01
4.477900000000003899e+01,5.000000000000000000e-01
4.478000000000004377e+01,5.000000000000000000e-01
4.478100000000004144e+01,5.000000000000000000e-01
4.478200000000003911e+01,5.000000000000000000e-01
4.478300000000004388e+01,5.000000000000000000e-01
4.478400000000004155e+01,5.000000000000000000e-01
4.478500000000003922e+01,5.000000000000000000e-01
4.478600000000004400e+01,5.000000000000000000e-01
4.478700000000004167e+01,5.000000000000000000e-01
4.478800000000003934e+01,5.000000000000000000e-01
4.478900000000004411e+01,5.000000000000000000e-01
4.479000000000004178e+01,5.000000000000000000e-01
4.479100000000003945e+01,5.000000000000000000e-01
4.479200000000004422e+01,5.000000000000000000e-01
4.479300000000004189e+01,5.000000000000000000e-01
4.479400000000003956e+01,5.000000000000000000e-01
4.479500000000004434e+01,5.000000000000000000e-01
4.479600000000004201e+01,5.000000000000000000e-01
4.479700000000003968e+01,5.000000000000000000e-01
4.479800000000004445e+01,5.000000000000000000e-01
4.479900000000004212e+01,5.000000000000000000e-01
4.480000000000003979e+01,5.000000000000000000e-01
4.480100000000004457e+01,5.000000000000000000e-01
4.480200000000004223e+01,5.000000000000000000e-01
4.480300000000003990e+01,5.000000000000000000e-01
4.480400000000004468e+01,5.000000000000000000e-01
4.480500000000004235e+01,5.000000000000000000e-01
4.480600000000004002e+01,5.000000000000000000e-01
4.480700000000004479e+01,5.000000000000000000e-01
4.480800000000004246e+01,5.000000000000000000e-01
4.480900000000004013e+01,5.000000000000000000e-01
4.481000000000004491e+01,5.000000000000000000e-01
4.481100000000004258e+01,5.000000000000000000e-01
4.481200000000004025e+01,5.000000000000000000e-01
4.481300000000003791e+01,5.000000000000000000e-01
4.481400000000004269e+01,5.000000000000000000e-01
4.481500000000004036e+01,5.000000000000000000e-01
4.481600000000003803e+01,5.000000000000000000e-01
4.481700000000004280e+01,5.000000000000000000e-01
4.481800000000004047e+01,5.000000000000000000e-01
4.481900000000003814e+01,5.000000000000000000e-01
4.482000000000004292e+01,5.000000000000000000e-01
4.482100000000004059e+01,5.000000000000000000e-01
4.482200000000003826e+01,5.000000000000000000e-01
4.482300000000004303e+01,5.000000000000000000e-01
4.482400000000004070e+01,5.000000000000000000e-01
4.482500000000003837e+01,5.000000000000000000e-01
4.482600000000004314e+01,5.000000000000000000e-01
4.482700000000004081e+01,5.000000000000000000e-01
4.482800000000003848e+01,5.000000000000000000e-01
4.482900000000004326e+01,5.000000000000000000e-01
4.483000000000004093e+01,5.000000000000000000e-01
4.483100000000003860e+01,5.000000000000000000e-01
4.483200000000004337e+01,5.000000000000000000e-01
4.483300000000004104e+01,5.000000000000000000e-01
4.483400000000003871e+01,5.000000000000000000e-01
4.483500000000004349e+01,5.000000000000000000e-01
4.483600000000004115e+01,5.000000000000000000e-01
4.483700000000003882e+01,5.000000000000000000e-01
4.483800000000004360e+01,5.000000000000000000e-01
4.483900000000004127e+01,5.000000000000000000e-01
4.484000000000003894e+01,5.000000000000000000e-01
4.484100000000004371e+01,5.000000000000000000e-01
4.484200000000004138e+01,5.000000000000000000e-01
4.484300000000003905e+01,5.000000000000000000e-01
4.484400000000004383e+01,5.000000000000000000e-01
4.484500000000004150e+01,5.000000000000000000e-01
4.484600000000003917e+01,5.000000000000000000e-01
4.484700000000004394e+01,5.000000000000000000e-01
4.484800000000004161e+01,5.000000000000000000e-01
4.484900000000003928e+01,5.000000000000000000e-01
4.485000000000004405e+01,5.000000000000000000e-01
4.485100000000004172e+01,5.000000000000000000e-01
4.485200000000003939e+01,5.000000000000000000e-01
4.485300000000004417e+01,5.000000000000000000e-01
4.485400000000004184e+01,5.000000000000000000e-01
4.485500000000003951e+01,5.000000000000000000e-01
4.485600000000004428e+01,5.000000000000000000e-01
4.485700000000004195e+01,5.000000000000000000e-01
4.485800000000003962e+01,5.000000000000000000e-01
4.485900000000004439e+01,5.000000000000000000e-01
4.486000000000004206e+01,5.000000000000000000e-01
4.486100000000003973e+01,5.000000000000000000e-01
4.486200000000004451e+01,5.000000000000000000e-01
4.486300000000004218e+01,5.000000000000000000e-01
4.486400000000003985e+01,5.000000000000000000e-01
4.486500000000004462e+01,5.000000000000000000e-01
4.486600000000004229e+01,5.000000000000000000e-01
4.486700000000003996e+01,5.000000000000000000e-01
4.486800000000004474e+01,5.000000000000000000e-01
4.486900000000004241e+01,5.000000000000000000e-01
4.487000000000004007e+01,5.000000000000000000e-01
4.487100000000004485e+01,5.000000000000000000e-01
4.487200000000004252e+01,5.000000000000000000e-01
4.487300000000004019e+01,5.000000000000000000e-01
4.487400000000004496e+01,5.000000000000000000e-01
4.487500000000004263e+01,5.000000000000000000e-01
4.487600000000004030e+01,5.000000000000000000e-01
4.487700000000004508e+01,5.000000000000000000e-01
4.487800000000004275e+01,5.000000000000000000e-01
4.487900000000004042e+01,5.000000000000000000e-01
4.488000000000003809e+01,5.000000000000000000e-01
4.488100000000004286e+01,5.000000000000000000e-01
4.488200000000004053e+01,5.000000000000000000e-01
4.488300000000003820e+01,5.000000000000000000e-01
4.488400000000004297e+01,5.000000000000000000e-01
4.488500000000004064e+01,5.000000000000000000e-01
4.488600000000003831e+01,5.000000000000000000e-01
4.488700000000004309e+01,5.000000000000000000e-01
4.488800000000004076e+01,5.000000000000000000e-01
4.488900000000003843e+01,5.000000000000000000e-01
4.489000000000004320e+01,5.000000000000000000e-01
4.489100000000004087e+01,5.000000000000000000e-01
4.489200000000003854e+01,5.000000000000000000e-01
4.489300000000004331e+01,5.000000000000000000e-01
4.489400000000004098e+01,5.000000000000000000e-01
4.489500000000003865e+01,5.000000000000000000e-01
4.489600000000004343e+01,5.000000000000000000e-01
4.489700000000004110e+01,5.000000000000000000e-01
4.489800000000003877e+01,5.000000000000000000e-01
4.489900000000004354e+01,5.000000000000000000e-01
4.490000000000004121e+01,5.000000000000000000e-01
4.490100000000003888e+01,5.000000000000000000e-01
4.490200000000004366e+01,5.000000000000000000e-01
4.490300000000004133e+01,5.000000000000000000e-01
4.490400000000003899e+01,5.000000000000000000e-01
4.490500000000004377e+01,5.000000000000000000e-01
4.490600000000004144e+01,5.000000000000000000e-01
4.490700000000003911e+01,5.000000000000000000e-01
4.490800000000004388e+01,5.000000000000000000e-01
4.490900000000004155e+01,5.000000000000000000e-01
4.491000000000003922e+01,5.000000000000000000e-01
4.491100000000004400e+01,5.000000000000000000e-01
4.491200000000004167e+01,5.000000000000000000e-01
4.491300000000003934e+01,5.000000000000000000e-01
4.491400000000004411e+01,5.000000000000000000e-01
4.491500000000004178e+01,5.000000000000000000e-01
4.491600000000003945e+01,5.000000000000000000e-01
4.491700000000004422e+01,5.000000000000000000e-01
4.491800000000004189e+01,5.000000000000000000e-01
4.491900000000003956e+01,5.000000000000000000e-01
4.492000000000004434e+01,5.000000000000000000e-01
4.492100000000004201e+01,5.000000000000000000e-01
4.492200000000003968e+01,5.000000000000000000e-01
4.492300000000004445e+01,5.000000000000000000e-01
4.492400000000004212e+01,5.000000000000000000e-01
4.492500000000003979e+01,5.000000000000000000e-01
4.492600000000004457e+01,5.000000000000000000e-01
4.492700000000004223e+01,5.000000000000000000e-01
4.492800000000003990e+01,5.000000000000000000e-01
4.492900000000004468e+01,5.000000000000000000e-01
4.493000000000004235e+01,5.000000000000000000e-01
4.493100000000004002e+01,5.000000000000000000e-01
4.493200000000004479e+01,5.000000000000000000e-01
4.493300000000004246e+01,5.000000000000000000e-01
4.493400000000004013e+01,5.000000000000000000e-01
4.493500000000004491e+01,5.000000000000000000e-01
4.493600000000004258e+01,5.000000000000000000e-01
4.493700000000004025e+01,5.000000000000000000e-01
4.493800000000004502e+01,5.000000000000000000e-01
4.493900000000004269e+01,5.000000000000000000e-01
4.494000000000004036e+01,5.000000000000000000e-01
4.494100000000003803e+01,5.000000000000000000e-01
4.494200000000004280e+01,5.000000000000000000e-01
4.494300000000004047e+01,5.000000000000000000e-01
4.494400000000003814e+01,5.000000000000000000e-01
4.494500000000004292e+01,5.000000000000000000e-01
4.494600000000004059e+01,5.000000000000000000e-01
4.494700000000003826e+01,5.000000000000000000e-01
4.494800000000004303e+01,5.000000000000000000e-01
4.494900000000004070e+01,5.000000000000000000e-01
4.495000000000003837e+01,5.000000000000000000e-01
4.495100000000004314e+01,5.000000000000000000e-01
4.495200000000004081e+01,5.000000000000000000e-01
4.495300000000003848e+01,5.000000000000000000e-01
4.495400000000004326e+01,5.000000000000000000e-01
4.495500000000004093e+01,5.000000000000000000e-01
4.495600000000003860e+01,5.000000000000000000e-01
4.495700000000004337e+01,5.000000000000000000e-01
4.495800000000004104e+01,5.000000000000000000e-01
4.495900000000003871e+01,5.000000000000000000e-01
4.496000000000004349e+01,5.000000000000000000e-01
4.496100000000004115e+01,5.000000000000000000e-01
4.496200000000003882e+01,5.000000000000000000e-01
4.496300000000004360e+01,5.000000000000000000e-01
4.496400000000004127e+01,5.000000000000000000e-01
4.496500000000003894e+01,5.000000000000000000e-01
4.496600000000004371e+01,5.000000000000000000e-01
4.496700000000004138e+01,5.000000000000000000e-01
4.496800000000003905e+01,5.000000000000000000e-01
4.496900000000004383e+01,5.000000000000000000e-01
4.497000000000004150e+01,5.000000000000000000e-01
4.497100000000003917e+01,5.000000000000000000e-01
4.497200000000004394e+01,5.000000000000000000e-01
4.497300000000004161e+01,5.000000000000000000e-01
4.497400000000003928e+01,5.000000000000000000e-01
4.497500000000004405e+01,5.000000000000000000e-01
4.497600000000004172e+01,5.000000000000000000e-01
4.497700000000003939e+01,5.000000000000000000e-01
4.497800000000004417e+01,5.000000000000000000e-01
4.497900000000004184e+01,5.000000000000000000e-01
4.498000000000003951e+01,5.000000000000000000e-01
4.498100000000004428e+01,5.000000000000000000e-01
4.498200000000004195e+01,5.000000000000000000e-01
4.498300000000003962e+01,5.000000000000000000e-01
4.498400000000004439e+01,5.000000000000000000e-01
4.498500000000004206e+01,5.000000000000000000e-01
4.498600000000003973e+01,5.000000000000000000e-01
4.498700000000004451e+01,5.000000000000000000e-01
4.498800000000004218e+01,5.000000000000000000e-01
4.498900000000003985e+01,5.000000000000000000e-01
4.499000000000004462e+01,5.000000000000000000e-01
4.499100000000004229e+01,5.000000000000000000e-01
4.499200000000003996e+01,5.000000000000000000e-01
4.499300000000004474e+01,5.000000000000000000e-01
4.499400000000004241e+01,5.000000000000000000e-01
4.499500000000004007e+01,5.000000000000000000e-01
4.499600000000004485e+01,5.000000000000000000e-01
4.499700000000004252e+01,5.000000000000000000e-01
4.499800000000004019e+01,5.000000000000000000e-01
4.499900000000004496e+01,5.000000000000000000e-01
4.500000000000004263e+01,5.000000000000000000e-01
4.500100000000004030e+01,5.000000000000000000e-01
4.500200000000004508e+01,5.000000000000000000e-01
4.500300000000004275e+01,5.000000000000000000e-01
4.500400000000004042e+01,5.000000000000000000e-01
4.500500000000004519e+01,5.000000000000000000e-01
4.500600000000004286e+01,5.000000000000000000e-01
4.500700000000004053e+01,5.000000000000000000e-01
4.500800000000003820e+01,5.000000000000000000e-01
4.500900000000004297e+01,5.000000000000000000e-01
4.501000000000004064e+01,5.000000000000000000e-01
4.501100000000003831e+01,5.000000000000000000e-01
4.501200000000004309e+01,5.000000000000000000e-01
4.501300000000004076e+01,5.000000000000000000e-01
4.501400000000003843e+01,5.000000000000000000e-01
4.501500000000004320e+01,5.000000000000000000e-01
4.501600000000004087e+01,5.000000000000000000e-01
4.501700000000003854e+01,5.000000000000000000e-01
4.501800000000004331e+01,5.000000000000000000e-01
4.501900000000004098e+01,5.000000000000000000e-01
4.502000000000003865e+01,5.000000000000000000e-01
4.502100000000004343e+01,5.000000000000000000e-01
4.502200000000004110e+01,5.000000000000000000e-01
4.502300000000003877e+01,5.000000000000000000e-01
4.502400000000004354e+01,5.000000000000000000e-01
4.502500000000004121e+01,5.000000000000000000e-01
4.502600000000003888e+01,5.000000000000000000e-01
4.502700000000004366e+01,5.000000000000000000e-01
4.502800000000004133e+01,5.000000000000000000e-01
4.502900000000003899e+01,5.000000000000000000e-01
4.503000000000004377e+01,5.000000000000000000e-01
4.503100000000004144e+01,5.000000000000000000e-01
4.503200000000003911e+01,5.000000000000000000e-01
4.503300000000004388e+01,5.000000000000000000e-01
4.503400000000004155e+01,5.000000000000000000e-01
4.503500000000003922e+01,5.000000000000000000e-01
4.503600000000004400e+01,5.000000000000000000e-01
4.503700000000004167e+01,5.000000000000000000e-01
4.503800000000003934e+01,5.000000000000000000e-01
4.503900000000004411e+01,5.000000000000000000e-01
4.504000000000004178e+01,5.000000000000000000e-01
4.504100000000003945e+01,5.000000000000000000e-01
4.504200000000004422e+01,5.000000000000000000e-01
4.504300000000004189e+01,5.000000000000000000e-01
4.504400000000003956e+01,5.000000000000000000e-01
4.504500000000004434e+01,5.000000000000000000e-01
4.504600000000004201e+01,5.000000000000000000e-01
4.504700000000003968e+01,5.000000000000000000e-01
4.504800000000004445e+01,5.000000000000000000e-01
4.504900000000004212e+01,5.000000000000000000e-01
4.505000000000003979e+01,5.000000000000000000e-01
4.505100000000004457e+01,5.000000000000000000e-01
4.505200000000004223e+01,5.000000000000000000e-01
4.505300000000003990e+01,5.000000000000000000e-01
4.505400000000004468e+01,5.000000000000000000e-01
4.505500000000004235e+01,5.000000000000000000e-01
4.505600000000004002e+01,5.000000000000000000e-01
4.505700000000004479e+01,5.000000000000000000e-01
4.505800000000004246e+01,5.000000000000000000e-01
4.505900000000004013e+01,5.000000000000000000e-01
4.506000000000004491e+01,5.000000000000000000e-01
4.506100000000004258e+01,5.000000000000000000e-01
4.506200000000004025e+01,5.000000000000000000e-01
4.506300000000004502e+01,5.000000000000000000e-01
4.506400000000004269e+01,5.000000000000000000e-01
4.506500000000004036e+01,5.000000000000000000e-01
4.506600000000004513e+01,5.000000000000000000e-01
4.506700000000004280e+01,5.000000000000000000e-01
4.506800000000004047e+01,5.000000000000000000e-01
4.506900000000003814e+01,5.000000000000000000e-01
4.507000000000004292e+01,5.000000000000000000e-01
4.507100000000004059e+01,5.000000000000000000e-01
4.507200000000003826e+01,5.000000000000000000e-01
4.507300000000004303e+01,5.000000000000000000e-01
4.507400000000004070e+01,5.000000000000000000e-01
4.507500000000003837e+01,5.000000000000000000e-01
4.507600000000004314e+01,5.000000000000000000e-01
4.507700000000004081e+01,5.000000000000000000e-01
4.507800000000003848e+01,5.000000000000000000e-01
4.507900000000004326e+01,5.000000000000000000e-01
4.508000000000004093e+01,5.000000000000000000e-01
4.508100000000003860e+01,5.000000000000000000e-01
4.508200000000004337e+01,5.000000000000000000e-01
4.508300000000004104e+01,5.000000000000000000e-01
4.508400000000003871e+01,5.000000000000000000e-01
4.508500000000004349e+01,5.000000000000000000e-01
4.508600000000004115e+01,5.000000000000000000e-01
4.508700000000003882e+01,5.000000000000000000e-01
4.508800000000004360e+01,5.000000000000000000e-01
4.508900000000004127e+01,5.000000000000000000e-01
4.509000000000003894e+01,5.000000000000000000e-01
4.509100000000004371e+01,5.000000000000000000e-01
4.509200000000004138e+01,5.000000000000000000e-01
4.509300000000003905e+01,5.000000000000000000e-01
4.509400000000004383e+01,5.000000000000000000e-01
4.509500000000004150e+01,5.000000000000000000e-01
4.509600000000003917e+01,5.000000000000000000e-01
4.509700000000004394e+01,5.000000000000000000e-01
4.509800000000004161e+01,5.000000000000000000e-01
4.509900000000003928e+01,5.000000000000000000e-01
4.510000000000004405e+01,5.000000000000000000e-01
4.510100000000004172e+01,5.000000000000000000e-01
4.510200000000003939e+01,5.000000000000000000e-01
4.510300000000004417e+01,5.000000000000000000e-01
4.510400000000004184e+01,5.000000000000000000e-01
4.510500000000003951e+01,5.000000000000000000e-01
4.510600000000004428e+01,5.000000000000000000e-01
4.510700000000004195e+01,5.000000000000000000e-01
4.510800000000003962e+01,5.000000000000000000e-01
4.510900000000004439e+01,5.000000000000000000e-01
4.511000000000004206e+01,5.000000000000000000e-01
4.511100000000003973e+01,5.000000000000000000e-01
4.511200000000004451e+01,5.000000000000000000e-01
4.511300000000004218e+01,5.000000000000000000e-01
4.511400000000003985e+01,5.000000000000000000e-01
4.511500000000004462e+01,5.000000000000000000e-01
4.511600000000004229e+01,5.000000000000000000e-01
4.511700000000003996e+01,5.000000000000000000e-01
4.511800000000004474e+01,5.000000000000000000e-01
4.511900000000004241e+01,5.000000000000000000e-01
4.512000000000004007e+01,5.000000000000000000e-01
4.512100000000004485e+01,5.000000000000000000e-01
4.512200000000004252e+01,5.000000000000000000e-01
4.512300000000004019e+01,5.000000000000000000e-01
4.512400000000004496e+01,5.000000000000000000e-01
4.512500000000004263e+01,5.000000000000000000e-01
4.512600000000004030e+01,5.000000000000000000e-01
4.512700000000004508e+01,5.000000000000000000e-01
4.512800000000004275e+01,5.000000000000000000e-01
4.512900000000004042e+01,5.000000000000000000e-01
4.513000000000004519e+01,5.000000000000000000e-01
4.513100000000004286e+01,5.000000000000000000e-01
4.513200000000004053e+01,5.000000000000000000e-01
4.513300000000004530e+01,5.000000000000000000e-01
4.513400000000004297e+01,5.000000000000000000e-01
4.513500000000004064e+01,5.000000000000000000e-01
4.513600000000003831e+01,5.000000000000000000e-01
4.513700000000004309e+01,5.000000000000000000e-01
4.513800000000004076e+01,5.000000000000000000e-01
4.513900000000003843e+01,5.000000000000000000e-01
4.514000000000004320e+01,5.000000000000000000e-01
4.514100000000004087e+01,5.000000000000000000e-01
4.514200000000003854e+01,5.000000000000000000e-01
4.514300000000004331e+01,5.000000000000000000e-01
4.514400000000004098e+01,5.000000000000000000e-01
4.514500000000003865e+01,5.000000000000000000e-01
4.514600000000004343e+01,5.000000000000000000e-01
4.514700000000004110e+01,5.000000000000000000e-01
4.514800000000003877e+01,5.000000000000000000e-01
4.514900000000004354e+01,5.000000000000000000e-01
4.515000000000004121e+01,5.000000000000000000e-01
4.515100000000003888e+01,5.000000000000000000e-01
4.515200000000004366e+01,5.000000000000000000e-01
4.515300000000004133e+01,5.000000000000000000e-01
4.515400000000003899e+01,5.000000000000000000e-01
4.515500000000004377e+01,5.000000000000000000e-01
4.515600000000004144e+01,5.000000000000000000e-01
4.515700000000003911e+01,5.000000000000000000e-01
4.515800000000004388e+01,5.000000000000000000e-01
4.515900000000004155e+01,5.000000000000000000e-01
4.516000000000003922e+01,5.000000000000000000e-01
4.516100000000004400e+01,5.000000000000000000e-01
4.516200000000004167e+01,5.000000000000000000e-01
4.516300000000003934e+01,5.000000000000000000e-01
4.516400000000004411e+01,5.000000000000000000e-01
4.516500000000004178e+01,5.000000000000000000e-01
4.516600000000003945e+01,5.000000000000000000e-01
4.516700000000004422e+01,5.000000000000000000e-01
4.516800000000004189e+01,5.000000000000000000e-01
4.516900000000003956e+01,5.000000000000000000e-01
4.517000000000004434e+01,5.000000000000000000e-01
4.517100000000004201e+01,5.000000000000000000e-01
4.517200000000003968e+01,5.000000000000000000e-01
4.517300000000004445e+01,5.000000000000000000e-01
4.517400000000004212e+01,5.000000000000000000e-01
4.517500000000003979e+01,5.000000000000000000e-01
4.517600000000004457e+01,5.000000000000000000e-01
4.517700000000004223e+01,5.000000000000000000e-01
4.517800000000003990e+01,5.000000000000000000e-01
4.517900000000004468e+01,5.000000000000000000e-01
4.518000000000004235e+01,5.000000000000000000e-01
4.518100000000004002e+01,5.000000000000000000e-01
4.518200000000004479e+01,5.000000000000000000e-01
4.518300000000004246e+01,5.000000000000000000e-01
4.518400000000004013e+01,5.000000000000000000e-01
4.518500000000004491e+01,5.000000000000000000e-01
4.518600000000004258e+01,5.000000000000000000e-01
4.518700000000004025e+01,5.000000000000000000e-01
4.518800000000004502e+01,5.000000000000000000e-01
4.518900000000004269e+01,5.000000000000000000e-01
4.519000000000004036e+01,5.000000000000000000e-01
4.519100000000004513e+01,5.000000000000000000e-01
4.519200000000004280e+01,5.000000000000000000e-01
4.519300000000004047e+01,5.000000000000000000e-01
4.519400000000004525e+01,5.000000000000000000e-01
4.519500000000004292e+01,5.000000000000000000e-01
4.519600000000004059e+01,5.000000000000000000e-01
4.519700000000003826e+01,5.000000000000000000e-01
4.519800000000004303e+01,5.000000000000000000e-01
4.519900000000004070e+01,5.000000000000000000e-01
4.520000000000003837e+01,5.000000000000000000e-01
4.520100000000004314e+01,5.000000000000000000e-01
4.520200000000004081e+01,5.000000000000000000e-01
4.520300000000003848e+01,5.000000000000000000e-01
4.520400000000004326e+01,5.000000000000000000e-01
4.520500000000004093e+01,5.000000000000000000e-01
4.520600000000003860e+01,5.000000000000000000e-01
4.520700000000004337e+01,5.000000000000000000e-01
4.520800000000004104e+01,5.000000000000000000e-01
4.520900000000003871e+01,5.000000000000000000e-01
4.521000000000004349e+01,5.000000000000000000e-01
4.521100000000004115e+01,5.000000000000000000e-01
4.521200000000003882e+01,5.000000000000000000e-01
4.521300000000004360e+01,5.000000000000000000e-01
4.521400000000004127e+01,5.000000000000000000e-01
4.521500000000003894e+01,5.000000000000000000e-01
4.521600000000004371e+01,5.000000000000000000e-01
4.521700000000004138e+01,5.000000000000000000e-01
4.521800000000003905e+01,5.000000000000000000e-01
4.521900000000004383e+01,5.000000000000000000e-01
4.522000000000004150e+01,5.000000000000000000e-01
4.522100000000003917e+01,5.000000000000000000e-01
4.522200000000004394e+01,5.000000000000000000e-01
4.522300000000004161e+01,5.000000000000000000e-01
4.522400000000003928e+01,5.000000000000000000e-01
4.522500000000004405e+01,5.000000000000000000e-01
4.522600000000004172e+01,5.000000000000000000e-01
4.522700000000003939e+01,5.000000000000000000e-01
4.522800000000004417e+01,5.000000000000000000e-01
4.522900000000004184e+01,5.000000000000000000e-01
4.523000000000003951e+01,5.000000000000000000e-01
4.523100000000004428e+01,5.000000000000000000e-01
4.523200000000004195e+01,5.000000000000000000e-01
4.523300000000003962e+01,5.000000000000000000e-01
4.523400000000004439e+01,5.000000000000000000e-01
4.523500000000004206e+01,5.000000000000000000e-01
4.523600000000003973e+01,5.000000000000000000e-01
4.523700000000004451e+01,5.000000000000000000e-01
4.523800000000004218e+01,5.000000000000000000e-01
4.523900000000003985e+01,5.000000000000000000e-01
4.524000000000004462e+01,5.000000000000000000e-01
4.524100000000004229e+01,5.000000000000000000e-01
4.524200000000003996e+01,5.000000000000000000e-01
4.524300000000004474e+01,5.000000000000000000e-01
4.524400000000004241e+01,5.000000000000000000e-01
4.524500000000004007e+01,5.000000000000000000e-01
4.524600000000004485e+01,5.000000000000000000e-01
4.524700000000004252e+01,5.000000000000000000e-01
4.524800000000004019e+01,5.000000000000000000e-01
4.524900000000004496e+01,5.000000000000000000e-01
4.525000000000004263e+01,5.000000000000000000e-01
4.525100000000004030e+01,5.000000000000000000e-01
4.525200000000004508e+01,5.000000000000000000e-01
4.525300000000004275e+01,5.000000000000000000e-01
4.525400000000004042e+01,5.000000000000000000e-01
4.525500000000004519e+01,5.000000000000000000e-01
4.525600000000004286e+01,5.000000000000000000e-01
4.525700000000004053e+01,5.000000000000000000e-01
4.525800000000004530e+01,5.000000000000000000e-01
4.525900000000004297e+01,5.000000000000000000e-01
4.526000000000004064e+01,5.000000000000000000e-01
4.526100000000004542e+01,5.000000000000000000e-01
4.526200000000004309e+01,5.000000000000000000e-01
4.526300000000004076e+01,5.000000000000000000e-01
4.526400000000003843e+01,5.000000000000000000e-01
4.526500000000004320e+01,5.000000000000000000e-01
4.526600000000004087e+01,5.000000000000000000e-01
4.526700000000003854e+01,5.000000000000000000e-01
4.526800000000004331e+01,5.000000000000000000e-01
4.526900000000004098e+01,5.000000000000000000e-01
4.527000000000003865e+01,5.000000000000000000e-01
4.527100000000004343e+01,5.000000000000000000e-01
4.527200000000004110e+01,5.000000000000000000e-01
4.527300000000003877e+01,5.000000000000000000e-01
4.527400000000004354e+01,5.000000000000000000e-01
4.527500000000004121e+01,5.000000000000000000e-01
4.527600000000003888e+01,5.000000000000000000e-01
4.527700000000004366e+01,5.000000000000000000e-01
4.527800000000004133e+01,5.000000000000000000e-01
4.527900000000003899e+01,5.000000000000000000e-01
4.528000000000004377e+01,5.000000000000000000e-01
4.528100000000004144e+01,5.000000000000000000e-01
4.528200000000003911e+01,5.000000000000000000e-01
4.528300000000004388e+01,5.000000000000000000e-01
4.528400000000004155e+01,5.000000000000000000e-01
4.528500000000003922e+01,5.000000000000000000e-01
4.528600000000004400e+01,5.000000000000000000e-01
4.528700000000004167e+01,5.000000000000000000e-01
4.528800000000003934e+01,5.000000000000000000e-01
4.528900000000004411e+01,5.000000000000000000e-01
4.529000000000004178e+01,5.000000000000000000e-01
4.529100000000003945e+01,5.000000000000000000e-01
4.529200000000004422e+01,5.000000000000000000e-01
4.529300000000004189e+01,5.000000000000000000e-01
4.529400000000003956e+01,5.000000000000000000e-01
4.529500000000004434e+01,5.000000000000000000e-01
4.529600000000004201e+01,5.000000000000000000e-01
4.529700000000003968e+01,5.000000000000000000e-01
4.529800000000004445e+01,5.000000000000000000e-01
4.529900000000004212e+01,5.000000000000000000e-01
4.530000000000003979e+01,5.000000000000000000e-01
4.530100000000004457e+01,5.000000000000000000e-01
4.530200000000004223e+01,5.000000000000000000e-01
4.530300000000003990e+01,5.000000000000000000e-01
4.530400000000004468e+01,5.000000000000000000e-01
4.530500000000004235e+01,5.000000000000000000e-01
4.530600000000004002e+01,5.000000000000000000e-01
4.530700000000004479e+01,5.000000000000000000e-01
4.530800000000004246e+01,5.000000000000000000e-01
4.530900000000004013e+01,5.000000000000000000e-01
4.531000000000004491e+01,5.000000000000000000e-01
4.531100000000004258e+01,5.000000000000000000e-01
4.531200000000004025e+01,5.000000000000000000e-01
4.531300000000004502e+01,5.000000000000000000e-01
4.531400000000004269e+01,5.000000000000000000e-01
4.531500000000004036e+01,5.000000000000000000e-01
4.531600000000004513e+01,5.000000000000000000e-01
4.531700000000004280e+01,5.000000000000000000e-01
4.531800000000004047e+01,5.000000000000000000e-01
4.531900000000004525e+01,5.000000000000000000e-01
4.532000000000004292e+01,5.000000000000000000e-01
4.532100000000004059e+01,5.000000000000000000e-01
4.532200000000004536e+01,5.000000000000000000e-01
4.532300000000004303e+01,5.000000000000000000e-01
4.532400000000004070e+01,5.000000000000000000e-01
4.532500000000003837e+01,5.000000000000000000e-01
4.532600000000004314e+01,5.000000000000000000e-01
4.532700000000004081e+01,5.000000000000000000e-01
4.532800000000003848e+01,5.000000000000000000e-01
4.532900000000004326e+01,5.000000000000000000e-01
4.533000000000004093e+01,5.000000000000000000e-01
4.533100000000003860e+01,5.000000000000000000e-01
4.533200000000004337e+01,5.000000000000000000e-01
4.533300000000004104e+01,5.000000000000000000e-01
4.533400000000003871e+01,5.000000000000000000e-01
4.533500000000004349e+01,5.000000000000000000e-01
4.533600000000004115e+01,5.000000000000000000e-01
4.533700000000003882e+01,5.000000000000000000e-01
4.533800000000004360e+01,5.000000000000000000e-01
4.533900000000004127e+01,5.000000000000000000e-01
4.534000000000003894e+01,5.000000000000000000e-01
4.534100000000004371e+01,5.000000000000000000e-01
4.534200000000004138e+01,5.000000000000000000e-01
4.534300000000003905e+01,5.000000000000000000e-01
4.534400000000004383e+01,5.000000000000000000e-01
4.534500000000004150e+01,5.000000000000000000e-01
4.534600000000003917e+01,5.000000000000000000e-01
4.534700000000004394e+01,5.000000000000000000e-01
4.534800000000004161e+01,5.000000000000000000e-01
4.534900000000003928e+01,5.000000000000000000e-01
4.535000000000004405e+01,5.000000000000000000e-01
4.535100000000004172e+01,5.000000000000000000e-01
4.535200000000003939e+01,5.000000000000000000e-01
4.535300000000004417e+01,5.000000000000000000e-01
4.535400000000004184e+01,5.000000000000000000e-01
4.535500000000003951e+01,5.000000000000000000e-01
4.535600000000004428e+01,5.000000000000000000e-01
4.535700000000004195e+01,5.000000000000000000e-01
4.535800000000003962e+01,5.000000000000000000e-01
4.535900000000004439e+01,5.000000000000000000e-01
4.536000000000004206e+01,5.000000000000000000e-01
4.536100000000003973e+01,5.000000000000000000e-01
4.536200000000004451e+01,5.000000000000000000e-01
4.536300000000004218e+01,5.000000000000000000e-01
4.536400000000003985e+01,5.000000000000000000e-01
4.536500000000004462e+01,5.000000000000000000e-01
4.536600000000004229e+01,5.000000000000000000e-01
4.536700000000003996e+01,5.000000000000000000e-01
4.536800000000004474e+01,5.000000000000000000e-01
4.536900000000004241e+01,5.000000000000000000e-01
4.537000000000004007e+01,5.000000000000000000e-01
4.537100000000004485e+01,5.000000000000000000e-01
4.537200000000004252e+01,5.000000000000000000e-01
4.537300000000004019e+01,5.000000000000000000e-01
4.537400000000004496e+01,5.000000000000000000e-01
4.537500000000004263e+01,5.000000000000000000e-01
4.537600000000004030e+01,5.000000000000000000e-01
4.537700000000004508e+01,5.000000000000000000e-01
4.537800000000004275e+01,5.000000000000000000e-01
4.537900000000004042e+01,5.000000000000000000e-01
4.538000000000004519e+01,5.000000000000000000e-01
4.538100000000004286e+01,5.000000000000000000e-01
4.538200000000004053e+01,5.000000000000000000e-01
4.538300000000004530e+01,5.000000000000000000e-01
4.538400000000004297e+01,5.000000000000000000e-01
4.538500000000004064e+01,5.000000000000000000e-01
4.538600000000004542e+01,5.000000000000000000e-01
4.538700000000004309e+01,5.000000000000000000e-01
4.538800000000004076e+01,5.000000000000000000e-01
4.538900000000004553e+01,5.000000000000000000e-01
4.539000000000004320e+01,5.000000000000000000e-01
4.539100000000004087e+01,5.000000000000000000e-01
4.539200000000003854e+01,5.000000000000000000e-01
4.539300000000004331e+01,5.000000000000000000e-01
4.539400000000004098e+01,5.000000000000000000e-01
4.539500000000003865e+01,5.000000000000000000e-01
4.539600000000004343e+01,5.000000000000000000e-01
4.539700000000004110e+01,5.000000000000000000e-01
4.539800000000003877e+01,5.000000000000000000e-01
4.539900000000004354e+01,5.000000000000000000e-01
4.540000000000004121e+01,5.000000000000000000e-01
4.540100000000003888e+01,5.000000000000000000e-01
4.540200000000004366e+01,5.000000000000000000e-01
4.540300000000004133e+01,5.000000000000000000e-01
4.540400000000003899e+01,5.000000000000000000e-01
4.540500000000004377e+01,5.000000000000000000e-01
4.540600000000004144e+01,5.000000000000000000e-01
4.540700000000003911e+01,5.000000000000000000e-01
4.540800000000004388e+01,5.000000000000000000e-01
4.540900000000004155e+01,5.000000000000000000e-01
4.541000000000003922e+01,5.000000000000000000e-01
4.541100000000004400e+01,5.000000000000000000e-01
4.541200000000004167e+01,5.000000000000000000e-01
4.541300000000003934e+01,5.000000000000000000e-01
4.541400000000004411e+01,5.000000000000000000e-01
4.541500000000004178e+01,5.000000000000000000e-01
4.541600000000003945e+01,5.000000000000000000e-01
4.541700000000004422e+01,5.000000000000000000e-01
4.541800000000004189e+01,5.000000000000000000e-01
4.541900000000003956e+01,5.000000000000000000e-01
4.542000000000004434e+01,5.000000000000000000e-01
4.542100000000004201e+01,5.000000000000000000e-01
4.542200000000003968e+01,5.000000000000000000e-01
4.542300000000004445e+01,5.000000000000000000e-01
4.542400000000004212e+01,5.000000000000000000e-01
4.542500000000003979e+01,5.000000000000000000e-01
4.542600000000004457e+01,5.000000000000000000e-01
4.542700000000004223e+01,5.000000000000000000e-01
4.542800000000003990e+01,5.000000000000000000e-01
4.542900000000004468e+01,5.000000000000000000e-01
4.543000000000004235e+01,5.000000000000000000e-01
4.543100000000004002e+01,5.000000000000000000e-01
4.543200000000004479e+01,5.000000000000000000e-01
4.543300000000004246e+01,5.000000000000000000e-01
4.543400000000004013e+01,5.000000000000000000e-01
4.543500000000004491e+01,5.000000000000000000e-01
4.543600000000004258e+01,5.000000000000000000e-01
4.543700000000004025e+01,5.000000000000000000e-01
4.543800000000004502e+01,5.000000000000000000e-01
4.543900000000004269e+01,5.000000000000000000e-01
4.544000000000004036e+01,5.000000000000000000e-01
4.544100000000004513e+01,5.000000000000000000e-01
4.544200000000004280e+01,5.000000000000000000e-01
4.544300000000004047e+01,5.000000000000000000e-01
4.544400000000004525e+01,5.000000000000000000e-01
4.544500000000004292e+01,5.000000000000000000e-01
4.544600000000004059e+01,5.000000000000000000e-01
4.544700000000004536e+01,5.000000000000000000e-01
4.544800000000004303e+01,5.000000000000000000e-01
4.544900000000004070e+01,5.000000000000000000e-01
4.545000000000004547e+01,5.000000000000000000e-01
4.545100000000004314e+01,5.000000000000000000e-01
4.545200000000004081e+01,5.000000000000000000e-01
4.545300000000003848e+01,5.000000000000000000e-01
4.545400000000004326e+01,5.000000000000000000e-01
4.545500000000004093e+01,5.000000000000000000e-01
4.545600000000003860e+01,5.000000000000000000e-01
4.545700000000004337e+01,5.000000000000000000e-01
4.545800000000004104e+01,5.000000000000000000e-01
4.545900000000003871e+01,5.000000000000000000e-01
4.546000000000004349e+01,5.000000000000000000e-01
4.546100000000004115e+01,5.000000000000000000e-01
4.546200000000003882e+01,5.000000000000000000e-01
4.546300000000004360e+01,5.000000000000000000e-01
4.546400000000004127e+01,5.000000000000000000e-01
4.546500000000003894e+01,5.000000000000000000e-01
4.546600000000004371e+01,5.000000000000000000e-01
4.546700000000004138e+01,5.000000000000000000e-01
4.546800000000003905e+01,5.000000000000000000e-01
4.546900000000004383e+01,5.000000000000000000e-01
4.547000000000004150e+01,5.000000000000000000e-01
4.547100000000003917e+01,5.000000000000000000e-01
4.547200000000004394e+01,5.000000000000000000e-01
4.547300000000004161e+01,5.000000000000000000e-01
4.547400000000003928e+01,5.000000000000000000e-01
4.547500000000004405e+01,5.000000000000000000e-01
4.547600000000004172e+01,5.000000000000000000e-01
4.547700000000003939e+01,5.000000000000000000e-01
4.547800000000004417e+01,5.000000000000000000e-01
4.547900000000004184e+01,5.000000000000000000e-01
4.548000000000003951e+01,5.000000000000000000e-01
4.548100000000004428e+01,5.000000000000000000e-01
4.548200000000004195e+01,5.000000000000000000e-01
4.548300000000003962e+01,5.000000000000000000e-01
4.548400000000004439e+01,5.000000000000000000e-01
4.548500000000004206e+01,5.000000000000000000e-01
4.548600000000003973e+01,5.000000000000000000e-01
4.548700000000004451e+01,5.000000000000000000e-01
4.548800000000004218e+01,5.000000000000000000e-01
4.548900000000003985e+01,5.000000000000000000e-01
4.549000000000004462e+01,5.000000000000000000e-01
4.549100000000004229e+01,5.000000000000000000e-01
4.549200000000003996e+01,5.000000000000000000e-01
4.549300000000004474e+01,5.000000000000000000e-01
4.549400000000004241e+01,5.000000000000000000e-01
4.549500000000004007e+01,5.000000000000000000e-01
4.549600000000004485e+01,5.000000000000000000e-01
4.549700000000004252e+01,5.000000000000000000e-01
4.549800000000004019e+01,5.000000000000000000e-01
4.549900000000004496e+01,5.000000000000000000e-01
4.550000000000004263e+01,5.000000000000000000e-01
4.550100000000004030e+01,5.000000000000000000e-01
4.550200000000004508e+01,5.000000000000000000e-01
4.550300000000004275e+01,5.000000000000000000e-01
4.550400000000004042e+01,5.000000000000000000e-01
4.550500000000004519e+01,5.000000000000000000e-01
4.550600000000004286e+01,5.000000000000000000e-01
4.550700000000004053e+01,5.000000000000000000e-01
4.550800000000004530e+01,5.000000000000000000e-01
4.550900000000004297e+01,5.000000000000000000e-01
4.551000000000004064e+01,5.000000000000000000e-01
4.551100000000004542e+01,5.000000000000000000e-01
4.551200000000004309e+01,5.000000000000000000e-01
4.551300000000004076e+01,5.000000000000000000e-01
4.551400000000004553e+01,5.000000000000000000e-01
4.551500000000004320e+01,5.000000000000000000e-01
4.551600000000004087e+01,5.000000000000000000e-01
4.551700000000004565e+01,5.000000000000000000e-01
4.551800000000004331e+01,5.000000000000000000e-01
4.551900000000004098e+01,5.000000000000000000e-01
4.552000000000003865e+01,5.000000000000000000e-01
4.552100000000004343e+01,5.000000000000000000e-01
4.552200000000004110e+01,5.000000000000000000e-01
4.552300000000003877e+01,5.000000000000000000e-01
4.552400000000004354e+01,5.000000000000000000e-01
4.552500000000004121e+01,5.000000000000000000e-01
4.552600000000003888e+01,5.000000000000000000e-01
4.552700000000004366e+01,5.000000000000000000e-01
4.552800000000004133e+01,5.000000000000000000e-01
4.552900000000003899e+01,5.000000000000000000e-01
4.553000000000004377e+01,5.000000000000000000e-01
4.553100000000004144e+01,5.000000000000000000e-01
4.553200000000003911e+01,5.000000000000000000e-01
4.553300000000004388e+01,5.000000000000000000e-01
4.553400000000004155e+01,5.000000000000000000e-01
4.553500000000003922e+01,5.000000000000000000e-01
4.553600000000004400e+01,5.000000000000000000e-01
4.553700000000004167e+01,5.000000000000000000e-01
4.553800000000003934e+01,5.000000000000000000e-01
4.553900000000004411e+01,5.000000000000000000e-01
4.554000000000004178e+01,5.000000000000000000e-01
4.554100000000003945e+01,5.000000000000000000e-01
4.554200000000004422e+01,5.000000000000000000e-01
4.554300000000004189e+01,5.000000000000000000e-01
4.554400000000003956e+01,5.000000000000000000e-01
4.554500000000004434e+01,5.000000000000000000e-01
4.554600000000004201e+01,5.000000000000000000e-01
4.554700000000003968e+01,5.000000000000000000e-01
4.554800000000004445e+01,5.000000000000000000e-01
4.554900000000004212e+01,5.000000000000000000e-01
4.555000000000003979e+01,5.000000000000000000e-01
4.555100000000004457e+01,5.000000000000000000e-01
4.555200000000004223e+01,5.000000000000000000e-01
4.555300000000003990e+01,5.000000000000000000e-01
4.555400000000004468e+01,5.000000000000000000e-01
4.555500000000004235e+01,5.000000000000000000e-01
4.555600000000004002e+01,5.000000000000000000e-01
4.555700000000004479e+01,5.000000000000000000e-01
4.555800000000004246e+01,5.000000000000000000e-01
4.555900000000004013e+01,5.000000000000000000e-01
4.556000000000004491e+01,5.000000000000000000e-01
4.556100000000004258e+01,5.000000000000000000e-01
4.556200000000004025e+01,5.000000000000000000e-01
4.556300000000004502e+01,5.000000000000000000e-01
4.556400000000004269e+01,5.000000000000000000e-01
4.556500000000004036e+01,5.000000000000000000e-01
4.556600000000004513e+01,5.000000000000000000e-01
4.556700000000004280e+01,5.000000000000000000e-01
4.556800000000004047e+01,5.000000000000000000e-01
4.556900000000004525e+01,5.000000000000000000e-01
4.557000000000004292e+01,5.000000000000000000e-01
4.557100000000004059e+01,5.000000000000000000e-01
4.557200000000004536e+01,5.000000000000000000e-01
4.557300000000004303e+01,5.000000000000000000e-01
4.557400000000004070e+01,5.000000000000000000e-01
4.557500000000004547e+01,5.000000000000000000e-01
4.557600000000004314e+01,5.000000000000000000e-01
4.557700000000004081e+01,5.000000000000000000e-01
4.557800000000004559e+01,5.000000000000000000e-01
4.557900000000004326e+01,5.000000000000000000e-01
4.558000000000004093e+01,5.000000000000000000e-01
4.558100000000003860e+01,5.000000000000000000e-01
4.558200000000004337e+01,5.000000000000000000e-01
4.558300000000004104e+01,5.000000000000000000e-01
4.558400000000003871e+01,5.000000000000000000e-01
4.558500000000004349e+01,5.000000000000000000e-01
4.558600000000004115e+01,5.000000000000000000e-01
4.558700000000003882e+01,5.000000000000000000e-01
4.558800000000004360e+01,5.000000000000000000e-01
4.558900000000004127e+01,5.000000000000000000e-01
4.559000000000003894e+01,5.000000000000000000e-01
4.559100000000004371e+01,5.000000000000000000e-01
4.559200000000004138e+01,5.000000000000000000e-01
4.559300000000003905e+01,5.000000000000000000e-01
4.559400000000004383e+01,5.000000000000000000e-01
4.559500000000004150e+01,5.000000000000000000e-01
4.559600000000003917e+01,5.000000000000000000e-01
4.559700000000004394e+01,5.000000000000000000e-01
4.559800000000004161e+01,5.000000000000000000e-01
4.559900000000003928e+01,5.000000000000000000e-01
4.560000000000004405e+01,5.000000000000000000e-01
4.560100000000004172e+01,5.000000000000000000e-01
4.560200000000003939e+01,5.000000000000000000e-01
4.560300000000004417e+01,5.000000000000000000e-01
4.560400000000004184e+01,5.000000000000000000e-01
4.560500000000003951e+01,5.000000000000000000e-01
4.560600000000004428e+01,5.000000000000000000e-01
4.560700000000004195e+01,5.000000000000000000e-01
4.560800000000003962e+01,5.000000000000000000e-01
4.560900000000004439e+01,5.000000000000000000e-01
4.561000000000004206e+01,5.000000000000000000e-01
4.561100000000003973e+01,5.000000000000000000e-01
4.561200000000004451e+01,5.000000000000000000e-01
4.561300000000004218e+01,5.000000000000000000e-01
4.561400000000003985e+01,5.000000000000000000e-01
4.561500000000004462e+01,5.000000000000000000e-01
4.561600000000004229e+01,5.000000000000000000e-01
4.561700000000003996e+01,5.000000000000000000e-01
4.561800000000004474e+01,5.000000000000000000e-01
4.561900000000004241e+01,5.000000000000000000e-01
4.562000000000004007e+01,5.000000000000000000e-01
4.562100000000004485e+01,5.000000000000000000e-01
4.562200000000004252e+01,5.000000000000000000e-01
4.562300000000004019e+01,5.000000000000000000e-01
4.562400000000004496e+01,5.000000000000000000e-01
4.562500000000004263e+01,5.000000000000000000e-01
4.562600000000004030e+01,5.000000000000000000e-01
4.562700000000004508e+01,5.000000000000000000e-01
4.562800000000004275e+01,5.000000000000000000e-01
4.562900000000004042e+01,5.000000000000000000e-01
4.563000000000004519e+01,5.000000000000000000e-01
4.563100000000004286e+01,5.000000000000000000e-01
4.563200000000004053e+01,5.000000000000000000e-01
4.563300000000004530e+01,5.000000000000000000e-01
4.563400000000004297e+01,5.000000000000000000e-01
4.563500000000004064e+01,5.000000000000000000e-01
4.563600000000004542e+01,5.000000000000000000e-01
4.563700000000004309e+01,5.000000000000000000e-01
4.563800000000004076e+01,5.000000000000000000e-01
4.563900000000004553e+01,5.000000000000000000e-01
4.564000000000004320e+01,5.000000000000000000e-01
4.564100000000004087e+01,5.000000000000000000e-01
4.564200000000004565e+01,5.000000000000000000e-01
4.564300000000004331e+01,5.000000000000000000e-01
4.564400000000004098e+01,5.000000000000000000e-01
4.564500000000004576e+01,5.000000000000000000e-01
4.564600000000004343e+01,5.000000000000000000e-01
4.564700000000004110e+01,5.000000000000000000e-01
4.564800000000003877e+01,5.000000000000000000e-01
4.564900000000004354e+01,5.000000000000000000e-01
4.565000000000004121e+01,5.000000000000000000e-01
4.565100000000003888e+01,5.000000000000000000e-01
4.565200000000004366e+01,5.000000000000000000e-01
4.565300000000004133e+01,5.000000000000000000e-01
4.565400000000003899e+01,5.000000000000000000e-01
4.565500000000004377e+01,5.000000000000000000e-01
4.565600000000004144e+01,5.000000000000000000e-01
4.565700000000003911e+01,5.000000000000000000e-01
4.565800000000004388e+01,5.000000000000000000e-01
4.565900000000004155e+01,5.000000000000000000e-01
4.566000000000003922e+01,5.000000000000000000e-01
4.566100000000004400e+01,5.000000000000000000e-01
4.566200000000004167e+01,5.000000000000000000e-01
4.566300000000003934e+01,5.000000000000000000e-01
4.566400000000004411e+01,5.000000000000000000e-01
4.566500000000004178e+01,5.000000000000000000e-01
4.566600000000003945e+01,5.000000000000000000e-01
4.566700000000004422e+01,5.000000000000000000e-01
4.566800000000004189e+01,5.000000000000000000e-01
4.566900000000003956e+01,5.000000000000000000e-01
4.567000000000004434e+01,5.000000000000000000e-01
4.567100000000004201e+01,5.000000000000000000e-01
4.567200000000003968e+01,5.000000000000000000e-01
4.567300000000004445e+01,5.000000000000000000e-01
4.567400000000004212e+01,5.000000000000000000e-01
4.567500000000003979e+01,5.000000000000000000e-01
4.567600000000004457e+01,5.000000000000000000e-01
4.567700000000004223e+01,5.000000000000000000e-01
4.567800000000003990e+01,5.000000000000000000e-01
4.567900000000004468e+01,5.000000000000000000e-01
4.568000000000004235e+01,5.000000000000000000e-01
4.568100000000004002e+01,5.000000000000000000e-01
4.568200000000004479e+01,5.000000000000000000e-01
4.568300000000004246e+01,5.000000000000000000e-01
4.568400000000004013e+01,5.000000000000000000e-01
4.568500000000004491e+01,5.000000000000000000e-01
4.568600000000004258e+01,5.000000000000000000e-01
4.568700000000004025e+01,5.000000000000000000e-01
4.568800000000004502e+01,5.000000000000000000e-01
4.568900000000004269e+01,5.000000000000000000e-01
4.569000000000004036e+01,5.000000000000000000e-01
4.569100000000004513e+01,5.000000000000000000e-01
4.569200000000004280e+01,5.000000000000000000e-01
4.569300000000004047e+01,5.000000000000000000e-01
4.569400000000004525e+01,5.000000000000000000e-01
4.569500000000004292e+01,5.000000000000000000e-01
4.569600000000004059e+01,5.000000000000000000e-01
4.569700000000004536e+01,5.000000000000000000e-01
4.569800000000004303e+01,5.000000000000000000e-01
4.569900000000004070e+01,5.000000000000000000e-01
4.570000000000004547e+01,5.000000000000000000e-01
4.570100000000004314e+01,5.000000000000000000e-01
4.570200000000004081e+01,5.000000000000000000e-01
4.570300000000004559e+01,5.000000000000000000e-01
4.570400000000004326e+01,5.000000000000000000e-01
4.570500000000004093e+01,5.000000000000000000e-01
4.570600000000004570e+01,5.000000000000000000e-01
4.570700000000004337e+01,5.000000000000000000e-01
4.570800000000004104e+01,5.000000000000000000e-01
4.570900000000003871e+01,5.000000000000000000e-01
4.571000000000004349e+01,5.000000000000000000e-01
4.571100000000004115e+01,5.000000000000000000e-01
4.571200000000003882e+01,5.000000000000000000e-01
4.571300000000004360e+01,5.000000000000000000e-01
4.571400000000004127e+01,5.000000000000000000e-01
4.571500000000003894e+01,5.000000000000000000e-01
4.571600000000004371e+01,5.000000000000000000e-01
4.571700000000004138e+01,5.000000000000000000e-01
4.571800000000003905e+01,5.000000000000000000e-01
4.571900000000004383e+01,5.000000000000000000e-01
4.572000000000004150e+01,5.000000000000000000e-01
4.572100000000003917e+01,5.000000000000000000e-01
4.572200000000004394e+01,5.000000000000000000e-01
4.572300000000004161e+01,5.000000000000000000e-01
4.572400000000003928e+01,5.000000000000000000e-01
4.572500000000004405e+01,5.000000000000000000e-01
4.572600000000004172e+01,5.000000000000000000e-01
4.572700000000003939e+01,5.000000000000000000e-01
4.572800000000004417e+01,5.000000000000000000e-01
4.572900000000004184e+01,5.000000000000000000e-01
4.573000000000003951e+01,5.000000000000000000e-01
4.573100000000004428e+01,5.000000000000000000e-01
4.573200000000004195e+01,5.000000000000000000e-01
4.573300000000003962e+01,5.000000000000000000e-01
4.573400000000004439e+01,5.000000000000000000e-01
4.573500000000004206e+01,5.000000000000000000e-01
4.573600000000003973e+01,5.000000000000000000e-01
4.573700000000004451e+01,5.000000000000000000e-01
4.573800000000004218e+01,5.000000000000000000e-01
4.573900000000003985e+01,5.000000000000000000e-01
4.574000000000004462e+01,5.000000000000000000e-01
4.574100000000004229e+01,5.000000000000000000e-01
4.574200000000003996e+01,5.000000000000000000e-01
4.574300000000004474e+01,5.000000000000000000e-01
4.574400000000004241e+01,5.000000000000000000e-01
4.574500000000004007e+01,5.000000000000000000e-01
4.574600000000004485e+01,5.000000000000000000e-01
4.574700000000004252e+01,5.000000000000000000e-01
4.574800000000004019e+01,5.000000000000000000e-01
4.574900000000004496e+01,5.000000000000000000e-01
4.575000000000004263e+01,5.000000000000000000e-01
4.575100000000004030e+01,5.000000000000000000e-01
4.575200000000004508e+01,5.000000000000000000e-01
4.575300000000004275e+01,5.000000000000000000e-01
4.575400000000004042e+01,5.000000000000000000e-01
4.575500000000004519e+01,5.000000000000000000e-01
4.575600000000004286e+01,5.000000000000000000e-01
4.575700000000004053e+01,5.000000000000000000e-01
4.575800000000004530e+01,5.000000000000000000e-01
4.575900000000004297e+01,5.000000000000000000e-01
4.576000000000004064e+01,5.000000000000000000e-01
4.576100000000004542e+01,5.000000000000000000e-01
4.576200000000004309e+01,5.000000000000000000e-01
4.576300000000004076e+01,5.000000000000000000e-01
4.576400000000004553e+01,5.000000000000000000e-01
4.576500000000004320e+01,5.000000000000000000e-01
4.576600000000004087e+01,5.000000000000000000e-01
4.576700000000004565e+01,5.000000000000000000e-01
4.576800000000004331e+01,5.000000000000000000e-01
4.576900000000004098e+01,5.000000000000000000e-01
4.577000000000004576e+01,5.000000000000000000e-01
4.577100000000004343e+01,5.000000000000000000e-01
4.577200000000004110e+01,5.000000000000000000e-01
4.577300000000004587e+01,5.000000000000000000e-01
4.577400000000004354e+01,5.000000000000000000e-01
4.577500000000004121e+01,5.000000000000000000e-01
4.577600000000003888e+01,5.000000000000000000e-01
4.577700000000004366e+01,5.000000000000000000e-01
4.577800000000004133e+01,5.000000000000000000e-01
4.577900000000003899e+01,5.000000000000000000e-01
4.578000000000004377e+01,5.000000000000000000e-01
4.578100000000004144e+01,5.000000000000000000e-01
4.578200000000003911e+01,5.000000000000000000e-01
4.578300000000004388e+01,5.000000000000000000e-01
4.578400000000004155e+01,5.000000000000000000e-01
4.578500000000003922e+01,5.000000000000000000e-01
4.578600000000004400e+01,5.000000000000000000e-01
4.578700000000004167e+01,5.000000000000000000e-01
4.578800000000003934e+01,5.000000000000000000e-01
4.578900000000004411e+01,5.000000000000000000e-01
4.579000000000004178e+01,5.000000000000000000e-01
4.579100000000003945e+01,5.000000000000000000e-01
4.579200000000004422e+01,5.000000000000000000e-01
4.579300000000004189e+01,5.000000000000000000e-01
4.579400000000003956e+01,5.000000000000000000e-01
4.579500000000004434e+01,5.000000000000000000e-01
4.579600000000004201e+01,5.000000000000000000e-01
4.579700000000003968e+01,5.000000000000000000e-01
4.579800000000004445e+01,5.000000000000000000e-01
4.579900000000004212e+01,5.000000000000000000e-01
4.580000000000003979e+01,5.000000000000000000e-01
4.580100000000004457e+01,5.000000000000000000e-01
4.580200000000004223e+01,5.000000000000000000e-01
4.580300000000003990e+01,5.000000000000000000e-01
4.580400000000004468e+01,5.000000000000000000e-01
4.580500000000004235e+01,5.000000000000000000e-01
4.580600000000004002e+01,5.000000000000000000e-01
4.580700000000004479e+01,5.000000000000000000e-01
4.580800000000004246e+01,5.000000000000000000e-01
4.580900000000004013e+01,5.000000000000000000e-01
4.581000000000004491e+01,5.000000000000000000e-01
4.581100000000004258e+01,5.000000000000000000e-01
4.581200000000004025e+01,5.000000000000000000e-01
4.581300000000004502e+01,5.000000000000000000e-01
4.581400000000004269e+01,5.000000000000000000e-01
4.581500000000004036e+01,5.000000000000000000e-01
4.581600000000004513e+01,5.000000000000000000e-01
4.581700000000004280e+01,5.000000000000000000e-01
4.581800000000004047e+01,5.000000000000000000e-01
4.581900000000004525e+01,5.000000000000000000e-01
4.582000000000004292e+01,5.000000000000000000e-01
4.582100000000004059e+01,5.000000000000000000e-01
4.582200000000004536e+01,5.000000000000000000e-01
4.582300000000004303e+01,5.000000000000000000e-01
4.582400000000004070e+01,5.000000000000000000e-01
4.582500000000004547e+01,5.000000000000000000e-01
4.582600000000004314e+01,5.000000000000000000e-01
4.582700000000004081e+01,5.000000000000000000e-01
4.582800000000004559e+01,5.000000000000000000e-01
4.582900000000004326e+01,5.000000000000000000e-01
4.583000000000004093e+01,5.000000000000000000e-01
4.583100000000004570e+01,5.000000000000000000e-01
4.583200000000004337e+01,5.000000000000000000e-01
4.583300000000004104e+01,5.000000000000000000e-01
4.583400000000004582e+01,5.000000000000000000e-01
4.583500000000004349e+01,5.000000000000000000e-01
4.583600000000004115e+01,5.000000000000000000e-01
4.583700000000003882e+01,5.000000000000000000e-01
4.583800000000004360e+01,5.000000000000000000e-01
4.583900000000004127e+01,5.000000000000000000e-01
4.584000000000003894e+01,5.000000000000000000e-01
4.584100000000004371e+01,5.000000000000000000e-01
4.584200000000004138e+01,5.000000000000000000e-01
4.584300000000003905e+01,5.000000000000000000e-01
4.584400000000004383e+01,5.000000000000000000e-01
4.584500000000004150e+01,5.000000000000000000e-01
4.584600000000003917e+01,5.000000000000000000e-01
4.584700000000004394e+01,5.000000000000000000e-01
4.584800000000004161e+01,5.000000000000000000e-01
4.584900000000003928e+01,5.000000000000000000e-01
4.585000000000004405e+01,5.000000000000000000e-01
4.585100000000004172e+01,5.000000000000000000e-01
4.585200000000003939e+01,5.000000000000000000e-01
4.585300000000004417e+01,5.000000000000000000e-01
4.585400000000004184e+01,5.000000000000000000e-01
4.585500000000003951e+01,5.000000000000000000e-01
4.585600000000004428e+01,5.000000000000000000e-01
4.585700000000004195e+01,5.000000000000000000e-01
4.585800000000003962e+01,5.000000000000000000e-01
4.585900000000004439e+01,5.000000000000000000e-01
4.586000000000004206e+01,5.000000000000000000e-01
4.586100000000003973e+01,5.000000000000000000e-01
4.586200000000004451e+01,5.000000000000000000e-01
4.586300000000004218e+01,5.000000000000000000e-01
4.586400000000003985e+01,5.000000000000000000e-01
4.586500000000004462e+01,5.000000000000000000e-01
4.586600000000004229e+01,5.000000000000000000e-01
4.586700000000003996e+01,5.000000000000000000e-01
4.586800000000004474e+01,5.000000000000000000e-01
4.586900000000004241e+01,5.000000000000000000e-01
4.587000000000004007e+01,5.000000000000000000e-01
4.587100000000004485e+01,5.000000000000000000e-01
4.587200000000004252e+01,5.000000000000000000e-01
4.587300000000004019e+01,5.000000000000000000e-01
4.587400000000004496e+01,5.000000000000000000e-01
4.587500000000004263e+01,5.000000000000000000e-01
4.587600000000004030e+01,5.000000000000000000e-01
4.587700000000004508e+01,5.000000000000000000e-01
4.587800000000004275e+01,5.000000000000000000e-01
4.587900000000004042e+01,5.000000000000000000e-01
4.588000000000004519e+01,5.000000000000000000e-01
4.588100000000004286e+01,5.000000000000000000e-01
4.588200000000004053e+01,5.000000000000000000e-01
4.588300000000004530e+01,5.000000000000000000e-01
4.588400000000004297e+01,5.000000000000000000e-01
4.588500000000004064e+01,5.000000000000000000e-01
4.588600000000004542e+01,5.000000000000000000e-01
4.588700000000004309e+01,5.000000000000000000e-01
4.588800000000004076e+01,5.000000000000000000e-01
4.588900000000004553e+01,5.000000000000000000e-01
4.589000000000004320e+01,5.000000000000000000e-01
4.589100000000004087e+01,5.000000000000000000e-01
4.589200000000004565e+01,5.000000000000000000e-01
4.589300000000004331e+01,5.000000000000000000e-01
4.589400000000004098e+01,5.000000000000000000e-01
4.589500000000004576e+01,5.000000000000000000e-01
4.589600000000004343e+01,5.000000000000000000e-01
4.589700000000004110e+01,5.000000000000000000e-01
4.589800000000004587e+01,5.000000000000000000e-01
4.589900000000004354e+01,5.000000000000000000e-01
4.590000000000004121e+01,5.000000000000000000e-01
4.590100000000004599e+01,5.000000000000000000e-01
4.590200000000004366e+01,5.000000000000000000e-01
4.590300000000004133e+01,5.000000000000000000e-01
4.590400000000003899e+01,5.000000000000000000e-01
4.590500000000004377e+01,5.000000000000000000e-01
4.590600000000004144e+01,5.000000000000000000e-01
4.590700000000003911e+01,5.000000000000000000e-01
4.590800000000004388e+01,5.000000000000000000e-01
4.590900000000004155e+01,5.000000000000000000e-01
4.591000000000003922e+01,5.000000000000000000e-01
4.591100000000004400e+01,5.000000000000000000e-01
4.591200000000004167e+01,5.000000000000000000e-01
4.591300000000003934e+01,5.000000000000000000e-01
4.591400000000004411e+01,5.000000000000000000e-01
4.591500000000004178e+01,5.000000000000000000e-01
4.591600000000003945e+01,5.000000000000000000e-01
4.591700000000004422e+01,5.000000000000000000e-01
4.591800000000004189e+01,5.000000000000000000e-01
4.591900000000003956e+01,5.000000000000000000e-01
4.592000000000004434e+01,5.000000000000000000e-01
4.592100000000004201e+01,5.000000000000000000e-01
4.592200000000003968e+01,5.000000000000000000e-01
4.592300000000004445e+01,5.000000000000000000e-01
4.592400000000004212e+01,5.000000000000000000e-01
4.592500000000003979e+01,5.000000000000000000e-01
4.592600000000004457e+01,5.000000000000000000e-01
4.592700000000004223e+01,5.000000000000000000e-01
4.592800000000003990e+01,5.000000000000000000e-01
4.592900000000004468e+01,5.000000000000000000e-01
4.593000000000004235e+01,5.000000000000000000e-01
4.593100000000004002e+01,5.000000000000000000e-01
4.593200000000004479e+01,5.000000000000000000e-01
4.593300000000004246e+01,5.000000000000000000e-01
4.593400000000004013e+01,5.000000000000000000e-01
4.593500000000004491e+01,5.000000000000000000e-01
4.593600000000004258e+01,5.000000000000000000e-01
4.593700000000004025e+01,5.000000000000000000e-01
4.593800000000004502e+01,5.000000000000000000e-01
4.593900000000004269e+01,5.000000000000000000e-01
4.594000000000004036e+01,5.000000000000000000e-01
4.594100000000004513e+01,5.000000000000000000e-01
4.594200000000004280e+01,5.000000000000000000e-01
4.594300000000004047e+01,5.000000000000000000e-01
4.594400000000004525e+01,5.000000000000000000e-01
4.594500000000004292e+01,5.000000000000000000e-01
4.594600000000004059e+01,5.000000000000000000e-01
4.594700000000004536e+01,5.000000000000000000e-01
4.594800000000004303e+01,5.000000000000000000e-01
4.594900000000004070e+01,5.000000000000000000e-01
4.595000000000004547e+01,5.000000000000000000e-01
4.595100000000004314e+01,5.000000000000000000e-01
4.595200000000004081e+01,5.000000000000000000e-01
4.595300000000004559e+01,5.000000000000000000e-01
4.595400000000004326e+01,5.000000000000000000e-01
4.595500000000004093e+01,5.000000000000000000e-01
4.595600000000004570e+01,5.000000000000000000e-01
4.595700000000004337e+01,5.000000000000000000e-01
4.595800000000004104e+01,5.000000000000000000e-01
4.595900000000004582e+01,5.000000000000000000e-01
4.596000000000004349e+01,5.000000000000000000e-01
4.596100000000004115e+01,5.000000000000000000e-01
4.596200000000004593e+01,5.000000000000000000e-01
4.596300000000004360e+01,5.000000000000000000e-01
4.596400000000004127e+01,5.000000000000000000e-01
4.596500000000003894e+01,5.000000000000000000e-01
4.596600000000004371e+01,5.000000000000000000e-01
4.596700000000004138e+01,5.000000000000000000e-01
4.596800000000003905e+01,5.000000000000000000e-01
4.596900000000004383e+01,5.000000000000000000e-01
4.597000000000004150e+01,5.000000000000000000e-01
4.597100000000003917e+01,5.000000000000000000e-01
4.597200000000004394e+01,5.000000000000000000e-01
4.597300000000004161e+01,5.000000000000000000e-01
4.597400000000003928e+01,5.000000000000000000e-01
4.597500000000004405e+01,5.000000000000000000e-01
4.597600000000004172e+01,5.000000000000000000e-01
4.597700000000003939e+01,5.000000000000000000e-01
4.597800000000004417e+01,5.000000000000000000e-01
4.597900000000004184e+01,5.000000000000000000e-01
4.598000000000003951e+01,5.000000000000000000e-01
4.598100000000004428e+01,5.000000000000000000e-01
4.598200000000004195e+01,5.000000000000000000e-01
4.598300000000003962e+01,5.000000000000000000e-01
4.598400000000004439e+01,5.000000000000000000e-01
4.598500000000004206e+01,5.000000000000000000e-01
4.598600000000003973e+01,5.000000000000000000e-01
4.598700000000004451e+01,5.000000000000000000e-01
4.598800000000004218e+01,5.000000000000000000e-01
4.598900000000003985e+01,5.000000000000000000e-01
4.599000000000004462e+01,5.000000000000000000e-01
4.599100000000004229e+01,5.000000000000000000e-01
4.599200000000003996e+01,5.000000000000000000e-01
4.599300000000004474e+01,5.000000000000000000e-01
4.599400000000004241e+01,5.000000000000000000e-01
4.599500000000004007e+01,5.000000000000000000e-01
4.599600000000004485e+01,5.000000000000000000e-01
4.599700000000004252e+01,5.000000000000000000e-01
4.599800000000004019e+01,5.000000000000000000e-01
4.599900000000004496e+01,5.000000000000000000e-01
4.600000000000004263e+01,5.000000000000000000e-01
4.600100000000004030e+01,5.000000000000000000e-01
4.600200000000004508e+01,5.000000000000000000e-01
4.600300000000004275e+01,5.000000000000000000e-01
4.600400000000004042e+01,5.000000000000000000e-01
4.600500000000004519e+01,5.000000000000000000e-01
4.600600000000004286e+01,5.000000000000000000e-01
4.600700000000004053e+01,5.000000000000000000e-01
4.600800000000004530e+01,5.000000000000000000e-01
4.600900000000004297e+01,5.000000000000000000e-01
4.601000000000004064e+01,5.000000000000000000e-01
4.601100000000004542e+01,5.000000000000000000e-01
4.601200000000004309e+01,5.000000000000000000e-01
4.601300000000004076e+01,5.000000000000000000e-01
4.601400000000004553e+01,5.000000000000000000e-01
4.601500000000004320e+01,5.000000000000000000e-01
4.601600000000004087e+01,5.000000000000000000e-01
4.601700000000004565e+01,5.000000000000000000e-01
4.601800000000004331e+01,5.000000000000000000e-01
4.601900000000004098e+01,5.000000000000000000e-01
4.602000000000004576e+01,5.000000000000000000e-01
4.602100000000004343e+01,5.000000000000000000e-01
4.602200000000004110e+01,5.000000000000000000e-01
4.602300000000004587e+01,5.000000000000000000e-01
4.602400000000004354e+01,5.000000000000000000e-01
4.602500000000004121e+01,5.000000000000000000e-01
4.602600000000004599e+01,5.000000000000000000e-01
4.602700000000004366e+01,5.000000000000000000e-01
4.602800000000004133e+01,5.000000000000000000e-01
4.602900000000004610e+01,5.000000000000000000e-01
4.603000000000004377e+01,5.000000000000000000e-01
4.603100000000004144e+01,5.000000000000000000e-01
4.603200000000003911e+01,5.000000000000000000e-01
4.603300000000004388e+01,5.000000000000000000e-01
4.603400000000004155e+01,5.000000000000000000e-01
4.603500000000003922e+01,5.000000000000000000e-01
4.603600000000004400e+01,5.000000000000000000e-01
4.603700000000004167e+01,5.000000000000000000e-01
4.603800000000003934e+01,5.000000000000000000e-01
4.603900000000004411e+01,5.000000000000000000e-01
4.604000000000004178e+01,5.000000000000000000e-01
4.604100000000003945e+01,5.000000000000000000e-01
4.604200000000004422e+01,5.000000000000000000e-01
4.604300000000004189e+01,5.000000000000000000e-01
4.604400000000003956e+01,5.000000000000000000e-01
4.604500000000004434e+01,5.000000000000000000e-01
4.604600000000004201e+01,5.000000000000000000e-01
4.604700000000003968e+01,5.000000000000000000e-01
4.604800000000004445e+01,5.000000000000000000e-01
4.604900000000004212e+01,5.000000000000000000e-01
4.605000000000003979e+01,5.000000000000000000e-01
4.605100000000004457e+01,5.000000000000000000e-01
4.605200000000004223e+01,5.000000000000000000e-01
4.605300000000003990e+01,5.000000000000000000e-01
4.605400000000004468e+01,5.000000000000000000e-01
4.605500000000004235e+01,5.000000000000000000e-01
4.605600000000004002e+01,5.000000000000000000e-01
4.605700000000004479e+01,5.000000000000000000e-01
4.605800000000004246e+01,5.000000000000000000e-01
4.605900000000004013e+01,5.000000000000000000e-01
4.606000000000004491e+01,5.000000000000000000e-01
4.606100000000004258e+01,5.000000000000000000e-01
4.606200000000004025e+01,5.000000000000000000e-01
4.606300000000004502e+01,5.000000000000000000e-01
4.606400000000004269e+01,5.000000000000000000e-01
4.606500000000004036e+01,5.000000000000000000e-01
4.606600000000004513e+01,5.000000000000000000e-01
4.606700000000004280e+01,5.000000000000000000e-01
4.606800000000004047e+01,5.000000000000000000e-01
4.606900000000004525e+01,5.000000000000000000e-01
4.607000000000004292e+01,5.000000000000000000e-01
4.607100000000004059e+01,5.000000000000000000e-01
4.607200000000004536e+01,5.000000000000000000e-01
4.607300000000004303e+01,5.000000000000000000e-01
4.607400000000004070e+01,5.000000000000000000e-01
4.607500000000004547e+01,5.000000000000000000e-01
4.607600000000004314e+01,5.000000000000000000e-01
4.607700000000004081e+01,5.000000000000000000e-01
4.607800000000004559e+01,5.000000000000000000e-01
4.607900000000004326e+01,5.000000000000000000e-01
4.608000000000004093e+01,5.000000000000000000e-01
4.608100000000004570e+01,5.000000000000000000e-01
4.608200000000004337e+01,5.000000000000000000e-01
4.608300000000004104e+01,5.000000000000000000e-01
4.608400000000004582e+01,5.000000000000000000e-01
4.608500000000004349e+01,5.000000000000000000e-01
4.608600000000004115e+01,5.000000000000000000e-01
4.608700000000004593e+01,5.000000000000000000e-01
4.608800000000004360e+01,5.000000000000000000e-01
4.608900000000004127e+01,5.000000000000000000e-01
4.609000000000004604e+01,5.000000000000000000e-01
4.609100000000004371e+01,5.000000000000000000e-01
4.609200000000004138e+01,5.000000000000000000e-01
4.609300000000003905e+01,5.000000000000000000e-01
4.609400000000004383e+01,5.000000000000000000e-01
4.609500000000004150e+01,5.000000000000000000e-01
4.609600000000003917e+01,5.000000000000000000e-01
4.609700000000004394e+01,5.000000000000000000e-01
4.609800000000004161e+01,5.000000000000000000e-01
4.609900000000003928e+01,5.000000000000000000e-01
4.610000000000004405e+01,5.000000000000000000e-01
4.610100000000004172e+01,5.000000000000000000e-01
4.610200000000003939e+01,5.000000000000000000e-01
4.610300000000004417e+01,5.000000000000000000e-01
4.610400000000004184e+01,5.000000000000000000e-01
4.610500000000003951e+01,5.000000000000000000e-01
4.610600000000004428e+01,5.000000000000000000e-01
4.610700000000004195e+01,5.000000000000000000e-01
4.610800000000003962e+01,5.000000000000000000e-01
4.610900000000004439e+01,5.000000000000000000e-01
4.611000000000004206e+01,5.000000000000000000e-01
4.611100000000003973e+01,5.000000000000000000e-01
4.611200000000004451e+01,5.000000000000000000e-01
4.611300000000004218e+01,5.000000000000000000e-01
4.611400000000003985e+01,5.000000000000000000e-01
4.611500000000004462e+01,5.000000000000000000e-01
4.611600000000004229e+01,5.000000000000000000e-01
4.611700000000003996e+01,5.000000000000000000e-01
4.611800000000004474e+01,5.000000000000000000e-01
4.611900000000004241e+01,5.000000000000000000e-01
4.612000000000004007e+01,5.000000000000000000e-01
4.612100000000004485e+01,5.000000000000000000e-01
4.612200000000004252e+01,5.000000000000000000e-01
4.612300000000004019e+01,5.000000000000000000e-01
4.612400000000004496e+01,5.000000000000000000e-01
4.612500000000004263e+01,5.000000000000000000e-01
4.612600000000004030e+01,5.000000000000000000e-01
4.612700000000004508e+01,5.000000000000000000e-01
4.612800000000004275e+01,5.000000000000000000e-01
4.612900000000004042e+01,5.000000000000000000e-01
4.613000000000004519e+01,5.000000000000000000e-01
4.613100000000004286e+01,5.000000000000000000e-01
4.613200000000004053e+01,5.000000000000000000e-01
4.613300000000004530e+01,5.000000000000000000e-01
4.613400000000004297e+01,5.000000000000000000e-01
4.613500000000004064e+01,5.000000000000000000e-01
4.613600000000004542e+01,5.000000000000000000e-01
4.613700000000004309e+01,5.000000000000000000e-01
4.613800000000004076e+01,5.000000000000000000e-01
4.613900000000004553e+01,5.000000000000000000e-01
4.614000000000004320e+01,5.000000000000000000e-01
4.614100000000004087e+01,5.000000000000000000e-01
4.614200000000004565e+01,5.000000000000000000e-01
4.614300000000004331e+01,5.000000000000000000e-01
4.614400000000004098e+01,5.000000000000000000e-01
4.614500000000004576e+01,5.000000000000000000e-01
4.614600000000004343e+01,5.000000000000000000e-01
4.614700000000004110e+01,5.000000000000000000e-01
4.614800000000004587e+01,5.000000000000000000e-01
4.614900000000004354e+01,5.000000000000000000e-01
4.615000000000004121e+01,5.000000000000000000e-01
4.615100000000004599e+01,5.000000000000000000e-01
4.615200000000004366e+01,5.000000000000000000e-01
4.615300000000004133e+01,5.000000000000000000e-01
4.615400000000004610e+01,5.000000000000000000e-01
4.615500000000004377e+01,5.000000000000000000e-01
4.615600000000004144e+01,5.000000000000000000e-01
4.615700000000004621e+01,5.000000000000000000e-01
4.615800000000004388e+01,5.000000000000000000e-01
4.615900000000004155e+01,5.000000000000000000e-01
4.616000000000003922e+01,5.000000000000000000e-01
4.616100000000004400e+01,5.000000000000000000e-01
4.616200000000004167e+01,5.000000000000000000e-01
4.616300000000003934e+01,5.000000000000000000e-01
4.616400000000004411e+01,5.000000000000000000e-01
4.616500000000004178e+01,5.000000000000000000e-01
4.616600000000003945e+01,5.000000000000000000e-01
4.616700000000004422e+01,5.000000000000000000e-01
4.616800000000004189e+01,5.000000000000000000e-01
4.616900000000003956e+01,5.000000000000000000e-01
4.617000000000004434e+01,5.000000000000000000e-01
4.617100000000004201e+01,5.000000000000000000e-01
4.617200000000003968e+01,5.000000000000000000e-01
4.617300000000004445e+01,5.000000000000000000e-01
4.617400000000004212e+01,5.000000000000000000e-01
4.617500000000003979e+01,5.000000000000000000e-01
4.617600000000004457e+01,5.000000000000000000e-01
4.617700000000004223e+01,5.000000000000000000e-01
4.617800000000003990e+01,5.000000000000000000e-01
4.617900000000004468e+01,5.000000000000000000e-01
4.618000000000004235e+01,5.000000000000000000e-01
4.618100000000004002e+01,5.000000000000000000e-01
4.618200000000004479e+01,5.000000000000000000e-01
4.618300000000004246e+01,5.000000000000000000e-01
4.618400000000004013e+01,5.000000000000000000e-01
4.618500000000004491e+01,5.000000000000000000e-01
4.618600000000004258e+01,5.000000000000000000e-01
4.618700000000004025e+01,5.000000000000000000e-01
4.618800000000004502e+01,5.000000000000000000e-01
4.618900000000004269e+01,5.000000000000000000e-01
4.619000000000004036e+01,5.000000000000000000e-01
4.619100000000004513e+01,5.000000000000000000e-01
4.619200000000004280e+01,5.000000000000000000e-01
4.619300000000004047e+01,5.000000000000000000e-01
4.619400000000004525e+01,5.000000000000000000e-01
4.619500000000004292e+01,5.000000000000000000e-01
4.619600000000004059e+01,5.000000000000000000e-01
4.619700000000004536e+01,5.000000000000000000e-01
4.619800000000004303e+01,5.000000000000000000e-01
4.619900000000004070e+01,5.000000000000000000e-01
4.620000000000004547e+01,5.000000000000000000e-01
4.620100000000004314e+01,5.000000000000000000e-01
4.620200000000004081e+01,5.000000000000000000e-01
4.620300000000004559e+01,5.000000000000000000e-01
4.620400000000004326e+01,5.000000000000000000e-01
4.620500000000004093e+01,5.000000000000000000e-01
4.620600000000004570e+01,5.000000000000000000e-01
4.620700000000004337e+01,5.000000000000000000e-01
4.620800000000004104e+01,5.000000000000000000e-01
4.620900000000004582e+01,5.000000000000000000e-01
4.621000000000004349e+01,5.000000000000000000e-01
4.621100000000004115e+01,5.000000000000000000e-01
4.621200000000004593e+01,5.000000000000000000e-01
4.621300000000004360e+01,5.000000000000000000e-01
4.621400000000004127e+01,5.000000000000000000e-01
4.621500000000004604e+01,5.000000000000000000e-01
4.621600000000004371e+01,5.000000000000000000e-01
4.621700000000004138e+01,5.000000000000000000e-01
4.621800000000004616e+01,5.000000000000000000e-01
4.621900000000004383e+01,5.000000000000000000e-01
4.622000000000004150e+01,5.000000000000000000e-01
4.622100000000003917e+01,5.000000000000000000e-01
4.622200000000004394e+01,5.000000000000000000e-01
4.622300000000004161e+01,5.000000000000000000e-01
4.622400000000003928e+01,5.000000000000000000e-01
4.622500000000004405e+01,5.000000000000000000e-01
4.622600000000004172e+01,5.000000000000000000e-01
4.622700000000003939e+01,5.000000000000000000e-01
4.622800000000004417e+01,5.000000000000000000e-01
4.622900000000004184e+01,5.000000000000000000e-01
4.623000000000003951e+01,5.000000000000000000e-01
4.623100000000004428e+01,5.000000000000000000e-01
4.623200000000004195e+01,5.000000000000000000e-01
4.623300000000003962e+01,5.000000000000000000e-01
4.623400000000004439e+01,5.000000000000000000e-01
4.623500000000004206e+01,5.000000000000000000e-01
4.623600000000003973e+01,5.000000000000000000e-01
4.623700000000004451e+01,5.000000000000000000e-01
4.623800000000004218e+01,5.000000000000000000e-01
4.623900000000003985e+01,5.000000000000000000e-01
4.624000000000004462e+01,5.000000000000000000e-01
4.624100000000004229e+01,5.000000000000000000e-01
4.624200000000003996e+01,5.000000000000000000e-01
4.624300000000004474e+01,5.000000000000000000e-01
4.624400000000004241e+01,5.000000000000000000e-01
4.624500000000004007e+01,5.000000000000000000e-01
4.624600000000004485e+01,5.000000000000000000e-01
4.624700000000004252e+01,5.000000000000000000e-01
4.624800000000004019e+01,5.000000000000000000e-01
4.624900000000004496e+01,5.000000000000000000e-01
4.625000000000004263e+01,5.000000000000000000e-01
4.625100000000004030e+01,5.000000000000000000e-01
4.625200000000004508e+01,5.000000000000000000e-01
4.625300000000004275e+01,5.000000000000000000e-01
4.625400000000004042e+01,5.000000000000000000e-01
4.625500000000004519e+01,5.000000000000000000e-01
4.625600000000004286e+01,5.000000000000000000e-01
4.625700000000004053e+01,5.000000000000000000e-01
4.625800000000004530e+01,5.000000000000000000e-01
4.625900000000004297e+01,5.000000000000000000e-01
4.626000000000004064e+01,5.000000000000000000e-01
4.626100000000004542e+01,5.000000000000000000e-01
4.626200000000004309e+01,5.000000000000000000e-01
4.626300000000004076e+01,5.000000000000000000e-01
4.626400000000004553e+01,5.000000000000000000e-01
4.626500000000004320e+01,5.000000000000000000e-01
4.626600000000004087e+01,5.000000000000000000e-01
4.626700000000004565e+01,5.000000000000000000e-01
4.626800000000004331e+01,5.000000000000000000e-01
4.626900000000004098e+01,5.000000000000000000e-01
4.627000000000004576e+01,5.000000000000000000e-01
4.627100000000004343e+01,5.000000000000000000e-01
4.627200000000004110e+01,5.000000000000000000e-01
4.627300000000004587e+01,5.000000000000000000e-01
4.627400000000004354e+01,5.000000000000000000e-01
4.627500000000004121e+01,5.000000000000000000e-01
4.627600000000004599e+01,5.000000000000000000e-01
4.627700000000004366e+01,5.000000000000000000e-01
4.627800000000004133e+01,5.000000000000000000e-01
4.627900000000004610e+01,5.000000000000000000e-01
4.628000000000004377e+01,5.000000000000000000e-01
4.628100000000004144e+01,5.000000000000000000e-01
4.628200000000004621e+01,5.000000000000000000e-01
4.628300000000004388e+01,5.000000000000000000e-01
4.628400000000004155e+01,5.000000000000000000e-01
4.628500000000004633e+01,5.000000000000000000e-01
4.628600000000004400e+01,5.000000000000000000e-01
4.628700000000004167e+01,5.000000000000000000e-01
4.628800000000003934e+01,5.000000000000000000e-01
4.628900000000004411e+01,5.000000000000000000e-01
4.629000000000004178e+01,5.000000000000000000e-01
4.629100000000003945e+01,5.000000000000000000e-01
4.629200000000004422e+01,5.000000000000000000e-01
4.629300000000004189e+01,5.000000000000000000e-01
4.629400000000003956e+01,5.000000000000000000e-01
4.629500000000004434e+01,5.000000000000000000e-01
4.629600000000004201e+01,5.000000000000000000e-01
4.629700000000003968e+01,5.000000000000000000e-01
4.629800000000004445e+01,5.000000000000000000e-01
4.629900000000004212e+01,5.000000000000000000e-01
4.630000000000003979e+01,5.000000000000000000e-01
4.630100000000004457e+01,5.000000000000000000e-01
4.630200000000004223e+01,5.000000000000000000e-01
4.630300000000003990e+01,5.000000000000000000e-01
4.630400000000004468e+01,5.000000000000000000e-01
4.630500000000004235e+01,5.000000000000000000e-01
4.630600000000004002e+01,5.000000000000000000e-01
4.630700000000004479e+01,5.000000000000000000e-01
4.630800000000004246e+01,5.000000000000000000e-01
4.630900000000004013e+01,5.000000000000000000e-01
4.631000000000004491e+01,5.000000000000000000e-01
4.631100000000004258e+01,5.000000000000000000e-01
4.631200000000004025e+01,5.000000000000000000e-01
4.631300000000004502e+01,5.000000000000000000e-01
4.631400000000004269e+01,5.000000000000000000e-01
4.631500000000004036e+01,5.000000000000000000e-01
4.631600000000004513e+01,5.000000000000000000e-01
4.631700000000004280e+01,5.000000000000000000e-01
4.631800000000004047e+01,5.000000000000000000e-01
4.631900000000004525e+01,5.000000000000000000e-01
4.632000000000004292e+01,5.000000000000000000e-01
4.632100000000004059e+01,5.000000000000000000e-01
4.632200000000004536e+01,5.000000000000000000e-01
4.632300000000004303e+01,5.000000000000000000e-01
4.632400000000004070e+01,5.000000000000000000e-01
4.632500000000004547e+01,5.000000000000000000e-01
4.632600000000004314e+01,5.000000000000000000e-01
4.632700000000004081e+01,5.000000000000000000e-01
4.632800000000004559e+01,5.000000000000000000e-01
4.632900000000004326e+01,5.000000000000000000e-01
4.633000000000004093e+01,5.000000000000000000e-01
4.633100000000004570e+01,5.000000000000000000e-01
4.633200000000004337e+01,5.000000000000000000e-01
4.633300000000004104e+01,5.000000000000000000e-01
4.633400000000004582e+01,5.000000000000000000e-01
4.633500000000004349e+01,5.000000000000000000e-01
4.633600000000004115e+01,5.000000000000000000e-01
4.633700000000004593e+01,5.000000000000000000e-01
4.633800000000004360e+01,5.000000000000000000e-01
4.633900000000004127e+01,5.000000000000000000e-01
4.634000000000004604e+01,5.000000000000000000e-01
4.634100000000004371e+01,5.000000000000000000e-01
4.634200000000004138e+01,5.000000000000000000e-01
4.634300000000004616e+01,5.000000000000000000e-01
4.634400000000004383e+01,5.000000000000000000e-01
4.634500000000004150e+01,5.000000000000000000e-01
4.634600000000004627e+01,5.000000000000000000e-01
4.634700000000004394e+01,5.000000000000000000e-01
4.634800000000004161e+01,5.000000000000000000e-01
4.634900000000003928e+01,5.000000000000000000e-01
4.635000000000004405e+01,5.000000000000000000e-01
4.635100000000004172e+01,5.000000000000000000e-01
4.635200000000003939e+01,5.000000000000000000e-01
4.635300000000004417e+01,5.000000000000000000e-01
4.635400000000004184e+01,5.000000000000000000e-01
4.635500000000003951e+01,5.000000000000000000e-01
4.635600000000004428e+01,5.000000000000000000e-01
4.635700000000004195e+01,5.000000000000000000e-01
4.635800000000003962e+01,5.000000000000000000e-01
4.635900000000004439e+01,5.000000000000000000e-01
4.636000000000004206e+01,5.000000000000000000e-01
4.636100000000003973e+01,5.000000000000000000e-01
4.636200000000004451e+01,5.000000000000000000e-01
4.636300000000004218e+01,5.000000000000000000e-01
4.636400000000003985e+01,5.000000000000000000e-01
4.636500000000004462e+01,5.000000000000000000e-01
4.636600000000004229e+01,5.000000000000000000e-01
4.636700000000003996e+01,5.000000000000000000e-01
4.636800000000004474e+01,5.000000000000000000e-01
4.636900000000004241e+01,5.000000000000000000e-01
4.637000000000004007e+01,5.000000000000000000e-01
4.637100000000004485e+01,5.000000000000000000e-01
4.637200000000004252e+01,5.000000000000000000e-01
4.637300000000004019e+01,5.000000000000000000e-01
4.637400000000004496e+01,5.000000000000000000e-01
4.637500000000004263e+01,5.000000000000000000e-01
4.637600000000004030e+01,5.000000000000000000e-01
4.637700000000004508e+01,5.000000000000000000e-01
4.637800000000004275e+01,5.000000000000000000e-01
4.637900000000004042e+01,5.000000000000000000e-01
4.638000000000004519e+01,5.000000000000000000e-01
4.638100000000004286e+01,5.000000000000000000e-01
4.638200000000004053e+01,5.000000000000000000e-01
4.638300000000004530e+01,5.000000000000000000e-01
4.638400000000004297e+01,5.000000000000000000e-01
4.638500000000004064e+01,5.000000000000000000e-01
4.638600000000004542e+01,5.000000000000000000e-01
4.638700000000004309e+01,5.000000000000000000e-01
4.638800000000004076e+01,5.000000000000000000e-01
4.638900000000004553e+01,5.000000000000000000e-01
4.639000000000004320e+01,5.000000000000000000e-01
4.639100000000004087e+01,5.000000000000000000e-01
4.639200000000004565e+01,5.000000000000000000e-01
4.639300000000004331e+01,5.000000000000000000e-01
4.639400000000004098e+01,5.000000000000000000e-01
4.639500000000004576e+01,5.000000000000000000e-01
4.639600000000004343e+01,5.000000000000000000e-01
4.639700000000004110e+01,5.000000000000000000e-01
4.639800000000004587e+01,5.000000000000000000e-01
4.639900000000004354e+01,5.000000000000000000e-01
4.640000000000004121e+01,5.000000000000000000e-01
4.640100000000004599e+01,5.000000000000000000e-01
4.640200000000004366e+01,5.000000000000000000e-01
4.640300000000004133e+01,5.000000000000000000e-01
4.640400000000004610e+01,5.000000000000000000e-01
4.640500000000004377e+01,5.000000000000000000e-01
4.640600000000004144e+01,5.000000000000000000e-01
4.640700000000004621e+01,5.000000000000000000e-01
4.640800000000004388e+01,5.000000000000000000e-01
4.640900000000004155e+01,5.000000000000000000e-01
4.641000000000004633e+01,5.000000000000000000e-01
4.641100000000004400e+01,5.000000000000000000e-01
4.641200000000004167e+01,5.000000000000000000e-01
4.641300000000004644e+01,5.000000000000000000e-01
4.641400000000004411e+01,5.000000000000000000e-01
4.641500000000004178e+01,5.000000000000000000e-01
4.641600000000003945e+01,5.000000000000000000e-01
4.641700000000004422e+01,5.000000000000000000e-01
4.641800000000004189e+01,5.000000000000000000e-01
4.641900000000003956e+01,5.000000000000000000e-01
4.642000000000004434e+01,5.000000000000000000e-01
4.642100000000004201e+01,5.000000000000000000e-01
4.642200000000003968e+01,5.000000000000000000e-01
4.642300000000004445e+01,5.000000000000000000e-01
4.642400000000004212e+01,5.000000000000000000e-01
4.642500000000003979e+01,5.000000000000000000e-01
4.642600000000004457e+01,5.000000000000000000e-01
4.642700000000004223e+01,5.000000000000000000e-01
4.642800000000003990e+01,5.000000000000000000e-01
4.642900000000004468e+01,5.000000000000000000e-01
4.643000000000004235e+01,5.000000000000000000e-01
4.643100000000004002e+01,5.000000000000000000e-01
4.643200000000004479e+01,5.000000000000000000e-01
4.643300000000004246e+01,5.000000000000000000e-01
4.643400000000004013e+01,5.000000000000000000e-01
4.643500000000004491e+01,5.000000000000000000e-01
4.643600000000004258e+01,5.000000000000000000e-01
4.643700000000004025e+01,5.000000000000000000e-01
4.643800000000004502e+01,5.000000000000000000e-01
4.643900000000004269e+01,5.000000000000000000e-01
4.644000000000004036e+01,5.000000000000000000e-01
4.644100000000004513e+01,5.000000000000000000e-01
4.644200000000004280e+01,5.000000000000000000e-01
4.644300000000004047e+01,5.000000000000000000e-01
4.644400000000004525e+01,5.000000000000000000e-01
4.644500000000004292e+01,5.000000000000000000e-01
4.644600000000004059e+01,5.000000000000000000e-01
4.644700000000004536e+01,5.000000000000000000e-01
4.644800000000004303e+01,5.000000000000000000e-01
4.644900000000004070e+01,5.000000000000000000e-01
4.645000000000004547e+01,5.000000000000000000e-01
4.645100000000004314e+01,5.000000000000000000e-01
4.645200000000004081e+01,5.000000000000000000e-01
4.645300000000004559e+01,5.000000000000000000e-01
4.645400000000004326e+01,5.000000000000000000e-01
4.645500000000004093e+01,5.000000000000000000e-01
4.645600000000004570e+01,5.000000000000000000e-01
4.645700000000004337e+01,5.000000000000000000e-01
4.645800000000004104e+01,5.000000000000000000e-01
4.645900000000004582e+01,5.000000000000000000e-01
4.646000000000004349e+01,5.000000000000000000e-01
4.646100000000004115e+01,5.000000000000000000e-01
4.646200000000004593e+01,5.000000000000000000e-01
4.646300000000004360e+01,5.000000000000000000e-01
4.646400000000004127e+01,5.000000000000000000e-01
4.646500000000004604e+01,5.000000000000000000e-01
4.646600000000004371e+01,5.000000000000000000e-01
4.646700000000004138e+01,5.000000000000000000e-01
4.646800000000004616e+01,5.000000000000000000e-01
4.646900000000004383e+01,5.000000000000000000e-01
4.647000000000004150e+01,5.000000000000000000e-01
4.647100000000004627e+01,5.000000000000000000e-01
4.647200000000004394e+01,5.000000000000000000e-01
4.647300000000004161e+01,5.000000000000000000e-01
4.647400000000004638e+01,5.000000000000000000e-01
4.647500000000004405e+01,5.000000000000000000e-01
4.647600000000004172e+01,5.000000000000000000e-01
4.647700000000003939e+01,5.000000000000000000e-01
4.647800000000004417e+01,5.000000000000000000e-01
4.647900000000004184e+01,5.000000000000000000e-01
4.648000000000003951e+01,5.000000000000000000e-01
4.648100000000004428e+01,5.000000000000000000e-01
4.648200000000004195e+01,5.000000000000000000e-01
4.648300000000003962e+01,5.000000000000000000e-01
4.648400000000004439e+01,5.000000000000000000e-01
4.648500000000004206e+01,5.000000000000000000e-01
4.648600000000003973e+01,5.000000000000000000e-01
4.648700000000004451e+01,5.000000000000000000e-01
4.648800000000004218e+01,5.000000000000000000e-01
4.648900000000003985e+01,5.000000000000000000e-01
4.649000000000004462e+01,5.000000000000000000e-01
4.649100000000004229e+01,5.000000000000000000e-01
4.649200000000003996e+01,5.000000000000000000e-01
4.649300000000004474e+01,5.000000000000000000e-01
4.649400000000004241e+01,5.000000000000000000e-01
4.649500000000004007e+01,5.000000000000000000e-01
4.649600000000004485e+01,5.000000000000000000e-01
4.649700000000004252e+01,5.000000000000000000e-01
4.649800000000004019e+01,5.000000000000000000e-01
4.649900000000004496e+01,5.000000000000000000e-01
4.650000000000004263e+01,5.000000000000000000e-01
4.650100000000004030e+01,5.000000000000000000e-01
4.650200000000004508e+01,5.000000000000000000e-01
4.650300000000004275e+01,5.000000000000000000e-01
4.650400000000004042e+01,5.000000000000000000e-01
4.650500000000004519e+01,5.000000000000000000e-01
4.650600000000004286e+01,5.000000000000000000e-01
4.650700000000004053e+01,5.000000000000000000e-01
4.650800000000004530e+01,5.000000000000000000e-01
4.650900000000004297e+01,5.000000000000000000e-01
4.651000000000004064e+01,5.000000000000000000e-01
4.651100000000004542e+01,5.000000000000000000e-01
4.651200000000004309e+01,5.000000000000000000e-01
4.651300000000004076e+01,5.000000000000000000e-01
4.651400000000004553e+01,5.000000000000000000e-01
4.651500000000004320e+01,5.000000000000000000e-01
4.651600000000004087e+01,5.000000000000000000e-01
4.651700000000004565e+01,5.000000000000000000e-01
4.651800000000004331e+01,5.000000000000000000e-01
4.651900000000004098e+01,5.000000000000000000e-01
4.652000000000004576e+01,5.000000000000000000e-01
4.652100000000004343e+01,5.000000000000000000e-01
4.652200000000004110e+01,5.000000000000000000e-01
4.652300000000004587e+01,5.000000000000000000e-01
4.652400000000004354e+01,5.000000000000000000e-01
4.652500000000004121e+01,5.000000000000000000e-01
4.652600000000004599e+01,5.000000000000000000e-01
4.652700000000004366e+01,5.000000000000000000e-01
4.652800000000004133e+01,5.000000000000000000e-01
4.652900000000004610e+01,5.000000000000000000e-01
4.653000000000004377e+01,5.000000000000000000e-01
4.653100000000004144e+01,5.000000000000000000e-01
4.653200000000004621e+01,5.000000000000000000e-01
4.653300000000004388e+01,5.000000000000000000e-01
4.653400000000004155e+01,5.000000000000000000e-01
4.653500000000004633e+01,5.000000000000000000e-01
4.653600000000004400e+01,5.000000000000000000e-01
4.653700000000004167e+01,5.000000000000000000e-01
4.653800000000004644e+01,5.000000000000000000e-01
4.653900000000004411e+01,5.000000000000000000e-01
4.654000000000004178e+01,5.000000000000000000e-01
4.654100000000004655e+01,5.000000000000000000e-01
4.654200000000004422e+01,5.000000000000000000e-01
4.654300000000004189e+01,5.000000000000000000e-01
4.654400000000003956e+01,5.000000000000000000e-01
4.654500000000004434e+01,5.000000000000000000e-01
4.654600000000004201e+01,5.000000000000000000e-01
4.654700000000003968e+01,5.000000000000000000e-01
4.654800000000004445e+01,5.000000000000000000e-01
4.654900000000004212e+01,5.000000000000000000e-01
4.655000000000003979e+01,5.000000000000000000e-01
4.655100000000004457e+01,5.000000000000000000e-01
4.655200000000004223e+01,5.000000000000000000e-01
4.655300000000003990e+01,5.000000000000000000e-01
4.655400000000004468e+01,5.000000000000000000e-01
4.655500000000004235e+01,5.000000000000000000e-01
4.655600000000004002e+01,5.000000000000000000e-01
4.655700000000004479e+01,5.000000000000000000e-01
4.655800000000004246e+01,5.000000000000000000e-01
4.655900000000004013e+01,5.000000000000000000e-01
4.656000000000004491e+01,5.000000000000000000e-01
4.656100000000004258e+01,5.000000000000000000e-01
4.656200000000004025e+01,5.000000000000000000e-01
4.656300000000004502e+01,5.000000000000000000e-01
4.656400000000004269e+01,5.000000000000000000e-01
4.656500000000004036e+01,5.000000000000000000e-01
4.656600000000004513e+01,5.000000000000000000e-01
4.656700000000004280e+01,5.000000000000000000e-01
4.656800000000004047e+01,5.000000000000000000e-01
4.656900000000004525e+01,5.000000000000000000e-01
4.657000000000004292e+01,5.000000000000000000e-01
4.657100000000004059e+01,5.000000000000000000e-01
4.657200000000004536e+01,5.000000000000000000e-01
4.657300000000004303e+01,5.000000000000000000e-01
4.657400000000004070e+01,5.000000000000000000e-01
4.657500000000004547e+01,5.000000000000000000e-01
4.657600000000004314e+01,5.000000000000000000e-01
4.657700000000004081e+01,5.000000000000000000e-01
4.657800000000004559e+01,5.000000000000000000e-01
4.657900000000004326e+01,5.000000000000000000e-01
4.658000000000004093e+01,5.000000000000000000e-01
4.658100000000004570e+01,5.000000000000000000e-01
4.658200000000004337e+01,5.000000000000000000e-01
4.658300000000004104e+01,5.000000000000000000e-01
4.658400000000004582e+01,5.000000000000000000e-01
4.658500000000004349e+01,5.000000000000000000e-01
4.658600000000004115e+01,5.000000000000000000e-01
4.658700000000004593e+01,5.000000000000000000e-01
4.658800000000004360e+01,5.000000000000000000e-01
4.658900000000004127e+01,5.000000000000000000e-01
4.659000000000004604e+01,5.000000000000000000e-01
4.659100000000004371e+01,5.000000000000000000e-01
4.659200000000004138e+01,5.000000000000000000e-01
4.659300000000004616e+01,5.000000000000000000e-01
4.659400000000004383e+01,5.000000000000000000e-01
4.659500000000004150e+01,5.000000000000000000e-01
4.659600000000004627e+01,5.000000000000000000e-01
4.659700000000004394e+01,5.000000000000000000e-01
4.659800000000004161e+01,5.000000000000000000e-01
4.659900000000004638e+01,5.000000000000000000e-01
4.660000000000004405e+01,5.000000000000000000e-01
4.660100000000004172e+01,5.000000000000000000e-01
4.660200000000004650e+01,5.000000000000000000e-01
4.660300000000004417e+01,5.000000000000000000e-01
4.660400000000004184e+01,5.000000000000000000e-01
4.660500000000003951e+01,5.000000000000000000e-01
4.660600000000004428e+01,5.000000000000000000e-01
4.660700000000004195e+01,5.000000000000000000e-01
4.660800000000003962e+01,5.000000000000000000e-01
4.660900000000004439e+01,5.000000000000000000e-01
4.661000000000004206e+01,5.000000000000000000e-01
4.661100000000003973e+01,5.000000000000000000e-01
4.661200000000004451e+01,5.000000000000000000e-01
4.661300000000004218e+01,5.000000000000000000e-01
4.661400000000003985e+01,5.000000000000000000e-01
4.661500000000004462e+01,5.000000000000000000e-01
4.661600000000004229e+01,5.000000000000000000e-01
4.661700000000003996e+01,5.000000000000000000e-01
4.661800000000004474e+01,5.000000000000000000e-01
4.661900000000004241e+01,5.000000000000000000e-01
4.662000000000004007e+01,5.000000000000000000e-01
4.662100000000004485e+01,5.000000000000000000e-01
4.662200000000004252e+01,5.000000000000000000e-01
4.662300000000004019e+01,5.000000000000000000e-01
4.662400000000004496e+01,5.000000000000000000e-01
4.662500000000004263e+01,5.000000000000000000e-01
4.662600000000004030e+01,5.000000000000000000e-01
4.662700000000004508e+01,5.000000000000000000e-01
4.662800000000004275e+01,5.000000000000000000e-01
4.662900000000004042e+01,5.000000000000000000e-01
4.663000000000004519e+01,5.000000000000000000e-01
4.663100000000004286e+01,5.000000000000000000e-01
4.663200000000004053e+01,5.000000000000000000e-01
4.663300000000004530e+01,5.000000000000000000e-01
4.663400000000004297e+01,5.000000000000000000e-01
4.663500000000004064e+01,5.000000000000000000e-01
4.663600000000004542e+01,5.000000000000000000e-01
4.663700000000004309e+01,5.000000000000000000e-01
4.663800000000004076e+01,5.000000000000000000e-01
4.663900000000004553e+01,5.000000000000000000e-01
4.664000000000004320e+01,5.000000000000000000e-01
4.664100000000004087e+01,5.000000000000000000e-01
4.664200000000004565e+01,5.000000000000000000e-01
4.664300000000004331e+01,5.000000000000000000e-01
4.664400000000004098e+01,5.000000000000000000e-01
4.664500000000004576e+01,5.000000000000000000e-01
4.664600000000004343e+01,5.000000000000000000e-01
4.664700000000004110e+01,5.000000000000000000e-01
4.664800000000004587e+01,5.000000000000000000e-01
4.664900000000004354e+01,5.000000000000000000e-01
4.665000000000004121e+01,5.000000000000000000e-01
4.665100000000004599e+01,5.000000000000000000e-01
4.665200000000004366e+01,5.000000000000000000e-01
4.665300000000004133e+01,5.000000000000000000e-01
4.665400000000004610e+01,5.000000000000000000e-01
4.665500000000004377e+01,5.000000000000000000e-01
4.665600000000004144e+01,5.000000000000000000e-01
4.665700000000004621e+01,5.000000000000000000e-01
4.665800000000004388e+01,5.000000000000000000e-01
4.665900000000004155e+01,5.000000000000000000e-01
4.666000000000004633e+01,5.000000000000000000e-01
4.666100000000004400e+01,5.000000000000000000e-01
4.666200000000004167e+01,5.000000000000000000e-01
4.666300000000004644e+01,5.000000000000000000e-01
4.666400000000004411e+01,5.000000000000000000e-01
4.666500000000004178e+01,5.000000000000000000e-01
4.666600000000004655e+01,5.000000000000000000e-01
4.666700000000004422e+01,5.000000000000000000e-01
4.666800000000004189e+01,5.000000000000000000e-01
4.666900000000004667e+01,5.000000000000000000e-01
4.667000000000004434e+01,5.000000000000000000e-01
4.667100000000004201e+01,5.000000000000000000e-01
4.667200000000003968e+01,5.000000000000000000e-01
4.667300000000004445e+01,5.000000000000000000e-01
4.667400000000004212e+01,5.000000000000000000e-01
4.667500000000003979e+01,5.000000000000000000e-01
4.667600000000004457e+01,5.000000000000000000e-01
4.667700000000004223e+01,5.000000000000000000e-01
4.667800000000003990e+01,5.000000000000000000e-01
4.667900000000004468e+01,5.000000000000000000e-01
4.668000000000004235e+01,5.000000000000000000e-01
4.668100000000004002e+01,5.000000000000000000e-01
4.668200000000004479e+01,5.000000000000000000e-01
4.668300000000004246e+01,5.000000000000000000e-01
4.668400000000004013e+01,5.000000000000000000e-01
4.668500000000004491e+01,5.000000000000000000e-01
4.668600000000004258e+01,5.000000000000000000e-01
4.668700000000004025e+01,5.000000000000000000e-01
4.668800000000004502e+01,5.000000000000000000e-01
4.668900000000004269e+01,5.000000000000000000e-01
4.669000000000004036e+01,5.000000000000000000e-01
4.669100000000004513e+01,5.000000000000000000e-01
4.669200000000004280e+01,5.000000000000000000e-01
4.669300000000004047e+01,5.000000000000000000e-01
4.669400000000004525e+01,5.000000000000000000e-01
4.669500000000004292e+01,5.000000000000000000e-01
4.669600000000004059e+01,5.000000000000000000e-01
4.669700000000004536e+01,5.000000000000000000e-01
4.669800000000004303e+01,5.000000000000000000e-01
4.669900000000004070e+01,5.000000000000000000e-01
4.670000000000004547e+01,5.000000000000000000e-01
4.670100000000004314e+01,5.000000000000000000e-01
4.670200000000004081e+01,5.000000000000000000e-01
4.670300000000004559e+01,5.000000000000000000e-01
4.670400000000004326e+01,5.000000000000000000e-01
4.670500000000004093e+01,5.000000000000000000e-01
4.670600000000004570e+01,5.000000000000000000e-01
4.670700000000004337e+01,5.000000000000000000e-01
4.670800000000004104e+01,5.000000000000000000e-01
4.670900000000004582e+01,5.000000000000000000e-01
4.671000000000004349e+01,5.000000000000000000e-01
4.671100000000004115e+01,5.000000000000000000e-01
4.671200000000004593e+01,5.000000000000000000e-01
4.671300000000004360e+01,5.000000000000000000e-01
4.671400000000004127e+01,5.000000000000000000e-01
4.671500000000004604e+01,5.000000000000000000e-01
4.671600000000004371e+01,5.000000000000000000e-01
4.671700000000004138e+01,5.000000000000000000e-01
4.671800000000004616e+01,5.000000000000000000e-01
4.671900000000004383e+01,5.000000000000000000e-01
4.672000000000004150e+01,5.000000000000000000e-01
4.672100000000004627e+01,5.000000000000000000e-01
4.672200000000004394e+01,5.000000000000000000e-01
4.672300000000004161e+01,5.000000000000000000e-01
4.672400000000004638e+01,5.000000000000000000e-01
4.672500000000004405e+01,5.000000000000000000e-01
4.672600000000004172e+01,5.000000000000000000e-01
4.672700000000004650e+01,5.000000000000000000e-01
4.672800000000004417e+01,5.000000000000000000e-01
4.672900000000004184e+01,5.000000000000000000e-01
4.673000000000004661e+01,5.000000000000000000e-01
4.673100000000004428e+01,5.000000000000000000e-01
4.673200000000004195e+01,5.000000000000000000e-01
4.673300000000003962e+01,5.000000000000000000e-01
4.673400000000004439e+01,5.000000000000000000e-01
4.673500000000004206e+01,5.000000000000000000e-01
4.673600000000003973e+01,5.000000000000000000e-01
4.673700000000004451e+01,5.000000000000000000e-01
4.673800000000004218e+01,5.000000000000000000e-01
4.673900000000003985e+01,5.000000000000000000e-01
4.674000000000004462e+01,5.000000000000000000e-01
4.674100000000004229e+01,5.000000000000000000e-01
4.674200000000003996e+01,5.000000000000000000e-01
4.674300000000004474e+01,5.000000000000000000e-01
4.674400000000004241e+01,5.000000000000000000e-01
4.674500000000004007e+01,5.000000000000000000e-01
4.674600000000004485e+01,5.000000000000000000e-01
4.674700000000004252e+01,5.000000000000000000e-01
4.674800000000004019e+01,5.000000000000000000e-01
4.674900000000004496e+01,5.000000000000000000e-01
4.675000000000004263e+01,5.000000000000000000e-01
4.675100000000004030e+01,5.000000000000000000e-01
4.675200000000004508e+01,5.000000000000000000e-01
4.675300000000004275e+01,5.000000000000000000e-01
4.675400000000004042e+01,5.000000000000000000e-01
4.675500000000004519e+01,5.000000000000000000e-01
4.675600000000004286e+01,5.000000000000000000e-01
4.675700000000004053e+01,5.000000000000000000e-01
4.675800000000004530e+01,5.000000000000000000e-01
4.675900000000004297e+01,5.000000000000000000e-01
4.676000000000004064e+01,5.000000000000000000e-01
4.676100000000004542e+01,5.000000000000000000e-01
4.676200000000004309e+01,5.000000000000000000e-01
4.676300000000004076e+01,5.000000000000000000e-01
4.676400000000004553e+01,5.000000000000000000e-01
4.676500000000004320e+01,5.000000000000000000e-01
4.676600000000004087e+01,5.000000000000000000e-01
4.676700000000004565e+01,5.000000000000000000e-01
4.676800000000004331e+01,5.000000000000000000e-01
4.676900000000004098e+01,5.000000000000000000e-01
4.677000000000004576e+01,5.000000000000000000e-01
4.677100000000004343e+01,5.000000000000000000e-01
4.677200000000004110e+01,5.000000000000000000e-01
4.677300000000004587e+01,5.000000000000000000e-01
4.677400000000004354e+01,5.000000000000000000e-01
4.677500000000004121e+01,5.000000000000000000e-01
4.677600000000004599e+01,5.000000000000000000e-01
4.677700000000004366e+01,5.000000000000000000e-01
4.677800000000004133e+01,5.000000000000000000e-01
4.677900000000004610e+01,5.000000000000000000e-01
4.678000000000004377e+01,5.000000000000000000e-01
4.678100000000004144e+01,5.000000000000000000e-01
4.678200000000004621e+01,5.000000000000000000e-01
4.678300000000004388e+01,5.000000000000000000e-01
4.678400000000004155e+01,5.000000000000000000e-01
4.678500000000004633e+01,5.000000000000000000e-01
4.678600000000004400e+01,5.000000000000000000e-01
4.678700000000004167e+01,5.000000000000000000e-01
4.678800000000004644e+01,5.000000000000000000e-01
4.678900000000004411e+01,5.000000000000000000e-01
4.679000000000004178e+01,5.000000000000000000e-01
4.679100000000004655e+01,5.000000000000000000e-01
4.679200000000004422e+01,5.000000000000000000e-01
4.679300000000004189e+01,5.000000000000000000e-01
4.679400000000004667e+01,5.000000000000000000e-01
4.679500000000004434e+01,5.000000000000000000e-01
4.679600000000004201e+01,5.000000000000000000e-01
4.679700000000004678e+01,5.000000000000000000e-01
4.679800000000004445e+01,5.000000000000000000e-01
4.679900000000004212e+01,5.000000000000000000e-01
4.680000000000003979e+01,5.000000000000000000e-01
4.680100000000004457e+01,5.000000000000000000e-01
4.680200000000004223e+01,5.000000000000000000e-01
4.680300000000003990e+01,5.000000000000000000e-01
4.680400000000004468e+01,5.000000000000000000e-01
4.680500000000004235e+01,5.000000000000000000e-01
4.680600000000004002e+01,5.000000000000000000e-01
4.680700000000004479e+01,5.000000000000000000e-01
4.680800000000004246e+01,5.000000000000000000e-01
4.680900000000004013e+01,5.000000000000000000e-01
4.681000000000004491e+01,5.000000000000000000e-01
4.681100000000004258e+01,5.000000000000000000e-01
4.681200000000004025e+01,5.000000000000000000e-01
4.681300000000004502e+01,5.000000000000000000e-01
4.681400000000004269e+01,5.000000000000000000e-01
4.681500000000004036e+01,5.000000000000000000e-01
4.681600000000004513e+01,5.000000000000000000e-01
4.681700000000004280e+01,5.000000000000000000e-01
4.681800000000004047e+01,5.000000000000000000e-01
4.681900000000004525e+01,5.000000000000000000e-01
4.682000000000004292e+01,5.000000000000000000e-01
4.682100000000004059e+01,5.000000000000000000e-01
4.682200000000004536e+01,5.000000000000000000e-01
4.682300000000004303e+01,5.000000000000000000e-01
4.682400000000004070e+01,5.000000000000000000e-01
4.682500000000004547e+01,5.000000000000000000e-01
4.682600000000004314e+01,5.000000000000000000e-01
4.682700000000004081e+01,5.000000000000000000e-01
4.682800000000004559e+01,5.000000000000000000e-01
4.682900000000004326e+01,5.000000000000000000e-01
4.683000000000004093e+01,5.000000000000000000e-01
4.683100000000004570e+01,5.000000000000000000e-01
4.683200000000004337e+01,5.000000000000000000e-01
4.683300000000004104e+01,5.000000000000000000e-01
4.683400000000004582e+01,5.000000000000000000e-01
4.683500000000004349e+01,5.000000000000000000e-01
4.683600000000004115e+01,5.000000000000000000e-01
4.683700000000004593e+01,5.000000000000000000e-01
4.683800000000004360e+01,5.000000000000000000e-01
4.683900000000004127e+01,5.000000000000000000e-01
4.684000000000004604e+01,5.000000000000000000e-01
4.684100000000004371e+01,5.000000000000000000e-01
4.684200000000004138e+01,5.000000000000000000e-01
4.684300000000004616e+01,5.000000000000000000e-01
4.684400000000004383e+01,5.000000000000000000e-01
4.684500000000004150e+01,5.000000000000000000e-01
4.684600000000004627e+01,5.000000000000000000e-01
4.684700000000004394e+01,5.000000000000000000e-01
4.684800000000004161e+01,5.000000000000000000e-01
4.684900000000004638e+01,5.000000000000000000e-01
4.685000000000004405e+01,5.000000000000000000e-01
4.685100000000004172e+01,5.000000000000000000e-01
4.685200000000004650e+01,5.000000000000000000e-01
4.685300000000004417e+01,5.000000000000000000e-01
4.685400000000004184e+01,5.000000000000000000e-01
4.685500000000004661e+01,5.000000000000000000e-01
4.685600000000004428e+01,5.000000000000000000e-01
4.685700000000004195e+01,5.000000000000000000e-01
4.685800000000004673e+01,5.000000000000000000e-01
4.685900000000004439e+01,5.000000000000000000e-01
4.686000000000004206e+01,5.000000000000000000e-01
4.686100000000003973e+01,5.000000000000000000e-01
4.686200000000004451e+01,5.000000000000000000e-01
4.686300000000004218e+01,5.000000000000000000e-01
4.686400000000003985e+01,5.000000000000000000e-01
4.686500000000004462e+01,5.000000000000000000e-01
4.686600000000004229e+01,5.000000000000000000e-01
4.686700000000003996e+01,5.000000000000000000e-01
4.686800000000004474e+01,5.000000000000000000e-01
4.686900000000004241e+01,5.000000000000000000e-01
4.687000000000004007e+01,5.000000000000000000e-01
4.687100000000004485e+01,5.000000000000000000e-01
4.687200000000004252e+01,5.000000000000000000e-01
4.687300000000004019e+01,5.000000000000000000e-01
4.687400000000004496e+01,5.000000000000000000e-01
4.687500000000004263e+01,5.000000000000000000e-01
4.687600000000004030e+01,5.000000000000000000e-01
4.687700000000004508e+01,5.000000000000000000e-01
4.687800000000004275e+01,5.000000000000000000e-01
4.687900000000004042e+01,5.000000000000000000e-01
4.688000000000004519e+01,5.000000000000000000e-01
4.688100000000004286e+01,5.000000000000000000e-01
4.688200000000004053e+01,5.000000000000000000e-01
4.688300000000004530e+01,5.000000000000000000e-01
4.688400000000004297e+01,5.000000000000000000e-01
4.688500000000004064e+01,5.000000000000000000e-01
4.688600000000004542e+01,5.000000000000000000e-01
4.688700000000004309e+01,5.000000000000000000e-01
4.688800000000004076e+01,5.000000000000000000e-01
4.688900000000004553e+01,5.000000000000000000e-01
4.689000000000004320e+01,5.000000000000000000e-01
4.689100000000004087e+01,5.000000000000000000e-01
4.689200000000004565e+01,5.000000000000000000e-01
4.689300000000004331e+01,5.000000000000000000e-01
4.689400000000004098e+01,5.000000000000000000e-01
4.689500000000004576e+01,5.000000000000000000e-01
4.689600000000004343e+01,5.000000000000000000e-01
4.689700000000004110e+01,5.000000000000000000e-01
4.689800000000004587e+01,5.000000000000000000e-01
4.689900000000004354e+01,5.000000000000000000e-01
4.690000000000004121e+01,5.000000000000000000e-01
4.690100000000004599e+01,5.000000000000000000e-01
4.690200000000004366e+01,5.000000000000000000e-01
4.690300000000004133e+01,5.000000000000000000e-01
4.690400000000004610e+01,5.000000000000000000e-01
4.690500000000004377e+01,5.000000000000000000e-01
4.690600000000004144e+01,5.000000000000000000e-01
4.690700000000004621e+01,5.000000000000000000e-01
4.690800000000004388e+01,5.000000000000000000e-01
4.690900000000004155e+01,5.000000000000000000e-01
4.691000000000004633e+01,5.000000000000000000e-01
4.691100000000004400e+01,5.000000000000000000e-01
4.691200000000004167e+01,5.000000000000000000e-01
4.691300000000004644e+01,5.000000000000000000e-01
4.691400000000004411e+01,5.000000000000000000e-01
4.691500000000004178e+01,5.000000000000000000e-01
4.691600000000004655e+01,5.000000000000000000e-01
4.691700000000004422e+01,5.000000000000000000e-01
4.691800000000004189e+01,5.000000000000000000e-01
4.691900000000004667e+01,5.000000000000000000e-01
4.692000000000004434e+01,5.000000000000000000e-01
4.692100000000004201e+01,5.000000000000000000e-01
4.692200000000004678e+01,5.000000000000000000e-01
4.692300000000004445e+01,5.000000000000000000e-01
4.692400000000004212e+01,5.000000000000000000e-01
4.692500000000004690e+01,5.000000000000000000e-01
4.692600000000004457e+01,5.000000000000000000e-01
4.692700000000004223e+01,5.000000000000000000e-01
4.692800000000003990e+01,5.000000000000000000e-01
4.692900000000004468e+01,5.000000000000000000e-01
4.693000000000004235e+01,5.000000000000000000e-01
4.693100000000004002e+01,5.000000000000000000e-01
4.693200000000004479e+01,5.000000000000000000e-01
4.693300000000004246e+01,5.000000000000000000e-01
4.693400000000004013e+01,5.000000000000000000e-01
4.693500000000004491e+01,5.000000000000000000e-01
4.693600000000004258e+01,5.000000000000000000e-01
4.693700000000004025e+01,5.000000000000000000e-01
4.693800000000004502e+01,5.000000000000000000e-01
4.693900000000004269e+01,5.000000000000000000e-01
4.694000000000004036e+01,5.000000000000000000e-01
4.694100000000004513e+01,5.000000000000000000e-01
4.694200000000004280e+01,5.000000000000000000e-01
4.694300000000004047e+01,5.000000000000000000e-01
4.694400000000004525e+01,5.000000000000000000e-01
4.694500000000004292e+01,5.000000000000000000e-01
4.694600000000004059e+01,5.000000000000000000e-01
4.694700000000004536e+01,5.000000000000000000e-01
4.694800000000004303e+01,5.000000000000000000e-01
4.694900000000004070e+01,5.000000000000000000e-01
4.695000000000004547e+01,5.000000000000000000e-01
4.695100000000004314e+01,5.000000000000000000e-01
4.695200000000004081e+01,5.000000000000000000e-01
4.695300000000004559e+01,5.000000000000000000e-01
4.695400000000004326e+01,5.000000000000000000e-01
4.695500000000004093e+01,5.000000000000000000e-01
4.695600000000004570e+01,5.000000000000000000e-01
4.695700000000004337e+01,5.000000000000000000e-01
4.695800000000004104e+01,5.000000000000000000e-01
4.695900000000004582e+01,5.000000000000000000e-01
4.696000000000004349e+01,5.000000000000000000e-01
4.696100000000004115e+01,5.000000000000000000e-01
4.696200000000004593e+01,5.000000000000000000e-01
4.696300000000004360e+01,5.000000000000000000e-01
4.696400000000004127e+01,5.000000000000000000e-01
4.696500000000004604e+01,5.000000000000000000e-01
4.696600000000004371e+01,5.000000000000000000e-01
4.696700000000004138e+01,5.000000000000000000e-01
4.696800000000004616e+01,5.000000000000000000e-01
4.696900000000004383e+01,5.000000000000000000e-01
4.697000000000004150e+01,5.000000000000000000e-01
4.697100000000004627e+01,5.000000000000000000e-01
4.697200000000004394e+01,5.000000000000000000e-01
4.697300000000004161e+01,5.000000000000000000e-01
4.697400000000004638e+01,5.000000000000000000e-01
4.697500000000004405e+01,5.000000000000000000e-01
4.697600000000004172e+01,5.000000000000000000e-01
4.697700000000004650e+01,5.000000000000000000e-01
4.697800000000004417e+01,5.000000000000000000e-01
4.697900000000004184e+01,5.000000000000000000e-01
4.698000000000004661e+01,5.000000000000000000e-01
4.698100000000004428e+01,5.000000000000000000e-01
4.698200000000004195e+01,5.000000000000000000e-01
4.698300000000004673e+01,5.000000000000000000e-01
4.698400000000004439e+01,5.000000000000000000e-01
4.698500000000004206e+01,5.000000000000000000e-01
4.698600000000004684e+01,5.000000000000000000e-01
4.698700000000004451e+01,5.000000000000000000e-01
4.698800000000004218e+01,5.000000000000000000e-01
4.698900000000003985e+01,5.000000000000000000e-01
4.699000000000004462e+01,5.000000000000000000e-01
4.699100000000004229e+01,5.000000000000000000e-01
4.699200000000003996e+01,5.000000000000000000e-01
4.699300000000004474e+01,5.000000000000000000e-01
4.699400000000004241e+01,5.000000000000000000e-01
4.699500000000004007e+01,5.000000000000000000e-01
4.699600000000004485e+01,5.000000000000000000e-01
4.699700000000004252e+01,5.000000000000000000e-01
4.699800000000004019e+01,5.000000000000000000e-01
4.699900000000004496e+01,5.000000000000000000e-01
4.700000000000004263e+01,5.000000000000000000e-01
4.700100000000004030e+01,5.000000000000000000e-01
4.700200000000004508e+01,5.000000000000000000e-01
4.700300000000004275e+01,5.000000000000000000e-01
4.700400000000004042e+01,5.000000000000000000e-01
4.700500000000004519e+01,5.000000000000000000e-01
4.700600000000004286e+01,5.000000000000000000e-01
4.700700000000004053e+01,5.000000000000000000e-01
4.700800000000004530e+01,5.000000000000000000e-01
4.700900000000004297e+01,5.000000000000000000e-01
4.701000000000004064e+01,5.000000000000000000e-01
4.701100000000004542e+01,5.000000000000000000e-01
4.701200000000004309e+01,5.000000000000000000e-01
4.701300000000004076e+01,5.000000000000000000e-01
4.701400000000004553e+01,5.000000000000000000e-01
4.701500000000004320e+01,5.000000000000000000e-01
4.701600000000004087e+01,5.000000000000000000e-01
4.701700000000004565e+01,5.000000000000000000e-01
4.701800000000004331e+01,5.000000000000000000e-01
4.701900000000004098e+01,5.000000000000000000e-01
4.702000000000004576e+01,5.000000000000000000e-01
4.702100000000004343e+01,5.000000000000000000e-01
4.702200000000004110e+01,5.000000000000000000e-01
4.702300000000004587e+01,5.000000000000000000e-01
4.702400000000004354e+01,5.000000000000000000e-01
4.702500000000004121e+01,5.000000000000000000e-01
4.702600000000004599e+01,5.000000000000000000e-01
4.702700000000004366e+01,5.000000000000000000e-01
4.702800000000004133e+01,5.000000000000000000e-01
4.702900000000004610e+01,5.000000000000000000e-01
4.703000000000004377e+01,5.000000000000000000e-01
4.703100000000004144e+01,5.000000000000000000e-01
4.703200000000004621e+01,5.000000000000000000e-01
4.703300000000004388e+01,5.000000000000000000e-01
4.703400000000004155e+01,5.000000000000000000e-01
4.703500000000004633e+01,5.000000000000000000e-01
4.703600000000004400e+01,5.000000000000000000e-01
4.703700000000004167e+01,5.000000000000000000e-01
4.703800000000004644e+01,5.000000000000000000e-01
4.703900000000004411e+01,5.000000000000000000e-01
4.704000000000004178e+01,5.000000000000000000e-01
4.704100000000004655e+01,5.000000000000000000e-01
4.704200000000004422e+01,5.000000000000000000e-01
4.704300000000004189e+01,5.000000000000000000e-01
4.704400000000004667e+01,5.000000000000000000e-01
4.704500000000004434e+01,5.000000000000000000e-01
4.704600000000004201e+01,5.000000000000000000e-01
4.704700000000004678e+01,5.000000000000000000e-01
4.704800000000004445e+01,5.000000000000000000e-01
4.704900000000004212e+01,5.000000000000000000e-01
4.705000000000004690e+01,5.000000000000000000e-01
4.705100000000004457e+01,5.000000000000000000e-01
4.705200000000004223e+01,5.000000000000000000e-01
4.705300000000004701e+01,5.000000000000000000e-01
4.705400000000004468e+01,5.000000000000000000e-01
4.705500000000004235e+01,5.000000000000000000e-01
4.705600000000004002e+01,5.000000000000000000e-01
4.705700000000004479e+01,5.000000000000000000e-01
4.705800000000004246e+01,5.000000000000000000e-01
4.705900000000004013e+01,5.000000000000000000e-01
4.706000000000004491e+01,5.000000000000000000e-01
4.706100000000004258e+01,5.000000000000000000e-01
4.706200000000004025e+01,5.000000000000000000e-01
4.706300000000004502e+01,5.000000000000000000e-01
4.706400000000004269e+01,5.000000000000000000e-01
4.706500000000004036e+01,5.000000000000000000e-01
4.706600000000004513e+01,5.000000000000000000e-01
4.706700000000004280e+01,5.000000000000000000e-01
4.706800000000004047e+01,5.000000000000000000e-01
4.706900000000004525e+01,5.000000000000000000e-01
4.707000000000004292e+01,5.000000000000000000e-01
4.707100000000004059e+01,5.000000000000000000e-01
4.707200000000004536e+01,5.000000000000000000e-01
4.707300000000004303e+01,5.000000000000000000e-01
4.707400000000004070e+01,5.000000000000000000e-01
4.707500000000004547e+01,5.000000000000000000e-01
4.707600000000004314e+01,5.000000000000000000e-01
4.707700000000004081e+01,5.000000000000000000e-01
4.707800000000004559e+01,5.000000000000000000e-01
4.707900000000004326e+01,5.000000000000000000e-01
4.708000000000004093e+01,5.000000000000000000e-01
4.708100000000004570e+01,5.000000000000000000e-01
4.708200000000004337e+01,5.000000000000000000e-01
4.708300000000004104e+01,5.000000000000000000e-01
4.708400000000004582e+01,5.000000000000000000e-01
4.708500000000004349e+01,5.000000000000000000e-01
4.708600000000004115e+01,5.000000000000000000e-01
4.708700000000004593e+01,5.000000000000000000e-01
4.708800000000004360e+01,5.000000000000000000e-01
4.708900000000004127e+01,5.000000000000000000e-01
4.709000000000004604e+01,5.000000000000000000e-01
4.709100000000004371e+01,5.000000000000000000e-01
4.709200000000004138e+01,5.000000000000000000e-01
4.709300000000004616e+01,5.000000000000000000e-01
4.709400000000004383e+01,5.000000000000000000e-01
4.709500000000004150e+01,5.000000000000000000e-01
4.709600000000004627e+01,5.000000000000000000e-01
4.709700000000004394e+01,5.000000000000000000e-01
4.709800000000004161e+01,5.000000000000000000e-01
4.709900000000004638e+01,5.000000000000000000e-01
4.710000000000004405e+01,5.000000000000000000e-01
4.710100000000004172e+01,5.000000000000000000e-01
4.710200000000004650e+01,5.000000000000000000e-01
4.710300000000004417e+01,5.000000000000000000e-01
4.710400000000004184e+01,5.000000000000000000e-01
4.710500000000004661e+01,5.000000000000000000e-01
4.710600000000004428e+01,5.000000000000000000e-01
4.710700000000004195e+01,5.000000000000000000e-01
4.710800000000004673e+01,5.000000000000000000e-01
4.710900000000004439e+01,5.000000000000000000e-01
4.711000000000004206e+01,5.000000000000000000e-01
4.711100000000004684e+01,5.000000000000000000e-01
4.711200000000004451e+01,5.000000000000000000e-01
4.711300000000004218e+01,5.000000000000000000e-01
4.711400000000004695e+01,5.000000000000000000e-01
4.711500000000004462e+01,5.000000000000000000e-01
4.711600000000004229e+01,5.000000000000000000e-01
4.711700000000003996e+01,5.000000000000000000e-01
4.711800000000004474e+01,5.000000000000000000e-01
4.711900000000004241e+01,5.000000000000000000e-01
4.712000000000004007e+01,5.000000000000000000e-01
4.712100000000004485e+01,5.000000000000000000e-01
4.712200000000004252e+01,5.000000000000000000e-01
4.712300000000004019e+01,5.000000000000000000e-01
4.712400000000004496e+01,5.000000000000000000e-01
4.712500000000004263e+01,5.000000000000000000e-01
4.712600000000004030e+01,5.000000000000000000e-01
4.712700000000004508e+01,5.000000000000000000e-01
4.712800000000004275e+01,5.000000000000000000e-01
4.712900000000004042e+01,5.000000000000000000e-01
4.713000000000004519e+01,5.000000000000000000e-01
4.713100000000004286e+01,5.000000000000000000e-01
4.713200000000004053e+01,5.000000000000000000e-01
4.713300000000004530e+01,5.000000000000000000e-01
4.713400000000004297e+01,5.000000000000000000e-01
4.713500000000004064e+01,5.000000000000000000e-01
4.713600000000004542e+01,5.000000000000000000e-01
4.713700000000004309e+01,5.000000000000000000e-01
4.713800000000004076e+01,5.000000000000000000e-01
4.713900000000004553e+01,5.000000000000000000e-01
4.714000000000004320e+01,5.000000000000000000e-01
4.714100000000004087e+01,5.000000000000000000e-01
4.714200000000004565e+01,5.000000000000000000e-01
4.714300000000004331e+01,5.000000000000000000e-01
4.714400000000004098e+01,5.000000000000000000e-01
4.714500000000004576e+01,5.000000000000000000e-01
4.714600000000004343e+01,5.000000000000000000e-01
4.714700000000004110e+01,5.000000000000000000e-01
4.714800000000004587e+01,5.000000000000000000e-01
4.714900000000004354e+01,5.000000000000000000e-01
4.715000000000004121e+01,5.000000000000000000e-01
4.715100000000004599e+01,5.000000000000000000e-01
4.715200000000004366e+01,5.000000000000000000e-01
4.715300000000004133e+01,5.000000000000000000e-01
4.715400000000004610e+01,5.000000000000000000e-01
4.715500000000004377e+01,5.000000000000000000e-01
4.715600000000004144e+01,5.000000000000000000e-01
4.715700000000004621e+01,5.000000000000000000e-01
4.715800000000004388e+01,5.000000000000000000e-01
4.715900000000004155e+01,5.000000000000000000e-01
4.716000000000004633e+01,5.000000000000000000e-01
4.716100000000004400e+01,5.000000000000000000e-01
4.716200000000004167e+01,5.000000000000000000e-01
4.716300000000004644e+01,5.000000000000000000e-01
4.716400000000004411e+01,5.000000000000000000e-01
4.716500000000004178e+01,5.000000000000000000e-01
4.716600000000004655e+01,5.000000000000000000e-01
4.716700000000004422e+01,5.000000000000000000e-01
4.716800000000004189e+01,5.000000000000000000e-01
4.716900000000004667e+01,5.000000000000000000e-01
4.717000000000004434e+01,5.000000000000000000e-01
4.717100000000004201e+01,5.000000000000000000e-01
4.717200000000004678e+01,5.000000000000000000e-01
4.717300000000004445e+01,5.000000000000000000e-01
4.717400000000004212e+01,5.000000000000000000e-01
4.717500000000004690e+01,5.000000000000000000e-01
4.717600000000004457e+01,5.000000000000000000e-01
4.717700000000004223e+01,5.000000000000000000e-01
4.717800000000004701e+01,5.000000000000000000e-01
4.717900000000004468e+01,5.000000000000000000e-01
4.718000000000004235e+01,5.000000000000000000e-01
4.718100000000004712e+01,5.000000000000000000e-01
4.718200000000004479e+01,5.000000000000000000e-01
4.718300000000004246e+01,5.000000000000000000e-01
4.718400000000004013e+01,5.000000000000000000e-01
4.718500000000004491e+01,5.000000000000000000e-01
4.718600000000004258e+01,5.000000000000000000e-01
4.718700000000004025e+01,5.000000000000000000e-01
4.718800000000004502e+01,5.000000000000000000e-01
4.718900000000004269e+01,5.000000000000000000e-01
4.719000000000004036e+01,5.000000000000000000e-01
4.719100000000004513e+01,5.000000000000000000e-01
4.719200000000004280e+01,5.000000000000000000e-01
4.719300000000004047e+01,5.000000000000000000e-01
4.719400000000004525e+01,5.000000000000000000e-01
4.719500000000004292e+01,5.000000000000000000e-01
4.719600000000004059e+01,5.000000000000000000e-01
4.719700000000004536e+01,5.000000000000000000e-01
4.719800000000004303e+01,5.000000000000000000e-01
4.719900000000004070e+01,5.000000000000000000e-01
4.720000000000004547e+01,5.000000000000000000e-01
4.720100000000004314e+01,5.000000000000000000e-01
4.720200000000004081e+01,5.000000000000000000e-01
4.720300000000004559e+01,5.000000000000000000e-01
4.720400000000004326e+01,5.000000000000000000e-01
4.720500000000004093e+01,5.000000000000000000e-01
4.720600000000004570e+01,5.000000000000000000e-01
4.720700000000004337e+01,5.000000000000000000e-01
4.720800000000004104e+01,5.000000000000000000e-01
4.720900000000004582e+01,5.000000000000000000e-01
4.721000000000004349e+01,5.000000000000000000e-01
4.721100000000004115e+01,5.000000000000000000e-01
4.721200000000004593e+01,5.000000000000000000e-01
4.721300000000004360e+01,5.000000000000000000e-01
4.721400000000004127e+01,5.000000000000000000e-01
4.721500000000004604e+01,5.000000000000000000e-01
4.721600000000004371e+01,5.000000000000000000e-01
4.721700000000004138e+01,5.000000000000000000e-01
4.721800000000004616e+01,5.000000000000000000e-01
4.721900000000004383e+01,5.000000000000000000e-01
4.722000000000004150e+01,5.000000000000000000e-01
4.722100000000004627e+01,5.000000000000000000e-01
4.722200000000004394e+01,5.000000000000000000e-01
4.722300000000004161e+01,5.000000000000000000e-01
4.722400000000004638e+01,5.000000000000000000e-01
4.722500000000004405e+01,5.000000000000000000e-01
4.722600000000004172e+01,5.000000000000000000e-01
4.722700000000004650e+01,5.000000000000000000e-01
4.722800000000004417e+01,5.000000000000000000e-01
4.722900000000004184e+01,5.000000000000000000e-01
4.723000000000004661e+01,5.000000000000000000e-01
4.723100000000004428e+01,5.000000000000000000e-01
4.723200000000004195e+01,5.000000000000000000e-01
4.723300000000004673e+01,5.000000000000000000e-01
4.723400000000004439e+01,5.000000000000000000e-01
4.723500000000004206e+01,5.000000000000000000e-01
4.723600000000004684e+01,5.000000000000000000e-01
4.723700000000004451e+01,5.000000000000000000e-01
4.723800000000004218e+01,5.000000000000000000e-01
4.723900000000004695e+01,5.000000000000000000e-01
4.724000000000004462e+01,5.000000000000000000e-01
4.724100000000004229e+01,5.000000000000000000e-01
4.724200000000004707e+01,5.000000000000000000e-01
4.724300000000004474e+01,5.000000000000000000e-01
4.724400000000004241e+01,5.000000000000000000e-01
4.724500000000004007e+01,5.000000000000000000e-01
4.724600000000004485e+01,5.000000000000000000e-01
4.724700000000004252e+01,5.000000000000000000e-01
4.724800000000004019e+01,5.000000000000000000e-01
4.724900000000004496e+01,5.000000000000000000e-01
4.725000000000004263e+01,5.000000000000000000e-01
4.725100000000004030e+01,5.000000000000000000e-01
4.725200000000004508e+01,5.000000000000000000e-01
4.725300000000004275e+01,5.000000000000000000e-01
4.725400000000004042e+01,5.000000000000000000e-01
4.725500000000004519e+01,5.000000000000000000e-01
4.725600000000004286e+01,5.000000000000000000e-01
4.725700000000004053e+01,5.000000000000000000e-01
4.725800000000004530e+01,5.000000000000000000e-01
4.725900000000004297e+01,5.000000000000000000e-01
4.726000000000004064e+01,5.000000000000000000e-01
4.726100000000004542e+01,5.000000000000000000e-01
4.726200000000004309e+01,5.000000000000000000e-01
4.726300000000004076e+01,5.000000000000000000e-01
4.726400000000004553e+01,5.000000000000000000e-01
4.726500000000004320e+01,5.000000000000000000e-01
4.726600000000004087e+01,5.000000000000000000e-01
4.726700000000004565e+01,5.000000000000000000e-01
4.726800000000004331e+01,5.000000000000000000e-01
4.726900000000004098e+01,5.000000000000000000e-01
4.727000000000004576e+01,5.000000000000000000e-01
4.727100000000004343e+01,5.000000000000000000e-01
4.727200000000004110e+01,5.000000000000000000e-01
4.727300000000004587e+01,5.000000000000000000e-01
4.727400000000004354e+01,5.000000000000000000e-01
4.727500000000004121e+01,5.000000000000000000e-01
4.727600000000004599e+01,5.000000000000000000e-01
4.727700000000004366e+01,5.000000000000000000e-01
4.727800000000004133e+01,5.000000000000000000e-01
4.727900000000004610e+01,5.000000000000000000e-01
4.728000000000004377e+01,5.000000000000000000e-01
4.728100000000004144e+01,5.000000000000000000e-01
4.728200000000004621e+01,5.000000000000000000e-01
4.728300000000004388e+01,5.000000000000000000e-01
4.728400000000004155e+01,5.000000000000000000e-01
4.728500000000004633e+01,5.000000000000000000e-01
4.728600000000004400e+01,5.000000000000000000e-01
4.728700000000004167e+01,5.000000000000000000e-01
4.728800000000004644e+01,5.000000000000000000e-01
4.728900000000004411e+01,5.000000000000000000e-01
4.729000000000004178e+01,5.000000000000000000e-01
4.729100000000004655e+01,5.000000000000000000e-01
4.729200000000004422e+01,5.000000000000000000e-01
4.729300000000004189e+01,5.000000000000000000e-01
4.729400000000004667e+01,5.000000000000000000e-01
4.729500000000004434e+01,5.000000000000000000e-01
4.729600000000004201e+01,5.000000000000000000e-01
4.729700000000004678e+01,5.000000000000000000e-01
4.729800000000004445e+01,5.000000000000000000e-01
4.729900000000004212e+01,5.000000000000000000e-01
4.730000000000004690e+01,5.000000000000000000e-01
4.730100000000004457e+01,5.000000000000000000e-01
4.730200000000004223e+01,5.000000000000000000e-01
4.730300000000004701e+01,5.000000000000000000e-01
4.730400000000004468e+01,5.000000000000000000e-01
4.730500000000004235e+01,5.000000000000000000e-01
4.730600000000004712e+01,5.000000000000000000e-01
4.730700000000004479e+01,5.000000000000000000e-01
4.730800000000004246e+01,5.000000000000000000e-01
4.730900000000004724e+01,5.000000000000000000e-01
4.731000000000004491e+01,5.000000000000000000e-01
4.731100000000004258e+01,5.000000000000000000e-01
4.731200000000004025e+01,5.000000000000000000e-01
4.731300000000004502e+01,5.000000000000000000e-01
4.731400000000004269e+01,5.000000000000000000e-01
4.731500000000004036e+01,5.000000000000000000e-01
4.731600000000004513e+01,5.000000000000000000e-01
4.731700000000004280e+01,5.000000000000000000e-01
4.731800000000004047e+01,5.000000000000000000e-01
4.731900000000004525e+01,5.000000000000000000e-01
4.732000000000004292e+01,5.000000000000000000e-01
4.732100000000004059e+01,5.000000000000000000e-01
4.732200000000004536e+01,5.000000000000000000e-01
4.732300000000004303e+01,5.000000000000000000e-01
4.732400000000004070e+01,5.000000000000000000e-01
4.732500000000004547e+01,5.000000000000000000e-01
4.732600000000004314e+01,5.000000000000000000e-01
4.732700000000004081e+01,5.000000000000000000e-01
4.732800000000004559e+01,5.000000000000000000e-01
4.732900000000004326e+01,5.000000000000000000e-01
4.733000000000004093e+01,5.000000000000000000e-01
4.733100000000004570e+01,5.000000000000000000e-01
4.733200000000004337e+01,5.000000000000000000e-01
4.733300000000004104e+01,5.000000000000000000e-01
4.733400000000004582e+01,5.000000000000000000e-01
4.733500000000004349e+01,5.000000000000000000e-01
4.733600000000004115e+01,5.000000000000000000e-01
4.733700000000004593e+01,5.000000000000000000e-01
4.733800000000004360e+01,5.000000000000000000e-01
4.733900000000004127e+01,5.000000000000000000e-01
4.734000000000004604e+01,5.000000000000000000e-01
4.734100000000004371e+01,5.000000000000000000e-01
4.734200000000004138e+01,5.000000000000000000e-01
4.734300000000004616e+01,5.000000000000000000e-01
4.734400000000004383e+01,5.000000000000000000e-01
4.734500000000004150e+01,5.000000000000000000e-01
4.734600000000004627e+01,5.000000000000000000e-01
4.734700000000004394e+01,5.000000000000000000e-01
4.734800000000004161e+01,5.000000000000000000e-01
4.734900000000004638e+01,5.000000000000000000e-01
4.735000000000004405e+01,5.000000000000000000e-01
4.735100000000004172e+01,5.000000000000000000e-01
4.735200000000004650e+01,5.000000000000000000e-01
4.735300000000004417e+01,5.000000000000000000e-01
4.735400000000004184e+01,5.000000000000000000e-01
4.735500000000004661e+01,5.000000000000000000e-01
4.735600000000004428e+01,5.000000000000000000e-01
4.735700000000004195e+01,5.000000000000000000e-01
4.735800000000004673e+01,5.000000000000000000e-01
4.735900000000004439e+01,5.000000000000000000e-01
4.736000000000004206e+01,5.000000000000000000e-01
4.736100000000004684e+01,5.000000000000000000e-01
4.736200000000004451e+01,5.000000000000000000e-01
4.736300000000004218e+01,5.000000000000000000e-01
4.736400000000004695e+01,5.000000000000000000e-01
4.736500000000004462e+01,5.000000000000000000e-01
4.736600000000004229e+01,5.000000000000000000e-01
4.736700000000004707e+01,5.000000000000000000e-01
4.736800000000004474e+01,5.000000000000000000e-01
4.736900000000004241e+01,5.000000000000000000e-01
4.737000000000004718e+01,5.000000000000000000e-01
4.737100000000004485e+01,5.000000000000000000e-01
4.737200000000004252e+01,5.000000000000000000e-01
4.737300000000004019e+01,5.000000000000000000e-01
4.737400000000004496e+01,5.000000000000000000e-01
4.737500000000004263e+01,5.000000000000000000e-01
4.737600000000004030e+01,5.000000000000000000e-01
4.737700000000004508e+01,5.000000000000000000e-01
4.737800000000004275e+01,5.000000000000000000e-01
4.737900000000004042e+01,5.000000000000000000e-01
4.738000000000004519e+01,5.000000000000000000e-01
4.738100000000004286e+01,5.000000000000000000e-01
4.738200000000004053e+01,5.000000000000000000e-01
4.738300000000004530e+01,5.000000000000000000e-01
4.738400000000004297e+01,5.000000000000000000e-01
4.738500000000004064e+01,5.000000000000000000e-01
4.738600000000004542e+01,5.000000000000000000e-01
4.738700000000004309e+01,5.000000000000000000e-01
4.738800000000004076e+01,5.000000000000000000e-01
4.738900000000004553e+01,5.000000000000000000e-01
4.739000000000004320e+01,5.000000000000000000e-01
4.739100000000004087e+01,5.000000000000000000e-01
4.739200000000004565e+01,5.000000000000000000e-01
4.739300000000004331e+01,5.000000000000000000e-01
4.739400000000004098e+01,5.000000000000000000e-01
4.739500000000004576e+01,5.000000000000000000e-01
4.739600000000004343e+01,5.000000000000000000e-01
4.739700000000004110e+01,5.000000000000000000e-01
4.739800000000004587e+01,5.000000000000000000e-01
4.739900000000004354e+01,5.000000000000000000e-01
4.740000000000004121e+01,5.000000000000000000e-01
4.740100000000004599e+01,5.000000000000000000e-01
4.740200000000004366e+01,5.000000000000000000e-01
4.740300000000004133e+01,5.000000000000000000e-01
4.740400000000004610e+01,5.000000000000000000e-01
4.740500000000004377e+01,5.000000000000000000e-01
4.740600000000004144e+01,5.000000000000000000e-01
4.740700000000004621e+01,5.000000000000000000e-01
4.740800000000004388e+01,5.000000000000000000e-01
4.740900000000004155e+01,5.000000000000000000e-01
4.741000000000004633e+01,5.000000000000000000e-01
4.741100000000004400e+01,5.000000000000000000e-01
4.741200000000004167e+01,5.000000000000000000e-01
4.741300000000004644e+01,5.000000000000000000e-01
4.741400000000004411e+01,5.000000000000000000e-01
4.741500000000004178e+01,5.000000000000000000e-01
4.741600000000004655e+01,5.000000000000000000e-01
4.741700000000004422e+01,5.000000000000000000e-01
4.741800000000004189e+01,5.000000000000000000e-01
4.741900000000004667e+01,5.000000000000000000e-01
4.742000000000004434e+01,5.000000000000000000e-01
4.742100000000004201e+01,5.000000000000000000e-01
4.742200000000004678e+01,5.000000000000000000e-01
4.742300000000004445e+01,5.000000000000000000e-01
4.742400000000004212e+01,5.000000000000000000e-01
4.742500000000004690e+01,5.000000000000000000e-01
4.742600000000004457e+01,5.000000000000000000e-01
4.742700000000004223e+01,5.000000000000000000e-01
4.742800000000004701e+01,5.000000000000000000e-01
4.742900000000004468e+01,5.000000000000000000e-01
4.743000000000004235e+01,5.000000000000000000e-01
4.743100000000004712e+01,5.000000000000000000e-01
4.743200000000004479e+01,5.000000000000000000e-01
4.743300000000004246e+01,5.000000000000000000e-01
4.743400000000004724e+01,5.000000000000000000e-01
4.743500000000004491e+01,5.000000000000000000e-01
4.743600000000004258e+01,5.000000000000000000e-01
4.743700000000004735e+01,5.000000000000000000e-01
4.743800000000004502e+01,5.000000000000000000e-01
4.743900000000004269e+01,5.000000000000000000e-01
4.744000000000004036e+01,5.000000000000000000e-01
4.744100000000004513e+01,5.000000000000000000e-01
4.744200000000004280e+01,5.000000000000000000e-01
4.744300000000004047e+01,5.000000000000000000e-01
4.744400000000004525e+01,5.000000000000000000e-01
4.744500000000004292e+01,5.000000000000000000e-01
4.744600000000004059e+01,5.000000000000000000e-01
4.744700000000004536e+01,5.000000000000000000e-01
4.744800000000004303e+01,5.000000000000000000e-01
4.744900000000004070e+01,5.000000000000000000e-01
4.745000000000004547e+01,5.000000000000000000e-01
4.745100000000004314e+01,5.000000000000000000e-01
4.745200000000004081e+01,5.000000000000000000e-01
4.745300000000004559e+01,5.000000000000000000e-01
4.745400000000004326e+01,5.000000000000000000e-01
4.745500000000004093e+01,5.000000000000000000e-01
4.745600000000004570e+01,5.000000000000000000e-01
4.745700000000004337e+01,5.000000000000000000e-01
4.745800000000004104e+01,5.000000000000000000e-01
4.745900000000004582e+01,5.000000000000000000e-01
4.746000000000004349e+01,5.000000000000000000e-01
4.746100000000004115e+01,5.000000000000000000e-01
4.746200000000004593e+01,5.000000000000000000e-01
4.746300000000004360e+01,5.000000000000000000e-01
4.746400000000004127e+01,5.000000000000000000e-01
4.746500000000004604e+01,5.000000000000000000e-01
4.746600000000004371e+01,5.000000000000000000e-01
4.746700000000004138e+01,5.000000000000000000e-01
4.746800000000004616e+01,5.000000000000000000e-01
4.746900000000004383e+01,5.000000000000000000e-01
4.747000000000004150e+01,5.000000000000000000e-01
4.747100000000004627e+01,5.000000000000000000e-01
4.747200000000004394e+01,5.000000000000000000e-01
4.747300000000004161e+01,5.000000000000000000e-01
4.747400000000004638e+01,5.000000000000000000e-01
4.747500000000004405e+01,5.000000000000000000e-01
4.747600000000004172e+01,5.000000000000000000e-01
4.747700000000004650e+01,5.000000000000000000e-01
4.747800000000004417e+01,5.000000000000000000e-01
4.747900000000004184e+01,5.000000000000000000e-01
4.748000000000004661e+01,5.000000000000000000e-01
4.748100000000004428e+01,5.000000000000000000e-01
4.748200000000004195e+01,5.000000000000000000e-01
4.748300000000004673e+01,5.000000000000000000e-01
4.748400000000004439e+01,5.000000000000000000e-01
4.748500000000004206e+01,5.000000000000000000e-01
4.748600000000004684e+01,5.000000000000000000e-01
4.748700000000004451e+01,5.000000000000000000e-01
4.748800000000004218e+01,5.000000000000000000e-01
4.748900000000004695e+01,5.000000000000000000e-01
4.749000000000004462e+01,5.000000000000000000e-01
4.749100000000004229e+01,5.000000000000000000e-01
4.749200000000004707e+01,5.000000000000000000e-01
4.749300000000004474e+01,5.000000000000000000e-01
4.749400000000004241e+01,5.000000000000000000e-01
4.749500000000004718e+01,5.000000000000000000e-01
4.749600000000004485e+01,5.000000000000000000e-01
4.749700000000004252e+01,5.000000000000000000e-01
4.749800000000004729e+01,5.000000000000000000e-01
4.749900000000004496e+01,5.000000000000000000e-01
4.750000000000004263e+01,5.000000000000000000e-01
4.750100000000004030e+01,5.000000000000000000e-01
4.750200000000004508e+01,5.000000000000000000e-01
4.750300000000004275e+01,5.000000000000000000e-01
4.750400000000004042e+01,5.000000000000000000e-01
4.750500000000004519e+01,5.000000000000000000e-01
4.750600000000004286e+01,5.000000000000000000e-01
4.750700000000004053e+01,5.000000000000000000e-01
4.750800000000004530e+01,5.000000000000000000e-01
4.750900000000004297e+01,5.000000000000000000e-01
4.751000000000004064e+01,5.000000000000000000e-01
4.751100000000004542e+01,5.000000000000000000e-01
4.751200000000004309e+01,5.000000000000000000e-01
4.751300000000004076e+01,5.000000000000000000e-01
4.751400000000004553e+01,5.000000000000000000e-01
4.751500000000004320e+01,5.000000000000000000e-01
4.751600000000004087e+01,5.000000000000000000e-01
4.751700000000004565e+01,5.000000000000000000e-01
4.751800000000004331e+01,5.000000000000000000e-01
4.751900000000004098e+01,5.000000000000000000e-01
4.752000000000004576e+01,5.000000000000000000e-01
4.752100000000004343e+01,5.000000000000000000e-01
4.752200000000004110e+01,5.000000000000000000e-01
4.752300000000004587e+01,5.000000000000000000e-01
4.752400000000004354e+01,5.000000000000000000e-01
4.752500000000004121e+01,5.000000000000000000e-01
4.752600000000004599e+01,5.000000000000000000e-01
4.752700000000004366e+01,5.000000000000000000e-01
4.752800000000004133e+01,5.000000000000000000e-01
4.752900000000004610e+01,5.000000000000000000e-01
4.753000000000004377e+01,5.000000000000000000e-01
4.753100000000004144e+01,5.000000000000000000e-01
4.753200000000004621e+01,5.000000000000000000e-01
4.753300000000004388e+01,5.000000000000000000e-01
4.753400000000004155e+01,5.000000000000000000e-01
4.753500000000004633e+01,5.000000000000000000e-01
4.753600000000004400e+01,5.000000000000000000e-01
4.753700000000004167e+01,5.000000000000000000e-01
4.753800000000004644e+01,5.000000000000000000e-01
4.753900000000004411e+01,5.000000000000000000e-01
4.754000000000004178e+01,5.000000000000000000e-01
4.754100000000004655e+01,5.000000000000000000e-01
4.754200000000004422e+01,5.000000000000000000e-01
4.754300000000004189e+01,5.000000000000000000e-01
4.754400000000004667e+01,5.000000000000000000e-01
4.754500000000004434e+01,5.000000000000000000e-01
4.754600000000004201e+01,5.000000000000000000e-01
4.754700000000004678e+01,5.000000000000000000e-01
4.754800000000004445e+01,5.000000000000000000e-01
4.754900000000004212e+01,5.000000000000000000e-01
4.755000000000004690e+01,5.000000000000000000e-01
4.755100000000004457e+01,5.000000000000000000e-01
4.755200000000004223e+01,5.000000000000000000e-01
4.755300000000004701e+01,5.000000000000000000e-01
4.755400000000004468e+01,5.000000000000000000e-01
4.755500000000004235e+01,5.000000000000000000e-01
4.755600000000004712e+01,5.000000000000000000e-01
4.755700000000004479e+01,5.000000000000000000e-01
4.755800000000004246e+01,5.000000000000000000e-01
4.755900000000004724e+01,5.000000000000000000e-01
4.756000000000004491e+01,5.000000000000000000e-01
4.756100000000004258e+01,5.000000000000000000e-01
4.756200000000004735e+01,5.000000000000000000e-01
4.756300000000004502e+01,5.000000000000000000e-01
4.756400000000004269e+01,5.000000000000000000e-01
4.756500000000004746e+01,5.000000000000000000e-01
4.756600000000004513e+01,5.000000000000000000e-01
4.756700000000004280e+01,5.000000000000000000e-01
4.756800000000004047e+01,5.000000000000000000e-01
4.756900000000004525e+01,5.000000000000000000e-01
4.757000000000004292e+01,5.000000000000000000e-01
4.757100000000004059e+01,5.000000000000000000e-01
4.757200000000004536e+01,5.000000000000000000e-01
4.757300000000004303e+01,5.000000000000000000e-01
4.757400000000004070e+01,5.000000000000000000e-01
4.757500000000004547e+01,5.000000000000000000e-01
4.757600000000004314e+01,5.000000000000000000e-01
4.757700000000004081e+01,5.000000000000000000e-01
4.757800000000004559e+01,5.000000000000000000e-01
4.757900000000004326e+01,5.000000000000000000e-01
4.758000000000004093e+01,5.000000000000000000e-01
4.758100000000004570e+01,5.000000000000000000e-01
4.758200000000004337e+01,5.000000000000000000e-01
4.758300000000004104e+01,5.000000000000000000e-01
4.758400000000004582e+01,5.000000000000000000e-01
4.758500000000004349e+01,5.000000000000000000e-01
4.758600000000004115e+01,5.000000000000000000e-01
4.758700000000004593e+01,5.000000000000000000e-01
4.758800000000004360e+01,5.000000000000000000e-01
4.758900000000004127e+01,5.000000000000000000e-01
4.759000000000004604e+01,5.000000000000000000e-01
4.759100000000004371e+01,5.000000000000000000e-01
4.759200000000004138e+01,5.000000000000000000e-01
4.759300000000004616e+01,5.000000000000000000e-01
4.759400000000004383e+01,5.000000000000000000e-01
4.759500000000004150e+01,5.000000000000000000e-01
4.759600000000004627e+01,5.000000000000000000e-01
4.759700000000004394e+01,5.000000000000000000e-01
4.759800000000004161e+01,5.000000000000000000e-01
4.759900000000004638e+01,5.000000000000000000e-01
4.760000000000004405e+01,5.000000000000000000e-01
4.760100000000004172e+01,5.000000000000000000e-01
4.760200000000004650e+01,5.000000000000000000e-01
4.760300000000004417e+01,5.000000000000000000e-01
4.760400000000004184e+01,5.000000000000000000e-01
4.760500000000004661e+01,5.000000000000000000e-01
4.760600000000004428e+01,5.000000000000000000e-01
4.760700000000004195e+01,5.000000000000000000e-01
4.760800000000004673e+01,5.000000000000000000e-01
4.760900000000004439e+01,5.000000000000000000e-01
4.761000000000004206e+01,5.000000000000000000e-01
4.761100000000004684e+01,5.000000000000000000e-01
4.761200000000004451e+01,5.000000000000000000e-01
4.761300000000004218e+01,5.000000000000000000e-01
4.761400000000004695e+01,5.000000000000000000e-01
4.761500000000004462e+01,5.000000000000000000e-01
4.761600000000004229e+01,5.000000000000000000e-01
4.761700000000004707e+01,5.000000000000000000e-01
4.761800000000004474e+01,5.000000000000000000e-01
4.761900000000004241e+01,5.000000000000000000e-01
4.762000000000004718e+01,5.000000000000000000e-01
4.762100000000004485e+01,5.000000000000000000e-01
4.762200000000004252e+01,5.000000000000000000e-01
4.762300000000004729e+01,5.000000000000000000e-01
4.762400000000004496e+01,5.000000000000000000e-01
4.762500000000004263e+01,5.000000000000000000e-01
4.762600000000004741e+01,5.000000000000000000e-01
4.762700000000004508e+01,5.000000000000000000e-01
4.762800000000004275e+01,5.000000000000000000e-01
4.762900000000004042e+01,5.000000000000000000e-01
4.763000000000004519e+01,5.000000000000000000e-01
4.763100000000004286e+01,5.000000000000000000e-01
4.763200000000004053e+01,5.000000000000000000e-01
4.763300000000004530e+01,5.000000000000000000e-01
4.763400000000004297e+01,5.000000000000000000e-01
4.763500000000004064e+01,5.000000000000000000e-01
4.763600000000004542e+01,5.000000000000000000e-01
4.763700000000004309e+01,5.000000000000000000e-01
4.763800000000004076e+01,5.000000000000000000e-01
4.763900000000004553e+01,5.000000000000000000e-01
4.764000000000004320e+01,5.000000000000000000e-01
4.764100000000004087e+01,5.000000000000000000e-01
4.764200000000004565e+01,5.000000000000000000e-01
4.764300000000004331e+01,5.000000000000000000e-01
4.764400000000004098e+01,5.000000000000000000e-01
4.764500000000004576e+01,5.000000000000000000e-01
4.764600000000004343e+01,5.000000000000000000e-01
4.764700000000004110e+01,5.000000000000000000e-01
4.764800000000004587e+01,5.000000000000000000e-01
4.764900000000004354e+01,5.000000000000000000e-01
4.765000000000004121e+01,5.000000000000000000e-01
4.765100000000004599e+01,5.000000000000000000e-01
4.765200000000004366e+01,5.000000000000000000e-01
4.765300000000004133e+01,5.000000000000000000e-01
4.765400000000004610e+01,5.000000000000000000e-01
4.765500000000004377e+01,5.000000000000000000e-01
4.765600000000004144e+01,5.000000000000000000e-01
4.765700000000004621e+01,5.000000000000000000e-01
4.765800000000004388e+01,5.000000000000000000e-01
4.765900000000004155e+01,5.000000000000000000e-01
4.766000000000004633e+01,5.000000000000000000e-01
4.766100000000004400e+01,5.000000000000000000e-01
4.766200000000004167e+01,5.000000000000000000e-01
4.766300000000004644e+01,5.000000000000000000e-01
4.766400000000004411e+01,5.000000000000000000e-01
4.766500000000004178e+01,5.000000000000000000e-01
4.766600000000004655e+01,5.000000000000000000e-01
4.766700000000004422e+01,5.000000000000000000e-01
4.766800000000004189e+01,5.000000000000000000e-01
4.766900000000004667e+01,5.000000000000000000e-01
4.767000000000004434e+01,5.000000000000000000e-01
4.767100000000004201e+01,5.000000000000000000e-01
4.767200000000004678e+01,5.000000000000000000e-01
4.767300000000004445e+01,5.000000000000000000e-01
4.767400000000004212e+01,5.000000000000000000e-01
4.767500000000004690e+01,5.000000000000000000e-01
4.767600000000004457e+01,5.000000000000000000e-01
4.767700000000004223e+01,5.000000000000000000e-01
4.767800000000004701e+01,5.000000000000000000e-01
4.767900000000004468e+01,5.000000000000000000e-01
4.768000000000004235e+01,5.000000000000000000e-01
4.768100000000004712e+01,5.000000000000000000e-01
4.768200000000004479e+01,5.000000000000000000e-01
4.768300000000004246e+01,5.000000000000000000e-01
4.768400000000004724e+01,5.000000000000000000e-01
4.768500000000004491e+01,5.000000000000000000e-01
4.768600000000004258e+01,5.000000000000000000e-01
4.768700000000004735e+01,5.000000000000000000e-01
4.768800000000004502e+01,5.000000000000000000e-01
4.768900000000004269e+01,5.000000000000000000e-01
4.769000000000004746e+01,5.000000000000000000e-01
4.769100000000004513e+01,5.000000000000000000e-01
4.769200000000004280e+01,5.000000000000000000e-01
4.769300000000004758e+01,5.000000000000000000e-01
4.769400000000004525e+01,5.000000000000000000e-01
4.769500000000004292e+01,5.000000000000000000e-01
4.769600000000004059e+01,5.000000000000000000e-01
4.769700000000004536e+01,5.000000000000000000e-01
4.769800000000004303e+01,5.000000000000000000e-01
4.769900000000004070e+01,5.000000000000000000e-01
4.770000000000004547e+01,5.000000000000000000e-01
4.770100000000004314e+01,5.000000000000000000e-01
4.770200000000004081e+01,5.000000000000000000e-01
4.770300000000004559e+01,5.000000000000000000e-01
4.770400000000004326e+01,5.000000000000000000e-01
4.770500000000004093e+01,5.000000000000000000e-01
4.770600000000004570e+01,5.000000000000000000e-01
4.770700000000004337e+01,5.000000000000000000e-01
4.770800000000004104e+01,5.000000000000000000e-01
4.770900000000004582e+01,5.000000000000000000e-01
4.771000000000004349e+01,5.000000000000000000e-01
4.771100000000004115e+01,5.000000000000000000e-01
4.771200000000004593e+01,5.000000000000000000e-01
4.771300000000004360e+01,5.000000000000000000e-01
4.771400000000004127e+01,5.000000000000000000e-01
4.771500000000004604e+01,5.000000000000000000e-01
4.771600000000004371e+01,5.000000000000000000e-01
4.771700000000004138e+01,5.000000000000000000e-01
4.771800000000004616e+01,5.000000000000000000e-01
4.771900000000004383e+01,5.000000000000000000e-01
4.772000000000004150e+01,5.000000000000000000e-01
4.772100000000004627e+01,5.000000000000000000e-01
4.772200000000004394e+01,5.000000000000000000e-01
4.772300000000004161e+01,5.000000000000000000e-01
4.772400000000004638e+01,5.000000000000000000e-01
4.772500000000004405e+01,5.000000000000000000e-01
4.772600000000004172e+01,5.000000000000000000e-01
4.772700000000004650e+01,5.000000000000000000e-01
4.772800000000004417e+01,5.000000000000000000e-01
4.772900000000004184e+01,5.000000000000000000e-01
4.773000000000004661e+01,5.000000000000000000e-01
4.773100000000004428e+01,5.000000000000000000e-01
4.773200000000004195e+01,5.000000000000000000e-01
4.773300000000004673e+01,5.000000000000000000e-01
4.773400000000004439e+01,5.000000000000000000e-01
4.773500000000004206e+01,5.000000000000000000e-01
4.773600000000004684e+01,5.000000000000000000e-01
4.773700000000004451e+01,5.000000000000000000e-01
4.773800000000004218e+01,5.000000000000000000e-01
4.773900000000004695e+01,5.000000000000000000e-01
4.774000000000004462e+01,5.000000000000000000e-01
4.774100000000004229e+01,5.000000000000000000e-01
4.774200000000004707e+01,5.000000000000000000e-01
4.774300000000004474e+01,5.000000000000000000e-01
4.774400000000004241e+01,5.000000000000000000e-01
4.774500000000004718e+01,5.000000000000000000e-01
4.774600000000004485e+01,5.000000000000000000e-01
4.774700000000004252e+01,5.000000000000000000e-01
4.774800000000004729e+01,5.000000000000000000e-01
4.774900000000004496e+01,5.000000000000000000e-01
4.775000000000004263e+01,5.000000000000000000e-01
4.775100000000004741e+01,5.000000000000000000e-01
4.775200000000004508e+01,5.000000000000000000e-01
4.775300000000004275e+01,5.000000000000000000e-01
4.775400000000004752e+01,5.000000000000000000e-01
4.775500000000004519e+01,5.000000000000000000e-01
4.775600000000004286e+01,5.000000000000000000e-01
4.775700000000004053e+01,5.000000000000000000e-01
4.775800000000004530e+01,5.000000000000000000e-01
4.775900000000004297e+01,5.000000000000000000e-01
4.776000000000004064e+01,5.000000000000000000e-01
4.776100000000004542e+01,5.000000000000000000e-01
4.776200000000004309e+01,5.000000000000000000e-01
4.776300000000004076e+01,5.000000000000000000e-01
4.776400000000004553e+01,5.000000000000000000e-01
4.776500000000004320e+01,5.000000000000000000e-01
4.776600000000004087e+01,5.000000000000000000e-01
4.776700000000004565e+01,5.000000000000000000e-01
4.776800000000004331e+01,5.000000000000000000e-01
4.776900000000004098e+01,5.000000000000000000e-01
4.777000000000004576e+01,5.000000000000000000e-01
4.777100000000004343e+01,5.000000000000000000e-01
4.777200000000004110e+01,5.000000000000000000e-01
4.777300000000004587e+01,5.000000000000000000e-01
4.777400000000004354e+01,5.000000000000000000e-01
4.777500000000004121e+01,5.000000000000000000e-01
4.777600000000004599e+01,5.000000000000000000e-01
4.777700000000004366e+01,5.000000000000000000e-01
4.777800000000004133e+01,5.000000000000000000e-01
4.777900000000004610e+01,5.000000000000000000e-01
4.778000000000004377e+01,5.000000000000000000e-01
4.778100000000004144e+01,5.000000000000000000e-01
4.778200000000004621e+01,5.000000000000000000e-01
4.778300000000004388e+01,5.000000000000000000e-01
4.778400000000004155e+01,5.000000000000000000e-01
4.778500000000004633e+01,5.000000000000000000e-01
4.778600000000004400e+01,5.000000000000000000e-01
4.778700000000004167e+01,5.000000000000000000e-01
4.778800000000004644e+01,5.000000000000000000e-01
4.778900000000004411e+01,5.000000000000000000e-01
4.779000000000004178e+01,5.000000000000000000e-01
4.779100000000004655e+01,5.000000000000000000e-01
4.779200000000004422e+01,5.000000000000000000e-01
4.779300000000004189e+01,5.000000000000000000e-01
4.779400000000004667e+01,5.000000000000000000e-01
4.779500000000004434e+01,5.000000000000000000e-01
4.779600000000004201e+01,5.000000000000000000e-01
4.779700000000004678e+01,5.000000000000000000e-01
4.779800000000004445e+01,5.000000000000000000e-01
4.779900000000004212e+01,5.000000000000000000e-01
4.780000000000004690e+01,5.000000000000000000e-01
4.780100000000004457e+01,5.000000000000000000e-01
4.780200000000004223e+01,5.000000000000000000e-01
4.780300000000004701e+01,5.000000000000000000e-01
4.780400000000004468e+01,5.000000000000000000e-01
4.780500000000004235e+01,5.000000000000000000e-01
4.780600000000004712e+01,5.000000000000000000e-01
4.780700000000004479e+01,5.000000000000000000e-01
4.780800000000004246e+01,5.000000000000000000e-01
4.780900000000004724e+01,5.000000000000000000e-01
4.781000000000004491e+01,5.000000000000000000e-01
4.781100000000004258e+01,5.000000000000000000e-01
4.781200000000004735e+01,5.000000000000000000e-01
4.781300000000004502e+01,5.000000000000000000e-01
4.781400000000004269e+01,5.000000000000000000e-01
4.781500000000004746e+01,5.000000000000000000e-01
4.781600000000004513e+01,5.000000000000000000e-01
4.781700000000004280e+01,5.000000000000000000e-01
4.781800000000004758e+01,5.000000000000000000e-01
4.781900000000004525e+01,5.000000000000000000e-01
4.782000000000004292e+01,5.000000000000000000e-01
4.782100000000004769e+01,5.000000000000000000e-01
4.782200000000004536e+01,5.000000000000000000e-01
4.782300000000004303e+01,5.000000000000000000e-01
4.782400000000004070e+01,5.000000000000000000e-01
4.782500000000004547e+01,5.000000000000000000e-01
4.782600000000004314e+01,5.000000000000000000e-01
4.782700000000004081e+01,5.000000000000000000e-01
4.782800000000004559e+01,5.000000000000000000e-01
4.782900000000004326e+01,5.000000000000000000e-01
4.783000000000004093e+01,5.000000000000000000e-01
4.783100000000004570e+01,5.000000000000000000e-01
4.783200000000004337e+01,5.000000000000000000e-01
4.783300000000004104e+01,5.000000000000000000e-01
4.783400000000004582e+01,5.000000000000000000e-01
4.783500000000004349e+01,5.000000000000000000e-01
4.783600000000004115e+01,5.000000000000000000e-01
4.783700000000004593e+01,5.000000000000000000e-01
4.783800000000004360e+01,5.000000000000000000e-01
4.783900000000004127e+01,5.000000000000000000e-01
4.784000000000004604e+01,5.000000000000000000e-01
4.784100000000004371e+01,5.000000000000000000e-01
4.784200000000004138e+01,5.000000000000000000e-01
4.784300000000004616e+01,5.000000000000000000e-01
4.784400000000004383e+01,5.000000000000000000e-01
4.784500000000004150e+01,5.000000000000000000e-01
4.784600000000004627e+01,5.000000000000000000e-01
4.784700000000004394e+01,5.000000000000000000e-01
4.784800000000004161e+01,5.000000000000000000e-01
4.784900000000004638e+01,5.000000000000000000e-01
4.785000000000004405e+01,5.000000000000000000e-01
4.785100000000004172e+01,5.000000000000000000e-01
4.785200000000004650e+01,5.000000000000000000e-01
4.785300000000004417e+01,5.000000000000000000e-01
4.785400000000004184e+01,5.000000000000000000e-01
4.785500000000004661e+01,5.000000000000000000e-01
4.785600000000004428e+01,5.000000000000000000e-01
4.785700000000004195e+01,5.000000000000000000e-01
4.785800000000004673e+01,5.000000000000000000e-01
4.785900000000004439e+01,5.000000000000000000e-01
4.786000000000004206e+01,5.000000000000000000e-01
4.786100000000004684e+01,5.000000000000000000e-01
4.786200000000004451e+01,5.000000000000000000e-01
4.786300000000004218e+01,5.000000000000000000e-01
4.786400000000004695e+01,5.000000000000000000e-01
4.786500000000004462e+01,5.000000000000000000e-01
4.786600000000004229e+01,5.000000000000000000e-01
4.786700000000004707e+01,5.000000000000000000e-01
4.786800000000004474e+01,5.000000000000000000e-01
4.786900000000004241e+01,5.000000000000000000e-01
4.787000000000004718e+01,5.000000000000000000e-01
4.787100000000004485e+01,5.000000000000000000e-01
4.787200000000004252e+01,5.000000000000000000e-01
4.787300000000004729e+01,5.000000000000000000e-01
4.787400000000004496e+01,5.000000000000000000e-01
4.787500000000004263e+01,5.000000000000000000e-01
4.787600000000004741e+01,5.000000000000000000e-01
4.787700000000004508e+01,5.000000000000000000e-01
4.787800000000004275e+01,5.000000000000000000e-01
4.787900000000004752e+01,5.000000000000000000e-01
4.788000000000004519e+01,5.000000000000000000e-01
4.788100000000004286e+01,5.000000000000000000e-01
4.788200000000004763e+01,5.000000000000000000e-01
4.788300000000004530e+01,5.000000000000000000e-01
4.788400000000004297e+01,5.000000000000000000e-01
4.788500000000004064e+01,5.000000000000000000e-01
4.788600000000004542e+01,5.000000000000000000e-01
4.788700000000004309e+01,5.000000000000000000e-01
4.788800000000004076e+01,5.000000000000000000e-01
4.788900000000004553e+01,5.000000000000000000e-01
4.789000000000004320e+01,5.000000000000000000e-01
4.789100000000004087e+01,5.000000000000000000e-01
4.789200000000004565e+01,5.000000000000000000e-01
4.789300000000004331e+01,5.000000000000000000e-01
4.789400000000004098e+01,5.000000000000000000e-01
4.789500000000004576e+01,5.000000000000000000e-01
4.789600000000004343e+01,5.000000000000000000e-01
4.789700000000004110e+01,5.000000000000000000e-01
4.789800000000004587e+01,5.000000000000000000e-01
4.789900000000004354e+01,5.000000000000000000e-01
4.790000000000004121e+01,5.000000000000000000e-01
4.790100000000004599e+01,5.000000000000000000e-01
4.790200000000004366e+01,5.000000000000000000e-01
4.790300000000004133e+01,5.000000000000000000e-01
4.790400000000004610e+01,5.000000000000000000e-01
4.790500000000004377e+01,5.000000000000000000e-01
4.790600000000004144e+01,5.000000000000000000e-01
4.790700000000004621e+01,5.000000000000000000e-01
4.790800000000004388e+01,5.000000000000000000e-01
4.790900000000004155e+01,5.000000000000000000e-01
4.791000000000004633e+01,5.000000000000000000e-01
4.791100000000004400e+01,5.000000000000000000e-01
4.791200000000004167e+01,5.000000000000000000e-01
4.791300000000004644e+01,5.000000000000000000e-01
4.791400000000004411e+01,5.000000000000000000e-01
4.791500000000004178e+01,5.000000000000000000e-01
4.791600000000004655e+01,5.000000000000000000e-01
4.791700000000004422e+01,5.000000000000000000e-01
4.791800000000004189e+01,5.000000000000000000e-01
4.791900000000004667e+01,5.000000000000000000e-01
4.792000000000004434e+01,5.000000000000000000e-01
4.792100000000004201e+01,5.000000000000000000e-01
4.792200000000004678e+01,5.000000000000000000e-01
4.792300000000004445e+01,5.000000000000000000e-01
4.792400000000004212e+01,5.000000000000000000e-01
4.792500000000004690e+01,5.000000000000000000e-01
4.792600000000004457e+01,5.000000000000000000e-01
4.792700000000004223e+01,5.000000000000000000e-01
4.792800000000004701e+01,5.000000000000000000e-01
4.792900000000004468e+01,5.000000000000000000e-01
4.793000000000004235e+01,5.000000000000000000e-01
4.793100000000004712e+01,5.000000000000000000e-01
4.793200000000004479e+01,5.000000000000000000e-01
4.793300000000004246e+01,5.000000000000000000e-01
4.793400000000004724e+01,5.000000000000000000e-01
4.793500000000004491e+01,5.000000000000000000e-01
4.793600000000004258e+01,5.000000000000000000e-01
4.793700000000004735e+01,5.000000000000000000e-01
4.793800000000004502e+01,5.000000000000000000e-01
4.793900000000004269e+01,5.000000000000000000e-01
4.794000000000004746e+01,5.000000000000000000e-01
4.794100000000004513e+01,5.000000000000000000e-01
4.794200000000004280e+01,5.000000000000000000e-01
4.794300000000004758e+01,5.000000000000000000e-01
4.794400000000004525e+01,5.000000000000000000e-01
4.794500000000004292e+01,5.000000000000000000e-01
4.794600000000004769e+01,5.000000000000000000e-01
4.794700000000004536e+01,5.000000000000000000e-01
4.794800000000004303e+01,5.000000000000000000e-01
4.794900000000004781e+01,5.000000000000000000e-01
4.795000000000004547e+01,5.000000000000000000e-01
4.795100000000004314e+01,5.000000000000000000e-01
4.795200000000004081e+01,5.000000000000000000e-01
4.795300000000004559e+01,5.000000000000000000e-01
4.795400000000004326e+01,5.000000000000000000e-01
4.795500000000004093e+01,5.000000000000000000e-01
4.795600000000004570e+01,5.000000000000000000e-01
4.795700000000004337e+01,5.000000000000000000e-01
4.795800000000004104e+01,5.000000000000000000e-01
4.795900000000004582e+01,5.000000000000000000e-01
4.796000000000004349e+01,5.000000000000000000e-01
4.796100000000004115e+01,5.000000000000000000e-01
4.796200000000004593e+01,5.000000000000000000e-01
4.796300000000004360e+01,5.000000000000000000e-01
4.796400000000004127e+01,5.000000000000000000e-01
4.796500000000004604e+01,5.000000000000000000e-01
4.796600000000004371e+01,5.000000000000000000e-01
4.796700000000004138e+01,5.000000000000000000e-01
4.796800000000004616e+01,5.000000000000000000e-01
4.796900000000004383e+01,5.000000000000000000e-01
4.797000000000004150e+01,5.000000000000000000e-01
4.797100000000004627e+01,5.000000000000000000e-01
4.797200000000004394e+01,5.000000000000000000e-01
4.797300000000004161e+01,5.000000000000000000e-01
4.797400000000004638e+01,5.000000000000000000e-01
4.797500000000004405e+01,5.000000000000000000e-01
4.797600000000004172e+01,5.000000000000000000e-01
4.797700000000004650e+01,5.000000000000000000e-01
4.797800000000004417e+01,5.000000000000000000e-01
4.797900000000004184e+01,5.000000000000000000e-01
4.798000000000004661e+01,5.000000000000000000e-01
4.798100000000004428e+01,5.000000000000000000e-01
4.798200000000004195e+01,5.000000000000000000e-01
4.798300000000004673e+01,5.000000000000000000e-01
4.798400000000004439e+01,5.000000000000000000e-01
4.798500000000004206e+01,5.000000000000000000e-01
4.798600000000004684e+01,5.000000000000000000e-01
4.798700000000004451e+01,5.000000000000000000e-01
4.798800000000004218e+01,5.000000000000000000e-01
4.798900000000004695e+01,5.000000000000000000e-01
4.799000000000004462e+01,5.000000000000000000e-01
4.799100000000004229e+01,5.000000000000000000e-01
4.799200000000004707e+01,5.000000000000000000e-01
4.799300000000004474e+01,5.000000000000000000e-01
4.799400000000004241e+01,5.000000000000000000e-01
4.799500000000004718e+01,5.000000000000000000e-01
4.799600000000004485e+01,5.000000000000000000e-01
4.799700000000004252e+01,5.000000000000000000e-01
4.799800000000004729e+01,5.000000000000000000e-01
4.799900000000004496e+01,5.000000000000000000e-01
4.800000000000004263e+01,5.000000000000000000e-01
4.800100000000004741e+01,5.000000000000000000e-01
4.800200000000004508e+01,5.000000000000000000e-01
4.800300000000004275e+01,5.000000000000000000e-01
4.800400000000004752e+01,5.000000000000000000e-01
4.800500000000004519e+01,5.000000000000000000e-01
4.800600000000004286e+01,5.000000000000000000e-01
4.800700000000004763e+01,5.000000000000000000e-01
4.800800000000004530e+01,5.000000000000000000e-01
4.800900000000004297e+01,5.000000000000000000e-01
4.801000000000004775e+01,5.000000000000000000e-01
4.801100000000004542e+01,5.000000000000000000e-01
4.801200000000004309e+01,5.000000000000000000e-01
4.801300000000004076e+01,5.000000000000000000e-01
4.801400000000004553e+01,5.000000000000000000e-01
4.801500000000004320e+01,5.000000000000000000e-01
4.801600000000004087e+01,5.000000000000000000e-01
4.801700000000004565e+01,5.000000000000000000e-01
4.801800000000004331e+01,5.000000000000000000e-01
4.801900000000004098e+01,5.000000000000000000e-01
4.802000000000004576e+01,5.000000000000000000e-01
4.802100000000004343e+01,5.000000000000000000e-01
4.802200000000004110e+01,5.000000000000000000e-01
4.802300000000004587e+01,5.000000000000000000e-01
4.802400000000004354e+01,5.000000000000000000e-01
4.802500000000004121e+01,5.000000000000000000e-01
4.802600000000004599e+01,5.000000000000000000e-01
4.802700000000004366e+01,5.000000000000000000e-01
4.802800000000004133e+01,5.000000000000000000e-01
4.802900000000004610e+01,5.000000000000000000e-01
4.803000000000004377e+01,5.000000000000000000e-01
4.803100000000004144e+01,5.000000000000000000e-01
4.803200000000004621e+01,5.000000000000000000e-01
4.803300000000004388e+01,5.000000000000000000e-01
4.803400000000004155e+01,5.000000000000000000e-01
4.803500000000004633e+01,5.000000000000000000e-01
4.803600000000004400e+01,5.000000000000000000e-01
4.803700000000004167e+01,5.000000000000000000e-01
4.803800000000004644e+01,5.000000000000000000e-01
4.803900000000004411e+01,5.000000000000000000e-01
4.804000000000004178e+01,5.000000000000000000e-01
4.804100000000004655e+01,5.000000000000000000e-01
4.804200000000004422e+01,5.000000000000000000e-01
4.804300000000004189e+01,5.000000000000000000e-01
4.804400000000004667e+01,5.000000000000000000e-01
4.804500000000004434e+01,5.000000000000000000e-01
4.804600000000004201e+01,5.000000000000000000e-01
4.804700000000004678e+01,5.000000000000000000e-01
4.804800000000004445e+01,5.000000000000000000e-01
4.804900000000004212e+01,5.000000000000000000e-01
4.805000000000004690e+01,5.000000000000000000e-01
4.805100000000004457e+01,5.000000000000000000e-01
4.805200000000004223e+01,5.000000000000000000e-01
4.805300000000004701e+01,5.000000000000000000e-01
4.805400000000004468e+01,5.000000000000000000e-01
4.805500000000004235e+01,5.000000000000000000e-01
4.805600000000004712e+01,5.000000000000000000e-01
4.805700000000004479e+01,5.000000000000000000e-01
4.805800000000004246e+01,5.000000000000000000e-01
4.805900000000004724e+01,5.000000000000000000e-01
4.806000000000004491e+01,5.000000000000000000e-01
4.806100000000004258e+01,5.000000000000000000e-01
4.806200000000004735e+01,5.000000000000000000e-01
4.806300000000004502e+01,5.000000000000000000e-01
4.806400000000004269e+01,5.000000000000000000e-01
4.806500000000004746e+01,5.000000000000000000e-01
4.806600000000004513e+01,5.000000000000000000e-01
4.806700000000004280e+01,5.000000000000000000e-01
4.806800000000004758e+01,5.000000000000000000e-01
4.806900000000004525e+01,5.000000000000000000e-01
4.807000000000004292e+01,5.000000000000000000e-01
4.807100000000004769e+01,5.000000000000000000e-01
4.807200000000004536e+01,5.000000000000000000e-01
4.807300000000004303e+01,5.000000000000000000e-01
4.807400000000004781e+01,5.000000000000000000e-01
4.807500000000004547e+01,5.000000000000000000e-01
4.807600000000004314e+01,5.000000000000000000e-01
4.807700000000004792e+01,5.000000000000000000e-01
4.807800000000004559e+01,5.000000000000000000e-01
4.807900000000004326e+01,5.000000000000000000e-01
4.808000000000004093e+01,5.000000000000000000e-01
4.808100000000004570e+01,5.000000000000000000e-01
4.808200000000004337e+01,5.000000000000000000e-01
4.808300000000004104e+01,5.000000000000000000e-01
4.808400000000004582e+01,5.000000000000000000e-01
4.808500000000004349e+01,5.000000000000000000e-01
4.808600000000004115e+01,5.000000000000000000e-01
4.808700000000004593e+01,5.000000000000000000e-01
4.808800000000004360e+01,5.000000000000000000e-01
4.808900000000004127e+01,5.000000000000000000e-01
4.809000000000004604e+01,5.000000000000000000e-01
4.809100000000004371e+01,5.000000000000000000e-01
4.809200000000004138e+01,5.000000000000000000e-01
4.809300000000004616e+01,5.000000000000000000e-01
4.809400000000004383e+01,5.000000000000000000e-01
4.809500000000004150e+01,5.000000000000000000e-01
4.809600000000004627e+01,5.000000000000000000e-01
4.809700000000004394e+01,5.000000000000000000e-01
4.809800000000004161e+01,5.000000000000000000e-01
4.809900000000004638e+01,5.000000000000000000e-01
4.810000000000004405e+01,5.000000000000000000e-01
4.810100000000004172e+01,5.000000000000000000e-01
4.810200000000004650e+01,5.000000000000000000e-01
4.810300000000004417e+01,5.000000000000000000e-01
4.810400000000004184e+01,5.000000000000000000e-01
4.810500000000004661e+01,5.000000000000000000e-01
4.810600000000004428e+01,5.000000000000000000e-01
4.810700000000004195e+01,5.000000000000000000e-01
4.810800000000004673e+01,5.000000000000000000e-01
4.810900000000004439e+01,5.000000000000000000e-01
4.811000000000004206e+01,5.000000000000000000e-01
4.811100000000004684e+01,5.000000000000000000e-01
4.811200000000004451e+01,5.000000000000000000e-01
4.811300000000004218e+01,5.000000000000000000e-01
4.811400000000004695e+01,5.000000000000000000e-01
4.811500000000004462e+01,5.000000000000000000e-01
4.811600000000004229e+01,5.000000000000000000e-01
4.811700000000004707e+01,5.000000000000000000e-01
4.811800000000004474e+01,5.000000000000000000e-01
4.811900000000004241e+01,5.000000000000000000e-01
4.812000000000004718e+01,5.000000000000000000e-01
4.812100000000004485e+01,5.000000000000000000e-01
4.812200000000004252e+01,5.000000000000000000e-01
4.812300000000004729e+01,5.000000000000000000e-01
4.812400000000004496e+01,5.000000000000000000e-01
4.812500000000004263e+01,5.000000000000000000e-01
4.812600000000004741e+01,5.000000000000000000e-01
4.812700000000004508e+01,5.000000000000000000e-01
4.812800000000004275e+01,5.000000000000000000e-01
4.812900000000004752e+01,5.000000000000000000e-01
4.813000000000004519e+01,5.000000000000000000e-01
4.813100000000004286e+01,5.000000000000000000e-01
4.813200000000004763e+01,5.000000000000000000e-01
4.813300000000004530e+01,5.000000000000000000e-01
4.813400000000004297e+01,5.000000000000000000e-01
4.813500000000004775e+01,5.000000000000000000e-01
4.813600000000004542e+01,5.000000000000000000e-01
4.813700000000004309e+01,5.000000000000000000e-01
4.813800000000004786e+01,5.000000000000000000e-01
4.813900000000004553e+01,5.000000000000000000e-01
4.814000000000004320e+01,5.000000000000000000e-01
4.814100000000004087e+01,5.000000000000000000e-01
4.814200000000004565e+01,5.000000000000000000e-01
4.814300000000004331e+01,5.000000000000000000e-01
4.814400000000004098e+01,5.000000000000000000e-01
4.814500000000004576e+01,5.000000000000000000e-01
4.814600000000004343e+01,5.000000000000000000e-01
4.814700000000004110e+01,5.000000000000000000e-01
4.814800000000004587e+01,5.000000000000000000e-01
4.814900000000004354e+01,5.000000000000000000e-01
4.815000000000004121e+01,5.000000000000000000e-01
4.815100000000004599e+01,5.000000000000000000e-01
4.815200000000004366e+01,5.000000000000000000e-01
4.815300000000004133e+01,5.000000000000000000e-01
4.815400000000004610e+01,5.000000000000000000e-01
4.815500000000004377e+01,5.000000000000000000e-01
4.815600000000004144e+01,5.000000000000000000e-01
4.815700000000004621e+01,5.000000000000000000e-01
4.815800000000004388e+01,5.000000000000000000e-01
4.815900000000004155e+01,5.000000000000000000e-01
4.816000000000004633e+01,5.000000000000000000e-01
4.816100000000004400e+01,5.000000000000000000e-01
4.816200000000004167e+01,5.000000000000000000e-01
4.816300000000004644e+01,5.000000000000000000e-01
4.816400000000004411e+01,5.000000000000000000e-01
4.816500000000004178e+01,5.000000000000000000e-01
4.816600000000004655e+01,5.000000000000000000e-01
4.816700000000004422e+01,5.000000000000000000e-01
4.816800000000004189e+01,5.000000000000000000e-01
4.816900000000004667e+01,5.000000000000000000e-01
4.817000000000004434e+01,5.000000000000000000e-01
4.817100000000004201e+01,5.000000000000000000e-01
4.817200000000004678e+01,5.000000000000000000e-01
4.817300000000004445e+01,5.000000000000000000e-01
4.817400000000004212e+01,5.000000000000000000e-01
4.817500000000004690e+01,5.000000000000000000e-01
4.817600000000004457e+01,5.000000000000000000e-01
4.817700000000004223e+01,5.000000000000000000e-01
4.817800000000004701e+01,5.000000000000000000e-01
4.817900000000004468e+01,5.000000000000000000e-01
4.818000000000004235e+01,5.000000000000000000e-01
4.818100000000004712e+01,5.000000000000000000e-01
4.818200000000004479e+01,5.000000000000000000e-01
4.818300000000004246e+01,5.000000000000000000e-01
4.818400000000004724e+01,5.000000000000000000e-01
4.818500000000004491e+01,5.000000000000000000e-01
4.818600000000004258e+01,5.000000000000000000e-01
4.818700000000004735e+01,5.000000000000000000e-01
4.818800000000004502e+01,5.000000000000000000e-01
4.818900000000004269e+01,5.000000000000000000e-01
4.819000000000004746e+01,5.000000000000000000e-01
4.819100000000004513e+01,5.000000000000000000e-01
4.819200000000004280e+01,5.000000000000000000e-01
4.819300000000004758e+01,5.000000000000000000e-01
4.819400000000004525e+01,5.000000000000000000e-01
4.819500000000004292e+01,5.000000000000000000e-01
4.819600000000004769e+01,5.000000000000000000e-01
4.819700000000004536e+01,5.000000000000000000e-01
4.819800000000004303e+01,5.000000000000000000e-01
4.819900000000004781e+01,5.000000000000000000e-01
4.820000000000004547e+01,5.000000000000000000e-01
4.820100000000004314e+01,5.000000000000000000e-01
4.820200000000004792e+01,5.000000000000000000e-01
4.820300000000004559e+01,5.000000000000000000e-01
4.820400000000004326e+01,5.000000000000000000e-01
4.820500000000004803e+01,5.000000000000000000e-01
4.820600000000004570e+01,5.000000000000000000e-01
4.820700000000004337e+01,5.000000000000000000e-01
4.820800000000004104e+01,5.000000000000000000e-01
4.820900000000004582e+01,5.000000000000000000e-01
4.821000000000004349e+01,5.000000000000000000e-01
4.821100000000004115e+01,5.000000000000000000e-01
4.821200000000004593e+01,5.000000000000000000e-01
4.821300000000004360e+01,5.000000000000000000e-01
4.821400000000004127e+01,5.000000000000000000e-01
4.821500000000004604e+01,5.000000000000000000e-01
4.821600000000004371e+01,5.000000000000000000e-01
4.821700000000004138e+01,5.000000000000000000e-01
4.821800000000004616e+01,5.000000000000000000e-01
4.821900000000004383e+01,5.000000000000000000e-01
4.822000000000004150e+01,5.000000000000000000e-01
4.822100000000004627e+01,5.000000000000000000e-01
4.822200000000004394e+01,5.000000000000000000e-01
4.822300000000004161e+01,5.000000000000000000e-01
4.822400000000004638e+01,5.000000000000000000e-01
4.822500000000004405e+01,5.000000000000000000e-01
4.822600000000004172e+01,5.000000000000000000e-01
4.822700000000004650e+01,5.000000000000000000e-01
4.822800000000004417e+01,5.000000000000000000e-01
4.822900000000004184e+01,5.000000000000000000e-01
4.823000000000004661e+01,5.000000000000000000e-01
4.823100000000004428e+01,5.000000000000000000e-01
4.823200000000004195e+01,5.000000000000000000e-01
4.823300000000004673e+01,5.000000000000000000e-01
4.823400000000004439e+01,5.000000000000000000e-01
4.823500000000004206e+01,5.000000000000000000e-01
4.823600000000004684e+01,5.000000000000000000e-01
4.823700000000004451e+01,5.000000000000000000e-01
4.823800000000004218e+01,5.000000000000000000e-01
4.823900000000004695e+01,5.000000000000000000e-01
4.824000000000004462e+01,5.000000000000000000e-01
4.824100000000004229e+01,5.000000000000000000e-01
4.824200000000004707e+01,5.000000000000000000e-01
4.824300000000004474e+01,5.000000000000000000e-01
4.824400000000004241e+01,5.000000000000000000e-01
4.824500000000004718e+01,5.000000000000000000e-01
4.824600000000004485e+01,5.000000000000000000e-01
4.824700000000004252e+01,5.000000000000000000e-01
4.824800000000004729e+01,5.000000000000000000e-01
4.824900000000004496e+01,5.000000000000000000e-01
4.825000000000004263e+01,5.000000000000000000e-01
4.825100000000004741e+01,5.000000000000000000e-01
4.825200000000004508e+01,5.000000000000000000e-01
4.825300000000004275e+01,5.000000000000000000e-01
4.825400000000004752e+01,5.000000000000000000e-01
4.825500000000004519e+01,5.000000000000000000e-01
4.825600000000004286e+01,5.000000000000000000e-01
4.825700000000004763e+01,5.000000000000000000e-01
4.825800000000004530e+01,5.000000000000000000e-01
4.825900000000004297e+01,5.000000000000000000e-01
4.826000000000004775e+01,5.000000000000000000e-01
4.826100000000004542e+01,5.000000000000000000e-01
4.826200000000004309e+01,5.000000000000000000e-01
4.826300000000004786e+01,5.000000000000000000e-01
4.826400000000004553e+01,5.000000000000000000e-01
4.826500000000004320e+01,5.000000000000000000e-01
4.826600000000004798e+01,5.000000000000000000e-01
4.826700000000004565e+01,5.000000000000000000e-01
4.826800000000004331e+01,5.000000000000000000e-01
4.826900000000004098e+01,5.000000000000000000e-01
4.827000000000004576e+01,5.000000000000000000e-01
4.827100000000004343e+01,5.000000000000000000e-01
4.827200000000004110e+01,5.000000000000000000e-01
4.827300000000004587e+01,5.000000000000000000e-01
4.827400000000004354e+01,5.000000000000000000e-01
4.827500000000004121e+01,5.000000000000000000e-01
4.827600000000004599e+01,5.000000000000000000e-01
4.827700000000004366e+01,5.000000000000000000e-01
4.827800000000004133e+01,5.000000000000000000e-01
4.827900000000004610e+01,5.000000000000000000e-01
4.828000000000004377e+01,5.000000000000000000e-01
4.828100000000004144e+01,5.000000000000000000e-01
4.828200000000004621e+01,5.000000000000000000e-01
4.828300000000004388e+01,5.000000000000000000e-01
4.828400000000004155e+01,5.000000000000000000e-01
4.828500000000004633e+01,5.000000000000000000e-01
4.828600000000004400e+01,5.000000000000000000e-01
4.828700000000004167e+01,5.000000000000000000e-01
4.828800000000004644e+01,5.000000000000000000e-01
4.828900000000004411e+01,5.000000000000000000e-01
4.829000000000004178e+01,5.000000000000000000e-01
4.829100000000004655e+01,5.000000000000000000e-01
4.829200000000004422e+01,5.000000000000000000e-01
4.829300000000004189e+01,5.000000000000000000e-01
4.829400000000004667e+01,5.000000000000000000e-01
4.829500000000004434e+01,5.000000000000000000e-01
4.829600000000004201e+01,5.000000000000000000e-01
4.829700000000004678e+01,5.000000000000000000e-01
4.829800000000004445e+01,5.000000000000000000e-01
4.829900000000004212e+01,5.000000000000000000e-01
4.830000000000004690e+01,5.000000000000000000e-01
4.830100000000004457e+01,5.000000000000000000e-01
4.830200000000004223e+01,5.000000000000000000e-01
4.830300000000004701e+01,5.000000000000000000e-01
4.830400000000004468e+01,5.000000000000000000e-01
4.830500000000004235e+01,5.000000000000000000e-01
4.830600000000004712e+01,5.000000000000000000e-01
4.830700000000004479e+01,5.000000000000000000e-01
4.830800000000004246e+01,5.000000000000000000e-01
4.830900000000004724e+01,5.000000000000000000e-01
4.831000000000004491e+01,5.000000000000000000e-01
4.831100000000004258e+01,5.000000000000000000e-01
4.831200000000004735e+01,5.000000000000000000e-01
4.831300000000004502e+01,5.000000000000000000e-01
4.831400000000004269e+01,5.000000000000000000e-01
4.831500000000004746e+01,5.000000000000000000e-01
4.831600000000004513e+01,5.000000000000000000e-01
4.831700000000004280e+01,5.000000000000000000e-01
4.831800000000004758e+01,5.000000000000000000e-01
4.831900000000004525e+01,5.000000000000000000e-01
4.832000000000004292e+01,5.000000000000000000e-01
4.832100000000004769e+01,5.000000000000000000e-01
4.832200000000004536e+01,5.000000000000000000e-01
4.832300000000004303e+01,5.000000000000000000e-01
4.832400000000004781e+01,5.000000000000000000e-01
4.832500000000004547e+01,5.000000000000000000e-01
4.832600000000004314e+01,5.000000000000000000e-01
4.832700000000004792e+01,5.000000000000000000e-01
4.832800000000004559e+01,5.000000000000000000e-01
4.832900000000004326e+01,5.000000000000000000e-01
4.833000000000004803e+01,5.000000000000000000e-01
4.833100000000004570e+01,5.000000000000000000e-01
4.833200000000004337e+01,5.000000000000000000e-01
4.833300000000004815e+01,5.000000000000000000e-01
4.833400000000004582e+01,5.000000000000000000e-01
4.833500000000004349e+01,5.000000000000000000e-01
4.833600000000004115e+01,5.000000000000000000e-01
4.833700000000004593e+01,5.000000000000000000e-01
4.833800000000004360e+01,5.000000000000000000e-01
4.833900000000004127e+01,5.000000000000000000e-01
4.834000000000004604e+01,5.000000000000000000e-01
4.834100000000004371e+01,5.000000000000000000e-01
4.834200000000004138e+01,5.000000000000000000e-01
4.834300000000004616e+01,5.000000000000000000e-01
4.834400000000004383e+01,5.000000000000000000e-01
4.834500000000004150e+01,5.000000000000000000e-01
4.834600000000004627e+01,5.000000000000000000e-01
4.834700000000004394e+01,5.000000000000000000e-01
4.834800000000004161e+01,5.000000000000000000e-01
4.834900000000004638e+01,5.000000000000000000e-01
4.835000000000004405e+01,5.000000000000000000e-01
4.835100000000004172e+01,5.000000000000000000e-01
4.835200000000004650e+01,5.000000000000000000e-01
4.835300000000004417e+01,5.000000000000000000e-01
4.835400000000004184e+01,5.000000000000000000e-01
4.835500000000004661e+01,5.000000000000000000e-01
4.835600000000004428e+01,5.000000000000000000e-01
4.835700000000004195e+01,5.000000000000000000e-01
4.835800000000004673e+01,5.000000000000000000e-01
4.835900000000004439e+01,5.000000000000000000e-01
4.836000000000004206e+01,5.000000000000000000e-01
4.836100000000004684e+01,5.000000000000000000e-01
4.836200000000004451e+01,5.000000000000000000e-01
4.836300000000004218e+01,5.000000000000000000e-01
4.836400000000004695e+01,5.000000000000000000e-01
4.836500000000004462e+01,5.000000000000000000e-01
4.836600000000004229e+01,5.000000000000000000e-01
4.836700000000004707e+01,5.000000000000000000e-01
4.836800000000004474e+01,5.000000000000000000e-01
4.836900000000004241e+01,5.000000000000000000e-01
4.837000000000004718e+01,5.000000000000000000e-01
4.837100000000004485e+01,5.000000000000000000e-01
4.837200000000004252e+01,5.000000000000000000e-01
4.837300000000004729e+01,5.000000000000000000e-01
4.837400000000004496e+01,5.000000000000000000e-01
4.837500000000004263e+01,5.000000000000000000e-01
4.837600000000004741e+01,5.000000000000000000e-01
4.837700000000004508e+01,5.000000000000000000e-01
4.837800000000004275e+01,5.000000000000000000e-01
4.837900000000004752e+01,5.000000000000000000e-01
4.838000000000004519e+01,5.000000000000000000e-01
4.838100000000004286e+01,5.000000000000000000e-01
4.838200000000004763e+01,5.000000000000000000e-01
4.838300000000004530e+01,5.000000000000000000e-01
4.838400000000004297e+01,5.000000000000000000e-01
4.838500000000004775e+01,5.000000000000000000e-01
4.838600000000004542e+01,5.000000000000000000e-01
4.838700000000004309e+01,5.000000000000000000e-01
4.838800000000004786e+01,5.000000000000000000e-01
4.838900000000004553e+01,5.000000000000000000e-01
4.839000000000004320e+01,5.000000000000000000e-01
4.839100000000004798e+01,5.000000000000000000e-01
4.839200000000004565e+01,5.000000000000000000e-01
4.839300000000004331e+01,5.000000000000000000e-01
4.839400000000004809e+01,5.000000000000000000e-01
4.839500000000004576e+01,5.000000000000000000e-01
4.839600000000004343e+01,5.000000000000000000e-01
4.839700000000004110e+01,5.000000000000000000e-01
4.839800000000004587e+01,5.000000000000000000e-01
4.839900000000004354e+01,5.000000000000000000e-01
4.840000000000004121e+01,5.000000000000000000e-01
4.840100000000004599e+01,5.000000000000000000e-01
4.840200000000004366e+01,5.000000000000000000e-01
4.840300000000004133e+01,5.000000000000000000e-01
4.840400000000004610e+01,5.000000000000000000e-01
4.840500000000004377e+01,5.000000000000000000e-01
4.840600000000004144e+01,5.000000000000000000e-01
4.840700000000004621e+01,5.000000000000000000e-01
4.840800000000004388e+01,5.000000000000000000e-01
4.840900000000004155e+01,5.000000000000000000e-01
4.841000000000004633e+01,5.000000000000000000e-01
4.841100000000004400e+01,5.000000000000000000e-01
4.841200000000004167e+01,5.000000000000000000e-01
4.841300000000004644e+01,5.000000000000000000e-01
4.841400000000004411e+01,5.000000000000000000e-01
4.841500000000004178e+01,5.000000000000000000e-01
4.841600000000004655e+01,5.000000000000000000e-01
4.841700000000004422e+01,5.000000000000000000e-01
4.841800000000004189e+01,5.000000000000000000e-01
4.841900000000004667e+01,5.000000000000000000e-01
4.842000000000004434e+01,5.000000000000000000e-01
4.842100000000004201e+01,5.000000000000000000e-01
4.842200000000004678e+01,5.000000000000000000e-01
4.842300000000004445e+01,5.000000000000000000e-01
4.842400000000004212e+01,5.000000000000000000e-01
4.842500000000004690e+01,5.000000000000000000e-01
4.842600000000004457e+01,5.000000000000000000e-01
4.842700000000004223e+01,5.000000000000000000e-01
4.842800000000004701e+01,5.000000000000000000e-01
4.842900000000004468e+01,5.000000000000000000e-01
4.843000000000004235e+01,5.000000000000000000e-01
4.843100000000004712e+01,5.000000000000000000e-01
4.843200000000004479e+01,5.000000000000000000e-01
4.843300000000004246e+01,5.000000000000000000e-01
4.843400000000004724e+01,5.000000000000000000e-01
4.843500000000004491e+01,5.000000000000000000e-01
4.843600000000004258e+01,5.000000000000000000e-01
4.843700000000004735e+01,5.000000000000000000e-01
4.843800000000004502e+01,5.000000000000000000e-01
4.843900000000004269e+01,5.000000000000000000e-01
4.844000000000004746e+01,5.000000000000000000e-01
4.844100000000004513e+01,5.000000000000000000e-01
4.844200000000004280e+01,5.000000000000000000e-01
4.844300000000004758e+01,5.000000000000000000e-01
4.844400000000004525e+01,5.000000000000000000e-01
4.844500000000004292e+01,5.000000000000000000e-01
4.844600000000004769e+01,5.000000000000000000e-01
4.844700000000004536e+01,5.000000000000000000e-01
4.844800000000004303e+01,5.000000000000000000e-01
4.844900000000004781e+01,5.000000000000000000e-01
4.845000000000004547e+01,5.000000000000000000e-01
4.845100000000004314e+01,5.000000000000000000e-01
4.845200000000004792e+01,5.000000000000000000e-01
4.845300000000004559e+01,5.000000000000000000e-01
4.845400000000004326e+01,5.000000000000000000e-01
4.845500000000004803e+01,5.000000000000000000e-01
4.845600000000004570e+01,5.000000000000000000e-01
4.845700000000004337e+01,5.000000000000000000e-01
4.845800000000004815e+01,5.000000000000000000e-01
4.845900000000004582e+01,5.000000000000000000e-01
4.846000000000004349e+01,5.000000000000000000e-01
4.846100000000004826e+01,5.000000000000000000e-01
4.846200000000004593e+01,5.000000000000000000e-01
4.846300000000004360e+01,5.000000000000000000e-01
4.846400000000004127e+01,5.000000000000000000e-01
4.846500000000004604e+01,5.000000000000000000e-01
4.846600000000004371e+01,5.000000000000000000e-01
4.846700000000004138e+01,5.000000000000000000e-01
4.846800000000004616e+01,5.000000000000000000e-01
4.846900000000004383e+01,5.000000000000000000e-01
4.847000000000004150e+01,5.000000000000000000e-01
4.847100000000004627e+01,5.000000000000000000e-01
4.847200000000004394e+01,5.000000000000000000e-01
4.847300000000004161e+01,5.000000000000000000e-01
4.847400000000004638e+01,5.000000000000000000e-01
4.847500000000004405e+01,5.000000000000000000e-01
4.847600000000004172e+01,5.000000000000000000e-01
4.847700000000004650e+01,5.000000000000000000e-01
4.847800000000004417e+01,5.000000000000000000e-01
4.847900000000004184e+01,5.000000000000000000e-01
4.848000000000004661e+01,5.000000000000000000e-01
4.848100000000004428e+01,5.000000000000000000e-01
4.848200000000004195e+01,5.000000000000000000e-01
4.848300000000004673e+01,5.000000000000000000e-01
4.848400000000004439e+01,5.000000000000000000e-01
4.848500000000004206e+01,5.000000000000000000e-01
4.848600000000004684e+01,5.000000000000000000e-01
4.848700000000004451e+01,5.000000000000000000e-01
4.848800000000004218e+01,5.000000000000000000e-01
4.848900000000004695e+01,5.000000000000000000e-01
4.849000000000004462e+01,5.000000000000000000e-01
4.849100000000004229e+01,5.000000000000000000e-01
4.849200000000004707e+01,5.000000000000000000e-01
4.849300000000004474e+01,5.000000000000000000e-01
4.849400000000004241e+01,5.000000000000000000e-01
4.849500000000004718e+01,5.000000000000000000e-01
4.849600000000004485e+01,5.000000000000000000e-01
4.849700000000004252e+01,5.000000000000000000e-01
4.849800000000004729e+01,5.000000000000000000e-01
4.849900000000004496e+01,5.000000000000000000e-01
4.850000000000004263e+01,5.000000000000000000e-01
4.850100000000004741e+01,5.000000000000000000e-01
4.850200000000004508e+01,5.000000000000000000e-01
4.850300000000004275e+01,5.000000000000000000e-01
4.850400000000004752e+01,5.000000000000000000e-01
4.850500000000004519e+01,5.000000000000000000e-01
4.850600000000004286e+01,5.000000000000000000e-01
4.850700000000004763e+01,5.000000000000000000e-01
4.850800000000004530e+01,5.000000000000000000e-01
4.850900000000004297e+01,5.000000000000000000e-01
4.851000000000004775e+01,5.000000000000000000e-01
4.851100000000004542e+01,5.000000000000000000e-01
4.851200000000004309e+01,5.000000000000000000e-01
4.851300000000004786e+01,5.000000000000000000e-01
4.851400000000004553e+01,5.000000000000000000e-01
4.851500000000004320e+01,5.000000000000000000e-01
4.851600000000004798e+01,5.000000000000000000e-01
4.851700000000004565e+01,5.000000000000000000e-01
4.851800000000004331e+01,5.000000000000000000e-01
4.851900000000004809e+01,5.000000000000000000e-01
4.852000000000004576e+01,5.000000000000000000e-01
4.852100000000004343e+01,5.000000000000000000e-01
4.852200000000004820e+01,5.000000000000000000e-01
4.852300000000004587e+01,5.000000000000000000e-01
4.852400000000004354e+01,5.000000000000000000e-01
4.852500000000004121e+01,5.000000000000000000e-01
4.852600000000004599e+01,5.000000000000000000e-01
4.852700000000004366e+01,5.000000000000000000e-01
4.852800000000004133e+01,5.000000000000000000e-01
4.852900000000004610e+01,5.000000000000000000e-01
4.853000000000004377e+01,5.000000000000000000e-01
4.853100000000004144e+01,5.000000000000000000e-01
4.853200000000004621e+01,5.000000000000000000e-01
4.853300000000004388e+01,5.000000000000000000e-01
4.853400000000004155e+01,5.000000000000000000e-01
4.853500000000004633e+01,5.000000000000000000e-01
4.853600000000004400e+01,5.000000000000000000e-01
4.853700000000004167e+01,5.000000000000000000e-01
4.853800000000004644e+01,5.000000000000000000e-01
4.853900000000004411e+01,5.000000000000000000e-01
4.854000000000004178e+01,5.000000000000000000e-01
4.854100000000004655e+01,5.000000000000000000e-01
4.854200000000004422e+01,5.000000000000000000e-01
4.854300000000004189e+01,5.000000000000000000e-01
4.854400000000004667e+01,5.000000000000000000e-01
4.854500000000004434e+01,5.000000000000000000e-01
4.854600000000004201e+01,5.000000000000000000e-01
4.854700000000004678e+01,5.000000000000000000e-01
4.854800000000004445e+01,5.000000000000000000e-01
4.854900000000004212e+01,5.000000000000000000e-01
4.855000000000004690e+01,5.000000000000000000e-01
4.855100000000004457e+01,5.000000000000000000e-01
4.855200000000004223e+01,5.000000000000000000e-01
4.855300000000004701e+01,5.000000000000000000e-01
4.855400000000004468e+01,5.000000000000000000e-01
4.855500000000004235e+01,5.000000000000000000e-01
4.855600000000004712e+01,5.000000000000000000e-01
4.855700000000004479e+01,5.000000000000000000e-01
4.855800000000004246e+01,5.000000000000000000e-01
4.855900000000004724e+01,5.000000000000000000e-01
4.856000000000004491e+01,5.000000000000000000e-01
4.856100000000004258e+01,5.000000000000000000e-01
4.856200000000004735e+01,5.000000000000000000e-01
4.856300000000004502e+01,5.000000000000000000e-01
4.856400000000004269e+01,5.000000000000000000e-01
4.856500000000004746e+01,5.000000000000000000e-01
4.856600000000004513e+01,5.000000000000000000e-01
4.856700000000004280e+01,5.000000000000000000e-01
4.856800000000004758e+01,5.000000000000000000e-01
4.856900000000004525e+01,5.000000000000000000e-01
4.857000000000004292e+01,5.000000000000000000e-01
4.857100000000004769e+01,5.000000000000000000e-01
4.857200000000004536e+01,5.000000000000000000e-01
4.857300000000004303e+01,5.000000000000000000e-01
4.857400000000004781e+01,5.000000000000000000e-01
4.857500000000004547e+01,5.000000000000000000e-01
4.857600000000004314e+01,5.000000000000000000e-01
4.857700000000004792e+01,5.000000000000000000e-01
4.857800000000004559e+01,5.000000000000000000e-01
4.857900000000004326e+01,5.000000000000000000e-01
4.858000000000004803e+01,5.000000000000000000e-01
4.858100000000004570e+01,5.000000000000000000e-01
4.858200000000004337e+01,5.000000000000000000e-01
4.858300000000004815e+01,5.000000000000000000e-01
4.858400000000004582e+01,5.000000000000000000e-01
4.858500000000004349e+01,5.000000000000000000e-01
4.858600000000004826e+01,5.000000000000000000e-01
4.858700000000004593e+01,5.000000000000000000e-01
4.858800000000004360e+01,5.000000000000000000e-01
4.858900000000004837e+01,5.000000000000000000e-01
4.859000000000004604e+01,5.000000000000000000e-01
4.859100000000004371e+01,5.000000000000000000e-01
4.859200000000004138e+01,5.000000000000000000e-01
4.859300000000004616e+01,5.000000000000000000e-01
4.859400000000004383e+01,5.000000000000000000e-01
4.859500000000004150e+01,5.000000000000000000e-01
4.859600000000004627e+01,5.000000000000000000e-01
4.859700000000004394e+01,5.000000000000000000e-01
4.859800000000004161e+01,5.000000000000000000e-01
4.859900000000004638e+01,5.000000000000000000e-01
4.860000000000004405e+01,5.000000000000000000e-01
4.860100000000004172e+01,5.000000000000000000e-01
4.860200000000004650e+01,5.000000000000000000e-01
4.860300000000004417e+01,5.000000000000000000e-01
4.860400000000004184e+01,5.000000000000000000e-01
4.860500000000004661e+01,5.000000000000000000e-01
4.860600000000004428e+01,5.000000000000000000e-01
4.860700000000004195e+01,5.000000000000000000e-01
4.860800000000004673e+01,5.000000000000000000e-01
4.860900000000004439e+01,5.000000000000000000e-01
4.861000000000004206e+01,5.000000000000000000e-01
4.861100000000004684e+01,5.000000000000000000e-01
4.861200000000004451e+01,5.000000000000000000e-01
4.861300000000004218e+01,5.000000000000000000e-01
4.861400000000004695e+01,5.000000000000000000e-01
4.861500000000004462e+01,5.000000000000000000e-01
4.861600000000004229e+01,5.000000000000000000e-01
4.861700000000004707e+01,5.000000000000000000e-01
4.861800000000004474e+01,5.000000000000000000e-01
4.861900000000004241e+01,5.000000000000000000e-01
4.862000000000004718e+01,5.000000000000000000e-01
4.862100000000004485e+01,5.000000000000000000e-01
4.862200000000004252e+01,5.000000000000000000e-01
4.862300000000004729e+01,5.000000000000000000e-01
4.862400000000004496e+01,5.000000000000000000e-01
4.862500000000004263e+01,5.000000000000000000e-01
4.862600000000004741e+01,5.000000000000000000e-01
4.862700000000004508e+01,5.000000000000000000e-01
4.862800000000004275e+01,5.000000000000000000e-01
4.862900000000004752e+01,5.000000000000000000e-01
4.863000000000004519e+01,5.000000000000000000e-01
4.863100000000004286e+01,5.000000000000000000e-01
4.863200000000004763e+01,5.000000000000000000e-01
4.863300000000004530e+01,5.000000000000000000e-01
4.863400000000004297e+01,5.000000000000000000e-01
4.863500000000004775e+01,5.000000000000000000e-01
4.863600000000004542e+01,5.000000000000000000e-01
4.863700000000004309e+01,5.000000000000000000e-01
4.863800000000004786e+01,5.000000000000000000e-01
4.863900000000004553e+01,5.000000000000000000e-01
4.864000000000004320e+01,5.000000000000000000e-01
4.864100000000004798e+01,5.000000000000000000e-01
4.864200000000004565e+01,5.000000000000000000e-01
4.864300000000004331e+01,5.000000000000000000e-01
4.864400000000004809e+01,5.000000000000000000e-01
4.864500000000004576e+01,5.000000000000000000e-01
4.864600000000004343e+01,5.000000000000000000e-01
4.864700000000004820e+01,5.000000000000000000e-01
4.864800000000004587e+01,5.000000000000000000e-01
4.864900000000004354e+01,5.000000000000000000e-01
4.865000000000004832e+01,5.000000000000000000e-01
4.865100000000004599e+01,5.000000000000000000e-01
4.865200000000004366e+01,5.000000000000000000e-01
4.865300000000004133e+01,5.000000000000000000e-01
4.865400000000004610e+01,5.000000000000000000e-01
4.865500000000004377e+01,5.000000000000000000e-01
4.865600000000004144e+01,5.000000000000000000e-01
4.865700000000004621e+01,5.000000000000000000e-01
4.865800000000004388e+01,5.000000000000000000e-01
4.865900000000004155e+01,5.000000000000000000e-01
4.866000000000004633e+01,5.000000000000000000e-01
4.866100000000004400e+01,5.000000000000000000e-01
4.866200000000004167e+01,5.000000000000000000e-01
4.866300000000004644e+01,5.000000000000000000e-01
4.866400000000004411e+01,5.000000000000000000e-01
4.866500000000004178e+01,5.000000000000000000e-01
4.866600000000004655e+01,5.000000000000000000e-01
4.866700000000004422e+01,5.000000000000000000e-01
4.866800000000004189e+01,5.000000000000000000e-01
4.866900000000004667e+01,5.000000000000000000e-01
4.867000000000004434e+01,5.000000000000000000e-01
4.867100000000004201e+01,5.000000000000000000e-01
4.867200000000004678e+01,5.000000000000000000e-01
4.867300000000004445e+01,5.000000000000000000e-01
4.867400000000004212e+01,5.000000000000000000e-01
4.867500000000004690e+01,5.000000000000000000e-01
4.867600000000004457e+01,5.000000000000000000e-01
4.867700000000004223e+01,5.000000000000000000e-01
4.867800000000004701e+01,5.000000000000000000e-01
4.867900000000004468e+01,5.000000000000000000e-01
4.868000000000004235e+01,5.000000000000000000e-01
4.868100000000004712e+01,5.000000000000000000e-01
4.868200000000004479e+01,5.000000000000000000e-01
4.868300000000004246e+01,5.000000000000000000e-01
4.868400000000004724e+01,5.000000000000000000e-01
4.868500000000004491e+01,5.000000000000000000e-01
4.868600000000004258e+01,5.000000000000000000e-01
4.868700000000004735e+01,5.000000000000000000e-01
4.868800000000004502e+01,5.000000000000000000e-01
4.868900000000004269e+01,5.000000000000000000e-01
4.869000000000004746e+01,5.000000000000000000e-01
4.869100000000004513e+01,5.000000000000000000e-01
4.869200000000004280e+01,5.000000000000000000e-01
4.869300000000004758e+01,5.000000000000000000e-01
4.869400000000004525e+01,5.000000000000000000e-01
4.869500000000004292e+01,5.000000000000000000e-01
4.869600000000004769e+01,5.000000000000000000e-01
4.869700000000004536e+01,5.000000000000000000e-01
4.869800000000004303e+01,5.000000000000000000e-01
4.869900000000004781e+01,5.000000000000000000e-01
4.870000000000004547e+01,5.000000000000000000e-01
4.870100000000004314e+01,5.000000000000000000e-01
4.870200000000004792e+01,5.000000000000000000e-01
4.870300000000004559e+01,5.000000000000000000e-01
4.870400000000004326e+01,5.000000000000000000e-01
4.870500000000004803e+01,5.000000000000000000e-01
4.870600000000004570e+01,5.000000000000000000e-01
4.870700000000004337e+01,5.000000000000000000e-01
4.870800000000004815e+01,5.000000000000000000e-01
4.870900000000004582e+01,5.000000000000000000e-01
4.871000000000004349e+01,5.000000000000000000e-01
4.871100000000004826e+01,5.000000000000000000e-01
4.871200000000004593e+01,5.000000000000000000e-01
4.871300000000004360e+01,5.000000000000000000e-01
4.871400000000004837e+01,5.000000000000000000e-01
4.871500000000004604e+01,5.000000000000000000e-01
4.871600000000004371e+01,5.000000000000000000e-01
4.871700000000004849e+01,5.000000000000000000e-01
4.871800000000004616e+01,5.000000000000000000e-01
4.871900000000004383e+01,5.000000000000000000e-01
4.872000000000004150e+01,5.000000000000000000e-01
4.872100000000004627e+01,5.000000000000000000e-01
4.872200000000004394e+01,5.000000000000000000e-01
4.872300000000004161e+01,5.000000000000000000e-01
4.872400000000004638e+01,5.000000000000000000e-01
4.872500000000004405e+01,5.000000000000000000e-01
4.872600000000004172e+01,5.000000000000000000e-01
4.872700000000004650e+01,5.000000000000000000e-01
4.872800000000004417e+01,5.000000000000000000e-01
4.872900000000004184e+01,5.000000000000000000e-01
4.873000000000004661e+01,5.000000000000000000e-01
4.873100000000004428e+01,5.000000000000000000e-01
4.873200000000004195e+01,5.000000000000000000e-01
4.873300000000004673e+01,5.000000000000000000e-01
4.873400000000004439e+01,5.000000000000000000e-01
4.873500000000004206e+01,5.000000000000000000e-01
4.873600000000004684e+01,5.000000000000000000e-01
4.873700000000004451e+01,5.000000000000000000e-01
4.873800000000004218e+01,5.000000000000000000e-01
4.873900000000004695e+01,5.000000000000000000e-01
4.874000000000004462e+01,5.000000000000000000e-01
4.874100000000004229e+01,5.000000000000000000e-01
4.874200000000004707e+01,5.000000000000000000e-01
4.874300000000004474e+01,5.000000000000000000e-01
4.874400000000004241e+01,5.000000000000000000e-01
4.874500000000004718e+01,5.000000000000000000e-01
4.874600000000004485e+01,5.000000000000000000e-01
4.874700000000004252e+01,5.000000000000000000e-01
4.874800000000004729e+01,5.000000000000000000e-01
4.874900000000004496e+01,5.000000000000000000e-01
4.875000000000004263e+01,5.000000000000000000e-01
4.875100000000004741e+01,5.000000000000000000e-01
4.875200000000004508e+01,5.000000000000000000e-01
4.875300000000004275e+01,5.000000000000000000e-01
4.875400000000004752e+01,5.000000000000000000e-01
4.875500000000004519e+01,5.000000000000000000e-01
4.875600000000004286e+01,5.000000000000000000e-01
4.875700000000004763e+01,5.000000000000000000e-01
4.875800000000004530e+01,5.000000000000000000e-01
4.875900000000004297e+01,5.000000000000000000e-01
4.876000000000004775e+01,5.000000000000000000e-01
4.876100000000004542e+01,5.000000000000000000e-01
4.876200000000004309e+01,5.000000000000000000e-01
4.876300000000004786e+01,5.000000000000000000e-01
4.876400000000004553e+01,5.000000000000000000e-01
4.876500000000004320e+01,5.000000000000000000e-01
4.876600000000004798e+01,5.000000000000000000e-01
4.876700000000004565e+01,5.000000000000000000e-01
4.876800000000004331e+01,5.000000000000000000e-01
4.876900000000004809e+01,5.000000000000000000e-01
4.877000000000004576e+01,5.000000000000000000e-01
4.877100000000004343e+01,5.000000000000000000e-01
4.877200000000004820e+01,5.000000000000000000e-01
4.877300000000004587e+01,5.000000000000000000e-01
4.877400000000004354e+01,5.000000000000000000e-01
4.877500000000004832e+01,5.000000000000000000e-01
4.877600000000004599e+01,5.000000000000000000e-01
4.877700000000004366e+01,5.000000000000000000e-01
4.877800000000004843e+01,5.000000000000000000e-01
4.877900000000004610e+01,5.000000000000000000e-01
4.878000000000004377e+01,5.000000000000000000e-01
4.878100000000004144e+01,5.000000000000000000e-01
4.878200000000004621e+01,5.000000000000000000e-01
4.878300000000004388e+01,5.000000000000000000e-01
4.878400000000004155e+01,5.000000000000000000e-01
4.878500000000004633e+01,5.000000000000000000e-01
4.878600000000004400e+01,5.000000000000000000e-01
4.878700000000004167e+01,5.000000000000000000e-01
4.878800000000004644e+01,5.000000000000000000e-01
4.878900000000004411e+01,5.000000000000000000e-01
4.879000000000004178e+01,5.000000000000000000e-01
4.879100000000004655e+01,5.000000000000000000e-01
4.879200000000004422e+01,5.000000000000000000e-01
4.879300000000004189e+01,5.000000000000000000e-01
4.879400000000004667e+01,5.000000000000000000e-01
4.879500000000004434e+01,5.000000000000000000e-01
4.879600000000004201e+01,5.000000000000000000e-01
4.879700000000004678e+01,5.000000000000000000e-01
4.879800000000004445e+01,5.000000000000000000e-01
4.879900000000004212e+01,5.000000000000000000e-01
4.880000000000004690e+01,5.000000000000000000e-01
4.880100000000004457e+01,5.000000000000000000e-01
4.880200000000004223e+01,5.000000000000000000e-01
4.880300000000004701e+01,5.000000000000000000e-01
4.880400000000004468e+01,5.000000000000000000e-01
4.880500000000004235e+01,5.000000000000000000e-01
4.880600000000004712e+01,5.000000000000000000e-01
4.880700000000004479e+01,5.000000000000000000e-01
4.880800000000004246e+01,5.000000000000000000e-01
4.880900000000004724e+01,5.000000000000000000e-01
4.881000000000004491e+01,5.000000000000000000e-01
4.881100000000004258e+01,5.000000000000000000e-01
4.881200000000004735e+01,5.000000000000000000e-01
4.881300000000004502e+01,5.000000000000000000e-01
4.881400000000004269e+01,5.000000000000000000e-01
4.881500000000004746e+01,5.000000000000000000e-01
4.881600000000004513e+01,5.000000000000000000e-01
4.881700000000004280e+01,5.000000000000000000e-01
4.881800000000004758e+01,5.000000000000000000e-01
4.881900000000004525e+01,5.000000000000000000e-01
4.882000000000004292e+01,5.000000000000000000e-01
4.882100000000004769e+01,5.000000000000000000e-01
4.882200000000004536e+01,5.000000000000000000e-01
4.882300000000004303e+01,5.000000000000000000e-01
4.882400000000004781e+01,5.000000000000000000e-01
4.882500000000004547e+01,5.000000000000000000e-01
4.882600000000004314e+01,5.000000000000000000e-01
4.882700000000004792e+01,5.000000000000000000e-01
4.882800000000004559e+01,5.000000000000000000e-01
4.882900000000004326e+01,5.000000000000000000e-01
4.883000000000004803e+01,5.000000000000000000e-01
4.883100000000004570e+01,5.000000000000000000e-01
4.883200000000004337e+01,5.000000000000000000e-01
4.883300000000004815e+01,5.000000000000000000e-01
4.883400000000004582e+01,5.000000000000000000e-01
4.883500000000004349e+01,5.000000000000000000e-01
4.883600000000004826e+01,5.000000000000000000e-01
4.883700000000004593e+01,5.000000000000000000e-01
4.883800000000004360e+01,5.000000000000000000e-01
4.883900000000004837e+01,5.000000000000000000e-01
4.884000000000004604e+01,5.000000000000000000e-01
4.884100000000004371e+01,5.000000000000000000e-01
4.884200000000004849e+01,5.000000000000000000e-01
4.884300000000004616e+01,5.000000000000000000e-01
4.884400000000004383e+01,5.000000000000000000e-01
4.884500000000004860e+01,5.000000000000000000e-01
4.884600000000004627e+01,5.000000000000000000e-01
4.884700000000004394e+01,5.000000000000000000e-01
4.884800000000004161e+01,5.000000000000000000e-01
4.884900000000004638e+01,5.000000000000000000e-01
4.885000000000004405e+01,5.000000000000000000e-01
4.885100000000004172e+01,5.000000000000000000e-01
4.885200000000004650e+01,5.000000000000000000e-01
4.885300000000004417e+01,5.000000000000000000e-01
4.885400000000004184e+01,5.000000000000000000e-01
4.885500000000004661e+01,5.000000000000000000e-01
4.885600000000004428e+01,5.000000000000000000e-01
4.885700000000004195e+01,5.000000000000000000e-01
4.885800000000004673e+01,5.000000000000000000e-01
4.885900000000004439e+01,5.000000000000000000e-01
4.886000000000004206e+01,5.000000000000000000e-01
4.886100000000004684e+01,5.000000000000000000e-01
4.886200000000004451e+01,5.000000000000000000e-01
4.886300000000004218e+01,5.000000000000000000e-01
4.886400000000004695e+01,5.000000000000000000e-01
4.886500000000004462e+01,5.000000000000000000e-01
4.886600000000004229e+01,5.000000000000000000e-01
4.886700000000004707e+01,5.000000000000000000e-01
4.886800000000004474e+01,5.000000000000000000e-01
4.886900000000004241e+01,5.000000000000000000e-01
4.887000000000004718e+01,5.000000000000000000e-01
4.887100000000004485e+01,5.000000000000000000e-01
4.887200000000004252e+01,5.000000000000000000e-01
4.887300000000004729e+01,5.000000000000000000e-01
4.887400000000004496e+01,5.000000000000000000e-01
4.887500000000004263e+01,5.000000000000000000e-01
4.887600000000004741e+01,5.000000000000000000e-01
4.887700000000004508e+01,5.000000000000000000e-01
4.887800000000004275e+01,5.000000000000000000e-01
4.887900000000004752e+01,5.000000000000000000e-01
4.888000000000004519e+01,5.000000000000000000e-01
4.888100000000004286e+01,5.000000000000000000e-01
4.888200000000004763e+01,5.000000000000000000e-01
4.888300000000004530e+01,5.000000000000000000e-01
4.888400000000004297e+01,5.000000000000000000e-01
4.888500000000004775e+01,5.000000000000000000e-01
4.888600000000004542e+01,5.000000000000000000e-01
4.888700000000004309e+01,5.000000000000000000e-01
4.888800000000004786e+01,5.000000000000000000e-01
4.888900000000004553e+01,5.000000000000000000e-01
4.889000000000004320e+01,5.000000000000000000e-01
4.889100000000004798e+01,5.000000000000000000e-01
4.889200000000004565e+01,5.000000000000000000e-01
4.889300000000004331e+01,5.000000000000000000e-01
4.889400000000004809e+01,5.000000000000000000e-01
4.889500000000004576e+01,5.000000000000000000e-01
4.889600000000004343e+01,5.000000000000000000e-01
4.889700000000004820e+01,5.000000000000000000e-01
4.889800000000004587e+01,5.000000000000000000e-01
4.889900000000004354e+01,5.000000000000000000e-01
4.890000000000004832e+01,5.000000000000000000e-01
4.890100000000004599e+01,5.000000000000000000e-01
4.890200000000004366e+01,5.000000000000000000e-01
4.890300000000004843e+01,5.000000000000000000e-01
4.890400000000004610e+01,5.000000000000000000e-01
4.890500000000004377e+01,5.000000000000000000e-01
4.890600000000004854e+01,5.000000000000000000e-01
4.890700000000004621e+01,5.000000000000000000e-01
4.890800000000004388e+01,5.000000000000000000e-01
4.890900000000004155e+01,5.000000000000000000e-01
4.891000000000004633e+01,5.000000000000000000e-01
4.891100000000004400e+01,5.000000000000000000e-01
4.891200000000004167e+01,5.000000000000000000e-01
4.891300000000004644e+01,5.000000000000000000e-01
4.891400000000004411e+01,5.000000000000000000e-01
4.891500000000004178e+01,5.000000000000000000e-01
4.891600000000004655e+01,5.000000000000000000e-01
4.891700000000004422e+01,5.000000000000000000e-01
4.891800000000004189e+01,5.000000000000000000e-01
4.891900000000004667e+01,5.000000000000000000e-01
4.892000000000004434e+01,5.000000000000000000e-01
4.892100000000004201e+01,5.000000000000000000e-01
4.892200000000004678e+01,5.000000000000000000e-01
4.892300000000004445e+01,5.000000000000000000e-01
4.892400000000004212e+01,5.000000000000000000e-01
4.892500000000004690e+01,5.000000000000000000e-01
4.892600000000004457e+01,5.000000000000000000e-01
4.892700000000004223e+01,5.000000000000000000e-01
4.892800000000004701e+01,5.000000000000000000e-01
4.892900000000004468e+01,5.000000000000000000e-01
4.893000000000004235e+01,5.000000000000000000e-01
4.893100000000004712e+01,5.000000000000000000e-01
4.893200000000004479e+01,5.000000000000000000e-01
4.893300000000004246e+01,5.000000000000000000e-01
4.893400000000004724e+01,5.000000000000000000e-01
4.893500000000004491e+01,5.000000000000000000e-01
4.893600000000004258e+01,5.000000000000000000e-01
4.893700000000004735e+01,5.000000000000000000e-01
4.893800000000004502e+01,5.000000000000000000e-01
4.893900000000004269e+01,5.000000000000000000e-01
4.894000000000004746e+01,5.000000000000000000e-01
4.894100000000004513e+01,5.000000000000000000e-01
4.894200000000004280e+01,5.000000000000000000e-01
4.894300000000004758e+01,5.000000000000000000e-01
4.894400000000004525e+01,5.000000000000000000e-01
4.894500000000004292e+01,5.000000000000000000e-01
4.894600000000004769e+01,5.000000000000000000e-01
4.894700000000004536e+01,5.000000000000000000e-01
4.894800000000004303e+01,5.000000000000000000e-01
4.894900000000004781e+01,5.000000000000000000e-01
4.895000000000004547e+01,5.000000000000000000e-01
4.895100000000004314e+01,5.000000000000000000e-01
4.895200000000004792e+01,5.000000000000000000e-01
4.895300000000004559e+01,5.000000000000000000e-01
4.895400000000004326e+01,5.000000000000000000e-01
4.895500000000004803e+01,5.000000000000000000e-01
4.895600000000004570e+01,5.000000000000000000e-01
4.895700000000004337e+01,5.000000000000000000e-01
4.895800000000004815e+01,5.000000000000000000e-01
4.895900000000004582e+01,5.000000000000000000e-01
4.896000000000004349e+01,5.000000000000000000e-01
4.896100000000004826e+01,5.000000000000000000e-01
4.896200000000004593e+01,5.000000000000000000e-01
4.896300000000004360e+01,5.000000000000000000e-01
4.896400000000004837e+01,5.000000000000000000e-01
4.896500000000004604e+01,5.000000000000000000e-01
4.896600000000004371e+01,5.000000000000000000e-01
4.896700000000004849e+01,5.000000000000000000e-01
4.896800000000004616e+01,5.000000000000000000e-01
4.896900000000004383e+01,5.000000000000000000e-01
4.897000000000004860e+01,5.000000000000000000e-01
4.897100000000004627e+01,5.000000000000000000e-01
4.897200000000004394e+01,5.000000000000000000e-01
4.897300000000004871e+01,5.000000000000000000e-01
4.897400000000004638e+01,5.000000000000000000e-01
4.897500000000004405e+01,5.000000000000000000e-01
4.897600000000004172e+01,5.000000000000000000e-01
4.897700000000004650e+01,5.000000000000000000e-01
4.897800000000004417e+01,5.000000000000000000e-01
4.897900000000004184e+01,5.000000000000000000e-01
4.898000000000004661e+01,5.000000000000000000e-01
4.898100000000004428e+01,5.000000000000000000e-01
4.898200000000004195e+01,5.000000000000000000e-01
4.898300000000004673e+01,5.000000000000000000e-01
4.898400000000004439e+01,5.000000000000000000e-01
4.898500000000004206e+01,5.000000000000000000e-01
4.898600000000004684e+01,5.000000000000000000e-01
4.898700000000004451e+01,5.000000000000000000e-01
4.898800000000004218e+01,5.000000000000000000e-01
4.898900000000004695e+01,5.000000000000000000e-01
4.899000000000004462e+01,5.000000000000000000e-01
4.899100000000004229e+01,5.000000000000000000e-01
4.899200000000004707e+01,5.000000000000000000e-01
4.899300000000004474e+01,5.000000000000000000e-01
4.899400000000004241e+01,5.000000000000000000e-01
4.899500000000004718e+01,5.000000000000000000e-01
4.899600000000004485e+01,5.000000000000000000e-01
4.899700000000004252e+01,5.000000000000000000e-01
4.899800000000004729e+01,5.000000000000000000e-01
4.899900000000004496e+01,5.000000000000000000e-01
4.900000000000004263e+01,5.000000000000000000e-01
4.900100000000004741e+01,5.000000000000000000e-01
4.900200000000004508e+01,5.000000000000000000e-01
4.900300000000004275e+01,5.000000000000000000e-01
4.900400000000004752e+01,5.000000000000000000e-01
4.900500000000004519e+01,5.000000000000000000e-01
4.900600000000004286e+01,5.000000000000000000e-01
4.900700000000004763e+01,5.000000000000000000e-01
4.900800000000004530e+01,5.000000000000000000e-01
4.900900000000004297e+01,5.000000000000000000e-01
4.901000000000004775e+01,5.000000000000000000e-01
4.901100000000004542e+01,5.000000000000000000e-01
4.901200000000004309e+01,5.000000000000000000e-01
4.901300000000004786e+01,5.000000000000000000e-01
4.901400000000004553e+01,5.000000000000000000e-01
4.901500000000004320e+01,5.000000000000000000e-01
4.901600000000004798e+01,5.000000000000000000e-01
4.901700000000004565e+01,5.000000000000000000e-01
4.901800000000004331e+01,5.000000000000000000e-01
4.901900000000004809e+01,5.000000000000000000e-01
4.902000000000004576e+01,5.000000000000000000e-01
4.902100000000004343e+01,5.000000000000000000e-01
4.902200000000004820e+01,5.000000000000000000e-01
4.902300000000004587e+01,5.000000000000000000e-01
4.902400000000004354e+01,5.000000000000000000e-01
4.902500000000004832e+01,5.000000000000000000e-01
4.902600000000004599e+01,5.000000000000000000e-01
4.902700000000004366e+01,5.000000000000000000e-01
4.902800000000004843e+01,5.000000000000000000e-01
4.902900000000004610e+01,5.000000000000000000e-01
4.903000000000004377e+01,5.000000000000000000e-01
4.903100000000004854e+01,5.000000000000000000e-01
4.903200000000004621e+01,5.000000000000000000e-01
4.903300000000004388e+01,5.000000000000000000e-01
4.903400000000004866e+01,5.000000000000000000e-01
4.903500000000004633e+01,5.000000000000000000e-01
4.903600000000004400e+01,5.000000000000000000e-01
4.903700000000004167e+01,5.000000000000000000e-01
4.903800000000004644e+01,5.000000000000000000e-01
4.903900000000004411e+01,5.000000000000000000e-01
4.904000000000004178e+01,5.000000000000000000e-01
4.904100000000004655e+01,5.000000000000000000e-01
4.904200000000004422e+01,5.000000000000000000e-01
4.904300000000004189e+01,5.000000000000000000e-01
4.904400000000004667e+01,5.000000000000000000e-01
4.904500000000004434e+01,5.000000000000000000e-01
4.904600000000004201e+01,5.000000000000000000e-01
4.904700000000004678e+01,5.000000000000000000e-01
4.904800000000004445e+01,5.000000000000000000e-01
4.904900000000004212e+01,5.000000000000000000e-01
4.905000000000004690e+01,5.000000000000000000e-01
4.905100000000004457e+01,5.000000000000000000e-01
4.905200000000004223e+01,5.000000000000000000e-01
4.905300000000004701e+01,5.000000000000000000e-01
4.905400000000004468e+01,5.000000000000000000e-01
4.905500000000004235e+01,5.000000000000000000e-01
4.905600000000004712e+01,5.000000000000000000e-01
4.905700000000004479e+01,5.000000000000000000e-01
4.905800000000004246e+01,5.000000000000000000e-01
4.905900000000004724e+01,5.000000000000000000e-01
4.906000000000004491e+01,5.000000000000000000e-01
4.906100000000004258e+01,5.000000000000000000e-01
4.906200000000004735e+01,5.000000000000000000e-01
4.906300000000004502e+01,5.000000000000000000e-01
4.906400000000004269e+01,5.000000000000000000e-01
4.906500000000004746e+01,5.000000000000000000e-01
4.906600000000004513e+01,5.000000000000000000e-01
4.906700000000004280e+01,5.000000000000000000e-01
4.906800000000004758e+01,5.000000000000000000e-01
4.906900000000004525e+01,5.000000000000000000e-01
4.907000000000004292e+01,5.000000000000000000e-01
4.907100000000004769e+01,5.000000000000000000e-01
4.907200000000004536e+01,5.000000000000000000e-01
4.907300000000004303e+01,5.000000000000000000e-01
4.907400000000004781e+01,5.000000000000000000e-01
4.907500000000004547e+01,5.000000000000000000e-01
4.907600000000004314e+01,5.000000000000000000e-01
4.907700000000004792e+01,5.000000000000000000e-01
4.907800000000004559e+01,5.000000000000000000e-01
4.907900000000004326e+01,5.000000000000000000e-01
4.908000000000004803e+01,5.000000000000000000e-01
4.908100000000004570e+01,5.000000000000000000e-01
4.908200000000004337e+01,5.000000000000000000e-01
4.908300000000004815e+01,5.000000000000000000e-01
4.908400000000004582e+01,5.000000000000000000e-01
4.908500000000004349e+01,5.000000000000000000e-01
4.908600000000004826e+01,5.000000000000000000e-01
4.908700000000004593e+01,5.000000000000000000e-01
4.908800000000004360e+01,5.000000000000000000e-01
4.908900000000004837e+01,5.000000000000000000e-01
4.909000000000004604e+01,5.000000000000000000e-01
4.909100000000004371e+01,5.000000000000000000e-01
4.909200000000004849e+01,5.000000000000000000e-01
4.909300000000004616e+01,5.000000000000000000e-01
4.909400000000004383e+01,5.000000000000000000e-01
4.909500000000004860e+01,5.000000000000000000e-01
4.909600000000004627e+01,5.000000000000000000e-01
4.909700000000004394e+01,5.000000000000000000e-01
4.909800000000004871e+01,5.000000000000000000e-01
4.909900000000004638e+01,5.000000000000000000e-01
4.910000000000004405e+01,5.000000000000000000e-01
4.910100000000004883e+01,5.000000000000000000e-01
4.910200000000004650e+01,5.000000000000000000e-01
4.910300000000004417e+01,5.000000000000000000e-01
4.910400000000004184e+01,5.000000000000000000e-01
4.910500000000004661e+01,5.000000000000000000e-01
4.910600000000004428e+01,5.000000000000000000e-01
4.910700000000004195e+01,5.000000000000000000e-01
4.910800000000004673e+01,5.000000000000000000e-01
4.910900000000004439e+01,5.000000000000000000e-01
4.911000000000004206e+01,5.000000000000000000e-01
4.911100000000004684e+01,5.000000000000000000e-01
4.911200000000004451e+01,5.000000000000000000e-01
4.911300000000004218e+01,5.000000000000000000e-01
4.911400000000004695e+01,5.000000000000000000e-01
4.911500000000004462e+01,5.000000000000000000e-01
4.911600000000004229e+01,5.000000000000000000e-01
4.911700000000004707e+01,5.000000000000000000e-01
4.911800000000004474e+01,5.000000000000000000e-01
4.911900000000004241e+01,5.000000000000000000e-01
4.912000000000004718e+01,5.000000000000000000e-01
4.912100000000004485e+01,5.000000000000000000e-01
4.912200000000004252e+01,5.000000000000000000e-01
4.912300000000004729e+01,5.000000000000000000e-01
4.912400000000004496e+01,5.000000000000000000e-01
4.912500000000004263e+01,5.000000000000000000e-01
4.912600000000004741e+01,5.000000000000000000e-01
4.912700000000004508e+01,5.000000000000000000e-01
4.912800000000004275e+01,5.000000000000000000e-01
4.912900000000004752e+01,5.000000000000000000e-01
4.913000000000004519e+01,5.000000000000000000e-01
4.913100000000004286e+01,5.000000000000000000e-01
4.913200000000004763e+01,5.000000000000000000e-01
4.913300000000004530e+01,5.000000000000000000e-01
4.913400000000004297e+01,5.000000000000000000e-01
4.913500000000004775e+01,5.000000000000000000e-01
4.913600000000004542e+01,5.000000000000000000e-01
4.913700000000004309e+01,5.000000000000000000e-01
4.913800000000004786e+01,5.000000000000000000e-01
4.913900000000004553e+01,5.000000000000000000e-01
4.914000000000004320e+01,5.000000000000000000e-01
4.914100000000004798e+01,5.000000000000000000e-01
4.914200000000004565e+01,5.000000000000000000e-01
4.914300000000004331e+01,5.000000000000000000e-01
4.914400000000004809e+01,5.000000000000000000e-01
4.914500000000004576e+01,5.000000000000000000e-01
4.914600000000004343e+01,5.000000000000000000e-01
4.914700000000004820e+01,5.000000000000000000e-01
4.914800000000004587e+01,5.000000000000000000e-01
4.914900000000004354e+01,5.000000000000000000e-01
4.915000000000004832e+01,5.000000000000000000e-01
4.915100000000004599e+01,5.000000000000000000e-01
4.915200000000004366e+01,5.000000000000000000e-01
4.915300000000004843e+01,5.000000000000000000e-01
4.915400000000004610e+01,5.000000000000000000e-01
4.915500000000004377e+01,5.000000000000000000e-01
4.915600000000004854e+01,5.000000000000000000e-01
4.915700000000004621e+01,5.000000000000000000e-01
4.915800000000004388e+01,5.000000000000000000e-01
4.915900000000004866e+01,5.000000000000000000e-01
4.916000000000004633e+01,5.000000000000000000e-01
4.916100000000004400e+01,5.000000000000000000e-01
4.916200000000004877e+01,5.000000000000000000e-01
4.916300000000004644e+01,5.000000000000000000e-01
4.916400000000004411e+01,5.000000000000000000e-01
4.916500000000004178e+01,5.000000000000000000e-01
4.916600000000004655e+01,5.000000000000000000e-01
4.916700000000004422e+01,5.000000000000000000e-01
4.916800000000004189e+01,5.000000000000000000e-01
4.916900000000004667e+01,5.000000000000000000e-01
4.917000000000004434e+01,5.000000000000000000e-01
4.917100000000004201e+01,5.000000000000000000e-01
4.917200000000004678e+01,5.000000000000000000e-01
4.917300000000004445e+01,5.000000000000000000e-01
4.917400000000004212e+01,5.000000000000000000e-01
4.917500000000004690e+01,5.000000000000000000e-01
4.917600000000004457e+01,5.000000000000000000e-01
4.917700000000004223e+01,5.000000000000000000e-01
4.917800000000004701e+01,5.000000000000000000e-01
4.917900000000004468e+01,5.000000000000000000e-01
4.918000000000004235e+01,5.000000000000000000e-01
4.918100000000004712e+01,5.000000000000000000e-01
4.918200000000004479e+01,5.000000000000000000e-01
4.918300000000004246e+01,5.000000000000000000e-01
4.918400000000004724e+01,5.000000000000000000e-01
4.918500000000004491e+01,5.000000000000000000e-01
4.918600000000004258e+01,5.000000000000000000e-01
4.918700000000004735e+01,5.000000000000000000e-01
4.918800000000004502e+01,5.000000000000000000e-01
4.918900000000004269e+01,5.000000000000000000e-01
4.919000000000004746e+01,5.000000000000000000e-01
4.919100000000004513e+01,5.000000000000000000e-01
4.919200000000004280e+01,5.000000000000000000e-01
4.919300000000004758e+01,5.000000000000000000e-01
4.919400000000004525e+01,5.000000000000000000e-01
4.919500000000004292e+01,5.000000000000000000e-01
4.919600000000004769e+01,5.000000000000000000e-01
4.919700000000004536e+01,5.000000000000000000e-01
4.919800000000004303e+01,5.000000000000000000e-01
4.919900000000004781e+01,5.000000000000000000e-01
4.920000000000004547e+01,5.000000000000000000e-01
4.920100000000004314e+01,5.000000000000000000e-01
4.920200000000004792e+01,5.000000000000000000e-01
4.920300000000004559e+01,5.000000000000000000e-01
4.920400000000004326e+01,5.000000000000000000e-01
4.920500000000004803e+01,5.000000000000000000e-01
4.920600000000004570e+01,5.000000000000000000e-01
4.920700000000004337e+01,5.000000000000000000e-01
4.920800000000004815e+01,5.000000000000000000e-01
4.920900000000004582e+01,5.000000000000000000e-01
4.921000000000004349e+01,5.000000000000000000e-01
4.921100000000004826e+01,5.000000000000000000e-01
4.921200000000004593e+01,5.000000000000000000e-01
4.921300000000004360e+01,5.000000000000000000e-01
4.921400000000004837e+01,5.000000000000000000e-01
4.921500000000004604e+01,5.000000000000000000e-01
4.921600000000004371e+01,5.000000000000000000e-01
4.921700000000004849e+01,5.000000000000000000e-01
4.921800000000004616e+01,5.000000000000000000e-01
4.921900000000004383e+01,5.000000000000000000e-01
4.922000000000004860e+01,5.000000000000000000e-01
4.922100000000004627e+01,5.000000000000000000e-01
4.922200000000004394e+01,5.000000000000000000e-01
4.922300000000004871e+01,5.000000000000000000e-01
4.922400000000004638e+01,5.000000000000000000e-01
4.922500000000004405e+01,5.000000000000000000e-01
4.922600000000004883e+01,5.000000000000000000e-01
4.922700000000004650e+01,5.000000000000000000e-01
4.922800000000004417e+01,5.000000000000000000e-01
4.922900000000004894e+01,5.000000000000000000e-01
4.923000000000004661e+01,5.000000000000000000e-01
4.923100000000004428e+01,5.000000000000000000e-01
4.923200000000004195e+01,5.000000000000000000e-01
4.923300000000004673e+01,5.000000000000000000e-01
4.923400000000004439e+01,5.000000000000000000e-01
4.923500000000004206e+01,5.000000000000000000e-01
4.923600000000004684e+01,5.000000000000000000e-01
4.923700000000004451e+01,5.000000000000000000e-01
4.923800000000004218e+01,5.000000000000000000e-01
4.923900000000004695e+01,5.000000000000000000e-01
4.924000000000004462e+01,5.000000000000000000e-01
4.924100000000004229e+01,5.000000000000000000e-01
4.924200000000004707e+01,5.000000000000000000e-01
4.924300000000004474e+01,5.000000000000000000e-01
4.924400000000004241e+01,5.000000000000000000e-01
4.924500000000004718e+01,5.000000000000000000e-01
4.924600000000004485e+01,5.000000000000000000e-01
4.924700000000004252e+01,5.000000000000000000e-01
4.924800000000004729e+01,5.000000000000000000e-01
4.924900000000004496e+01,5.000000000000000000e-01
4.925000000000004263e+01,5.000000000000000000e-01
4.925100000000004741e+01,5.000000000000000000e-01
4.925200000000004508e+01,5.000000000000000000e-01
4.925300000000004275e+01,5.000000000000000000e-01
4.925400000000004752e+01,5.000000000000000000e-01
4.925500000000004519e+01,5.000000000000000000e-01
4.925600000000004286e+01,5.000000000000000000e-01
4.925700000000004763e+01,5.000000000000000000e-01
4.925800000000004530e+01,5.000000000000000000e-01
4.925900000000004297e+01,5.000000000000000000e-01
4.926000000000004775e+01,5.000000000000000000e-01
4.926100000000004542e+01,5.000000000000000000e-01
4.926200000000004309e+01,5.000000000000000000e-01
4.926300000000004786e+01,5.000000000000000000e-01
4.926400000000004553e+01,5.000000000000000000e-01
4.926500000000004320e+01,5.000000000000000000e-01
4.926600000000004798e+01,5.000000000000000000e-01
4.926700000000004565e+01,5.000000000000000000e-01
4.926800000000004331e+01,5.000000000000000000e-01
4.926900000000004809e+01,5.000000000000000000e-01
4.927000000000004576e+01,5.000000000000000000e-01
4.927100000000004343e+01,5.000000000000000000e-01
4.927200000000004820e+01,5.000000000000000000e-01
4.927300000000004587e+01,5.000000000000000000e-01
4.927400000000004354e+01,5.000000000000000000e-01
4.927500000000004832e+01,5.000000000000000000e-01
4.927600000000004599e+01,5.000000000000000000e-01
4.927700000000004366e+01,5.000000000000000000e-01
4.927800000000004843e+01,5.000000000000000000e-01
4.927900000000004610e+01,5.000000000000000000e-01
4.928000000000004377e+01,5.000000000000000000e-01
4.928100000000004854e+01,5.000000000000000000e-01
4.928200000000004621e+01,5.000000000000000000e-01
4.928300000000004388e+01,5.000000000000000000e-01
4.928400000000004866e+01,5.000000000000000000e-01
4.928500000000004633e+01,5.000000000000000000e-01
4.928600000000004400e+01,5.000000000000000000e-01
4.928700000000004877e+01,5.000000000000000000e-01
4.928800000000004644e+01,5.000000000000000000e-01
4.928900000000004411e+01,5.000000000000000000e-01
4.929000000000004889e+01,5.000000000000000000e-01
4.929100000000004655e+01,5.000000000000000000e-01
4.929200000000004422e+01,5.000000000000000000e-01
4.929300000000004189e+01,5.000000000000000000e-01
4.929400000000004667e+01,5.000000000000000000e-01
4.929500000000004434e+01,5.000000000000000000e-01
4.929600000000004201e+01,5.000000000000000000e-01
4.929700000000004678e+01,5.000000000000000000e-01
4.929800000000004445e+01,5.000000000000000000e-01
4.929900000000004212e+01,5.000000000000000000e-01
4.930000000000004690e+01,5.000000000000000000e-01
4.930100000000004457e+01,5.000000000000000000e-01
4.930200000000004223e+01,5.000000000000000000e-01
4.930300000000004701e+01,5.000000000000000000e-01
4.930400000000004468e+01,5.000000000000000000e-01
4.930500000000004235e+01,5.000000000000000000e-01
4.930600000000004712e+01,5.000000000000000000e-01
4.930700000000004479e+01,5.000000000000000000e-01
4.930800000000004246e+01,5.000000000000000000e-01
4.930900000000004724e+01,5.000000000000000000e-01
4.931000000000004491e+01,5.000000000000000000e-01
4.931100000000004258e+01,5.000000000000000000e-01
4.931200000000004735e+01,5.000000000000000000e-01
4.931300000000004502e+01,5.000000000000000000e-01
4.931400000000004269e+01,5.000000000000000000e-01
4.931500000000004746e+01,5.000000000000000000e-01
4.931600000000004513e+01,5.000000000000000000e-01
4.931700000000004280e+01,5.000000000000000000e-01
4.931800000000004758e+01,5.000000000000000000e-01
4.931900000000004525e+01,5.000000000000000000e-01
4.932000000000004292e+01,5.000000000000000000e-01
4.932100000000004769e+01,5.000000000000000000e-01
4.932200000000004536e+01,5.000000000000000000e-01
4.932300000000004303e+01,5.000000000000000000e-01
4.932400000000004781e+01,5.000000000000000000e-01
4.932500000000004547e+01,5.000000000000000000e-01
4.932600000000004314e+01,5.000000000000000000e-01
4.932700000000004792e+01,5.000000000000000000e-01
4.932800000000004559e+01,5.000000000000000000e-01
4.932900000000004326e+01,5.000000000000000000e-01
4.933000000000004803e+01,5.000000000000000000e-01
4.933100000000004570e+01,5.000000000000000000e-01
4.933200000000004337e+01,5.000000000000000000e-01
4.933300000000004815e+01,5.000000000000000000e-01
4.933400000000004582e+01,5.000000000000000000e-01
4.933500000000004349e+01,5.000000000000000000e-01
4.933600000000004826e+01,5.000000000000000000e-01
4.933700000000004593e+01,5.000000000000000000e-01
4.933800000000004360e+01,5.000000000000000000e-01
4.933900000000004837e+01,5.000000000000000000e-01
4.934000000000004604e+01,5.000000000000000000e-01
4.934100000000004371e+01,5.000000000000000000e-01
4.934200000000004849e+01,5.000000000000000000e-01
4.934300000000004616e+01,5.000000000000000000e-01
4.934400000000004383e+01,5.000000000000000000e-01
4.934500000000004860e+01,5.000000000000000000e-01
4.934600000000004627e+01,5.000000000000000000e-01
4.934700000000004394e+01,5.000000000000000000e-01
4.934800000000004871e+01,5.000000000000000000e-01
4.934900000000004638e+01,5.000000000000000000e-01
4.935000000000004405e+01,5.000000000000000000e-01
4.935100000000004883e+01,5.000000000000000000e-01
4.935200000000004650e+01,5.000000000000000000e-01
4.935300000000004417e+01,5.000000000000000000e-01
4.935400000000004894e+01,5.000000000000000000e-01
4.935500000000004661e+01,5.000000000000000000e-01
4.935600000000004428e+01,5.000000000000000000e-01
4.935700000000004906e+01,5.000000000000000000e-01
4.935800000000004673e+01,5.000000000000000000e-01
4.935900000000004439e+01,5.000000000000000000e-01
4.936000000000004206e+01,5.000000000000000000e-01
4.936100000000004684e+01,5.000000000000000000e-01
4.936200000000004451e+01,5.000000000000000000e-01
4.936300000000004218e+01,5.000000000000000000e-01
4.936400000000004695e+01,5.000000000000000000e-01
4.936500000000004462e+01,5.000000000000000000e-01
4.936600000000004229e+01,5.000000000000000000e-01
4.936700000000004707e+01,5.000000000000000000e-01
4.936800000000004474e+01,5.000000000000000000e-01
4.936900000000004241e+01,5.000000000000000000e-01
4.937000000000004718e+01,5.000000000000000000e-01
4.937100000000004485e+01,5.000000000000000000e-01
4.937200000000004252e+01,5.000000000000000000e-01
4.937300000000004729e+01,5.000000000000000000e-01
4.937400000000004496e+01,5.000000000000000000e-01
4.937500000000004263e+01,5.000000000000000000e-01
4.937600000000004741e+01,5.000000000000000000e-01
4.937700000000004508e+01,5.000000000000000000e-01
4.937800000000004275e+01,5.000000000000000000e-01
4.937900000000004752e+01,5.000000000000000000e-01
4.938000000000004519e+01,5.000000000000000000e-01
4.938100000000004286e+01,5.000000000000000000e-01
4.938200000000004763e+01,5.000000000000000000e-01
4.938300000000004530e+01,5.000000000000000000e-01
4.938400000000004297e+01,5.000000000000000000e-01
4.938500000000004775e+01,5.000000000000000000e-01
4.938600000000004542e+01,5.000000000000000000e-01
4.938700000000004309e+01,5.000000000000000000e-01
4.938800000000004786e+01,5.000000000000000000e-01
4.938900000000004553e+01,5.000000000000000000e-01
4.939000000000004320e+01,5.000000000000000000e-01
4.939100000000004798e+01,5.000000000000000000e-01
4.939200000000004565e+01,5.000000000000000000e-01
4.939300000000004331e+01,5.000000000000000000e-01
4.939400000000004809e+01,5.000000000000000000e-01
4.939500000000004576e+01,5.000000000000000000e-01
4.939600000000004343e+01,5.000000000000000000e-01
4.939700000000004820e+01,5.000000000000000000e-01
4.939800000000004587e+01,5.000000000000000000e-01
4.939900000000004354e+01,5.000000000000000000e-01
4.940000000000004832e+01,5.000000000000000000e-01
4.940100000000004599e+01,5.000000000000000000e-01
4.940200000000004366e+01,5.000000000000000000e-01
4.940300000000004843e+01,5.000000000000000000e-01
4.940400000000004610e+01,5.000000000000000000e-01
4.940500000000004377e+01,5.000000000000000000e-01
4.940600000000004854e+01,5.000000000000000000e-01
4.940700000000004621e+01,5.000000000000000000e-01
4.940800000000004388e+01,5.000000000000000000e-01
4.940900000000004866e+01,5.000000000000000000e-01
4.941000000000004633e+01,5.000000000000000000e-01
4.941100000000004400e+01,5.000000000000000000e-01
4.941200000000004877e+01,5.000000000000000000e-01
4.941300000000004644e+01,5.000000000000000000e-01
4.941400000000004411e+01,5.000000000000000000e-01
4.941500000000004889e+01,5.000000000000000000e-01
4.941600000000004655e+01,5.000000000000000000e-01
4.941700000000004422e+01,5.000000000000000000e-01
4.941800000000004900e+01,5.000000000000000000e-01
4.941900000000004667e+01,5.000000000000000000e-01
4.942000000000004434e+01,5.000000000000000000e-01
4.942100000000004201e+01,5.000000000000000000e-01
4.942200000000004678e+01,5.000000000000000000e-01
4.942300000000004445e+01,5.000000000000000000e-01
4.942400000000004212e+01,5.000000000000000000e-01
4.942500000000004690e+01,5.000000000000000000e-01
4.942600000000004457e+01,5.000000000000000000e-01
4.942700000000004223e+01,5.000000000000000000e-01
4.942800000000004701e+01,5.000000000000000000e-01
4.942900000000004468e+01,5.000000000000000000e-01
4.943000000000004235e+01,5.000000000000000000e-01
4.943100000000004712e+01,5.000000000000000000e-01
4.943200000000004479e+01,5.000000000000000000e-01
4.943300000000004246e+01,5.000000000000000000e-01
4.943400000000004724e+01,5.000000000000000000e-01
4.943500000000004491e+01,5.000000000000000000e-01
4.943600000000004258e+01,5.000000000000000000e-01
4.943700000000004735e+01,5.000000000000000000e-01
4.943800000000004502e+01,5.000000000000000000e-01
4.943900000000004269e+01,5.000000000000000000e-01
4.944000000000004746e+01,5.000000000000000000e-01
4.944100000000004513e+01,5.000000000000000000e-01
4.944200000000004280e+01,5.000000000000000000e-01
4.944300000000004758e+01,5.000000000000000000e-01
4.944400000000004525e+01,5.000000000000000000e-01
4.944500000000004292e+01,5.000000000000000000e-01
4.944600000000004769e+01,5.000000000000000000e-01
4.944700000000004536e+01,5.000000000000000000e-01
4.944800000000004303e+01,5.000000000000000000e-01
4.944900000000004781e+01,5.000000000000000000e-01
4.945000000000004547e+01,5.000000000000000000e-01
4.945100000000004314e+01,5.000000000000000000e-01
4.945200000000004792e+01,5.000000000000000000e-01
4.945300000000004559e+01,5.000000000000000000e-01
4.945400000000004326e+01,5.000000000000000000e-01
4.945500000000004803e+01,5.000000000000000000e-01
4.945600000000004570e+01,5.000000000000000000e-01
4.945700000000004337e+01,5.000000000000000000e-01
4.945800000000004815e+01,5.000000000000000000e-01
4.945900000000004582e+01,5.000000000000000000e-01
4.946000000000004349e+01,5.000000000000000000e-01
4.946100000000004826e+01,5.000000000000000000e-01
4.946200000000004593e+01,5.000000000000000000e-01
4.946300000000004360e+01,5.000000000000000000e-01
4.946400000000004837e+01,5.000000000000000000e-01
4.946500000000004604e+01,5.000000000000000000e-01
4.946600000000004371e+01,5.000000000000000000e-01
4.946700000000004849e+01,5.000000000000000000e-01
4.946800000000004616e+01,5.000000000000000000e-01
4.946900000000004383e+01,5.000000000000000000e-01
4.947000000000004860e+01,5.000000000000000000e-01
4.947100000000004627e+01,5.000000000000000000e-01
4.947200000000004394e+01,5.000000000000000000e-01
4.947300000000004871e+01,5.000000000000000000e-01
4.947400000000004638e+01,5.000000000000000000e-01
4.947500000000004405e+01,5.000000000000000000e-01
4.947600000000004883e+01,5.000000000000000000e-01
4.947700000000004650e+01,5.000000000000000000e-01
4.947800000000004417e+01,5.000000000000000000e-01
4.947900000000004894e+01,5.000000000000000000e-01
4.948000000000004661e+01,5.000000000000000000e-01
4.948100000000004428e+01,5.000000000000000000e-01
4.948200000000004906e+01,5.000000000000000000e-01
4.948300000000004673e+01,5.000000000000000000e-01
4.948400000000004439e+01,5.000000000000000000e-01
4.948500000000004917e+01,5.000000000000000000e-01
4.948600000000004684e+01,5.000000000000000000e-01
4.948700000000004451e+01,5.000000000000000000e-01
4.948800000000004218e+01,5.000000000000000000e-01
4.948900000000004695e+01,5.000000000000000000e-01
4.949000000000004462e+01,5.000000000000000000e-01
4.949100000000004229e+01,5.000000000000000000e-01
4.949200000000004707e+01,5.000000000000000000e-01
4.949300000000004474e+01,5.000000000000000000e-01
4.949400000000004241e+01,5.000000000000000000e-01
4.949500000000004718e+01,5.000000000000000000e-01
4.949600000000004485e+01,5.000000000000000000e-01
4.949700000000004252e+01,5.000000000000000000e-01
4.949800000000004729e+01,5.000000000000000000e-01
4.949900000000004496e+01,5.000000000000000000e-01
4.950000000000004263e+01,5.000000000000000000e-01
4.950100000000004741e+01,5.000000000000000000e-01
4.950200000000004508e+01,5.000000000000000000e-01
4.950300000000004275e+01,5.000000000000000000e-01
4.950400000000004752e+01,5.000000000000000000e-01
4.950500000000004519e+01,5.000000000000000000e-01
4.950600000000004286e+01,5.000000000000000000e-01
4.950700000000004763e+01,5.000000000000000000e-01
4.950800000000004530e+01,5.000000000000000000e-01
4.950900000000004297e+01,5.000000000000000000e-01
4.951000000000004775e+01,5.000000000000000000e-01
4.951100000000004542e+01,5.000000000000000000e-01
4.951200000000004309e+01,5.000000000000000000e-01
4.951300000000004786e+01,5.000000000000000000e-01
4.951400000000004553e+01,5.000000000000000000e-01
4.951500000000004320e+01,5.000000000000000000e-01
4.951600000000004798e+01,5.000000000000000000e-01
4.951700000000004565e+01,5.000000000000000000e-01
4.951800000000004331e+01,5.000000000000000000e-01
4.951900000000004809e+01,5.000000000000000000e-01
4.952000000000004576e+01,5.000000000000000000e-01
4.952100000000004343e+01,5.000000000000000000e-01
4.952200000000004820e+01,5.000000000000000000e-01
4.952300000000004587e+01,5.000000000000000000e-01
4.952400000000004354e+01,5.000000000000000000e-01
4.952500000000004832e+01,5.000000000000000000e-01
4.952600000000004599e+01,5.000000000000000000e-01
4.952700000000004366e+01,5.000000000000000000e-01
4.952800000000004843e+01,5.000000000000000000e-01
4.952900000000004610e+01,5.000000000000000000e-01
4.953000000000004377e+01,5.000000000000000000e-01
4.953100000000004854e+01,5.000000000000000000e-01
4.953200000000004621e+01,5.000000000000000000e-01
4.953300000000004388e+01,5.000000000000000000e-01
4.953400000000004866e+01,5.000000000000000000e-01
4.953500000000004633e+01,5.000000000000000000e-01
4.953600000000004400e+01,5.000000000000000000e-01
4.953700000000004877e+01,5.000000000000000000e-01
4.953800000000004644e+01,5.000000000000000000e-01
4.953900000000004411e+01,5.000000000000000000e-01
4.954000000000004889e+01,5.000000000000000000e-01
4.954100000000004655e+01,5.000000000000000000e-01
4.954200000000004422e+01,5.000000000000000000e-01
4.954300000000004900e+01,5.000000000000000000e-01
4.954400000000004667e+01,5.000000000000000000e-01
4.954500000000004434e+01,5.000000000000000000e-01
4.954600000000004911e+01,5.000000000000000000e-01
4.954700000000004678e+01,5.000000000000000000e-01
4.954800000000004445e+01,5.000000000000000000e-01
4.954900000000004212e+01,5.000000000000000000e-01
4.955000000000004690e+01,5.000000000000000000e-01
4.955100000000004457e+01,5.000000000000000000e-01
4.955200000000004223e+01,5.000000000000000000e-01
4.955300000000004701e+01,5.000000000000000000e-01
4.955400000000004468e+01,5.000000000000000000e-01
4.955500000000004235e+01,5.000000000000000000e-01
4.955600000000004712e+01,5.000000000000000000e-01
4.955700000000004479e+01,5.000000000000000000e-01
4.955800000000004246e+01,5.000000000000000000e-01
4.955900000000004724e+01,5.000000000000000000e-01
4.956000000000004491e+01,5.000000000000000000e-01
4.956100000000004258e+01,5.000000000000000000e-01
4.956200000000004735e+01,5.000000000000000000e-01
4.956300000000004502e+01,5.000000000000000000e-01
4.956400000000004269e+01,5.000000000000000000e-01
4.956500000000004746e+01,5.000000000000000000e-01
4.956600000000004513e+01,5.000000000000000000e-01
4.956700000000004280e+01,5.000000000000000000e-01
4.956800000000004758e+01,5.000000000000000000e-01
4.956900000000004525e+01,5.000000000000000000e-01
4.957000000000004292e+01,5.000000000000000000e-01
4.957100000000004769e+01,5.000000000000000000e-01
4.957200000000004536e+01,5.000000000000000000e-01
4.957300000000004303e+01,5.000000000000000000e-01
4.957400000000004781e+01,5.000000000000000000e-01
4.957500000000004547e+01,5.000000000000000000e-01
4.957600000000004314e+01,5.000000000000000000e-01
4.957700000000004792e+01,5.000000000000000000e-01
4.957800000000004559e+01,5.000000000000000000e-01
4.957900000000004326e+01,5.000000000000000000e-01
4.958000000000004803e+01,5.000000000000000000e-01
4.958100000000004570e+01,5.000000000000000000e-01
4.958200000000004337e+01,5.000000000000000000e-01
4.958300000000004815e+01,5.000000000000000000e-01
4.958400000000004582e+01,5.000000000000000000e-01
4.958500000000004349e+01,5.000000000000000000e-01
4.958600000000004826e+01,5.000000000000000000e-01
4.958700000000004593e+01,5.000000000000000000e-01
4.958800000000004360e+01,5.000000000000000000e-01
4.958900000000004837e+01,5.000000000000000000e-01
4.959000000000004604e+01,5.000000000000000000e-01
4.959100000000004371e+01,5.000000000000000000e-01
4.959200000000004849e+01,5.000000000000000000e-01
4.959300000000004616e+01,5.000000000000000000e-01
4.959400000000004383e+01,5.000000000000000000e-01
4.959500000000004860e+01,5.000000000000000000e-01
4.959600000000004627e+01,5.000000000000000000e-01
4.959700000000004394e+01,5.000000000000000000e-01
4.959800000000004871e+01,5.000000000000000000e-01
4.959900000000004638e+01,5.000000000000000000e-01
4.960000000000004405e+01,5.000000000000000000e-01
4.960100000000004883e+01,5.000000000000000000e-01
4.960200000000004650e+01,5.000000000000000000e-01
4.960300000000004417e+01,5.000000000000000000e-01
4.960400000000004894e+01,5.000000000000000000e-01
4.960500000000004661e+01,5.000000000000000000e-01
4.960600000000004428e+01,5.000000000000000000e-01
4.960700000000004906e+01,5.000000000000000000e-01
4.960800000000004673e+01,5.000000000000000000e-01
4.960900000000004439e+01,5.000000000000000000e-01
4.961000000000004917e+01,5.000000000000000000e-01
4.961100000000004684e+01,5.000000000000000000e-01
4.961200000000004451e+01,5.000000000000000000e-01
4.961300000000004928e+01,5.000000000000000000e-01
4.961400000000004695e+01,5.000000000000000000e-01
4.961500000000004462e+01,5.000000000000000000e-01
4.961600000000004229e+01,5.000000000000000000e-01
4.961700000000004707e+01,5.000000000000000000e-01
4.961800000000004474e+01,5.000000000000000000e-01
4.961900000000004241e+01,5.000000000000000000e-01
4.962000000000004718e+01,5.000000000000000000e-01
4.962100000000004485e+01,5.000000000000000000e-01
4.962200000000004252e+01,5.000000000000000000e-01
4.962300000000004729e+01,5.000000000000000000e-01
4.962400000000004496e+01,5.000000000000000000e-01
4.962500000000004263e+01,5.000000000000000000e-01
4.962600000000004741e+01,5.000000000000000000e-01
4.962700000000004508e+01,5.000000000000000000e-01
4.962800000000004275e+01,5.000000000000000000e-01
4.962900000000004752e+01,5.000000000000000000e-01
4.963000000000004519e+01,5.000000000000000000e-01
4.963100000000004286e+01,5.000000000000000000e-01
4.963200000000004763e+01,5.000000000000000000e-01
4.963300000000004530e+01,5.000000000000000000e-01
4.963400000000004297e+01,5.000000000000000000e-01
4.963500000000004775e+01,5.000000000000000000e-01
4.963600000000004542e+01,5.000000000000000000e-01
4.963700000000004309e+01,5.000000000000000000e-01
4.963800000000004786e+01,5.000000000000000000e-01
4.963900000000004553e+01,5.000000000000000000e-01
4.964000000000004320e+01,5.000000000000000000e-01
4.964100000000004798e+01,5.000000000000000000e-01
4.964200000000004565e+01,5.000000000000000000e-01
4.964300000000004331e+01,5.000000000000000000e-01
4.964400000000004809e+01,5.000000000000000000e-01
4.964500000000004576e+01,5.000000000000000000e-01
4.964600000000004343e+01,5.000000000000000000e-01
4.964700000000004820e+01,5.000000000000000000e-01
4.964800000000004587e+01,5.000000000000000000e-01
4.964900000000004354e+01,5.000000000000000000e-01
4.965000000000004832e+01,5.000000000000000000e-01
4.965100000000004599e+01,5.000000000000000000e-01
4.965200000000004366e+01,5.000000000000000000e-01
4.965300000000004843e+01,5.000000000000000000e-01
4.965400000000004610e+01,5.000000000000000000e-01
4.965500000000004377e+01,5.000000000000000000e-01
4.965600000000004854e+01,5.000000000000000000e-01
4.965700000000004621e+01,5.000000000000000000e-01
4.965800000000004388e+01,5.000000000000000000e-01
4.965900000000004866e+01,5.000000000000000000e-01
4.966000000000004633e+01,5.000000000000000000e-01
4.966100000000004400e+01,5.000000000000000000e-01
4.966200000000004877e+01,5.000000000000000000e-01
4.966300000000004644e+01,5.000000000000000000e-01
4.966400000000004411e+01,5.000000000000000000e-01
4.966500000000004889e+01,5.000000000000000000e-01
4.966600000000004655e+01,5.000000000000000000e-01
4.966700000000004422e+01,5.000000000000000000e-01
4.966800000000004900e+01,5.000000000000000000e-01
4.966900000000004667e+01,5.000000000000000000e-01
4.967000000000004434e+01,5.000000000000000000e-01
4.967100000000004911e+01,5.000000000000000000e-01
4.967200000000004678e+01,5.000000000000000000e-01
4.967300000000004445e+01,5.000000000000000000e-01
4.967400000000004923e+01,5.000000000000000000e-01
4.967500000000004690e+01,5.000000000000000000e-01
4.967600000000004457e+01,5.000000000000000000e-01
4.967700000000004223e+01,5.000000000000000000e-01
4.967800000000004701e+01,5.000000000000000000e-01
4.967900000000004468e+01,5.000000000000000000e-01
4.968000000000004235e+01,5.000000000000000000e-01
4.968100000000004712e+01,5.000000000000000000e-01
4.968200000000004479e+01,5.000000000000000000e-01
4.968300000000004246e+01,5.000000000000000000e-01
4.968400000000004724e+01,5.000000000000000000e-01
4.968500000000004491e+01,5.000000000000000000e-01
4.968600000000004258e+01,5.000000000000000000e-01
4.968700000000004735e+01,5.000000000000000000e-01
4.968800000000004502e+01,5.000000000000000000e-01
4.968900000000004269e+01,5.000000000000000000e-01
4.969000000000004746e+01,5.000000000000000000e-01
4.969100000000004513e+01,5.000000000000000000e-01
4.969200000000004280e+01,5.000000000000000000e-01
4.969300000000004758e+01,5.000000000000000000e-01
4.969400000000004525e+01,5.000000000000000000e-01
4.969500000000004292e+01,5.000000000000000000e-01
4.969600000000004769e+01,5.000000000000000000e-01
4.969700000000004536e+01,5.000000000000000000e-01
4.969800000000004303e+01,5.000000000000000000e-01
4.969900000000004781e+01,5.000000000000000000e-01
4.970000000000004547e+01,5.000000000000000000e-01
4.970100000000004314e+01,5.000000000000000000e-01
4.970200000000004792e+01,5.000000000000000000e-01
4.970300000000004559e+01,5.000000000000000000e-01
4.970400000000004326e+01,5.000000000000000000e-01
4.970500000000004803e+01,5.000000000000000000e-01
4.970600000000004570e+01,5.000000000000000000e-01
4.970700000000004337e+01,5.000000000000000000e-01
4.970800000000004815e+01,5.000000000000000000e-01
4.970900000000004582e+01,5.000000000000000000e-01
4.971000000000004349e+01,5.000000000000000000e-01
4.971100000000004826e+01,5.000000000000000000e-01
4.971200000000004593e+01,5.000000000000000000e-01
4.971300000000004360e+01,5.000000000000000000e-01
4.971400000000004837e+01,5.000000000000000000e-01
4.971500000000004604e+01,5.000000000000000000e-01
4.971600000000004371e+01,5.000000000000000000e-01
4.971700000000004849e+01,5.000000000000000000e-01
4.971800000000004616e+01,5.000000000000000000e-01
4.971900000000004383e+01,5.000000000000000000e-01
4.972000000000004860e+01,5.000000000000000000e-01
4.972100000000004627e+01,5.000000000000000000e-01
4.972200000000004394e+01,5.000000000000000000e-01
4.972300000000004871e+01,5.000000000000000000e-01
4.972400000000004638e+01,5.000000000000000000e-01
4.972500000000004405e+01,5.000000000000000000e-01
4.972600000000004883e+01,5.000000000000000000e-01
4.972700000000004650e+01,5.000000000000000000e-01
4.972800000000004417e+01,5.000000000000000000e-01
4.972900000000004894e+01,5.000000000000000000e-01
4.973000000000004661e+01,5.000000000000000000e-01
4.973100000000004428e+01,5.000000000000000000e-01
4.973200000000004906e+01,5.000000000000000000e-01
4.973300000000004673e+01,5.000000000000000000e-01
4.973400000000004439e+01,5.000000000000000000e-01
4.973500000000004917e+01,5.000000000000000000e-01
4.973600000000004684e+01,5.000000000000000000e-01
4.973700000000004451e+01,5.000000000000000000e-01
4.973800000000004928e+01,5.000000000000000000e-01
4.973900000000004695e+01,5.000000000000000000e-01
4.974000000000004462e+01,5.000000000000000000e-01
4.974100000000004940e+01,5.000000000000000000e-01
4.974200000000004707e+01,5.000000000000000000e-01
4.974300000000004474e+01,5.000000000000000000e-01
4.974400000000004241e+01,5.000000000000000000e-01
4.974500000000004718e+01,5.000000000000000000e-01
4.974600000000004485e+01,5.000000000000000000e-01
4.974700000000004252e+01,5.000000000000000000e-01
4.974800000000004729e+01,5.000000000000000000e-01
4.974900000000004496e+01,5.000000000000000000e-01
4.975000000000004263e+01,5.000000000000000000e-01
4.975100000000004741e+01,5.000000000000000000e-01
4.975200000000004508e+01,5.000000000000000000e-01
4.975300000000004275e+01,5.000000000000000000e-01
4.975400000000004752e+01,5.000000000000000000e-01
4.975500000000004519e+01,5.000000000000000000e-01
4.975600000000004286e+01,5.000000000000000000e-01
4.975700000000004763e+01,5.000000000000000000e-01
4.975800000000004530e+01,5.000000000000000000e-01
4.975900000000004297e+01,5.000000000000000000e-01
4.976000000000004775e+01,5.000000000000000000e-01
4.976100000000004542e+01,5.000000000000000000e-01
4.976200000000004309e+01,5.000000000000000000e-01
4.976300000000004786e+01,5.000000000000000000e-01
4.976400000000004553e+01,5.000000000000000000e-01
4.976500000000004320e+01,5.000000000000000000e-01
4.976600000000004798e+01,5.000000000000000000e-01
4.976700000000004565e+01,5.000000000000000000e-01
4.976800000000004331e+01,5.000000000000000000e-01
4.976900000000004809e+01,5.000000000000000000e-01
4.977000000000004576e+01,5.000000000000000000e-01
4.977100000000004343e+01,5.000000000000000000e-01
4.977200000000004820e+01,5.000000000000000000e-01
4.977300000000004587e+01,5.000000000000000000e-01
4.977400000000004354e+01,5.000000000000000000e-01
4.977500000000004832e+01,5.000000000000000000e-01
4.977600000000004599e+01,5.000000000000000000e-01
4.977700000000004366e+01,5.000000000000000000e-01
4.977800000000004843e+01,5.000000000000000000e-01
4.977900000000004610e+01,5.000000000000000000e-01
4.978000000000004377e+01,5.000000000000000000e-01
4.978100000000004854e+01,5.000000000000000000e-01
4.978200000000004621e+01,5.000000000000000000e-01
4.978300000000004388e+01,5.000000000000000000e-01
4.978400000000004866e+01,5.000000000000000000e-01
4.978500000000004633e+01,5.000000000000000000e-01
4.978600000000004400e+01,5.000000000000000000e-01
4.978700000000004877e+01,5.000000000000000000e-01
4.978800000000004644e+01,5.000000000000000000e-01
4.978900000000004411e+01,5.000000000000000000e-01
4.979000000000004889e+01,5.000000000000000000e-01
4.979100000000004655e+01,5.000000000000000000e-01
4.979200000000004422e+01,5.000000000000000000e-01
4.979300000000004900e+01,5.000000000000000000e-01
4.979400000000004667e+01,5.000000000000000000e-01
4.979500000000004434e+01,5.000000000000000000e-01
4.979600000000004911e+01,5.000000000000000000e-01
4.979700000000004678e+01,5.000000000000000000e-01
4.979800000000004445e+01,5.000000000000000000e-01
4.979900000000004923e+01,5.000000000000000000e-01
4.980000000000004690e+01,5.000000000000000000e-01
4.980100000000004457e+01,5.000000000000000000e-01
4.980200000000004934e+01,5.000000000000000000e-01
4.980300000000004701e+01,5.000000000000000000e-01
4.980400000000004468e+01,5.000000000000000000e-01
4.980500000000004235e+01,5.000000000000000000e-01
4.980600000000004712e+01,5.000000000000000000e-01
4.980700000000004479e+01,5.000000000000000000e-01
4.980800000000004246e+01,5.000000000000000000e-01
4.980900000000004724e+01,5.000000000000000000e-01
4.981000000000004491e+01,5.000000000000000000e-01
4.981100000000004258e+01,5.000000000000000000e-01
4.981200000000004735e+01,5.000000000000000000e-01
4.981300000000004502e+01,5.000000000000000000e-01
4.981400000000004269e+01,5.000000000000000000e-01
4.981500000000004746e+01,5.000000000000000000e-01
4.981600000000004513e+01,5.000000000000000000e-01
4.981700000000004280e+01,5.000000000000000000e-01
4.981800000000004758e+01,5.000000000000000000e-01
4.981900000000004525e+01,5.000000000000000000e-01
4.982000000000004292e+01,5.000000000000000000e-01
4.982100000000004769e+01,5.000000000000000000e-01
4.982200000000004536e+01,5.000000000000000000e-01
4.982300000000004303e+01,5.000000000000000000e-01
4.982400000000004781e+01,5.000000000000000000e-01
4.982500000000004547e+01,5.000000000000000000e-01
4.982600000000004314e+01,5.000000000000000000e-01
4.982700000000004792e+01,5.000000000000000000e-01
4.982800000000004559e+01,5.000000000000000000e-01
4.982900000000004326e+01,5.000000000000000000e-01
4.983000000000004803e+01,5.000000000000000000e-01
4.983100000000004570e+01,5.000000000000000000e-01
4.983200000000004337e+01,5.000000000000000000e-01
4.983300000000004815e+01,5.000000000000000000e-01
4.983400000000004582e+01,5.000000000000000000e-01
4.983500000000004349e+01,5.000000000000000000e-01
4.983600000000004826e+01,5.000000000000000000e-01
4.983700000000004593e+01,5.000000000000000000e-01
4.983800000000004360e+01,5.000000000000000000e-01
4.983900000000004837e+01,5.000000000000000000e-01
4.984000000000004604e+01,5.000000000000000000e-01
4.984100000000004371e+01,5.000000000000000000e-01
4.984200000000004849e+01,5.000000000000000000e-01
4.984300000000004616e+01,5.000000000000000000e-01
4.984400000000004383e+01,5.000000000000000000e-01
4.984500000000004860e+01,5.000000000000000000e-01
4.984600000000004627e+01,5.000000000000000000e-01
4.984700000000004394e+01,5.000000000000000000e-01
4.984800000000004871e+01,5.000000000000000000e-01
4.984900000000004638e+01,5.000000000000000000e-01
4.985000000000004405e+01,5.000000000000000000e-01
4.985100000000004883e+01,5.000000000000000000e-01
4.985200000000004650e+01,5.000000000000000000e-01
4.985300000000004417e+01,5.000000000000000000e-01
4.985400000000004894e+01,5.000000000000000000e-01
4.985500000000004661e+01,5.000000000000000000e-01
4.985600000000004428e+01,5.000000000000000000e-01
4.985700000000004906e+01,5.000000000000000000e-01
4.985800000000004673e+01,5.000000000000000000e-01
4.985900000000004439e+01,5.000000000000000000e-01
4.986000000000004917e+01,5.000000000000000000e-01
4.986100000000004684e+01,5.000000000000000000e-01
4.986200000000004451e+01,5.000000000000000000e-01
4.986300000000004928e+01,5.000000000000000000e-01
4.986400000000004695e+01,5.000000000000000000e-01
4.986500000000004462e+01,5.000000000000000000e-01
4.986600000000004940e+01,5.000000000000000000e-01
4.986700000000004707e+01,5.000000000000000000e-01
4.986800000000004474e+01,5.000000000000000000e-01
4.986900000000004951e+01,5.000000000000000000e-01
4.987000000000004718e+01,5.000000000000000000e-01
4.987100000000004485e+01,5.000000000000000000e-01
4.987200000000004252e+01,5.000000000000000000e-01
4.987300000000004729e+01,5.000000000000000000e-01
4.987400000000004496e+01,5.000000000000000000e-01
4.987500000000004263e+01,5.000000000000000000e-01
4.987600000000004741e+01,5.000000000000000000e-01
4.987700000000004508e+01,5.000000000000000000e-01
4.987800000000004275e+01,5.000000000000000000e-01
4.987900000000004752e+01,5.000000000000000000e-01
4.988000000000004519e+01,5.000000000000000000e-01
4.988100000000004286e+01,5.000000000000000000e-01
4.988200000000004763e+01,5.000000000000000000e-01
4.988300000000004530e+01,5.000000000000000000e-01
4.988400000000004297e+01,5.000000000000000000e-01
4.988500000000004775e+01,5.000000000000000000e-01
4.988600000000004542e+01,5.000000000000000000e-01
4.988700000000004309e+01,5.000000000000000000e-01
4.988800000000004786e+01,5.000000000000000000e-01
4.988900000000004553e+01,5.000000000000000000e-01
4.989000000000004320e+01,5.000000000000000000e-01
4.989100000000004798e+01,5.000000000000000000e-01
4.989200000000004565e+01,5.000000000000000000e-01
4.989300000000004331e+01,5.000000000000000000e-01
4.989400000000004809e+01,5.000000000000000000e-01
4.989500000000004576e+01,5.000000000000000000e-01
4.989600000000004343e+01,5.000000000000000000e-01
4.989700000000004820e+01,5.000000000000000000e-01
4.989800000000004587e+01,5.000000000000000000e-01
4.989900000000004354e+01,5.000000000000000000e-01
4.990000000000004832e+01,5.000000000000000000e-01
4.990100000000004599e+01,5.000000000000000000e-01
4.990200000000004366e+01,5.000000000000000000e-01
4.990300000000004843e+01,5.000000000000000000e-01
4.990400000000004610e+01,5.000000000000000000e-01
4.990500000000004377e+01,5.000000000000000000e-01
4.990600000000004854e+01,5.000000000000000000e-01
4.990700000000004621e+01,5.000000000000000000e-01
4.990800000000004388e+01,5.000000000000000000e-01
4.990900000000004866e+01,5.000000000000000000e-01
4.991000000000004633e+01,5.000000000000000000e-01
4.991100000000004400e+01,5.000000000000000000e-01
4.991200000000004877e+01,5.000000000000000000e-01
4.991300000000004644e+01,5.000000000000000000e-01
4.991400000000004411e+01,5.000000000000000000e-01
4.991500000000004889e+01,5.000000000000000000e-01
4.991600000000004655e+01,5.000000000000000000e-01
4.991700000000004422e+01,5.000000000000000000e-01
4.991800000000004900e+01,5.000000000000000000e-01
4.991900000000004667e+01,5.000000000000000000e-01
4.992000000000004434e+01,5.000000000000000000e-01
4.992100000000004911e+01,5.000000000000000000e-01
4.992200000000004678e+01,5.000000000000000000e-01
4.992300000000004445e+01,5.000000000000000000e-01
4.992400000000004923e+01,5.000000000000000000e-01
4.992500000000004690e+01,5.000000000000000000e-01
4.992600000000004457e+01,5.000000000000000000e-01
4.992700000000004934e+01,5.000000000000000000e-01
4.992800000000004701e+01,5.000000000000000000e-01
4.992900000000004468e+01,5.000000000000000000e-01
4.993000000000004945e+01,5.000000000000000000e-01
4.993100000000004712e+01,5.000000000000000000e-01
4.993200000000004479e+01,5.000000000000000000e-01
4.993300000000004246e+01,5.000000000000000000e-01
4.993400000000004724e+01,5.000000000000000000e-01
4.993500000000004491e+01,5.000000000000000000e-01
4.993600000000004258e+01,5.000000000000000000e-01
4.993700000000004735e+01,5.000000000000000000e-01
4.993800000000004502e+01,5.000000000000000000e-01
4.993900000000004269e+01,5.000000000000000000e-01
4.994000000000004746e+01,5.000000000000000000e-01
4.994100000000004513e+01,5.000000000000000000e-01
4.994200000000004280e+01,5.000000000000000000e-01
4.994300000000004758e+01,5.000000000000000000e-01
4.994400000000004525e+01,5.000000000000000000e-01
4.994500000000004292e+01,5.000000000000000000e-01
4.994600000000004769e+01,5.000000000000000000e-01
4.994700000000004536e+01,5.000000000000000000e-01
4.994800000000004303e+01,5.000000000000000000e-01
4.994900000000004781e+01,5.000000000000000000e-01
4.995000000000004547e+01,5.000000000000000000e-01
4.995100000000004314e+01,5.000000000000000000e-01
4.995200000000004792e+01,5.000000000000000000e-01
4.995300000000004559e+01,5.000000000000000000e-01
4.995400000000004326e+01,5.000000000000000000e-01
4.995500000000004803e+01,5.000000000000000000e-01
4.995600000000004570e+01,5.000000000000000000e-01
4.995700000000004337e+01,5.000000000000000000e-01
4.995800000000004815e+01,5.000000000000000000e-01
4.995900000000004582e+01,5.000000000000000000e-01
4.996000000000004349e+01,5.000000000000000000e-01
4.996100000000004826e+01,5.000000000000000000e-01
4.996200000000004593e+01,5.000000000000000000e-01
4.996300000000004360e+01,5.000000000000000000e-01
4.996400000000004837e+01,5.000000000000000000e-01
4.996500000000004604e+01,5.000000000000000000e-01
4.996600000000004371e+01,5.000000000000000000e-01
4.996700000000004849e+01,5.000000000000000000e-01
4.996800000000004616e+01,5.000000000000000000e-01
4.996900000000004383e+01,5.000000000000000000e-01
4.997000000000004860e+01,5.000000000000000000e-01
4.997100000000004627e+01,5.000000000000000000e-01
4.997200000000004394e+01,5.000000000000000000e-01
4.997300000000004871e+01,5.000000000000000000e-01
4.997400000000004638e+01,5.000000000000000000e-01
4.997500000000004405e+01,5.000000000000000000e-01
4.997600000000004883e+01,5.000000000000000000e-01
4.997700000000004650e+01,5.000000000000000000e-01
4.997800000000004417e+01,5.000000000000000000e-01
4.997900000000004894e+01,5.000000000000000000e-01
4.998000000000004661e+01,5.000000000000000000e-01
4.998100000000004428e+01,5.000000000000000000e-01
4.998200000000004906e+01,5.000000000000000000e-01
4.998300000000004673e+01,5.000000000000000000e-01
4.998400000000004439e+01,5.000000000000000000e-01
4.998500000000004917e+01,5.000000000000000000e-01
4.998600000000004684e+01,5.000000000000000000e-01
4.998700000000004451e+01,5.000000000000000000e-01
4.998800000000004928e+01,5.000000000000000000e-01
4.998900000000004695e+01,5.000000000000000000e-01
4.999000000000004462e+01,5.000000000000000000e-01
4.999100000000004940e+01,5.000000000000000000e-01
4.999200000000004707e+01,5.000000000000000000e-01
4.999300000000004474e+01,5.000000000000000000e-01
4.999400000000004951e+01,5.000000000000000000e-01
4.999500000000004718e+01,5.000000000000000000e-01
4.999600000000004485e+01,5.000000000000000000e-01
4.999700000000004962e+01,5.000000000000000000e-01
4.999800000000004729e+01,5.000000000000000000e-01
4.999900000000004496e+01,5.000000000000000000e-01
5.000000000000004263e+01,5.000000000000000000e-01
5.000100000000004741e+01,5.000000000000000000e-01
5.000200000000004508e+01,5.000000000000000000e-01
5.000300000000004275e+01,5.000000000000000000e-01
5.000400000000004752e+01,5.000000000000000000e-01
5.000500000000004519e+01,5.000000000000000000e-01
5.000600000000004286e+01,5.000000000000000000e-01
5.000700000000004763e+01,5.000000000000000000e-01
5.000800000000004530e+01,5.000000000000000000e-01
5.000900000000004297e+01,5.000000000000000000e-01
5.001000000000004775e+01,5.000000000000000000e-01
5.001100000000004542e+01,5.000000000000000000e-01
5.001200000000004309e+01,5.000000000000000000e-01
5.001300000000004786e+01,5.000000000000000000e-01
5.001400000000004553e+01,5.000000000000000000e-01
5.001500000000004320e+01,5.000000000000000000e-01
5.001600000000004798e+01,5.000000000000000000e-01
5.001700000000004565e+01,5.000000000000000000e-01
5.001800000000004331e+01,5.000000000000000000e-01
5.001900000000004809e+01,5.000000000000000000e-01
5.002000000000004576e+01,5.000000000000000000e-01
5.002100000000004343e+01,5.000000000000000000e-01
5.002200000000004820e+01,5.000000000000000000e-01
5.002300000000004587e+01,5.000000000000000000e-01
5.002400000000004354e+01,5.000000000000000000e-01
5.002500000000004832e+01,5.000000000000000000e-01
5.002600000000004599e+01,5.000000000000000000e-01
5.002700000000004366e+01,5.000000000000000000e-01
5.002800000000004843e+01,5.000000000000000000e-01
5.002900000000004610e+01,5.000000000000000000e-01
5.003000000000004377e+01,5.000000000000000000e-01
5.003100000000004854e+01,5.000000000000000000e-01
5.003200000000004621e+01,5.000000000000000000e-01
5.003300000000004388e+01,5.000000000000000000e-01
5.003400000000004866e+01,5.000000000000000000e-01
5.003500000000004633e+01,5.000000000000000000e-01
5.003600000000004400e+01,5.000000000000000000e-01
5.003700000000004877e+01,5.000000000000000000e-01
5.003800000000004644e+01,5.000000000000000000e-01
5.003900000000004411e+01,5.000000000000000000e-01
5.004000000000004889e+01,5.000000000000000000e-01
5.004100000000004655e+01,5.000000000000000000e-01
5.004200000000004422e+01,5.000000000000000000e-01
5.004300000000004900e+01,5.000000000000000000e-01
5.004400000000004667e+01,5.000000000000000000e-01
5.004500000000004434e+01,5.000000000000000000e-01
5.004600000000004911e+01,5.000000000000000000e-01
5.004700000000004678e+01,5.000000000000000000e-01
5.004800000000004445e+01,5.000000000000000000e-01
5.004900000000004923e+01,5.000000000000000000e-01
5.005000000000004690e+01,5.000000000000000000e-01
5.005100000000004457e+01,5.000000000000000000e-01
5.005200000000004934e+01,5.000000000000000000e-01
5.005300000000004701e+01,5.000000000000000000e-01
5.005400000000004468e+01,5.000000000000000000e-01
5.005500000000004945e+01,5.000000000000000000e-01
5.005600000000004712e+01,5.000000000000000000e-01
5.005700000000004479e+01,5.000000000000000000e-01
5.005800000000004957e+01,5.000000000000000000e-01
5.005900000000004724e+01,5.000000000000000000e-01
5.006000000000004491e+01,5.000000000000000000e-01
5.006100000000004258e+01,5.000000000000000000e-01
5.006200000000004735e+01,5.000000000000000000e-01
5.006300000000004502e+01,5.000000000000000000e-01
5.006400000000004269e+01,5.000000000000000000e-01
5.006500000000004746e+01,5.000000000000000000e-01
5.006600000000004513e+01,5.000000000000000000e-01
5.006700000000004280e+01,5.000000000000000000e-01
5.006800000000004758e+01,5.000000000000000000e-01
5.006900000000004525e+01,5.000000000000000000e-01
5.007000000000004292e+01,5.000000000000000000e-01
5.007100000000004769e+01,5.000000000000000000e-01
5.007200000000004536e+01,5.000000000000000000e-01
5.007300000000004303e+01,5.000000000000000000e-01
5.007400000000004781e+01,5.000000000000000000e-01
5.007500000000004547e+01,5.000000000000000000e-01
5.007600000000004314e+01,5.000000000000000000e-01
5.007700000000004792e+01,5.000000000000000000e-01
5.007800000000004559e+01,5.000000000000000000e-01
5.007900000000004326e+01,5.000000000000000000e-01
5.008000000000004803e+01,5.000000000000000000e-01
5.008100000000004570e+01,5.000000000000000000e-01
5.008200000000004337e+01,5.000000000000000000e-01
5.008300000000004815e+01,5.000000000000000000e-01
5.008400000000004582e+01,5.000000000000000000e-01
5.008500000000004349e+01,5.000000000000000000e-01
5.008600000000004826e+01,5.000000000000000000e-01
5.008700000000004593e+01,5.000000000000000000e-01
5.008800000000004360e+01,5.000000000000000000e-01
5.008900000000004837e+01,5.000000000000000000e-01
5.009000000000004604e+01,5.000000000000000000e-01
5.009100000000004371e+01,5.000000000000000000e-01
5.009200000000004849e+01,5.000000000000000000e-01
5.009300000000004616e+01,5.000000000000000000e-01
5.009400000000004383e+01,5.000000000000000000e-01
5.009500000000004860e+01,5.000000000000000000e-01
5.009600000000004627e+01,5.000000000000000000e-01
5.009700000000004394e+01,5.000000000000000000e-01
5.009800000000004871e+01,5.000000000000000000e-01
5.009900000000004638e+01,5.000000000000000000e-01
5.010000000000004405e+01,5.000000000000000000e-01
5.010100000000004883e+01,5.000000000000000000e-01
5.010200000000004650e+01,5.000000000000000000e-01
5.010300000000004417e+01,5.000000000000000000e-01
5.010400000000004894e+01,5.000000000000000000e-01
5.010500000000004661e+01,5.000000000000000000e-01
5.010600000000004428e+01,5.000000000000000000e-01
5.010700000000004906e+01,5.000000000000000000e-01
5.010800000000004673e+01,5.000000000000000000e-01
5.010900000000004439e+01,5.000000000000000000e-01
5.011000000000004917e+01,5.000000000000000000e-01
5.011100000000004684e+01,5.000000000000000000e-01
5.011200000000004451e+01,5.000000000000000000e-01
5.011300000000004928e+01,5.000000000000000000e-01
5.011400000000004695e+01,5.000000000000000000e-01
5.011500000000004462e+01,5.000000000000000000e-01
5.011600000000004940e+01,5.000000000000000000e-01
5.011700000000004707e+01,5.000000000000000000e-01
5.011800000000004474e+01,5.000000000000000000e-01
5.011900000000004951e+01,5.000000000000000000e-01
5.012000000000004718e+01,5.000000000000000000e-01
5.012100000000004485e+01,5.000000000000000000e-01
5.012200000000004962e+01,5.000000000000000000e-01
5.012300000000004729e+01,5.000000000000000000e-01
5.012400000000004496e+01,5.000000000000000000e-01
5.012500000000004974e+01,5.000000000000000000e-01
5.012600000000004741e+01,5.000000000000000000e-01
5.012700000000004508e+01,5.000000000000000000e-01
5.012800000000004275e+01,5.000000000000000000e-01
5.012900000000004752e+01,5.000000000000000000e-01
5.013000000000004519e+01,5.000000000000000000e-01
5.013100000000004286e+01,5.000000000000000000e-01
5.013200000000004763e+01,5.000000000000000000e-01
5.013300000000004530e+01,5.000000000000000000e-01
5.013400000000004297e+01,5.000000000000000000e-01
5.013500000000004775e+01,5.000000000000000000e-01
5.013600000000004542e+01,5.000000000000000000e-01
5.013700000000004309e+01,5.000000000000000000e-01
5.013800000000004786e+01,5.000000000000000000e-01
5.013900000000004553e+01,5.000000000000000000e-01
5.014000000000004320e+01,5.000000000000000000e-01
5.014100000000004798e+01,5.000000000000000000e-01
5.014200000000004565e+01,5.000000000000000000e-01
5.014300000000004331e+01,5.000000000000000000e-01
5.014400000000004809e+01,5.000000000000000000e-01
5.014500000000004576e+01,5.000000000000000000e-01
5.014600000000004343e+01,5.000000000000000000e-01
5.014700000000004820e+01,5.000000000000000000e-01
5.014800000000004587e+01,5.000000000000000000e-01
5.014900000000004354e+01,5.000000000000000000e-01
5.015000000000004832e+01,5.000000000000000000e-01
5.015100000000004599e+01,5.000000000000000000e-01
5.015200000000004366e+01,5.000000000000000000e-01
5.015300000000004843e+01,5.000000000000000000e-01
5.015400000000004610e+01,5.000000000000000000e-01
5.015500000000004377e+01,5.000000000000000000e-01
5.015600000000004854e+01,5.000000000000000000e-01
5.015700000000004621e+01,5.000000000000000000e-01
5.015800000000004388e+01,5.000000000000000000e-01
5.015900000000004866e+01,5.000000000000000000e-01
5.016000000000004633e+01,5.000000000000000000e-01
5.016100000000004400e+01,5.000000000000000000e-01
5.016200000000004877e+01,5.000000000000000000e-01
5.016300000000004644e+01,5.000000000000000000e-01
5.016400000000004411e+01,5.000000000000000000e-01
5.016500000000004889e+01,5.000000000000000000e-01
5.016600000000004655e+01,5.000000000000000000e-01
5.016700000000004422e+01,5.000000000000000000e-01
5.016800000000004900e+01,5.000000000000000000e-01
5.016900000000004667e+01,5.000000000000000000e-01
5.017000000000004434e+01,5.000000000000000000e-01
5.017100000000004911e+01,5.000000000000000000e-01
5.017200000000004678e+01,5.000000000000000000e-01
5.017300000000004445e+01,5.000000000000000000e-01
5.017400000000004923e+01,5.000000000000000000e-01
5.017500000000004690e+01,5.000000000000000000e-01
5.017600000000004457e+01,5.000000000000000000e-01
5.017700000000004934e+01,5.000000000000000000e-01
5.017800000000004701e+01,5.000000000000000000e-01
5.017900000000004468e+01,5.000000000000000000e-01
5.018000000000004945e+01,5.000000000000000000e-01
5.018100000000004712e+01,5.000000000000000000e-01
5.018200000000004479e+01,5.000000000000000000e-01
5.018300000000004957e+01,5.000000000000000000e-01
5.018400000000004724e+01,5.000000000000000000e-01
5.018500000000004491e+01,5.000000000000000000e-01
5.018600000000004968e+01,5.000000000000000000e-01
5.018700000000004735e+01,5.000000000000000000e-01
5.018800000000004502e+01,5.000000000000000000e-01
5.018900000000004269e+01,5.000000000000000000e-01
5.019000000000004746e+01,5.000000000000000000e-01
5.019100000000004513e+01,5.000000000000000000e-01
5.019200000000004280e+01,5.000000000000000000e-01
5.019300000000004758e+01,5.000000000000000000e-01
5.019400000000004525e+01,5.000000000000000000e-01
5.019500000000004292e+01,5.000000000000000000e-01
5.019600000000004769e+01,5.000000000000000000e-01
5.019700000000004536e+01,5.000000000000000000e-01
5.019800000000004303e+01,5.000000000000000000e-01
5.019900000000004781e+01,5.000000000000000000e-01
5.020000000000004547e+01,5.000000000000000000e-01
5.020100000000004314e+01,5.000000000000000000e-01
5.020200000000004792e+01,5.000000000000000000e-01
5.020300000000004559e+01,5.000000000000000000e-01
5.020400000000004326e+01,5.000000000000000000e-01
5.020500000000004803e+01,5.000000000000000000e-01
5.020600000000004570e+01,5.000000000000000000e-01
5.020700000000004337e+01,5.000000000000000000e-01
5.020800000000004815e+01,5.000000000000000000e-01
5.020900000000004582e+01,5.000000000000000000e-01
5.021000000000004349e+01,5.000000000000000000e-01
5.021100000000004826e+01,5.000000000000000000e-01
5.021200000000004593e+01,5.000000000000000000e-01
5.021300000000004360e+01,5.000000000000000000e-01
5.021400000000004837e+01,5.000000000000000000e-01
5.021500000000004604e+01,5.000000000000000000e-01
5.021600000000004371e+01,5.000000000000000000e-01
5.021700000000004849e+01,5.000000000000000000e-01
5.021800000000004616e+01,5.000000000000000000e-01
5.021900000000004383e+01,5.000000000000000000e-01
5.022000000000004860e+01,5.000000000000000000e-01
5.022100000000004627e+01,5.000000000000000000e-01
5.022200000000004394e+01,5.000000000000000000e-01
5.022300000000004871e+01,5.000000000000000000e-01
5.022400000000004638e+01,5.000000000000000000e-01
5.022500000000004405e+01,5.000000000000000000e-01
5.022600000000004883e+01,5.000000000000000000e-01
5.022700000000004650e+01,5.000000000000000000e-01
5.022800000000004417e+01,5.000000000000000000e-01
5.022900000000004894e+01,5.000000000000000000e-01
5.023000000000004661e+01,5.000000000000000000e-01
5.023100000000004428e+01,5.000000000000000000e-01
5.023200000000004906e+01,5.000000000000000000e-01
5.023300000000004673e+01,5.000000000000000000e-01
5.023400000000004439e+01,5.000000000000000000e-01
5.023500000000004917e+01,5.000000000000000000e-01
5.023600000000004684e+01,5.000000000000000000e-01
5.023700000000004451e+01,5.000000000000000000e-01
5.023800000000004928e+01,5.000000000000000000e-01
5.023900000000004695e+01,5.000000000000000000e-01
5.024000000000004462e+01,5.000000000000000000e-01
5.024100000000004940e+01,5.000000000000000000e-01
5.024200000000004707e+01,5.000000000000000000e-01
5.024300000000004474e+01,5.000000000000000000e-01
5.024400000000004951e+01,5.000000000000000000e-01
5.024500000000004718e+01,5.000000000000000000e-01
5.024600000000004485e+01,5.000000000000000000e-01
5.024700000000004962e+01,5.000000000000000000e-01
5.024800000000004729e+01,5.000000000000000000e-01
5.024900000000004496e+01,5.000000000000000000e-01
5.025000000000004974e+01,5.000000000000000000e-01
5.025100000000004741e+01,5.000000000000000000e-01
5.025200000000004508e+01,5.000000000000000000e-01
5.025300000000004985e+01,5.000000000000000000e-01
5.025400000000004752e+01,5.000000000000000000e-01
5.025500000000004519e+01,5.000000000000000000e-01
5.025600000000004286e+01,5.000000000000000000e-01
5.025700000000004763e+01,5.000000000000000000e-01
5.025800000000004530e+01,5.000000000000000000e-01
5.025900000000004297e+01,5.000000000000000000e-01
5.026000000000004775e+01,5.000000000000000000e-01
5.026100000000004542e+01,5.000000000000000000e-01
5.026200000000004309e+01,5.000000000000000000e-01
5.026300000000004786e+01,5.000000000000000000e-01
5.026400000000004553e+01,5.000000000000000000e-01
5.026500000000004320e+01,5.000000000000000000e-01
5.026600000000004798e+01,5.000000000000000000e-01
5.026700000000004565e+01,5.000000000000000000e-01
5.026800000000004331e+01,5.000000000000000000e-01
5.026900000000004809e+01,5.000000000000000000e-01
5.027000000000004576e+01,5.000000000000000000e-01
5.027100000000004343e+01,5.000000000000000000e-01
5.027200000000004820e+01,5.000000000000000000e-01
5.027300000000004587e+01,5.000000000000000000e-01
5.027400000000004354e+01,5.000000000000000000e-01
5.027500000000004832e+01,5.000000000000000000e-01
5.027600000000004599e+01,5.000000000000000000e-01
5.027700000000004366e+01,5.000000000000000000e-01
5.027800000000004843e+01,5.000000000000000000e-01
5.027900000000004610e+01,5.000000000000000000e-01
5.028000000000004377e+01,5.000000000000000000e-01
5.028100000000004854e+01,5.000000000000000000e-01
5.028200000000004621e+01,5.000000000000000000e-01
5.028300000000004388e+01,5.000000000000000000e-01
5.028400000000004866e+01,5.000000000000000000e-01
5.028500000000004633e+01,5.000000000000000000e-01
5.028600000000004400e+01,5.000000000000000000e-01
5.028700000000004877e+01,5.000000000000000000e-01
5.028800000000004644e+01,5.000000000000000000e-01
5.028900000000004411e+01,5.000000000000000000e-01
5.029000000000004889e+01,5.000000000000000000e-01
5.029100000000004655e+01,5.000000000000000000e-01
5.029200000000004422e+01,5.000000000000000000e-01
5.029300000000004900e+01,5.000000000000000000e-01
5.029400000000004667e+01,5.000000000000000000e-01
5.029500000000004434e+01,5.000000000000000000e-01
5.029600000000004911e+01,5.000000000000000000e-01
5.029700000000004678e+01,5.000000000000000000e-01
5.029800000000004445e+01,5.000000000000000000e-01
5.029900000000004923e+01,5.000000000000000000e-01
5.030000000000004690e+01,5.000000000000000000e-01
5.030100000000004457e+01,5.000000000000000000e-01
5.030200000000004934e+01,5.000000000000000000e-01
5.030300000000004701e+01,5.000000000000000000e-01
5.030400000000004468e+01,5.000000000000000000e-01
5.030500000000004945e+01,5.000000000000000000e-01
5.030600000000004712e+01,5.000000000000000000e-01
5.030700000000004479e+01,5.000000000000000000e-01
5.030800000000004957e+01,5.000000000000000000e-01
5.030900000000004724e+01,5.000000000000000000e-01
5.031000000000004491e+01,5.000000000000000000e-01
5.031100000000004968e+01,5.000000000000000000e-01
5.031200000000004735e+01,5.000000000000000000e-01
5.031300000000004502e+01,5.000000000000000000e-01
5.031400000000004979e+01,5.000000000000000000e-01
5.031500000000004746e+01,5.000000000000000000e-01
5.031600000000004513e+01,5.000000000000000000e-01
5.031700000000004280e+01,5.000000000000000000e-01
5.031800000000004758e+01,5.000000000000000000e-01
5.031900000000004525e+01,5.000000000000000000e-01
5.032000000000004292e+01,5.000000000000000000e-01
5.032100000000004769e+01,5.000000000000000000e-01
5.032200000000004536e+01,5.000000000000000000e-01
5.032300000000004303e+01,5.000000000000000000e-01
5.032400000000004781e+01,5.000000000000000000e-01
5.032500000000004547e+01,5.000000000000000000e-01
5.032600000000004314e+01,5.000000000000000000e-01
5.032700000000004792e+01,5.000000000000000000e-01
5.032800000000004559e+01,5.000000000000000000e-01
5.032900000000004326e+01,5.000000000000000000e-01
5.033000000000004803e+01,5.000000000000000000e-01
5.033100000000004570e+01,5.000000000000000000e-01
5.033200000000004337e+01,5.000000000000000000e-01
5.033300000000004815e+01,5.000000000000000000e-01
5.033400000000004582e+01,5.000000000000000000e-01
5.033500000000004349e+01,5.000000000000000000e-01
5.033600000000004826e+01,5.000000000000000000e-01
5.033700000000004593e+01,5.000000000000000000e-01
5.033800000000004360e+01,5.000000000000000000e-01
5.033900000000004837e+01,5.000000000000000000e-01
5.034000000000004604e+01,5.000000000000000000e-01
5.034100000000004371e+01,5.000000000000000000e-01
5.034200000000004849e+01,5.000000000000000000e-01
5.034300000000004616e+01,5.000000000000000000e-01
5.034400000000004383e+01,5.000000000000000000e-01
5.034500000000004860e+01,5.000000000000000000e-01
5.034600000000004627e+01,5.000000000000000000e-01
5.034700000000004394e+01,5.000000000000000000e-01
5.034800000000004871e+01,5.000000000000000000e-01
5.034900000000004638e+01,5.000000000000000000e-01
5.035000000000004405e+01,5.000000000000000000e-01
5.035100000000004883e+01,5.000000000000000000e-01
5.035200000000004650e+01,5.000000000000000000e-01
5.035300000000004417e+01,5.000000000000000000e-01
5.035400000000004894e+01,5.000000000000000000e-01
5.035500000000004661e+01,5.000000000000000000e-01
5.035600000000004428e+01,5.000000000000000000e-01
5.035700000000004906e+01,5.000000000000000000e-01
5.035800000000004673e+01,5.000000000000000000e-01
5.035900000000004439e+01,5.000000000000000000e-01
5.036000000000004917e+01,5.000000000000000000e-01
5.036100000000004684e+01,5.000000000000000000e-01
5.036200000000004451e+01,5.000000000000000000e-01
5.036300000000004928e+01,5.000000000000000000e-01
5.036400000000004695e+01,5.000000000000000000e-01
5.036500000000004462e+01,5.000000000000000000e-01
5.036600000000004940e+01,5.000000000000000000e-01
5.036700000000004707e+01,5.000000000000000000e-01
5.036800000000004474e+01,5.000000000000000000e-01
5.036900000000004951e+01,5.000000000000000000e-01
5.037000000000004718e+01,5.000000000000000000e-01
5.037100000000004485e+01,5.000000000000000000e-01
5.037200000000004962e+01,5.000000000000000000e-01
5.037300000000004729e+01,5.000000000000000000e-01
5.037400000000004496e+01,5.000000000000000000e-01
5.037500000000004974e+01,5.000000000000000000e-01
5.037600000000004741e+01,5.000000000000000000e-01
5.037700000000004508e+01,5.000000000000000000e-01
5.037800000000004985e+01,5.000000000000000000e-01
5.037900000000004752e+01,5.000000000000000000e-01
5.038000000000004519e+01,5.000000000000000000e-01
5.038100000000004997e+01,5.000000000000000000e-01
5.038200000000004763e+01,5.000000000000000000e-01
5.038300000000004530e+01,5.000000000000000000e-01
5.038400000000004297e+01,5.000000000000000000e-01
5.038500000000004775e+01,5.000000000000000000e-01
5.038600000000004542e+01,5.000000000000000000e-01
5.038700000000004309e+01,5.000000000000000000e-01
5.038800000000004786e+01,5.000000000000000000e-01
5.038900000000004553e+01,5.000000000000000000e-01
5.039000000000004320e+01,5.000000000000000000e-01
5.039100000000004798e+01,5.000000000000000000e-01
5.039200000000004565e+01,5.000000000000000000e-01
5.039300000000004331e+01,5.000000000000000000e-01
5.039400000000004809e+01,5.000000000000000000e-01
5.039500000000004576e+01,5.000000000000000000e-01
5.039600000000004343e+01,5.000000000000000000e-01
5.039700000000004820e+01,5.000000000000000000e-01
5.039800000000004587e+01,5.000000000000000000e-01
5.039900000000004354e+01,5.000000000000000000e-01
5.040000000000004832e+01,5.000000000000000000e-01
5.040100000000004599e+01,5.000000000000000000e-01
5.040200000000004366e+01,5.000000000000000000e-01
5.040300000000004843e+01,5.000000000000000000e-01
5.040400000000004610e+01,5.000000000000000000e-01
5.040500000000004377e+01,5.000000000000000000e-01
5.040600000000004854e+01,5.000000000000000000e-01
5.040700000000004621e+01,5.000000000000000000e-01
5.040800000000004388e+01,5.000000000000000000e-01
5.040900000000004866e+01,5.000000000000000000e-01
5.041000000000004633e+01,5.000000000000000000e-01
5.041100000000004400e+01,5.000000000000000000e-01
5.041200000000004877e+01,5.000000000000000000e-01
5.041300000000004644e+01,5.000000000000000000e-01
5.041400000000004411e+01,5.000000000000000000e-01
5.041500000000004889e+01,5.000000000000000000e-01
5.041600000000004655e+01,5.000000000000000000e-01
5.041700000000004422e+01,5.000000000000000000e-01
5.041800000000004900e+01,5.000000000000000000e-01
5.041900000000004667e+01,5.000000000000000000e-01
5.042000000000004434e+01,5.000000000000000000e-01
5.042100000000004911e+01,5.000000000000000000e-01
5.042200000000004678e+01,5.000000000000000000e-01
5.042300000000004445e+01,5.000000000000000000e-01
5.042400000000004923e+01,5.000000000000000000e-01
5.042500000000004690e+01,5.000000000000000000e-01
5.042600000000004457e+01,5.000000000000000000e-01
5.042700000000004934e+01,5.000000000000000000e-01
5.042800000000004701e+01,5.000000000000000000e-01
5.042900000000004468e+01,5.000000000000000000e-01
5.043000000000004945e+01,5.000000000000000000e-01
5.043100000000004712e+01,5.000000000000000000e-01
5.043200000000004479e+01,5.000000000000000000e-01
5.043300000000004957e+01,5.000000000000000000e-01
5.043400000000004724e+01,5.000000000000000000e-01
5.043500000000004491e+01,5.000000000000000000e-01
5.043600000000004968e+01,5.000000000000000000e-01
5.043700000000004735e+01,5.000000000000000000e-01
5.043800000000004502e+01,5.000000000000000000e-01
5.043900000000004979e+01,5.000000000000000000e-01
5.044000000000004746e+01,5.000000000000000000e-01
5.044100000000004513e+01,5.000000000000000000e-01
5.044200000000004991e+01,5.000000000000000000e-01
5.044300000000004758e+01,5.000000000000000000e-01
5.044400000000004525e+01,5.000000000000000000e-01
5.044500000000004292e+01,5.000000000000000000e-01
5.044600000000004769e+01,5.000000000000000000e-01
5.044700000000004536e+01,5.000000000000000000e-01
5.044800000000004303e+01,5.000000000000000000e-01
5.044900000000004781e+01,5.000000000000000000e-01
5.045000000000004547e+01,5.000000000000000000e-01
5.045100000000004314e+01,5.000000000000000000e-01
5.045200000000004792e+01,5.000000000000000000e-01
5.045300000000004559e+01,5.000000000000000000e-01
5.045400000000004326e+01,5.000000000000000000e-01
5.045500000000004803e+01,5.000000000000000000e-01
5.045600000000004570e+01,5.000000000000000000e-01
5.045700000000004337e+01,5.000000000000000000e-01
5.045800000000004815e+01,5.000000000000000000e-01
5.045900000000004582e+01,5.000000000000000000e-01
5.046000000000004349e+01,5.000000000000000000e-01
5.046100000000004826e+01,5.000000000000000000e-01
5.046200000000004593e+01,5.000000000000000000e-01
5.046300000000004360e+01,5.000000000000000000e-01
5.046400000000004837e+01,5.000000000000000000e-01
5.046500000000004604e+01,5.000000000000000000e-01
5.046600000000004371e+01,5.000000000000000000e-01
5.046700000000004849e+01,5.000000000000000000e-01
5.046800000000004616e+01,5.000000000000000000e-01
5.046900000000004383e+01,5.000000000000000000e-01
5.047000000000004860e+01,5.000000000000000000e-01
5.047100000000004627e+01,5.000000000000000000e-01
5.047200000000004394e+01,5.000000000000000000e-01
5.047300000000004871e+01,5.000000000000000000e-01
5.047400000000004638e+01,5.000000000000000000e-01
5.047500000000004405e+01,5.000000000000000000e-01
5.047600000000004883e+01,5.000000000000000000e-01
5.047700000000004650e+01,5.000000000000000000e-01
5.047800000000004417e+01,5.000000000000000000e-01
5.047900000000004894e+01,5.000000000000000000e-01
5.048000000000004661e+01,5.000000000000000000e-01
5.048100000000004428e+01,5.000000000000000000e-01
5.048200000000004906e+01,5.000000000000000000e-01
5.048300000000004673e+01,5.000000000000000000e-01
5.048400000000004439e+01,5.000000000000000000e-01
5.048500000000004917e+01,5.000000000000000000e-01
5.048600000000004684e+01,5.000000000000000000e-01
5.048700000000004451e+01,5.000000000000000000e-01
5.048800000000004928e+01,5.000000000000000000e-01
5.048900000000004695e+01,5.000000000000000000e-01
5.049000000000004462e+01,5.000000000000000000e-01
5.049100000000004940e+01,5.000000000000000000e-01
5.049200000000004707e+01,5.000000000000000000e-01
5.049300000000004474e+01,5.000000000000000000e-01
5.049400000000004951e+01,5.000000000000000000e-01
5.049500000000004718e+01,5.000000000000000000e-01
5.049600000000004485e+01,5.000000000000000000e-01
5.049700000000004962e+01,5.000000000000000000e-01
5.049800000000004729e+01,5.000000000000000000e-01
5.049900000000004496e+01,5.000000000000000000e-01
5.050000000000004974e+01,5.000000000000000000e-01
5.050100000000004741e+01,5.000000000000000000e-01
5.050200000000004508e+01,5.000000000000000000e-01
5.050300000000004985e+01,5.000000000000000000e-01
5.050400000000004752e+01,5.000000000000000000e-01
5.050500000000004519e+01,5.000000000000000000e-01
5.050600000000004997e+01,5.000000000000000000e-01
5.050700000000004763e+01,5.000000000000000000e-01
5.050800000000004530e+01,5.000000000000000000e-01
5.050900000000005008e+01,5.000000000000000000e-01
5.051000000000004775e+01,5.000000000000000000e-01
5.051100000000004542e+01,5.000000000000000000e-01
5.051200000000004309e+01,5.000000000000000000e-01
5.051300000000004786e+01,5.000000000000000000e-01
5.051400000000004553e+01,5.000000000000000000e-01
5.051500000000004320e+01,5.000000000000000000e-01
5.051600000000004798e+01,5.000000000000000000e-01
5.051700000000004565e+01,5.000000000000000000e-01
5.051800000000004331e+01,5.000000000000000000e-01
5.051900000000004809e+01,5.000000000000000000e-01
5.052000000000004576e+01,5.000000000000000000e-01
5.052100000000004343e+01,5.000000000000000000e-01
5.052200000000004820e+01,5.000000000000000000e-01
5.052300000000004587e+01,5.000000000000000000e-01
5.052400000000004354e+01,5.000000000000000000e-01
5.052500000000004832e+01,5.000000000000000000e-01
5.052600000000004599e+01,5.000000000000000000e-01
5.052700000000004366e+01,5.000000000000000000e-01
5.052800000000004843e+01,5.000000000000000000e-01
5.052900000000004610e+01,5.000000000000000000e-01
5.053000000000004377e+01,5.000000000000000000e-01
5.053100000000004854e+01,5.000000000000000000e-01
5.053200000000004621e+01,5.000000000000000000e-01
5.053300000000004388e+01,5.000000000000000000e-01
5.053400000000004866e+01,5.000000000000000000e-01
5.053500000000004633e+01,5.000000000000000000e-01
5.053600000000004400e+01,5.000000000000000000e-01
5.053700000000004877e+01,5.000000000000000000e-01
5.053800000000004644e+01,5.000000000000000000e-01
5.053900000000004411e+01,5.000000000000000000e-01
5.054000000000004889e+01,5.000000000000000000e-01
5.054100000000004655e+01,5.000000000000000000e-01
5.054200000000004422e+01,5.000000000000000000e-01
5.054300000000004900e+01,5.000000000000000000e-01
5.054400000000004667e+01,5.000000000000000000e-01
5.054500000000004434e+01,5.000000000000000000e-01
5.054600000000004911e+01,5.000000000000000000e-01
5.054700000000004678e+01,5.000000000000000000e-01
5.054800000000004445e+01,5.000000000000000000e-01
5.054900000000004923e+01,5.000000000000000000e-01
5.055000000000004690e+01,5.000000000000000000e-01
5.055100000000004457e+01,5.000000000000000000e-01
5.055200000000004934e+01,5.000000000000000000e-01
5.055300000000004701e+01,5.000000000000000000e-01
5.055400000000004468e+01,5.000000000000000000e-01
5.055500000000004945e+01,5.000000000000000000e-01
5.055600000000004712e+01,5.000000000000000000e-01
5.055700000000004479e+01,5.000000000000000000e-01
5.055800000000004957e+01,5.000000000000000000e-01
5.055900000000004724e+01,5.000000000000000000e-01
5.056000000000004491e+01,5.000000000000000000e-01
5.056100000000004968e+01,5.000000000000000000e-01
5.056200000000004735e+01,5.000000000000000000e-01
5.056300000000004502e+01,5.000000000000000000e-01
5.056400000000004979e+01,5.000000000000000000e-01
5.056500000000004746e+01,5.000000000000000000e-01
5.056600000000004513e+01,5.000000000000000000e-01
5.056700000000004991e+01,5.000000000000000000e-01
5.056800000000004758e+01,5.000000000000000000e-01
5.056900000000004525e+01,5.000000000000000000e-01
5.057000000000005002e+01,5.000000000000000000e-01
5.057100000000004769e+01,5.000000000000000000e-01
5.057200000000004536e+01,5.000000000000000000e-01
5.057300000000004303e+01,5.000000000000000000e-01
5.057400000000004781e+01,5.000000000000000000e-01
5.057500000000004547e+01,5.000000000000000000e-01
5.057600000000004314e+01,5.000000000000000000e-01
5.057700000000004792e+01,5.000000000000000000e-01
5.057800000000004559e+01,5.000000000000000000e-01
5.057900000000004326e+01,5.000000000000000000e-01
5.058000000000004803e+01,5.000000000000000000e-01
5.058100000000004570e+01,5.000000000000000000e-01
5.058200000000004337e+01,5.000000000000000000e-01
5.058300000000004815e+01,5.000000000000000000e-01
5.058400000000004582e+01,5.000000000000000000e-01
5.058500000000004349e+01,5.000000000000000000e-01
5.058600000000004826e+01,5.000000000000000000e-01
5.058700000000004593e+01,5.000000000000000000e-01
5.058800000000004360e+01,5.000000000000000000e-01
5.058900000000004837e+01,5.000000000000000000e-01
5.059000000000004604e+01,5.000000000000000000e-01
5.059100000000004371e+01,5.000000000000000000e-01
5.059200000000004849e+01,5.000000000000000000e-01
5.059300000000004616e+01,5.000000000000000000e-01
5.059400000000004383e+01,5.000000000000000000e-01
5.059500000000004860e+01,5.000000000000000000e-01
5.059600000000004627e+01,5.000000000000000000e-01
5.059700000000004394e+01,5.000000000000000000e-01
5.059800000000004871e+01,5.000000000000000000e-01
5.059900000000004638e+01,5.000000000000000000e-01
5.060000000000004405e+01,5.000000000000000000e-01
5.060100000000004883e+01,5.000000000000000000e-01
5.060200000000004650e+01,5.000000000000000000e-01
5.060300000000004417e+01,5.000000000000000000e-01
5.060400000000004894e+01,5.000000000000000000e-01
5.060500000000004661e+01,5.000000000000000000e-01
5.060600000000004428e+01,5.000000000000000000e-01
5.060700000000004906e+01,5.000000000000000000e-01
5.060800000000004673e+01,5.000000000000000000e-01
5.060900000000004439e+01,5.000000000000000000e-01
5.061000000000004917e+01,5.000000000000000000e-01
5.061100000000004684e+01,5.000000000000000000e-01
5.061200000000004451e+01,5.000000000000000000e-01
5.061300000000004928e+01,5.000000000000000000e-01
5.061400000000004695e+01,5.000000000000000000e-01
5.061500000000004462e+01,5.000000000000000000e-01
5.061600000000004940e+01,5.000000000000000000e-01
5.061700000000004707e+01,5.000000000000000000e-01
5.061800000000004474e+01,5.000000000000000000e-01
5.061900000000004951e+01,5.000000000000000000e-01
5.062000000000004718e+01,5.000000000000000000e-01
5.062100000000004485e+01,5.000000000000000000e-01
5.062200000000004962e+01,5.000000000000000000e-01
5.062300000000004729e+01,5.000000000000000000e-01
5.062400000000004496e+01,5.000000000000000000e-01
5.062500000000004974e+01,5.000000000000000000e-01
5.062600000000004741e+01,5.000000000000000000e-01
5.062700000000004508e+01,5.000000000000000000e-01
5.062800000000004985e+01,5.000000000000000000e-01
5.062900000000004752e+01,5.000000000000000000e-01
5.063000000000004519e+01,5.000000000000000000e-01
5.063100000000004997e+01,5.000000000000000000e-01
5.063200000000004763e+01,5.000000000000000000e-01
5.063300000000004530e+01,5.000000000000000000e-01
5.063400000000005008e+01,5.000000000000000000e-01
5.063500000000004775e+01,5.000000000000000000e-01
5.063600000000004542e+01,5.000000000000000000e-01
5.063700000000005019e+01,5.000000000000000000e-01
5.063800000000004786e+01,5.000000000000000000e-01
5.063900000000004553e+01,5.000000000000000000e-01
5.064000000000004320e+01,5.000000000000000000e-01
5.064100000000004798e+01,5.000000000000000000e-01
5.064200000000004565e+01,5.000000000000000000e-01
5.064300000000004331e+01,5.000000000000000000e-01
5.064400000000004809e+01,5.000000000000000000e-01
5.064500000000004576e+01,5.000000000000000000e-01
5.064600000000004343e+01,5.000000000000000000e-01
5.064700000000004820e+01,5.000000000000000000e-01
5.064800000000004587e+01,5.000000000000000000e-01
5.064900000000004354e+01,5.000000000000000000e-01
5.065000000000004832e+01,5.000000000000000000e-01
5.065100000000004599e+01,5.000000000000000000e-01
5.065200000000004366e+01,5.000000000000000000e-01
5.065300000000004843e+01,5.000000000000000000e-01
5.065400000000004610e+01,5.000000000000000000e-01
5.065500000000004377e+01,5.000000000000000000e-01
5.065600000000004854e+01,5.000000000000000000e-01
5.065700000000004621e+01,5.000000000000000000e-01
5.065800000000004388e+01,5.000000000000000000e-01
5.065900000000004866e+01,5.000000000000000000e-01
5.066000000000004633e+01,5.000000000000000000e-01
5.066100000000004400e+01,5.000000000000000000e-01
5.066200000000004877e+01,5.000000000000000000e-01
5.066300000000004644e+01,5.000000000000000000e-01
5.066400000000004411e+01,5.000000000000000000e-01
5.066500000000004889e+01,5.000000000000000000e-01
5.066600000000004655e+01,5.000000000000000000e-01
5.066700000000004422e+01,5.000000000000000000e-01
5.066800000000004900e+01,5.000000000000000000e-01
5.066900000000004667e+01,5.000000000000000000e-01
5.067000000000004434e+01,5.000000000000000000e-01
5.067100000000004911e+01,5.000000000000000000e-01
5.067200000000004678e+01,5.000000000000000000e-01
5.067300000000004445e+01,5.000000000000000000e-01
5.067400000000004923e+01,5.000000000000000000e-01
5.067500000000004690e+01,5.000000000000000000e-01
5.067600000000004457e+01,5.000000000000000000e-01
5.067700000000004934e+01,5.000000000000000000e-01
5.067800000000004701e+01,5.000000000000000000e-01
5.067900000000004468e+01,5.000000000000000000e-01
5.068000000000004945e+01,5.000000000000000000e-01
5.068100000000004712e+01,5.000000000000000000e-01
5.068200000000004479e+01,5.000000000000000000e-01
5.068300000000004957e+01,5.000000000000000000e-01
5.068400000000004724e+01,5.000000000000000000e-01
5.068500000000004491e+01,5.000000000000000000e-01
5.068600000000004968e+01,5.000000000000000000e-01
5.068700000000004735e+01,5.000000000000000000e-01
5.068800000000004502e+01,5.000000000000000000e-01
5.068900000000004979e+01,5.000000000000000000e-01
5.069000000000004746e+01,5.000000000000000000e-01
5.069100000000004513e+01,5.000000000000000000e-01
5.069200000000004991e+01,5.000000000000000000e-01
5.069300000000004758e+01,5.000000000000000000e-01
5.069400000000004525e+01,5.000000000000000000e-01
5.069500000000005002e+01,5.000000000000000000e-01
5.069600000000004769e+01,5.000000000000000000e-01
5.069700000000004536e+01,5.000000000000000000e-01
5.069800000000005014e+01,5.000000000000000000e-01
5.069900000000004781e+01,5.000000000000000000e-01
5.070000000000004547e+01,5.000000000000000000e-01
5.070100000000004314e+01,5.000000000000000000e-01
5.070200000000004792e+01,5.000000000000000000e-01
5.070300000000004559e+01,5.000000000000000000e-01
5.070400000000004326e+01,5.000000000000000000e-01
5.070500000000004803e+01,5.000000000000000000e-01
5.070600000000004570e+01,5.000000000000000000e-01
5.070700000000004337e+01,5.000000000000000000e-01
5.070800000000004815e+01,5.000000000000000000e-01
5.070900000000004582e+01,5.000000000000000000e-01
5.071000000000004349e+01,5.000000000000000000e-01
5.071100000000004826e+01,5.000000000000000000e-01
5.071200000000004593e+01,5.000000000000000000e-01
5.071300000000004360e+01,5.000000000000000000e-01
5.071400000000004837e+01,5.000000000000000000e-01
5.071500000000004604e+01,5.000000000000000000e-01
5.071600000000004371e+01,5.000000000000000000e-01
5.071700000000004849e+01,5.000000000000000000e-01
5.071800000000004616e+01,5.000000000000000000e-01
5.071900000000004383e+01,5.000000000000000000e-01
5.072000000000004860e+01,5.000000000000000000e-01
5.072100000000004627e+01,5.000000000000000000e-01
5.072200000000004394e+01,5.000000000000000000e-01
5.072300000000004871e+01,5.000000000000000000e-01
5.072400000000004638e+01,5.000000000000000000e-01
5.072500000000004405e+01,5.000000000000000000e-01
5.072600000000004883e+01,5.000000000000000000e-01
5.072700000000004650e+01,5.000000000000000000e-01
5.072800000000004417e+01,5.000000000000000000e-01
5.072900000000004894e+01,5.000000000000000000e-01
5.073000000000004661e+01,5.000000000000000000e-01
5.073100000000004428e+01,5.000000000000000000e-01
5.073200000000004906e+01,5.000000000000000000e-01
5.073300000000004673e+01,5.000000000000000000e-01
5.073400000000004439e+01,5.000000000000000000e-01
5.073500000000004917e+01,5.000000000000000000e-01
5.073600000000004684e+01,5.000000000000000000e-01
5.073700000000004451e+01,5.000000000000000000e-01
5.073800000000004928e+01,5.000000000000000000e-01
5.073900000000004695e+01,5.000000000000000000e-01
5.074000000000004462e+01,5.000000000000000000e-01
5.074100000000004940e+01,5.000000000000000000e-01
5.074200000000004707e+01,5.000000000000000000e-01
5.074300000000004474e+01,5.000000000000000000e-01
5.074400000000004951e+01,5.000000000000000000e-01
5.074500000000004718e+01,5.000000000000000000e-01
5.074600000000004485e+01,5.000000000000000000e-01
5.074700000000004962e+01,5.000000000000000000e-01
5.074800000000004729e+01,5.000000000000000000e-01
5.074900000000004496e+01,5.000000000000000000e-01
5.075000000000004974e+01,5.000000000000000000e-01
5.075100000000004741e+01,5.000000000000000000e-01
5.075200000000004508e+01,5.000000000000000000e-01
5.075300000000004985e+01,5.000000000000000000e-01
5.075400000000004752e+01,5.000000000000000000e-01
5.075500000000004519e+01,5.000000000000000000e-01
5.075600000000004997e+01,5.000000000000000000e-01
5.075700000000004763e+01,5.000000000000000000e-01
5.075800000000004530e+01,5.000000000000000000e-01
5.075900000000005008e+01,5.000000000000000000e-01
5.076000000000004775e+01,5.000000000000000000e-01
5.076100000000004542e+01,5.000000000000000000e-01
5.076200000000005019e+01,5.000000000000000000e-01
5.076300000000004786e+01,5.000000000000000000e-01
5.076400000000004553e+01,5.000000000000000000e-01
5.076500000000005031e+01,5.000000000000000000e-01
5.076600000000004798e+01,5.000000000000000000e-01
5.076700000000004565e+01,5.000000000000000000e-01
5.076800000000004331e+01,5.000000000000000000e-01
5.076900000000004809e+01,5.000000000000000000e-01
5.077000000000004576e+01,5.000000000000000000e-01
5.077100000000004343e+01,5.000000000000000000e-01
5.077200000000004820e+01,5.000000000000000000e-01
5.077300000000004587e+01,5.000000000000000000e-01
5.077400000000004354e+01,5.000000000000000000e-01
5.077500000000004832e+01,5.000000000000000000e-01
5.077600000000004599e+01,5.000000000000000000e-01
5.077700000000004366e+01,5.000000000000000000e-01
5.077800000000004843e+01,5.000000000000000000e-01
5.077900000000004610e+01,5.000000000000000000e-01
5.078000000000004377e+01,5.000000000000000000e-01
5.078100000000004854e+01,5.000000000000000000e-01
5.078200000000004621e+01,5.000000000000000000e-01
5.078300000000004388e+01,5.000000000000000000e-01
5.078400000000004866e+01,5.000000000000000000e-01
5.078500000000004633e+01,5.000000000000000000e-01
5.078600000000004400e+01,5.000000000000000000e-01
5.078700000000004877e+01,5.000000000000000000e-01
5.078800000000004644e+01,5.000000000000000000e-01
5.078900000000004411e+01,5.000000000000000000e-01
5.079000000000004889e+01,5.000000000000000000e-01
5.079100000000004655e+01,5.000000000000000000e-01
5.079200000000004422e+01,5.000000000000000000e-01
5.079300000000004900e+01,5.000000000000000000e-01
5.079400000000004667e+01,5.000000000000000000e-01
5.079500000000004434e+01,5.000000000000000000e-01
5.079600000000004911e+01,5.000000000000000000e-01
5.079700000000004678e+01,5.000000000000000000e-01
5.079800000000004445e+01,5.000000000000000000e-01
5.079900000000004923e+01,5.000000000000000000e-01
5.080000000000004690e+01,5.000000000000000000e-01
5.080100000000004457e+01,5.000000000000000000e-01
5.080200000000004934e+01,5.000000000000000000e-01
5.080300000000004701e+01,5.000000000000000000e-01
5.080400000000004468e+01,5.000000000000000000e-01
5.080500000000004945e+01,5.000000000000000000e-01
5.080600000000004712e+01,5.000000000000000000e-01
5.080700000000004479e+01,5.000000000000000000e-01
5.080800000000004957e+01,5.000000000000000000e-01
5.080900000000004724e+01,5.000000000000000000e-01
5.081000000000004491e+01,5.000000000000000000e-01
5.081100000000004968e+01,5.000000000000000000e-01
5.081200000000004735e+01,5.000000000000000000e-01
5.081300000000004502e+01,5.000000000000000000e-01
5.081400000000004979e+01,5.000000000000000000e-01
5.081500000000004746e+01,5.000000000000000000e-01
5.081600000000004513e+01,5.000000000000000000e-01
5.081700000000004991e+01,5.000000000000000000e-01
5.081800000000004758e+01,5.000000000000000000e-01
5.081900000000004525e+01,5.000000000000000000e-01
5.082000000000005002e+01,5.000000000000000000e-01
5.082100000000004769e+01,5.000000000000000000e-01
5.082200000000004536e+01,5.000000000000000000e-01
5.082300000000005014e+01,5.000000000000000000e-01
5.082400000000004781e+01,5.000000000000000000e-01
5.082500000000004547e+01,5.000000000000000000e-01
5.082600000000005025e+01,5.000000000000000000e-01
5.082700000000004792e+01,5.000000000000000000e-01
5.082800000000004559e+01,5.000000000000000000e-01
5.082900000000004326e+01,5.000000000000000000e-01
5.083000000000004803e+01,5.000000000000000000e-01
5.083100000000004570e+01,5.000000000000000000e-01
5.083200000000004337e+01,5.000000000000000000e-01
5.083300000000004815e+01,5.000000000000000000e-01
5.083400000000004582e+01,5.000000000000000000e-01
5.083500000000004349e+01,5.000000000000000000e-01
5.083600000000004826e+01,5.000000000000000000e-01
5.083700000000004593e+01,5.000000000000000000e-01
5.083800000000004360e+01,5.000000000000000000e-01
5.083900000000004837e+01,5.000000000000000000e-01
5.084000000000004604e+01,5.000000000000000000e-01
5.084100000000004371e+01,5.000000000000000000e-01
5.084200000000004849e+01,5.000000000000000000e-01
5.084300000000004616e+01,5.000000000000000000e-01
5.084400000000004383e+01,5.000000000000000000e-01
5.084500000000004860e+01,5.000000000000000000e-01
5.084600000000004627e+01,5.000000000000000000e-01
5.084700000000004394e+01,5.000000000000000000e-01
5.084800000000004871e+01,5.000000000000000000e-01
5.084900000000004638e+01,5.000000000000000000e-01
5.085000000000004405e+01,5.000000000000000000e-01
5.085100000000004883e+01,5.000000000000000000e-01
5.085200000000004650e+01,5.000000000000000000e-01
5.085300000000004417e+01,5.000000000000000000e-01
5.085400000000004894e+01,5.000000000000000000e-01
5.085500000000004661e+01,5.000000000000000000e-01
5.085600000000004428e+01,5.000000000000000000e-01
5.085700000000004906e+01,5.000000000000000000e-01
5.085800000000004673e+01,5.000000000000000000e-01
5.085900000000004439e+01,5.000000000000000000e-01
5.086000000000004917e+01,5.000000000000000000e-01
5.086100000000004684e+01,5.000000000000000000e-01
5.086200000000004451e+01,5.000000000000000000e-01
5.086300000000004928e+01,5.000000000000000000e-01
5.086400000000004695e+01,5.000000000000000000e-01
5.086500000000004462e+01,5.000000000000000000e-01
5.086600000000004940e+01,5.000000000000000000e-01
5.086700000000004707e+01,5.000000000000000000e-01
5.086800000000004474e+01,5.000000000000000000e-01
5.086900000000004951e+01,5.000000000000000000e-01
5.087000000000004718e+01,5.000000000000000000e-01
5.087100000000004485e+01,5.000000000000000000e-01
5.087200000000004962e+01,5.000000000000000000e-01
5.087300000000004729e+01,5.000000000000000000e-01
5.087400000000004496e+01,5.000000000000000000e-01
5.087500000000004974e+01,5.000000000000000000e-01
5.087600000000004741e+01,5.000000000000000000e-01
5.087700000000004508e+01,5.000000000000000000e-01
5.087800000000004985e+01,5.000000000000000000e-01
5.087900000000004752e+01,5.000000000000000000e-01
5.088000000000004519e+01,5.000000000000000000e-01
5.088100000000004997e+01,5.000000000000000000e-01
5.088200000000004763e+01,5.000000000000000000e-01
5.088300000000004530e+01,5.000000000000000000e-01
5.088400000000005008e+01,5.000000000000000000e-01
5.088500000000004775e+01,5.000000000000000000e-01
5.088600000000004542e+01,5.000000000000000000e-01
5.088700000000005019e+01,5.000000000000000000e-01
5.088800000000004786e+01,5.000000000000000000e-01
5.088900000000004553e+01,5.000000000000000000e-01
5.089000000000005031e+01,5.000000000000000000e-01
5.089100000000004798e+01,5.000000000000000000e-01
5.089200000000004565e+01,5.000000000000000000e-01
5.089300000000005042e+01,5.000000000000000000e-01
5.089400000000004809e+01,5.000000000000000000e-01
5.089500000000004576e+01,5.000000000000000000e-01
5.089600000000004343e+01,5.000000000000000000e-01
5.089700000000004820e+01,5.000000000000000000e-01
5.089800000000004587e+01,5.000000000000000000e-01
5.089900000000004354e+01,5.000000000000000000e-01
5.090000000000004832e+01,5.000000000000000000e-01
5.090100000000004599e+01,5.000000000000000000e-01
5.090200000000004366e+01,5.000000000000000000e-01
5.090300000000004843e+01,5.000000000000000000e-01
5.090400000000004610e+01,5.000000000000000000e-01
5.090500000000004377e+01,5.000000000000000000e-01
5.090600000000004854e+01,5.000000000000000000e-01
5.090700000000004621e+01,5.000000000000000000e-01
5.090800000000004388e+01,5.000000000000000000e-01
5.090900000000004866e+01,5.000000000000000000e-01
5.091000000000004633e+01,5.000000000000000000e-01
5.091100000000004400e+01,5.000000000000000000e-01
5.091200000000004877e+01,5.000000000000000000e-01
5.091300000000004644e+01,5.000000000000000000e-01
5.091400000000004411e+01,5.000000000000000000e-01
5.091500000000004889e+01,5.000000000000000000e-01
5.091600000000004655e+01,5.000000000000000000e-01
5.091700000000004422e+01,5.000000000000000000e-01
5.091800000000004900e+01,5.000000000000000000e-01
5.091900000000004667e+01,5.000000000000000000e-01
5.092000000000004434e+01,5.000000000000000000e-01
5.092100000000004911e+01,5.000000000000000000e-01
5.092200000000004678e+01,5.000000000000000000e-01
5.092300000000004445e+01,5.000000000000000000e-01
5.092400000000004923e+01,5.000000000000000000e-01
5.092500000000004690e+01,5.000000000000000000e-01
5.092600000000004457e+01,5.000000000000000000e-01
5.092700000000004934e+01,5.000000000000000000e-01
5.092800000000004701e+01,5.000000000000000000e-01
5.092900000000004468e+01,5.000000000000000000e-01
5.093000000000004945e+01,5.000000000000000000e-01
5.093100000000004712e+01,5.000000000000000000e-01
5.093200000000004479e+01,5.000000000000000000e-01
5.093300000000004957e+01,5.000000000000000000e-01
5.093400000000004724e+01,5.000000000000000000e-01
5.093500000000004491e+01,5.000000000000000000e-01
5.093600000000004968e+01,5.000000000000000000e-01
5.093700000000004735e+01,5.000000000000000000e-01
5.093800000000004502e+01,5.000000000000000000e-01
5.093900000000004979e+01,5.000000000000000000e-01
5.094000000000004746e+01,5.000000000000000000e-01
5.094100000000004513e+01,5.000000000000000000e-01
5.094200000000004991e+01,5.000000000000000000e-01
5.094300000000004758e+01,5.000000000000000000e-01
5.094400000000004525e+01,5.000000000000000000e-01
5.094500000000005002e+01,5.000000000000000000e-01
5.094600000000004769e+01,5.000000000000000000e-01
5.094700000000004536e+01,5.000000000000000000e-01
5.094800000000005014e+01,5.000000000000000000e-01
5.094900000000004781e+01,5.000000000000000000e-01
5.095000000000004547e+01,5.000000000000000000e-01
5.095100000000005025e+01,5.000000000000000000e-01
5.095200000000004792e+01,5.000000000000000000e-01
5.095300000000004559e+01,5.000000000000000000e-01
5.095400000000005036e+01,5.000000000000000000e-01
5.095500000000004803e+01,5.000000000000000000e-01
5.095600000000004570e+01,5.000000000000000000e-01
5.095700000000004337e+01,5.000000000000000000e-01
5.095800000000004815e+01,5.000000000000000000e-01
5.095900000000004582e+01,5.000000000000000000e-01
5.096000000000004349e+01,5.000000000000000000e-01
5.096100000000004826e+01,5.000000000000000000e-01
5.096200000000004593e+01,5.000000000000000000e-01
5.096300000000004360e+01,5.000000000000000000e-01
5.096400000000004837e+01,5.000000000000000000e-01
5.096500000000004604e+01,5.000000000000000000e-01
5.096600000000004371e+01,5.000000000000000000e-01
5.096700000000004849e+01,5.000000000000000000e-01
5.096800000000004616e+01,5.000000000000000000e-01
5.096900000000004383e+01,5.000000000000000000e-01
5.097000000000004860e+01,5.000000000000000000e-01
5.097100000000004627e+01,5.000000000000000000e-01
5.097200000000004394e+01,5.000000000000000000e-01
5.097300000000004871e+01,5.000000000000000000e-01
5.097400000000004638e+01,5.000000000000000000e-01
5.097500000000004405e+01,5.000000000000000000e-01
5.097600000000004883e+01,5.000000000000000000e-01
5.097700000000004650e+01,5.000000000000000000e-01
5.097800000000004417e+01,5.000000000000000000e-01
5.097900000000004894e+01,5.000000000000000000e-01
5.098000000000004661e+01,5.000000000000000000e-01
5.098100000000004428e+01,5.000000000000000000e-01
5.098200000000004906e+01,5.000000000000000000e-01
5.098300000000004673e+01,5.000000000000000000e-01
5.098400000000004439e+01,5.000000000000000000e-01
5.098500000000004917e+01,5.000000000000000000e-01
5.098600000000004684e+01,5.000000000000000000e-01
5.098700000000004451e+01,5.000000000000000000e-01
5.098800000000004928e+01,5.000000000000000000e-01
5.098900000000004695e+01,5.000000000000000000e-01
5.099000000000004462e+01,5.000000000000000000e-01
5.099100000000004940e+01,5.000000000000000000e-01
5.099200000000004707e+01,5.000000000000000000e-01
5.099300000000004474e+01,5.000000000000000000e-01
5.099400000000004951e+01,5.000000000000000000e-01
5.099500000000004718e+01,5.000000000000000000e-01
5.099600000000004485e+01,5.000000000000000000e-01
5.099700000000004962e+01,5.000000000000000000e-01
5.099800000000004729e+01,5.000000000000000000e-01
5.099900000000004496e+01,5.000000000000000000e-01
5.100000000000004974e+01,5.000000000000000000e-01
5.100100000000004741e+01,5.000000000000000000e-01
5.100200000000004508e+01,5.000000000000000000e-01
5.100300000000004985e+01,5.000000000000000000e-01
5.100400000000004752e+01,5.000000000000000000e-01
5.100500000000004519e+01,5.000000000000000000e-01
5.100600000000004997e+01,5.000000000000000000e-01
5.100700000000004763e+01,5.000000000000000000e-01
5.100800000000004530e+01,5.000000000000000000e-01
5.100900000000005008e+01,5.000000000000000000e-01
5.101000000000004775e+01,5.000000000000000000e-01
5.101100000000004542e+01,5.000000000000000000e-01
5.101200000000005019e+01,5.000000000000000000e-01
5.101300000000004786e+01,5.000000000000000000e-01
5.101400000000004553e+01,5.000000000000000000e-01
5.101500000000005031e+01,5.000000000000000000e-01
5.101600000000004798e+01,5.000000000000000000e-01
5.101700000000004565e+01,5.000000000000000000e-01
5.101800000000005042e+01,5.000000000000000000e-01
5.101900000000004809e+01,5.000000000000000000e-01
5.102000000000004576e+01,5.000000000000000000e-01
5.102100000000005053e+01,5.000000000000000000e-01
5.102200000000004820e+01,5.000000000000000000e-01
5.102300000000004587e+01,5.000000000000000000e-01
5.102400000000004354e+01,5.000000000000000000e-01
5.102500000000004832e+01,5.000000000000000000e-01
5.102600000000004599e+01,5.000000000000000000e-01
5.102700000000004366e+01,5.000000000000000000e-01
5.102800000000004843e+01,5.000000000000000000e-01
5.102900000000004610e+01,5.000000000000000000e-01
5.103000000000004377e+01,5.000000000000000000e-01
5.103100000000004854e+01,5.000000000000000000e-01
5.103200000000004621e+01,5.000000000000000000e-01
5.103300000000004388e+01,5.000000000000000000e-01
5.103400000000004866e+01,5.000000000000000000e-01
5.103500000000004633e+01,5.000000000000000000e-01
5.103600000000004400e+01,5.000000000000000000e-01
5.103700000000004877e+01,5.000000000000000000e-01
5.103800000000004644e+01,5.000000000000000000e-01
5.103900000000004411e+01,5.000000000000000000e-01
5.104000000000004889e+01,5.000000000000000000e-01
5.104100000000004655e+01,5.000000000000000000e-01
5.104200000000004422e+01,5.000000000000000000e-01
5.104300000000004900e+01,5.000000000000000000e-01
5.104400000000004667e+01,5.000000000000000000e-01
5.104500000000004434e+01,5.000000000000000000e-01
5.104600000000004911e+01,5.000000000000000000e-01
5.104700000000004678e+01,5.000000000000000000e-01
5.104800000000004445e+01,5.000000000000000000e-01
5.104900000000004923e+01,5.000000000000000000e-01
5.105000000000004690e+01,5.000000000000000000e-01
5.105100000000004457e+01,5.000000000000000000e-01
5.105200000000004934e+01,5.000000000000000000e-01
5.105300000000004701e+01,5.000000000000000000e-01
5.105400000000004468e+01,5.000000000000000000e-01
5.105500000000004945e+01,5.000000000000000000e-01
5.105600000000004712e+01,5.000000000000000000e-01
5.105700000000004479e+01,5.000000000000000000e-01
5.105800000000004957e+01,5.000000000000000000e-01
5.105900000000004724e+01,5.000000000000000000e-01
5.106000000000004491e+01,5.000000000000000000e-01
5.106100000000004968e+01,5.000000000000000000e-01
5.106200000000004735e+01,5.000000000000000000e-01
5.106300000000004502e+01,5.000000000000000000e-01
5.106400000000004979e+01,5.000000000000000000e-01
5.106500000000004746e+01,5.000000000000000000e-01
5.106600000000004513e+01,5.000000000000000000e-01
5.106700000000004991e+01,5.000000000000000000e-01
5.106800000000004758e+01,5.000000000000000000e-01
5.106900000000004525e+01,5.000000000000000000e-01
5.107000000000005002e+01,5.000000000000000000e-01
5.107100000000004769e+01,5.000000000000000000e-01
5.107200000000004536e+01,5.000000000000000000e-01
5.107300000000005014e+01,5.000000000000000000e-01
5.107400000000004781e+01,5.000000000000000000e-01
5.107500000000004547e+01,5.000000000000000000e-01
5.107600000000005025e+01,5.000000000000000000e-01
5.107700000000004792e+01,5.000000000000000000e-01
5.107800000000004559e+01,5.000000000000000000e-01
5.107900000000005036e+01,5.000000000000000000e-01
5.108000000000004803e+01,5.000000000000000000e-01
5.108100000000004570e+01,5.000000000000000000e-01
5.108200000000005048e+01,5.000000000000000000e-01
5.108300000000004815e+01,5.000000000000000000e-01
5.108400000000004582e+01,5.000000000000000000e-01
5.108500000000004349e+01,5.000000000000000000e-01
5.108600000000004826e+01,5.000000000000000000e-01
5.108700000000004593e+01,5.000000000000000000e-01
5.108800000000004360e+01,5.000000000000000000e-01
5.108900000000004837e+01,5.000000000000000000e-01
5.109000000000004604e+01,5.000000000000000000e-01
5.109100000000004371e+01,5.000000000000000000e-01
5.109200000000004849e+01,5.000000000000000000e-01
5.109300000000004616e+01,5.000000000000000000e-01
5.109400000000004383e+01,5.000000000000000000e-01
5.109500000000004860e+01,5.000000000000000000e-01
5.109600000000004627e+01,5.000000000000000000e-01
5.109700000000004394e+01,5.000000000000000000e-01
5.109800000000004871e+01,5.000000000000000000e-01
5.109900000000004638e+01,5.000000000000000000e-01
5.110000000000004405e+01,5.000000000000000000e-01
5.110100000000004883e+01,5.000000000000000000e-01
5.110200000000004650e+01,5.000000000000000000e-01
5.110300000000004417e+01,5.000000000000000000e-01
5.110400000000004894e+01,5.000000000000000000e-01
5.110500000000004661e+01,5.000000000000000000e-01
5.110600000000004428e+01,5.000000000000000000e-01
5.110700000000004906e+01,5.000000000000000000e-01
5.110800000000004673e+01,5.000000000000000000e-01
5.110900000000004439e+01,5.000000000000000000e-01
5.111000000000004917e+01,5.000000000000000000e-01
5.111100000000004684e+01,5.000000000000000000e-01
5.111200000000004451e+01,5.000000000000000000e-01
5.111300000000004928e+01,5.000000000000000000e-01
5.111400000000004695e+01,5.000000000000000000e-01
5.111500000000004462e+01,5.000000000000000000e-01
5.111600000000004940e+01,5.000000000000000000e-01
5.111700000000004707e+01,5.000000000000000000e-01
5.111800000000004474e+01,5.000000000000000000e-01
5.111900000000004951e+01,5.000000000000000000e-01
5.112000000000004718e+01,5.000000000000000000e-01
5.112100000000004485e+01,5.000000000000000000e-01
5.112200000000004962e+01,5.000000000000000000e-01
5.112300000000004729e+01,5.000000000000000000e-01
5.112400000000004496e+01,5.000000000000000000e-01
5.112500000000004974e+01,5.000000000000000000e-01
5.112600000000004741e+01,5.000000000000000000e-01
5.112700000000004508e+01,5.000000000000000000e-01
5.112800000000004985e+01,5.000000000000000000e-01
5.112900000000004752e+01,5.000000000000000000e-01
5.113000000000004519e+01,5.000000000000000000e-01
5.113100000000004997e+01,5.000000000000000000e-01
5.113200000000004763e+01,5.000000000000000000e-01
5.113300000000004530e+01,5.000000000000000000e-01
5.113400000000005008e+01,5.000000000000000000e-01
5.113500000000004775e+01,5.000000000000000000e-01
5.113600000000004542e+01,5.000000000000000000e-01
5.113700000000005019e+01,5.000000000000000000e-01
5.113800000000004786e+01,5.000000000000000000e-01
5.113900000000004553e+01,5.000000000000000000e-01
5.114000000000005031e+01,5.000000000000000000e-01
5.114100000000004798e+01,5.000000000000000000e-01
5.114200000000004565e+01,5.000000000000000000e-01
5.114300000000005042e+01,5.000000000000000000e-01
5.114400000000004809e+01,5.000000000000000000e-01
5.114500000000004576e+01,5.000000000000000000e-01
5.114600000000005053e+01,5.000000000000000000e-01
5.114700000000004820e+01,5.000000000000000000e-01
5.114800000000004587e+01,5.000000000000000000e-01
5.114900000000005065e+01,5.000000000000000000e-01
5.115000000000004832e+01,5.000000000000000000e-01
5.115100000000004599e+01,5.000000000000000000e-01
5.115200000000004366e+01,5.000000000000000000e-01
5.115300000000004843e+01,5.000000000000000000e-01
5.115400000000004610e+01,5.000000000000000000e-01
5.115500000000004377e+01,5.000000000000000000e-01
5.115600000000004854e+01,5.000000000000000000e-01
5.115700000000004621e+01,5.000000000000000000e-01
5.115800000000004388e+01,5.000000000000000000e-01
5.115900000000004866e+01,5.000000000000000000e-01
5.116000000000004633e+01,5.000000000000000000e-01
5.116100000000004400e+01,5.000000000000000000e-01
5.116200000000004877e+01,5.000000000000000000e-01
5.116300000000004644e+01,5.000000000000000000e-01
5.116400000000004411e+01,5.000000000000000000e-01
5.116500000000004889e+01,5.000000000000000000e-01
5.116600000000004655e+01,5.000000000000000000e-01
5.116700000000004422e+01,5.000000000000000000e-01
5.116800000000004900e+01,5.000000000000000000e-01
5.116900000000004667e+01,5.000000000000000000e-01
5.117000000000004434e+01,5.000000000000000000e-01
5.117100000000004911e+01,5.000000000000000000e-01
5.117200000000004678e+01,5.000000000000000000e-01
5.117300000000004445e+01,5.000000000000000000e-01
5.117400000000004923e+01,5.000000000000000000e-01
5.117500000000004690e+01,5.000000000000000000e-01
5.117600000000004457e+01,5.000000000000000000e-01
5.117700000000004934e+01,5.000000000000000000e-01
5.117800000000004701e+01,5.000000000000000000e-01
5.117900000000004468e+01,5.000000000000000000e-01
5.118000000000004945e+01,5.000000000000000000e-01
5.118100000000004712e+01,5.000000000000000000e-01
5.118200000000004479e+01,5.000000000000000000e-01
5.118300000000004957e+01,5.000000000000000000e-01
5.118400000000004724e+01,5.000000000000000000e-01
5.118500000000004491e+01,5.000000000000000000e-01
5.118600000000004968e+01,5.000000000000000000e-01
5.118700000000004735e+01,5.000000000000000000e-01
5.118800000000004502e+01,5.000000000000000000e-01
5.118900000000004979e+01,5.000000000000000000e-01
5.119000000000004746e+01,5.000000000000000000e-01
5.119100000000004513e+01,5.000000000000000000e-01
5.119200000000004991e+01,5.000000000000000000e-01
5.119300000000004758e+01,5.000000000000000000e-01
5.119400000000004525e+01,5.000000000000000000e-01
5.119500000000005002e+01,5.000000000000000000e-01
5.119600000000004769e+01,5.000000000000000000e-01
5.119700000000004536e+01,5.000000000000000000e-01
5.119800000000005014e+01,5.000000000000000000e-01
5.119900000000004781e+01,5.000000000000000000e-01
5.120000000000004547e+01,5.000000000000000000e-01
5.120100000000005025e+01,5.000000000000000000e-01
5.120200000000004792e+01,5.000000000000000000e-01
5.120300000000004559e+01,5.000000000000000000e-01
5.120400000000005036e+01,5.000000000000000000e-01
5.120500000000004803e+01,5.000000000000000000e-01
5.120600000000004570e+01,5.000000000000000000e-01
5.120700000000005048e+01,5.000000000000000000e-01
5.120800000000004815e+01,5.000000000000000000e-01
5.120900000000004582e+01,5.000000000000000000e-01
5.121000000000005059e+01,5.000000000000000000e-01
5.121100000000004826e+01,5.000000000000000000e-01
5.121200000000004593e+01,5.000000000000000000e-01
5.121300000000004360e+01,5.000000000000000000e-01
5.121400000000004837e+01,5.000000000000000000e-01
5.121500000000004604e+01,5.000000000000000000e-01
5.121600000000004371e+01,5.000000000000000000e-01
5.121700000000004849e+01,5.000000000000000000e-01
5.121800000000004616e+01,5.000000000000000000e-01
5.121900000000004383e+01,5.000000000000000000e-01
5.122000000000004860e+01,5.000000000000000000e-01
5.122100000000004627e+01,5.000000000000000000e-01
5.122200000000004394e+01,5.000000000000000000e-01
5.122300000000004871e+01,5.000000000000000000e-01
5.122400000000004638e+01,5.000000000000000000e-01
5.122500000000004405e+01,5.000000000000000000e-01
5.122600000000004883e+01,5.000000000000000000e-01
5.122700000000004650e+01,5.000000000000000000e-01
5.122800000000004417e+01,5.000000000000000000e-01
5.122900000000004894e+01,5.000000000000000000e-01
5.123000000000004661e+01,5.000000000000000000e-01
5.123100000000004428e+01,5.000000000000000000e-01
5.123200000000004906e+01,5.000000000000000000e-01
5.123300000000004673e+01,5.000000000000000000e-01
5.123400000000004439e+01,5.000000000000000000e-01
5.123500000000004917e+01,5.000000000000000000e-01
5.123600000000004684e+01,5.000000000000000000e-01
5.123700000000004451e+01,5.000000000000000000e-01
5.123800000000004928e+01,5.000000000000000000e-01
5.123900000000004695e+01,5.000000000000000000e-01
5.124000000000004462e+01,5.000000000000000000e-01
5.124100000000004940e+01,5.000000000000000000e-01
5.124200000000004707e+01,5.000000000000000000e-01
5.124300000000004474e+01,5.000000000000000000e-01
5.124400000000004951e+01,5.000000000000000000e-01
5.124500000000004718e+01,5.000000000000000000e-01
5.124600000000004485e+01,5.000000000000000000e-01
5.124700000000004962e+01,5.000000000000000000e-01
5.124800000000004729e+01,5.000000000000000000e-01
5.124900000000004496e+01,5.000000000000000000e-01
5.125000000000004974e+01,5.000000000000000000e-01
5.125100000000004741e+01,5.000000000000000000e-01
5.125200000000004508e+01,5.000000000000000000e-01
5.125300000000004985e+01,5.000000000000000000e-01
5.125400000000004752e+01,5.000000000000000000e-01
5.125500000000004519e+01,5.000000000000000000e-01
5.125600000000004997e+01,5.000000000000000000e-01
5.125700000000004763e+01,5.000000000000000000e-01
5.125800000000004530e+01,5.000000000000000000e-01
5.125900000000005008e+01,5.000000000000000000e-01
5.126000000000004775e+01,5.000000000000000000e-01
5.126100000000004542e+01,5.000000000000000000e-01
5.126200000000005019e+01,5.000000000000000000e-01
5.126300000000004786e+01,5.000000000000000000e-01
5.126400000000004553e+01,5.000000000000000000e-01
5.126500000000005031e+01,5.000000000000000000e-01
5.126600000000004798e+01,5.000000000000000000e-01
5.126700000000004565e+01,5.000000000000000000e-01
5.126800000000005042e+01,5.000000000000000000e-01
5.126900000000004809e+01,5.000000000000000000e-01
5.127000000000004576e+01,5.000000000000000000e-01
5.127100000000005053e+01,5.000000000000000000e-01
5.127200000000004820e+01,5.000000000000000000e-01
5.127300000000004587e+01,5.000000000000000000e-01
5.127400000000005065e+01,5.000000000000000000e-01
5.127500000000004832e+01,5.000000000000000000e-01
5.127600000000004599e+01,5.000000000000000000e-01
5.127700000000005076e+01,5.000000000000000000e-01
5.127800000000004843e+01,5.000000000000000000e-01
5.127900000000004610e+01,5.000000000000000000e-01
5.128000000000004377e+01,5.000000000000000000e-01
5.128100000000004854e+01,5.000000000000000000e-01
5.128200000000004621e+01,5.000000000000000000e-01
5.128300000000004388e+01,5.000000000000000000e-01
5.128400000000004866e+01,5.000000000000000000e-01
5.128500000000004633e+01,5.000000000000000000e-01
5.128600000000004400e+01,5.000000000000000000e-01
5.128700000000004877e+01,5.000000000000000000e-01
5.128800000000004644e+01,5.000000000000000000e-01
5.128900000000004411e+01,5.000000000000000000e-01
5.129000000000004889e+01,5.000000000000000000e-01
5.129100000000004655e+01,5.000000000000000000e-01
5.129200000000004422e+01,5.000000000000000000e-01
5.129300000000004900e+01,5.000000000000000000e-01
5.129400000000004667e+01,5.000000000000000000e-01
5.129500000000004434e+01,5.000000000000000000e-01
5.129600000000004911e+01,5.000000000000000000e-01
5.129700000000004678e+01,5.000000000000000000e-01
5.129800000000004445e+01,5.000000000000000000e-01
5.129900000000004923e+01,5.000000000000000000e-01
5.130000000000004690e+01,5.000000000000000000e-01
5.130100000000004457e+01,5.000000000000000000e-01
5.130200000000004934e+01,5.000000000000000000e-01
5.130300000000004701e+01,5.000000000000000000e-01
5.130400000000004468e+01,5.000000000000000000e-01
5.130500000000004945e+01,5.000000000000000000e-01
5.130600000000004712e+01,5.000000000000000000e-01
5.130700000000004479e+01,5.000000000000000000e-01
5.130800000000004957e+01,5.000000000000000000e-01
5.130900000000004724e+01,5.000000000000000000e-01
5.131000000000004491e+01,5.000000000000000000e-01
5.131100000000004968e+01,5.000000000000000000e-01
5.131200000000004735e+01,5.000000000000000000e-01
5.131300000000004502e+01,5.000000000000000000e-01
5.131400000000004979e+01,5.000000000000000000e-01
5.131500000000004746e+01,5.000000000000000000e-01
5.131600000000004513e+01,5.000000000000000000e-01
5.131700000000004991e+01,5.000000000000000000e-01
5.131800000000004758e+01,5.000000000000000000e-01
5.131900000000004525e+01,5.000000000000000000e-01
5.132000000000005002e+01,5.000000000000000000e-01
5.132100000000004769e+01,5.000000000000000000e-01
5.132200000000004536e+01,5.000000000000000000e-01
5.132300000000005014e+01,5.000000000000000000e-01
5.132400000000004781e+01,5.000000000000000000e-01
5.132500000000004547e+01,5.000000000000000000e-01
5.132600000000005025e+01,5.000000000000000000e-01
5.132700000000004792e+01,5.000000000000000000e-01
5.132800000000004559e+01,5.000000000000000000e-01
5.132900000000005036e+01,5.000000000000000000e-01
5.133000000000004803e+01,5.000000000000000000e-01
5.133100000000004570e+01,5.000000000000000000e-01
5.133200000000005048e+01,5.000000000000000000e-01
5.133300000000004815e+01,5.000000000000000000e-01
5.133400000000004582e+01,5.000000000000000000e-01
5.133500000000005059e+01,5.000000000000000000e-01
5.133600000000004826e+01,5.000000000000000000e-01
5.133700000000004593e+01,5.000000000000000000e-01
5.133800000000005070e+01,5.000000000000000000e-01
5.133900000000004837e+01,5.000000000000000000e-01
5.134000000000004604e+01,5.000000000000000000e-01
5.134100000000004371e+01,5.000000000000000000e-01
5.134200000000004849e+01,5.000000000000000000e-01
5.134300000000004616e+01,5.000000000000000000e-01
5.134400000000004383e+01,5.000000000000000000e-01
5.134500000000004860e+01,5.000000000000000000e-01
5.134600000000004627e+01,5.000000000000000000e-01
5.134700000000004394e+01,5.000000000000000000e-01
5.134800000000004871e+01,5.000000000000000000e-01
5.134900000000004638e+01,5.000000000000000000e-01
5.135000000000004405e+01,5.000000000000000000e-01
5.135100000000004883e+01,5.000000000000000000e-01
5.135200000000004650e+01,5.000000000000000000e-01
5.135300000000004417e+01,5.000000000000000000e-01
5.135400000000004894e+01,5.000000000000000000e-01
5.135500000000004661e+01,5.000000000000000000e-01
5.135600000000004428e+01,5.000000000000000000e-01
5.135700000000004906e+01,5.000000000000000000e-01
5.135800000000004673e+01,5.000000000000000000e-01
5.135900000000004439e+01,5.000000000000000000e-01
5.136000000000004917e+01,5.000000000000000000e-01
5.136100000000004684e+01,5.000000000000000000e-01
5.136200000000004451e+01,5.000000000000000000e-01
5.136300000000004928e+01,5.000000000000000000e-01
5.136400000000004695e+01,5.000000000000000000e-01
5.136500000000004462e+01,5.000000000000000000e-01
5.136600000000004940e+01,5.000000000000000000e-01
5.136700000000004707e+01,5.000000000000000000e-01
5.136800000000004474e+01,5.000000000000000000e-01
5.136900000000004951e+01,5.000000000000000000e-01
5.137000000000004718e+01,5.000000000000000000e-01
5.137100000000004485e+01,5.000000000000000000e-01
5.137200000000004962e+01,5.000000000000000000e-01
5.137300000000004729e+01,5.000000000000000000e-01
5.137400000000004496e+01,5.000000000000000000e-01
5.137500000000004974e+01,5.000000000000000000e-01
5.137600000000004741e+01,5.000000000000000000e-01
5.137700000000004508e+01,5.000000000000000000e-01
5.137800000000004985e+01,5.000000000000000000e-01
5.137900000000004752e+01,5.000000000000000000e-01
5.138000000000004519e+01,5.000000000000000000e-01
5.138100000000004997e+01,5.000000000000000000e-01
5.138200000000004763e+01,5.000000000000000000e-01
5.138300000000004530e+01,5.000000000000000000e-01
5.138400000000005008e+01,5.000000000000000000e-01
5.138500000000004775e+01,5.000000000000000000e-01
5.138600000000004542e+01,5.000000000000000000e-01
5.138700000000005019e+01,5.000000000000000000e-01
5.138800000000004786e+01,5.000000000000000000e-01
5.138900000000004553e+01,5.000000000000000000e-01
5.139000000000005031e+01,5.000000000000000000e-01
5.139100000000004798e+01,5.000000000000000000e-01
5.139200000000004565e+01,5.000000000000000000e-01
5.139300000000005042e+01,5.000000000000000000e-01
5.139400000000004809e+01,5.000000000000000000e-01
5.139500000000004576e+01,5.000000000000000000e-01
5.139600000000005053e+01,5.000000000000000000e-01
5.139700000000004820e+01,5.000000000000000000e-01
5.139800000000004587e+01,5.000000000000000000e-01
5.139900000000005065e+01,5.000000000000000000e-01
5.140000000000004832e+01,5.000000000000000000e-01
5.140100000000004599e+01,5.000000000000000000e-01
5.140200000000005076e+01,5.000000000000000000e-01
5.140300000000004843e+01,5.000000000000000000e-01
5.140400000000004610e+01,5.000000000000000000e-01
5.140500000000005087e+01,5.000000000000000000e-01
5.140600000000004854e+01,5.000000000000000000e-01
5.140700000000004621e+01,5.000000000000000000e-01
5.140800000000004388e+01,5.000000000000000000e-01
5.140900000000004866e+01,5.000000000000000000e-01
5.141000000000004633e+01,5.000000000000000000e-01
5.141100000000004400e+01,5.000000000000000000e-01
5.141200000000004877e+01,5.000000000000000000e-01
5.141300000000004644e+01,5.000000000000000000e-01
5.141400000000004411e+01,5.000000000000000000e-01
5.141500000000004889e+01,5.000000000000000000e-01
5.141600000000004655e+01,5.000000000000000000e-01
5.141700000000004422e+01,5.000000000000000000e-01
5.141800000000004900e+01,5.000000000000000000e-01
5.141900000000004667e+01,5.000000000000000000e-01
5.142000000000004434e+01,5.000000000000000000e-01
5.142100000000004911e+01,5.000000000000000000e-01
5.142200000000004678e+01,5.000000000000000000e-01
5.142300000000004445e+01,5.000000000000000000e-01
5.142400000000004923e+01,5.000000000000000000e-01
5.142500000000004690e+01,5.000000000000000000e-01
5.142600000000004457e+01,5.000000000000000000e-01
5.142700000000004934e+01,5.000000000000000000e-01
5.142800000000004701e+01,5.000000000000000000e-01
5.142900000000004468e+01,5.000000000000000000e-01
5.143000000000004945e+01,5.000000000000000000e-01
5.143100000000004712e+01,5.000000000000000000e-01
5.143200000000004479e+01,5.000000000000000000e-01
5.143300000000004957e+01,5.000000000000000000e-01
5.143400000000004724e+01,5.000000000000000000e-01
5.143500000000004491e+01,5.000000000000000000e-01
5.143600000000004968e+01,5.000000000000000000e-01
5.143700000000004735e+01,5.000000000000000000e-01
5.143800000000004502e+01,5.000000000000000000e-01
5.143900000000004979e+01,5.000000000000000000e-01
5.144000000000004746e+01,5.000000000000000000e-01
5.144100000000004513e+01,5.000000000000000000e-01
5.144200000000004991e+01,5.000000000000000000e-01
5.144300000000004758e+01,5.000000000000000000e-01
5.144400000000004525e+01,5.000000000000000000e-01
5.144500000000005002e+01,5.000000000000000000e-01
5.144600000000004769e+01,5.000000000000000000e-01
5.144700000000004536e+01,5.000000000000000000e-01
5.144800000000005014e+01,5.000000000000000000e-01
5.144900000000004781e+01,5.000000000000000000e-01
5.145000000000004547e+01,5.000000000000000000e-01
5.145100000000005025e+01,5.000000000000000000e-01
5.145200000000004792e+01,5.000000000000000000e-01
5.145300000000004559e+01,5.000000000000000000e-01
5.145400000000005036e+01,5.000000000000000000e-01
5.145500000000004803e+01,5.000000000000000000e-01
5.145600000000004570e+01,5.000000000000000000e-01
5.145700000000005048e+01,5.000000000000000000e-01
5.145800000000004815e+01,5.000000000000000000e-01
5.145900000000004582e+01,5.000000000000000000e-01
5.146000000000005059e+01,5.000000000000000000e-01
5.146100000000004826e+01,5.000000000000000000e-01
5.146200000000004593e+01,5.000000000000000000e-01
5.146300000000005070e+01,5.000000000000000000e-01
5.146400000000004837e+01,5.000000000000000000e-01
5.146500000000004604e+01,5.000000000000000000e-01
5.146600000000005082e+01,5.000000000000000000e-01
5.146700000000004849e+01,5.000000000000000000e-01
5.146800000000004616e+01,5.000000000000000000e-01
5.146900000000004383e+01,5.000000000000000000e-01
5.147000000000004860e+01,5.000000000000000000e-01
5.147100000000004627e+01,5.000000000000000000e-01
5.147200000000004394e+01,5.000000000000000000e-01
5.147300000000004871e+01,5.000000000000000000e-01
5.147400000000004638e+01,5.000000000000000000e-01
5.147500000000004405e+01,5.000000000000000000e-01
5.147600000000004883e+01,5.000000000000000000e-01
5.147700000000004650e+01,5.000000000000000000e-01
5.147800000000004417e+01,5.000000000000000000e-01
5.147900000000004894e+01,5.000000000000000000e-01
5.148000000000004661e+01,5.000000000000000000e-01
5.148100000000004428e+01,5.000000000000000000e-01
5.148200000000004906e+01,5.000000000000000000e-01
5.148300000000004673e+01,5.000000000000000000e-01
5.148400000000004439e+01,5.000000000000000000e-01
5.148500000000004917e+01,5.000000000000000000e-01
5.148600000000004684e+01,5.000000000000000000e-01
5.148700000000004451e+01,5.000000000000000000e-01
5.148800000000004928e+01,5.000000000000000000e-01
5.148900000000004695e+01,5.000000000000000000e-01
5.149000000000004462e+01,5.000000000000000000e-01
5.149100000000004940e+01,5.000000000000000000e-01
5.149200000000004707e+01,5.000000000000000000e-01
5.149300000000004474e+01,5.000000000000000000e-01
5.149400000000004951e+01,5.000000000000000000e-01
5.149500000000004718e+01,5.000000000000000000e-01
5.149600000000004485e+01,5.000000000000000000e-01
5.149700000000004962e+01,5.000000000000000000e-01
5.149800000000004729e+01,5.000000000000000000e-01
5.149900000000004496e+01,5.000000000000000000e-01
5.150000000000004974e+01,5.000000000000000000e-01
5.150100000000004741e+01,5.000000000000000000e-01
5.150200000000004508e+01,5.000000000000000000e-01
5.150300000000004985e+01,5.000000000000000000e-01
5.150400000000004752e+01,5.000000000000000000e-01
5.150500000000004519e+01,5.000000000000000000e-01
5.150600000000004997e+01,5.000000000000000000e-01
5.150700000000004763e+01,5.000000000000000000e-01
5.150800000000004530e+01,5.000000000000000000e-01
5.150900000000005008e+01,5.000000000000000000e-01
5.151000000000004775e+01,5.000000000000000000e-01
5.151100000000004542e+01,5.000000000000000000e-01
5.151200000000005019e+01,5.000000000000000000e-01
5.151300000000004786e+01,5.000000000000000000e-01
5.151400000000004553e+01,5.000000000000000000e-01
5.151500000000005031e+01,5.000000000000000000e-01
5.151600000000004798e+01,5.000000000000000000e-01
5.151700000000004565e+01,5.000000000000000000e-01
5.151800000000005042e+01,5.000000000000000000e-01
5.151900000000004809e+01,5.000000000000000000e-01
5.152000000000004576e+01,5.000000000000000000e-01
5.152100000000005053e+01,5.000000000000000000e-01
5.152200000000004820e+01,5.000000000000000000e-01
5.152300000000004587e+01,5.000000000000000000e-01
5.152400000000005065e+01,5.000000000000000000e-01
5.152500000000004832e+01,5.000000000000000000e-01
5.152600000000004599e+01,5.000000000000000000e-01
5.152700000000005076e+01,5.000000000000000000e-01
5.152800000000004843e+01,5.000000000000000000e-01
5.152900000000004610e+01,5.000000000000000000e-01
5.153000000000005087e+01,5.000000000000000000e-01
5.153100000000004854e+01,5.000000000000000000e-01
5.153200000000004621e+01,5.000000000000000000e-01
5.153300000000005099e+01,5.000000000000000000e-01
5.153400000000004866e+01,5.000000000000000000e-01
5.153500000000004633e+01,5.000000000000000000e-01
5.153600000000004400e+01,5.000000000000000000e-01
5.153700000000004877e+01,5.000000000000000000e-01
5.153800000000004644e+01,5.000000000000000000e-01
5.153900000000004411e+01,5.000000000000000000e-01
5.154000000000004889e+01,5.000000000000000000e-01
5.154100000000004655e+01,5.000000000000000000e-01
5.154200000000004422e+01,5.000000000000000000e-01
5.154300000000004900e+01,5.000000000000000000e-01
5.154400000000004667e+01,5.000000000000000000e-01
5.154500000000004434e+01,5.000000000000000000e-01
5.154600000000004911e+01,5.000000000000000000e-01
5.154700000000004678e+01,5.000000000000000000e-01
5.154800000000004445e+01,5.000000000000000000e-01
5.154900000000004923e+01,5.000000000000000000e-01
5.155000000000004690e+01,5.000000000000000000e-01
5.155100000000004457e+01,5.000000000000000000e-01
5.155200000000004934e+01,5.000000000000000000e-01
5.155300000000004701e+01,5.000000000000000000e-01
5.155400000000004468e+01,5.000000000000000000e-01
5.155500000000004945e+01,5.000000000000000000e-01
5.155600000000004712e+01,5.000000000000000000e-01
5.155700000000004479e+01,5.000000000000000000e-01
5.155800000000004957e+01,5.000000000000000000e-01
5.155900000000004724e+01,5.000000000000000000e-01
5.156000000000004491e+01,5.000000000000000000e-01
5.156100000000004968e+01,5.000000000000000000e-01
5.156200000000004735e+01,5.000000000000000000e-01
5.156300000000004502e+01,5.000000000000000000e-01
5.156400000000004979e+01,5.000000000000000000e-01
5.156500000000004746e+01,5.000000000000000000e-01
5.156600000000004513e+01,5.000000000000000000e-01
5.156700000000004991e+01,5.000000000000000000e-01
5.156800000000004758e+01,5.000000000000000000e-01
5.156900000000004525e+01,5.000000000000000000e-01
5.157000000000005002e+01,5.000000000000000000e-01
5.157100000000004769e+01,5.000000000000000000e-01
5.157200000000004536e+01,5.000000000000000000e-01
5.157300000000005014e+01,5.000000000000000000e-01
5.157400000000004781e+01,5.000000000000000000e-01
5.157500000000004547e+01,5.000000000000000000e-01
5.157600000000005025e+01,5.000000000000000000e-01
5.157700000000004792e+01,5.000000000000000000e-01
5.157800000000004559e+01,5.000000000000000000e-01
5.157900000000005036e+01,5.000000000000000000e-01
5.158000000000004803e+01,5.000000000000000000e-01
5.158100000000004570e+01,5.000000000000000000e-01
5.158200000000005048e+01,5.000000000000000000e-01
5.158300000000004815e+01,5.000000000000000000e-01
5.158400000000004582e+01,5.000000000000000000e-01
5.158500000000005059e+01,5.000000000000000000e-01
5.158600000000004826e+01,5.000000000000000000e-01
5.158700000000004593e+01,5.000000000000000000e-01
5.158800000000005070e+01,5.000000000000000000e-01
5.158900000000004837e+01,5.000000000000000000e-01
5.159000000000004604e+01,5.000000000000000000e-01
5.159100000000005082e+01,5.000000000000000000e-01
5.159200000000004849e+01,5.000000000000000000e-01
5.159300000000004616e+01,5.000000000000000000e-01
5.159400000000005093e+01,5.000000000000000000e-01
5.159500000000004860e+01,5.000000000000000000e-01
5.159600000000004627e+01,5.000000000000000000e-01
5.159700000000004394e+01,5.000000000000000000e-01
5.159800000000004871e+01,5.000000000000000000e-01
5.159900000000004638e+01,5.000000000000000000e-01
5.160000000000004405e+01,5.000000000000000000e-01
5.160100000000004883e+01,5.000000000000000000e-01
5.160200000000004650e+01,5.000000000000000000e-01
5.160300000000004417e+01,5.000000000000000000e-01
5.160400000000004894e+01,5.000000000000000000e-01
5.160500000000004661e+01,5.000000000000000000e-01
5.160600000000004428e+01,5.000000000000000000e-01
5.160700000000004906e+01,5.000000000000000000e-01
5.160800000000004673e+01,5.000000000000000000e-01
5.160900000000004439e+01,5.000000000000000000e-01
5.161000000000004917e+01,5.000000000000000000e-01
5.161100000000004684e+01,5.000000000000000000e-01
5.161200000000004451e+01,5.000000000000000000e-01
5.161300000000004928e+01,5.000000000000000000e-01
5.161400000000004695e+01,5.000000000000000000e-01
5.161500000000004462e+01,5.000000000000000000e-01
5.161600000000004940e+01,5.000000000000000000e-01
5.161700000000004707e+01,5.000000000000000000e-01
5.161800000000004474e+01,5.000000000000000000e-01
5.161900000000004951e+01,5.000000000000000000e-01
5.162000000000004718e+01,5.000000000000000000e-01
5.162100000000004485e+01,5.000000000000000000e-01
5.162200000000004962e+01,5.000000000000000000e-01
5.162300000000004729e+01,5.000000000000000000e-01
5.162400000000004496e+01,5.000000000000000000e-01
5.162500000000004974e+01,5.000000000000000000e-01
5.162600000000004741e+01,5.000000000000000000e-01
5.162700000000004508e+01,5.000000000000000000e-01
5.162800000000004985e+01,5.000000000000000000e-01
5.162900000000004752e+01,5.000000000000000000e-01
5.163000000000004519e+01,5.000000000000000000e-01
5.163100000000004997e+01,5.000000000000000000e-01
5.163200000000004763e+01,5.000000000000000000e-01
5.163300000000004530e+01,5.000000000000000000e-01
5.163400000000005008e+01,5.000000000000000000e-01
5.163500000000004775e+01,5.000000000000000000e-01
5.163600000000004542e+01,5.000000000000000000e-01
5.163700000000005019e+01,5.000000000000000000e-01
5.163800000000004786e+01,5.000000000000000000e-01
5.163900000000004553e+01,5.000000000000000000e-01
5.164000000000005031e+01,5.000000000000000000e-01
5.164100000000004798e+01,5.000000000000000000e-01
5.164200000000004565e+01,5.000000000000000000e-01
5.164300000000005042e+01,5.000000000000000000e-01
5.164400000000004809e+01,5.000000000000000000e-01
5.164500000000004576e+01,5.000000000000000000e-01
5.164600000000005053e+01,5.000000000000000000e-01
5.164700000000004820e+01,5.000000000000000000e-01
5.164800000000004587e+01,5.000000000000000000e-01
5.164900000000005065e+01,5.000000000000000000e-01
5.165000000000004832e+01,5.000000000000000000e-01
5.165100000000004599e+01,5.000000000000000000e-01
5.165200000000005076e+01,5.000000000000000000e-01
5.165300000000004843e+01,5.000000000000000000e-01
5.165400000000004610e+01,5.000000000000000000e-01
5.165500000000005087e+01,5.000000000000000000e-01
5.165600000000004854e+01,5.000000000000000000e-01
5.165700000000004621e+01,5.000000000000000000e-01
5.165800000000005099e+01,5.000000000000000000e-01
5.165900000000004866e+01,5.000000000000000000e-01
5.166000000000004633e+01,5.000000000000000000e-01
5.166100000000005110e+01,5.000000000000000000e-01
5.166200000000004877e+01,5.000000000000000000e-01
5.166300000000004644e+01,5.000000000000000000e-01
5.166400000000004411e+01,5.000000000000000000e-01
5.166500000000004889e+01,5.000000000000000000e-01
5.166600000000004655e+01,5.000000000000000000e-01
5.166700000000004422e+01,5.000000000000000000e-01
5.166800000000004900e+01,5.000000000000000000e-01
5.166900000000004667e+01,5.000000000000000000e-01
5.167000000000004434e+01,5.000000000000000000e-01
5.167100000000004911e+01,5.000000000000000000e-01
5.167200000000004678e+01,5.000000000000000000e-01
5.167300000000004445e+01,5.000000000000000000e-01
5.167400000000004923e+01,5.000000000000000000e-01
5.167500000000004690e+01,5.000000000000000000e-01
5.167600000000004457e+01,5.000000000000000000e-01
5.167700000000004934e+01,5.000000000000000000e-01
5.167800000000004701e+01,5.000000000000000000e-01
5.167900000000004468e+01,5.000000000000000000e-01
5.168000000000004945e+01,5.000000000000000000e-01
5.168100000000004712e+01,5.000000000000000000e-01
5.168200000000004479e+01,5.000000000000000000e-01
5.168300000000004957e+01,5.000000000000000000e-01
5.168400000000004724e+01,5.000000000000000000e-01
5.168500000000004491e+01,5.000000000000000000e-01
5.168600000000004968e+01,5.000000000000000000e-01
5.168700000000004735e+01,5.000000000000000000e-01
5.168800000000004502e+01,5.000000000000000000e-01
5.168900000000004979e+01,5.000000000000000000e-01
5.169000000000004746e+01,5.000000000000000000e-01
5.169100000000004513e+01,5.000000000000000000e-01
5.169200000000004991e+01,5.000000000000000000e-01
5.169300000000004758e+01,5.000000000000000000e-01
5.169400000000004525e+01,5.000000000000000000e-01
5.169500000000005002e+01,5.000000000000000000e-01
5.169600000000004769e+01,5.000000000000000000e-01
5.169700000000004536e+01,5.000000000000000000e-01
5.169800000000005014e+01,5.000000000000000000e-01
5.169900000000004781e+01,5.000000000000000000e-01
5.170000000000004547e+01,5.000000000000000000e-01
5.170100000000005025e+01,5.000000000000000000e-01
5.170200000000004792e+01,5.000000000000000000e-01
5.170300000000004559e+01,5.000000000000000000e-01
5.170400000000005036e+01,5.000000000000000000e-01
5.170500000000004803e+01,5.000000000000000000e-01
5.170600000000004570e+01,5.000000000000000000e-01
5.170700000000005048e+01,5.000000000000000000e-01
5.170800000000004815e+01,5.000000000000000000e-01
5.170900000000004582e+01,5.000000000000000000e-01
5.171000000000005059e+01,5.000000000000000000e-01
5.171100000000004826e+01,5.000000000000000000e-01
5.171200000000004593e+01,5.000000000000000000e-01
5.171300000000005070e+01,5.000000000000000000e-01
5.171400000000004837e+01,5.000000000000000000e-01
5.171500000000004604e+01,5.000000000000000000e-01
5.171600000000005082e+01,5.000000000000000000e-01
5.171700000000004849e+01,5.000000000000000000e-01
5.171800000000004616e+01,5.000000000000000000e-01
5.171900000000005093e+01,5.000000000000000000e-01
5.172000000000004860e+01,5.000000000000000000e-01
5.172100000000004627e+01,5.000000000000000000e-01
5.172200000000005105e+01,5.000000000000000000e-01
5.172300000000004871e+01,5.000000000000000000e-01
5.172400000000004638e+01,5.000000000000000000e-01
5.172500000000004405e+01,5.000000000000000000e-01
5.172600000000004883e+01,5.000000000000000000e-01
5.172700000000004650e+01,5.000000000000000000e-01
5.172800000000004417e+01,5.000000000000000000e-01
5.172900000000004894e+01,5.000000000000000000e-01
5.173000000000004661e+01,5.000000000000000000e-01
5.173100000000004428e+01,5.000000000000000000e-01
5.173200000000004906e+01,5.000000000000000000e-01
5.173300000000004673e+01,5.000000000000000000e-01
5.173400000000004439e+01,5.000000000000000000e-01
5.173500000000004917e+01,5.000000000000000000e-01
5.173600000000004684e+01,5.000000000000000000e-01
5.173700000000004451e+01,5.000000000000000000e-01
5.173800000000004928e+01,5.000000000000000000e-01
5.173900000000004695e+01,5.000000000000000000e-01
5.174000000000004462e+01,5.000000000000000000e-01
5.174100000000004940e+01,5.000000000000000000e-01
5.174200000000004707e+01,5.000000000000000000e-01
5.174300000000004474e+01,5.000000000000000000e-01
5.174400000000004951e+01,5.000000000000000000e-01
5.174500000000004718e+01,5.000000000000000000e-01
5.174600000000004485e+01,5.000000000000000000e-01
5.174700000000004962e+01,5.000000000000000000e-01
5.174800000000004729e+01,5.000000000000000000e-01
5.174900000000004496e+01,5.000000000000000000e-01
5.175000000000004974e+01,5.000000000000000000e-01
5.175100000000004741e+01,5.000000000000000000e-01
5.175200000000004508e+01,5.000000000000000000e-01
5.175300000000004985e+01,5.000000000000000000e-01
5.175400000000004752e+01,5.000000000000000000e-01
5.175500000000004519e+01,5.000000000000000000e-01
5.175600000000004997e+01,5.000000000000000000e-01
5.175700000000004763e+01,5.000000000000000000e-01
5.175800000000004530e+01,5.000000000000000000e-01
5.175900000000005008e+01,5.000000000000000000e-01
5.176000000000004775e+01,5.000000000000000000e-01
5.176100000000004542e+01,5.000000000000000000e-01
5.176200000000005019e+01,5.000000000000000000e-01
5.176300000000004786e+01,5.000000000000000000e-01
5.176400000000004553e+01,5.000000000000000000e-01
5.176500000000005031e+01,5.000000000000000000e-01
5.176600000000004798e+01,5.000000000000000000e-01
5.176700000000004565e+01,5.000000000000000000e-01
5.176800000000005042e+01,5.000000000000000000e-01
5.176900000000004809e+01,5.000000000000000000e-01
5.177000000000004576e+01,5.000000000000000000e-01
5.177100000000005053e+01,5.000000000000000000e-01
5.177200000000004820e+01,5.000000000000000000e-01
5.177300000000004587e+01,5.000000000000000000e-01
5.177400000000005065e+01,5.000000000000000000e-01
5.177500000000004832e+01,5.000000000000000000e-01
5.177600000000004599e+01,5.000000000000000000e-01
5.177700000000005076e+01,5.000000000000000000e-01
5.177800000000004843e+01,5.000000000000000000e-01
5.177900000000004610e+01,5.000000000000000000e-01
5.178000000000005087e+01,5.000000000000000000e-01
5.178100000000004854e+01,5.000000000000000000e-01
5.178200000000004621e+01,5.000000000000000000e-01
5.178300000000005099e+01,5.000000000000000000e-01
5.178400000000004866e+01,5.000000000000000000e-01
5.178500000000004633e+01,5.000000000000000000e-01
5.178600000000005110e+01,5.000000000000000000e-01
5.178700000000004877e+01,5.000000000000000000e-01
5.178800000000004644e+01,5.000000000000000000e-01
5.178900000000005122e+01,5.000000000000000000e-01
5.179000000000004889e+01,5.000000000000000000e-01
5.179100000000004655e+01,5.000000000000000000e-01
5.179200000000004422e+01,5.000000000000000000e-01
5.179300000000004900e+01,5.000000000000000000e-01
5.179400000000004667e+01,5.000000000000000000e-01
5.179500000000004434e+01,5.000000000000000000e-01
5.179600000000004911e+01,5.000000000000000000e-01
5.179700000000004678e+01,5.000000000000000000e-01
5.179800000000004445e+01,5.000000000000000000e-01
5.179900000000004923e+01,5.000000000000000000e-01
5.180000000000004690e+01,5.000000000000000000e-01
5.180100000000004457e+01,5.000000000000000000e-01
5.180200000000004934e+01,5.000000000000000000e-01
5.180300000000004701e+01,5.000000000000000000e-01
5.180400000000004468e+01,5.000000000000000000e-01
5.180500000000004945e+01,5.000000000000000000e-01
5.180600000000004712e+01,5.000000000000000000e-01
5.180700000000004479e+01,5.000000000000000000e-01
5.180800000000004957e+01,5.000000000000000000e-01
5.180900000000004724e+01,5.000000000000000000e-01
5.181000000000004491e+01,5.000000000000000000e-01
5.181100000000004968e+01,5.000000000000000000e-01
5.181200000000004735e+01,5.000000000000000000e-01
5.181300000000004502e+01,5.000000000000000000e-01
5.181400000000004979e+01,5.000000000000000000e-01
5.181500000000004746e+01,5.000000000000000000e-01
5.181600000000004513e+01,5.000000000000000000e-01
5.181700000000004991e+01,5.000000000000000000e-01
5.181800000000004758e+01,5.000000000000000000e-01
5.181900000000004525e+01,5.000000000000000000e-01
5.182000000000005002e+01,5.000000000000000000e-01
5.182100000000004769e+01,5.000000000000000000e-01
5.182200000000004536e+01,5.000000000000000000e-01
5.182300000000005014e+01,5.000000000000000000e-01
5.182400000000004781e+01,5.000000000000000000e-01
5.182500000000004547e+01,5.000000000000000000e-01
5.182600000000005025e+01,5.000000000000000000e-01
5.182700000000004792e+01,5.000000000000000000e-01
5.182800000000004559e+01,5.000000000000000000e-01
5.182900000000005036e+01,5.000000000000000000e-01
5.183000000000004803e+01,5.000000000000000000e-01
5.183100000000004570e+01,5.000000000000000000e-01
5.183200000000005048e+01,5.000000000000000000e-01
5.183300000000004815e+01,5.000000000000000000e-01
5.183400000000004582e+01,5.000000000000000000e-01
5.183500000000005059e+01,5.000000000000000000e-01
5.183600000000004826e+01,5.000000000000000000e-01
5.183700000000004593e+01,5.000000000000000000e-01
5.183800000000005070e+01,5.000000000000000000e-01
5.183900000000004837e+01,5.000000000000000000e-01
5.184000000000004604e+01,5.000000000000000000e-01
5.184100000000005082e+01,5.000000000000000000e-01
5.184200000000004849e+01,5.000000000000000000e-01
5.184300000000004616e+01,5.000000000000000000e-01
5.184400000000005093e+01,5.000000000000000000e-01
5.184500000000004860e+01,5.000000000000000000e-01
5.184600000000004627e+01,5.000000000000000000e-01
5.184700000000005105e+01,5.000000000000000000e-01
5.184800000000004871e+01,5.000000000000000000e-01
5.184900000000004638e+01,5.000000000000000000e-01
5.185000000000005116e+01,5.000000000000000000e-01
5.185100000000004883e+01,5.000000000000000000e-01
5.185200000000004650e+01,5.000000000000000000e-01
5.185300000000004417e+01,5.000000000000000000e-01
5.185400000000004894e+01,5.000000000000000000e-01
5.185500000000004661e+01,5.000000000000000000e-01
5.185600000000004428e+01,5.000000000000000000e-01
5.185700000000004906e+01,5.000000000000000000e-01
5.185800000000004673e+01,5.000000000000000000e-01
5.185900000000004439e+01,5.000000000000000000e-01
5.186000000000004917e+01,5.000000000000000000e-01
5.186100000000004684e+01,5.000000000000000000e-01
5.186200000000004451e+01,5.000000000000000000e-01
5.186300000000004928e+01,5.000000000000000000e-01
5.186400000000004695e+01,5.000000000000000000e-01
5.186500000000004462e+01,5.000000000000000000e-01
5.186600000000004940e+01,5.000000000000000000e-01
5.186700000000004707e+01,5.000000000000000000e-01
5.186800000000004474e+01,5.000000000000000000e-01
5.186900000000004951e+01,5.000000000000000000e-01
5.187000000000004718e+01,5.000000000000000000e-01
5.187100000000004485e+01,5.000000000000000000e-01
5.187200000000004962e+01,5.000000000000000000e-01
5.187300000000004729e+01,5.000000000000000000e-01
5.187400000000004496e+01,5.000000000000000000e-01
5.187500000000004974e+01,5.000000000000000000e-01
5.187600000000004741e+01,5.000000000000000000e-01
5.187700000000004508e+01,5.000000000000000000e-01
5.187800000000004985e+01,5.000000000000000000e-01
5.187900000000004752e+01,5.000000000000000000e-01
5.188000000000004519e+01,5.000000000000000000e-01
5.188100000000004997e+01,5.000000000000000000e-01
5.188200000000004763e+01,5.000000000000000000e-01
5.188300000000004530e+01,5.000000000000000000e-01
5.188400000000005008e+01,5.000000000000000000e-01
5.188500000000004775e+01,5.000000000000000000e-01
5.188600000000004542e+01,5.000000000000000000e-01
5.188700000000005019e+01,5.000000000000000000e-01
5.188800000000004786e+01,5.000000000000000000e-01
5.188900000000004553e+01,5.000000000000000000e-01
5.189000000000005031e+01,5.000000000000000000e-01
5.189100000000004798e+01,5.000000000000000000e-01
5.189200000000004565e+01,5.000000000000000000e-01
5.189300000000005042e+01,5.000000000000000000e-01
5.189400000000004809e+01,5.000000000000000000e-01
5.189500000000004576e+01,5.000000000000000000e-01
5.189600000000005053e+01,5.000000000000000000e-01
5.189700000000004820e+01,5.000000000000000000e-01
5.189800000000004587e+01,5.000000000000000000e-01
5.189900000000005065e+01,5.000000000000000000e-01
5.190000000000004832e+01,5.000000000000000000e-01
5.190100000000004599e+01,5.000000000000000000e-01
5.190200000000005076e+01,5.000000000000000000e-01
5.190300000000004843e+01,5.000000000000000000e-01
5.190400000000004610e+01,5.000000000000000000e-01
5.190500000000005087e+01,5.000000000000000000e-01
5.190600000000004854e+01,5.000000000000000000e-01
5.190700000000004621e+01,5.000000000000000000e-01
5.190800000000005099e+01,5.000000000000000000e-01
5.190900000000004866e+01,5.000000000000000000e-01
5.191000000000004633e+01,5.000000000000000000e-01
5.191100000000005110e+01,5.000000000000000000e-01
5.191200000000004877e+01,5.000000000000000000e-01
5.191300000000004644e+01,5.000000000000000000e-01
5.191400000000005122e+01,5.000000000000000000e-01
5.191500000000004889e+01,5.000000000000000000e-01
5.191600000000004655e+01,5.000000000000000000e-01
5.191700000000005133e+01,5.000000000000000000e-01
5.191800000000004900e+01,5.000000000000000000e-01
5.191900000000004667e+01,5.000000000000000000e-01
5.192000000000004434e+01,5.000000000000000000e-01
5.192100000000004911e+01,5.000000000000000000e-01
5.192200000000004678e+01,5.000000000000000000e-01
5.192300000000004445e+01,5.000000000000000000e-01
5.192400000000004923e+01,5.000000000000000000e-01
5.192500000000004690e+01,5.000000000000000000e-01
5.192600000000004457e+01,5.000000000000000000e-01
5.192700000000004934e+01,5.000000000000000000e-01
5.192800000000004701e+01,5.000000000000000000e-01
5.192900000000004468e+01,5.000000000000000000e-01
5.193000000000004945e+01,5.000000000000000000e-01
5.193100000000004712e+01,5.000000000000000000e-01
5.193200000000004479e+01,5.000000000000000000e-01
5.193300000000004957e+01,5.000000000000000000e-01
5.193400000000004724e+01,5.000000000000000000e-01
5.193500000000004491e+01,5.000000000000000000e-01
5.193600000000004968e+01,5.000000000000000000e-01
5.193700000000004735e+01,5.000000000000000000e-01
5.193800000000004502e+01,5.000000000000000000e-01
5.193900000000004979e+01,5.000000000000000000e-01
5.194000000000004746e+01,5.000000000000000000e-01
5.194100000000004513e+01,5.000000000000000000e-01
5.194200000000004991e+01,5.000000000000000000e-01
5.194300000000004758e+01,5.000000000000000000e-01
5.194400000000004525e+01,5.000000000000000000e-01
5.194500000000005002e+01,5.000000000000000000e-01
5.194600000000004769e+01,5.000000000000000000e-01
5.194700000000004536e+01,5.000000000000000000e-01
5.194800000000005014e+01,5.000000000000000000e-01
5.194900000000004781e+01,5.000000000000000000e-01
5.195000000000004547e+01,5.000000000000000000e-01
5.195100000000005025e+01,5.000000000000000000e-01
5.195200000000004792e+01,5.000000000000000000e-01
5.195300000000004559e+01,5.000000000000000000e-01
5.195400000000005036e+01,5.000000000000000000e-01
5.195500000000004803e+01,5.000000000000000000e-01
5.195600000000004570e+01,5.000000000000000000e-01
5.195700000000005048e+01,5.000000000000000000e-01
5.195800000000004815e+01,5.000000000000000000e-01
5.195900000000004582e+01,5.000000000000000000e-01
5.196000000000005059e+01,5.000000000000000000e-01
5.196100000000004826e+01,5.000000000000000000e-01
5.196200000000004593e+01,5.000000000000000000e-01
5.196300000000005070e+01,5.000000000000000000e-01
5.196400000000004837e+01,5.000000000000000000e-01
5.196500000000004604e+01,5.000000000000000000e-01
5.196600000000005082e+01,5.000000000000000000e-01
5.196700000000004849e+01,5.000000000000000000e-01
5.196800000000004616e+01,5.000000000000000000e-01
5.196900000000005093e+01,5.000000000000000000e-01
5.197000000000004860e+01,5.000000000000000000e-01
5.197100000000004627e+01,5.000000000000000000e-01
5.197200000000005105e+01,5.000000000000000000e-01
5.197300000000004871e+01,5.000000000000000000e-01
5.197400000000004638e+01,5.000000000000000000e-01
5.197500000000005116e+01,5.000000000000000000e-01
5.197600000000004883e+01,5.000000000000000000e-01
5.197700000000004650e+01,5.000000000000000000e-01
5.197800000000005127e+01,5.000000000000000000e-01
5.197900000000004894e+01,5.000000000000000000e-01
5.198000000000004661e+01,5.000000000000000000e-01
5.198100000000004428e+01,5.000000000000000000e-01
5.198200000000004906e+01,5.000000000000000000e-01
5.198300000000004673e+01,5.000000000000000000e-01
5.198400000000004439e+01,5.000000000000000000e-01
5.198500000000004917e+01,5.000000000000000000e-01
5.198600000000004684e+01,5.000000000000000000e-01
5.198700000000004451e+01,5.000000000000000000e-01
5.198800000000004928e+01,5.000000000000000000e-01
5.198900000000004695e+01,5.000000000000000000e-01
5.199000000000004462e+01,5.000000000000000000e-01
5.199100000000004940e+01,5.000000000000000000e-01
5.199200000000004707e+01,5.000000000000000000e-01
5.199300000000004474e+01,5.000000000000000000e-01
5.199400000000004951e+01,5.000000000000000000e-01
5.199500000000004718e+01,5.000000000000000000e-01
5.199600000000004485e+01,5.000000000000000000e-01
5.199700000000004962e+01,5.000000000000000000e-01
5.199800000000004729e+01,5.000000000000000000e-01
5.199900000000004496e+01,5.000000000000000000e-01
5.200000000000004974e+01,5.000000000000000000e-01
5.200100000000004741e+01,5.000000000000000000e-01
5.200200000000004508e+01,5.000000000000000000e-01
5.200300000000004985e+01,5.000000000000000000e-01
5.200400000000004752e+01,5.000000000000000000e-01
5.200500000000004519e+01,5.000000000000000000e-01
5.200600000000004997e+01,5.000000000000000000e-01
5.200700000000004763e+01,5.000000000000000000e-01
5.200800000000004530e+01,5.000000000000000000e-01
5.200900000000005008e+01,5.000000000000000000e-01
5.201000000000004775e+01,5.000000000000000000e-01
5.201100000000004542e+01,5.000000000000000000e-01
5.201200000000005019e+01,5.000000000000000000e-01
5.201300000000004786e+01,5.000000000000000000e-01
5.201400000000004553e+01,5.000000000000000000e-01
5.201500000000005031e+01,5.000000000000000000e-01
5.201600000000004798e+01,5.000000000000000000e-01
5.201700000000004565e+01,5.000000000000000000e-01
5.201800000000005042e+01,5.000000000000000000e-01
5.201900000000004809e+01,5.000000000000000000e-01
5.202000000000004576e+01,5.000000000000000000e-01
5.202100000000005053e+01,5.000000000000000000e-01
5.202200000000004820e+01,5.000000000000000000e-01
5.202300000000004587e+01,5.000000000000000000e-01
5.202400000000005065e+01,5.000000000000000000e-01
5.202500000000004832e+01,5.000000000000000000e-01
5.202600000000004599e+01,5.000000000000000000e-01
5.202700000000005076e+01,5.000000000000000000e-01
5.202800000000004843e+01,5.000000000000000000e-01
5.202900000000004610e+01,5.000000000000000000e-01
5.203000000000005087e+01,5.000000000000000000e-01
5.203100000000004854e+01,5.000000000000000000e-01
5.203200000000004621e+01,5.000000000000000000e-01
5.203300000000005099e+01,5.000000000000000000e-01
5.203400000000004866e+01,5.000000000000000000e-01
5.203500000000004633e+01,5.000000000000000000e-01
5.203600000000005110e+01,5.000000000000000000e-01
5.203700000000004877e+01,5.000000000000000000e-01
5.203800000000004644e+01,5.000000000000000000e-01
5.203900000000005122e+01,5.000000000000000000e-01
5.204000000000004889e+01,5.000000000000000000e-01
5.204100000000004655e+01,5.000000000000000000e-01
5.204200000000005133e+01,5.000000000000000000e-01
5.204300000000004900e+01,5.000000000000000000e-01
5.204400000000004667e+01,5.000000000000000000e-01
5.204500000000005144e+01,5.000000000000000000e-01
5.204600000000004911e+01,5.000000000000000000e-01
5.204700000000004678e+01,5.000000000000000000e-01
5.204800000000004445e+01,5.000000000000000000e-01
5.204900000000004923e+01,5.000000000000000000e-01
5.205000000000004690e+01,5.000000000000000000e-01
5.205100000000004457e+01,5.000000000000000000e-01
5.205200000000004934e+01,5.000000000000000000e-01
5.205300000000004701e+01,5.000000000000000000e-01
5.205400000000004468e+01,5.000000000000000000e-01
5.205500000000004945e+01,5.000000000000000000e-01
5.205600000000004712e+01,5.000000000000000000e-01
5.205700000000004479e+01,5.000000000000000000e-01
5.205800000000004957e+01,5.000000000000000000e-01
5.205900000000004724e+01,5.000000000000000000e-01
5.206000000000004491e+01,5.000000000000000000e-01
5.206100000000004968e+01,5.000000000000000000e-01
5.206200000000004735e+01,5.000000000000000000e-01
5.206300000000004502e+01,5.000000000000000000e-01
5.206400000000004979e+01,5.000000000000000000e-01
5.206500000000004746e+01,5.000000000000000000e-01
5.206600000000004513e+01,5.000000000000000000e-01
5.206700000000004991e+01,5.000000000000000000e-01
5.206800000000004758e+01,5.000000000000000000e-01
5.206900000000004525e+01,5.000000000000000000e-01
5.207000000000005002e+01,5.000000000000000000e-01
5.207100000000004769e+01,5.000000000000000000e-01
5.207200000000004536e+01,5.000000000000000000e-01
5.207300000000005014e+01,5.000000000000000000e-01
5.207400000000004781e+01,5.000000000000000000e-01
5.207500000000004547e+01,5.000000000000000000e-01
5.207600000000005025e+01,5.000000000000000000e-01
5.207700000000004792e+01,5.000000000000000000e-01
5.207800000000004559e+01,5.000000000000000000e-01
5.207900000000005036e+01,5.000000000000000000e-01
5.208000000000004803e+01,5.000000000000000000e-01
5.208100000000004570e+01,5.000000000000000000e-01
5.208200000000005048e+01,5.000000000000000000e-01
5.208300000000004815e+01,5.000000000000000000e-01
5.208400000000004582e+01,5.000000000000000000e-01
5.208500000000005059e+01,5.000000000000000000e-01
5.208600000000004826e+01,5.000000000000000000e-01
5.208700000000004593e+01,5.000000000000000000e-01
5.208800000000005070e+01,5.000000000000000000e-01
5.208900000000004837e+01,5.000000000000000000e-01
5.209000000000004604e+01,5.000000000000000000e-01
5.209100000000005082e+01,5.000000000000000000e-01
5.209200000000004849e+01,5.000000000000000000e-01
5.209300000000004616e+01,5.000000000000000000e-01
5.209400000000005093e+01,5.000000000000000000e-01
5.209500000000004860e+01,5.000000000000000000e-01
5.209600000000004627e+01,5.000000000000000000e-01
5.209700000000005105e+01,5.000000000000000000e-01
5.209800000000004871e+01,5.000000000000000000e-01
5.209900000000004638e+01,5.000000000000000000e-01
5.210000000000005116e+01,5.000000000000000000e-01
5.210100000000004883e+01,5.000000000000000000e-01
5.210200000000004650e+01,5.000000000000000000e-01
5.210300000000005127e+01,5.000000000000000000e-01
5.210400000000004894e+01,5.000000000000000000e-01
5.210500000000004661e+01,5.000000000000000000e-01
5.210600000000005139e+01,5.000000000000000000e-01
5.210700000000004906e+01,5.000000000000000000e-01
5.210800000000004673e+01,5.000000000000000000e-01
5.210900000000004439e+01,5.000000000000000000e-01
5.211000000000004917e+01,5.000000000000000000e-01
5.211100000000004684e+01,5.000000000000000000e-01
5.211200000000004451e+01,5.000000000000000000e-01
5.211300000000004928e+01,5.000000000000000000e-01
5.211400000000004695e+01,5.000000000000000000e-01
5.211500000000004462e+01,5.000000000000000000e-01
5.211600000000004940e+01,5.000000000000000000e-01
5.211700000000004707e+01,5.000000000000000000e-01
5.211800000000004474e+01,5.000000000000000000e-01
5.211900000000004951e+01,5.000000000000000000e-01
5.212000000000004718e+01,5.000000000000000000e-01
5.212100000000004485e+01,5.000000000000000000e-01
5.212200000000004962e+01,5.000000000000000000e-01
5.212300000000004729e+01,5.000000000000000000e-01
5.212400000000004496e+01,5.000000000000000000e-01
5.212500000000004974e+01,5.000000000000000000e-01
5.212600000000004741e+01,5.000000000000000000e-01
5.212700000000004508e+01,5.000000000000000000e-01
5.212800000000004985e+01,5.000000000000000000e-01
5.212900000000004752e+01,5.000000000000000000e-01
5.213000000000004519e+01,5.000000000000000000e-01
5.213100000000004997e+01,5.000000000000000000e-01
5.213200000000004763e+01,5.000000000000000000e-01
5.213300000000004530e+01,5.000000000000000000e-01
5.213400000000005008e+01,5.000000000000000000e-01
5.213500000000004775e+01,5.000000000000000000e-01
5.213600000000004542e+01,5.000000000000000000e-01
5.213700000000005019e+01,5.000000000000000000e-01
5.213800000000004786e+01,5.000000000000000000e-01
5.213900000000004553e+01,5.000000000000000000e-01
5.214000000000005031e+01,5.000000000000000000e-01
5.214100000000004798e+01,5.000000000000000000e-01
5.214200000000004565e+01,5.000000000000000000e-01
5.214300000000005042e+01,5.000000000000000000e-01
5.214400000000004809e+01,5.000000000000000000e-01
5.214500000000004576e+01,5.000000000000000000e-01
5.214600000000005053e+01,5.000000000000000000e-01
5.214700000000004820e+01,5.000000000000000000e-01
5.214800000000004587e+01,5.000000000000000000e-01
5.214900000000005065e+01,5.000000000000000000e-01
5.215000000000004832e+01,5.000000000000000000e-01
5.215100000000004599e+01,5.000000000000000000e-01
5.215200000000005076e+01,5.000000000000000000e-01
5.215300000000004843e+01,5.000000000000000000e-01
5.215400000000004610e+01,5.000000000000000000e-01
5.215500000000005087e+01,5.000000000000000000e-01
5.215600000000004854e+01,5.000000000000000000e-01
5.215700000000004621e+01,5.000000000000000000e-01
5.215800000000005099e+01,5.000000000000000000e-01
5.215900000000004866e+01,5.000000000000000000e-01
5.216000000000004633e+01,5.000000000000000000e-01
5.216100000000005110e+01,5.000000000000000000e-01
5.216200000000004877e+01,5.000000000000000000e-01
5.216300000000004644e+01,5.000000000000000000e-01
5.216400000000005122e+01,5.000000000000000000e-01
5.216500000000004889e+01,5.000000000000000000e-01
5.216600000000004655e+01,5.000000000000000000e-01
5.216700000000005133e+01,5.000000000000000000e-01
5.216800000000004900e+01,5.000000000000000000e-01
5.216900000000004667e+01,5.000000000000000000e-01
5.217000000000005144e+01,5.000000000000000000e-01
5.217100000000004911e+01,5.000000000000000000e-01
5.217200000000004678e+01,5.000000000000000000e-01
5.217300000000005156e+01,5.000000000000000000e-01
5.217400000000004923e+01,5.000000000000000000e-01
5.217500000000004690e+01,5.000000000000000000e-01
5.217600000000004457e+01,5.000000000000000000e-01
5.217700000000004934e+01,5.000000000000000000e-01
5.217800000000004701e+01,5.000000000000000000e-01
5.217900000000004468e+01,5.000000000000000000e-01
5.218000000000004945e+01,5.000000000000000000e-01
5.218100000000004712e+01,5.000000000000000000e-01
5.218200000000004479e+01,5.000000000000000000e-01
5.218300000000004957e+01,5.000000000000000000e-01
5.218400000000004724e+01,5.000000000000000000e-01
5.218500000000004491e+01,5.000000000000000000e-01
5.218600000000004968e+01,5.000000000000000000e-01
5.218700000000004735e+01,5.000000000000000000e-01
5.218800000000004502e+01,5.000000000000000000e-01
5.218900000000004979e+01,5.000000000000000000e-01
5.219000000000004746e+01,5.000000000000000000e-01
5.219100000000004513e+01,5.000000000000000000e-01
5.219200000000004991e+01,5.000000000000000000e-01
5.219300000000004758e+01,5.000000000000000000e-01
5.219400000000004525e+01,5.000000000000000000e-01
5.219500000000005002e+01,5.000000000000000000e-01
5.219600000000004769e+01,5.000000000000000000e-01
5.219700000000004536e+01,5.000000000000000000e-01
5.219800000000005014e+01,5.000000000000000000e-01
5.219900000000004781e+01,5.000000000000000000e-01
5.220000000000004547e+01,5.000000000000000000e-01
5.220100000000005025e+01,5.000000000000000000e-01
5.220200000000004792e+01,5.000000000000000000e-01
5.220300000000004559e+01,5.000000000000000000e-01
5.220400000000005036e+01,5.000000000000000000e-01
5.220500000000004803e+01,5.000000000000000000e-01
5.220600000000004570e+01,5.000000000000000000e-01
5.220700000000005048e+01,5.000000000000000000e-01
5.220800000000004815e+01,5.000000000000000000e-01
5.220900000000004582e+01,5.000000000000000000e-01
5.221000000000005059e+01,5.000000000000000000e-01
5.221100000000004826e+01,5.000000000000000000e-01
5.221200000000004593e+01,5.000000000000000000e-01
5.221300000000005070e+01,5.000000000000000000e-01
5.221400000000004837e+01,5.000000000000000000e-01
5.221500000000004604e+01,5.000000000000000000e-01
5.221600000000005082e+01,5.000000000000000000e-01
5.221700000000004849e+01,5.000000000000000000e-01
5.221800000000004616e+01,5.000000000000000000e-01
5.221900000000005093e+01,5.000000000000000000e-01
5.222000000000004860e+01,5.000000000000000000e-01
5.222100000000004627e+01,5.000000000000000000e-01
5.222200000000005105e+01,5.000000000000000000e-01
5.222300000000004871e+01,5.000000000000000000e-01
5.222400000000004638e+01,5.000000000000000000e-01
5.222500000000005116e+01,5.000000000000000000e-01
5.222600000000004883e+01,5.000000000000000000e-01
5.222700000000004650e+01,5.000000000000000000e-01
5.222800000000005127e+01,5.000000000000000000e-01
5.222900000000004894e+01,5.000000000000000000e-01
5.223000000000004661e+01,5.000000000000000000e-01
5.223100000000005139e+01,5.000000000000000000e-01
5.223200000000004906e+01,5.000000000000000000e-01
5.223300000000004673e+01,5.000000000000000000e-01
5.223400000000005150e+01,5.000000000000000000e-01
5.223500000000004917e+01,5.000000000000000000e-01
5.223600000000004684e+01,5.000000000000000000e-01
5.223700000000004451e+01,5.000000000000000000e-01
5.223800000000004928e+01,5.000000000000000000e-01
5.223900000000004695e+01,5.000000000000000000e-01
5.224000000000004462e+01,5.000000000000000000e-01
5.224100000000004940e+01,5.000000000000000000e-01
5.224200000000004707e+01,5.000000000000000000e-01
5.224300000000004474e+01,5.000000000000000000e-01
5.224400000000004951e+01,5.000000000000000000e-01
5.224500000000004718e+01,5.000000000000000000e-01
5.224600000000004485e+01,5.000000000000000000e-01
5.224700000000004962e+01,5.000000000000000000e-01
5.224800000000004729e+01,5.000000000000000000e-01
5.224900000000004496e+01,5.000000000000000000e-01
5.225000000000004974e+01,5.000000000000000000e-01
5.225100000000004741e+01,5.000000000000000000e-01
5.225200000000004508e+01,5.000000000000000000e-01
5.225300000000004985e+01,5.000000000000000000e-01
5.225400000000004752e+01,5.000000000000000000e-01
5.225500000000004519e+01,5.000000000000000000e-01
5.225600000000004997e+01,5.000000000000000000e-01
5.225700000000004763e+01,5.000000000000000000e-01
5.225800000000004530e+01,5.000000000000000000e-01
5.225900000000005008e+01,5.000000000000000000e-01
5.226000000000004775e+01,5.000000000000000000e-01
5.226100000000004542e+01,5.000000000000000000e-01
5.226200000000005019e+01,5.000000000000000000e-01
5.226300000000004786e+01,5.000000000000000000e-01
5.226400000000004553e+01,5.000000000000000000e-01
5.226500000000005031e+01,5.000000000000000000e-01
5.226600000000004798e+01,5.000000000000000000e-01
5.226700000000004565e+01,5.000000000000000000e-01
5.226800000000005042e+01,5.000000000000000000e-01
5.226900000000004809e+01,5.000000000000000000e-01
5.227000000000004576e+01,5.000000000000000000e-01
5.227100000000005053e+01,5.000000000000000000e-01
5.227200000000004820e+01,5.000000000000000000e-01
5.227300000000004587e+01,5.000000000000000000e-01
5.227400000000005065e+01,5.000000000000000000e-01
5.227500000000004832e+01,5.000000000000000000e-01
5.227600000000004599e+01,5.000000000000000000e-01
5.227700000000005076e+01,5.000000000000000000e-01
5.227800000000004843e+01,5.000000000000000000e-01
5.227900000000004610e+01,5.000000000000000000e-01
5.228000000000005087e+01,5.000000000000000000e-01
5.228100000000004854e+01,5.000000000000000000e-01
5.228200000000004621e+01,5.000000000000000000e-01
5.228300000000005099e+01,5.000000000000000000e-01
5.228400000000004866e+01,5.000000000000000000e-01
5.228500000000004633e+01,5.000000000000000000e-01
5.228600000000005110e+01,5.000000000000000000e-01
5.228700000000004877e+01,5.000000000000000000e-01
5.228800000000004644e+01,5.000000000000000000e-01
5.228900000000005122e+01,5.000000000000000000e-01
5.229000000000004889e+01,5.000000000000000000e-01
5.229100000000004655e+01,5.000000000000000000e-01
5.229200000000005133e+01,5.000000000000000000e-01
5.229300000000004900e+01,5.000000000000000000e-01
5.229400000000004667e+01,5.000000000000000000e-01
5.229500000000005144e+01,5.000000000000000000e-01
5.229600000000004911e+01,5.000000000000000000e-01
5.229700000000004678e+01,5.000000000000000000e-01
5.229800000000005156e+01,5.000000000000000000e-01
5.229900000000004923e+01,5.000000000000000000e-01
5.230000000000004690e+01,5.000000000000000000e-01
5.230100000000005167e+01,5.000000000000000000e-01
5.230200000000004934e+01,5.000000000000000000e-01
5.230300000000004701e+01,5.000000000000000000e-01
5.230400000000004468e+01,5.000000000000000000e-01
5.230500000000004945e+01,5.000000000000000000e-01
5.230600000000004712e+01,5.000000000000000000e-01
5.230700000000004479e+01,5.000000000000000000e-01
5.230800000000004957e+01,5.000000000000000000e-01
5.230900000000004724e+01,5.000000000000000000e-01
5.231000000000004491e+01,5.000000000000000000e-01
5.231100000000004968e+01,5.000000000000000000e-01
5.231200000000004735e+01,5.000000000000000000e-01
5.231300000000004502e+01,5.000000000000000000e-01
5.231400000000004979e+01,5.000000000000000000e-01
5.231500000000004746e+01,5.000000000000000000e-01
5.231600000000004513e+01,5.000000000000000000e-01
5.231700000000004991e+01,5.000000000000000000e-01
5.231800000000004758e+01,5.000000000000000000e-01
5.231900000000004525e+01,5.000000000000000000e-01
5.232000000000005002e+01,5.000000000000000000e-01
5.232100000000004769e+01,5.000000000000000000e-01
5.232200000000004536e+01,5.000000000000000000e-01
5.232300000000005014e+01,5.000000000000000000e-01
5.232400000000004781e+01,5.000000000000000000e-01
5.232500000000004547e+01,5.000000000000000000e-01
5.232600000000005025e+01,5.000000000000000000e-01
5.232700000000004792e+01,5.000000000000000000e-01
5.232800000000004559e+01,5.000000000000000000e-01
5.232900000000005036e+01,5.000000000000000000e-01
5.233000000000004803e+01,5.000000000000000000e-01
5.233100000000004570e+01,5.000000000000000000e-01
5.233200000000005048e+01,5.000000000000000000e-01
5.233300000000004815e+01,5.000000000000000000e-01
5.233400000000004582e+01,5.000000000000000000e-01
5.233500000000005059e+01,5.000000000000000000e-01
5.233600000000004826e+01,5.000000000000000000e-01
5.233700000000004593e+01,5.000000000000000000e-01
5.233800000000005070e+01,5.000000000000000000e-01
5.233900000000004837e+01,5.000000000000000000e-01
5.234000000000004604e+01,5.000000000000000000e-01
5.234100000000005082e+01,5.000000000000000000e-01
5.234200000000004849e+01,5.000000000000000000e-01
5.234300000000004616e+01,5.000000000000000000e-01
5.234400000000005093e+01,5.000000000000000000e-01
5.234500000000004860e+01,5.000000000000000000e-01
5.234600000000004627e+01,5.000000000000000000e-01
5.234700000000005105e+01,5.000000000000000000e-01
5.234800000000004871e+01,5.000000000000000000e-01
5.234900000000004638e+01,5.000000000000000000e-01
5.235000000000005116e+01,5.000000000000000000e-01
5.235100000000004883e+01,5.000000000000000000e-01
5.235200000000004650e+01,5.000000000000000000e-01
5.235300000000005127e+01,5.000000000000000000e-01
5.235400000000004894e+01,5.000000000000000000e-01
5.235500000000004661e+01,5.000000000000000000e-01
5.235600000000005139e+01,5.000000000000000000e-01
5.235700000000004906e+01,5.000000000000000000e-01
5.235800000000004673e+01,5.000000000000000000e-01
5.235900000000005150e+01,5.000000000000000000e-01
5.236000000000004917e+01,5.000000000000000000e-01
5.236100000000004684e+01,5.000000000000000000e-01
5.236200000000005161e+01,5.000000000000000000e-01
5.236300000000004928e+01,5.000000000000000000e-01
5.236400000000004695e+01,5.000000000000000000e-01
5.236500000000004462e+01,5.000000000000000000e-01
5.236600000000004940e+01,5.000000000000000000e-01
5.236700000000004707e+01,5.000000000000000000e-01
5.236800000000004474e+01,5.000000000000000000e-01
5.236900000000004951e+01,5.000000000000000000e-01
5.237000000000004718e+01,5.000000000000000000e-01
5.237100000000004485e+01,5.000000000000000000e-01
5.237200000000004962e+01,5.000000000000000000e-01
5.237300000000004729e+01,5.000000000000000000e-01
5.237400000000004496e+01,5.000000000000000000e-01
5.237500000000004974e+01,5.000000000000000000e-01
5.237600000000004741e+01,5.000000000000000000e-01
5.237700000000004508e+01,5.000000000000000000e-01
5.237800000000004985e+01,5.000000000000000000e-01
5.237900000000004752e+01,5.000000000000000000e-01
5.238000000000004519e+01,5.000000000000000000e-01
5.238100000000004997e+01,5.000000000000000000e-01
5.238200000000004763e+01,5.000000000000000000e-01
5.238300000000004530e+01,5.000000000000000000e-01
5.238400000000005008e+01,5.000000000000000000e-01
5.238500000000004775e+01,5.000000000000000000e-01
5.238600000000004542e+01,5.000000000000000000e-01
5.238700000000005019e+01,5.000000000000000000e-01
5.238800000000004786e+01,5.000000000000000000e-01
5.238900000000004553e+01,5.000000000000000000e-01
5.239000000000005031e+01,5.000000000000000000e-01
5.239100000000004798e+01,5.000000000000000000e-01
5.239200000000004565e+01,5.000000000000000000e-01
5.239300000000005042e+01,5.000000000000000000e-01
5.239400000000004809e+01,5.000000000000000000e-01
5.239500000000004576e+01,5.000000000000000000e-01
5.239600000000005053e+01,5.000000000000000000e-01
5.239700000000004820e+01,5.000000000000000000e-01
5.239800000000004587e+01,5.000000000000000000e-01
5.239900000000005065e+01,5.000000000000000000e-01
5.240000000000004832e+01,5.000000000000000000e-01
5.240100000000004599e+01,5.000000000000000000e-01
5.240200000000005076e+01,5.000000000000000000e-01
5.240300000000004843e+01,5.000000000000000000e-01
5.240400000000004610e+01,5.000000000000000000e-01
5.240500000000005087e+01,5.000000000000000000e-01
5.240600000000004854e+01,5.000000000000000000e-01
5.240700000000004621e+01,5.000000000000000000e-01
5.240800000000005099e+01,5.000000000000000000e-01
5.240900000000004866e+01,5.000000000000000000e-01
5.241000000000004633e+01,5.000000000000000000e-01
5.241100000000005110e+01,5.000000000000000000e-01
5.241200000000004877e+01,5.000000000000000000e-01
5.241300000000004644e+01,5.000000000000000000e-01
5.241400000000005122e+01,5.000000000000000000e-01
5.241500000000004889e+01,5.000000000000000000e-01
5.241600000000004655e+01,5.000000000000000000e-01
5.241700000000005133e+01,5.000000000000000000e-01
5.241800000000004900e+01,5.000000000000000000e-01
5.241900000000004667e+01,5.000000000000000000e-01
5.242000000000005144e+01,5.000000000000000000e-01
5.242100000000004911e+01,5.000000000000000000e-01
5.242200000000004678e+01,5.000000000000000000e-01
5.242300000000005156e+01,5.000000000000000000e-01
5.242400000000004923e+01,5.000000000000000000e-01
5.242500000000004690e+01,5.000000000000000000e-01
5.242600000000005167e+01,5.000000000000000000e-01
5.242700000000004934e+01,5.000000000000000000e-01
5.242800000000004701e+01,5.000000000000000000e-01
5.242900000000005178e+01,5.000000000000000000e-01
5.243000000000004945e+01,5.000000000000000000e-01
5.243100000000004712e+01,5.000000000000000000e-01
5.243200000000004479e+01,5.000000000000000000e-01
5.243300000000004957e+01,5.000000000000000000e-01
5.243400000000004724e+01,5.000000000000000000e-01
5.243500000000004491e+01,5.000000000000000000e-01
5.243600000000004968e+01,5.000000000000000000e-01
5.243700000000004735e+01,5.000000000000000000e-01
5.243800000000004502e+01,5.000000000000000000e-01
5.243900000000004979e+01,5.000000000000000000e-01
5.244000000000004746e+01,5.000000000000000000e-01
5.244100000000004513e+01,5.000000000000000000e-01
5.244200000000004991e+01,5.000000000000000000e-01
5.244300000000004758e+01,5.000000000000000000e-01
5.244400000000004525e+01,5.000000000000000000e-01
5.244500000000005002e+01,5.000000000000000000e-01
5.244600000000004769e+01,5.000000000000000000e-01
5.244700000000004536e+01,5.000000000000000000e-01
5.244800000000005014e+01,5.000000000000000000e-01
5.244900000000004781e+01,5.000000000000000000e-01
5.245000000000004547e+01,5.000000000000000000e-01
5.245100000000005025e+01,5.000000000000000000e-01
5.245200000000004792e+01,5.000000000000000000e-01
5.245300000000004559e+01,5.000000000000000000e-01
5.245400000000005036e+01,5.000000000000000000e-01
5.245500000000004803e+01,5.000000000000000000e-01
5.245600000000004570e+01,5.000000000000000000e-01
5.245700000000005048e+01,5.000000000000000000e-01
5.245800000000004815e+01,5.000000000000000000e-01
5.245900000000004582e+01,5.000000000000000000e-01
5.246000000000005059e+01,5.000000000000000000e-01
5.246100000000004826e+01,5.000000000000000000e-01
5.246200000000004593e+01,5.000000000000000000e-01
5.246300000000005070e+01,5.000000000000000000e-01
5.246400000000004837e+01,5.000000000000000000e-01
5.246500000000004604e+01,5.000000000000000000e-01
5.246600000000005082e+01,5.000000000000000000e-01
5.246700000000004849e+01,5.000000000000000000e-01
5.246800000000004616e+01,5.000000000000000000e-01
5.246900000000005093e+01,5.000000000000000000e-01
5.247000000000004860e+01,5.000000000000000000e-01
5.247100000000004627e+01,5.000000000000000000e-01
5.247200000000005105e+01,5.000000000000000000e-01
5.247300000000004871e+01,5.000000000000000000e-01
5.247400000000004638e+01,5.000000000000000000e-01
5.247500000000005116e+01,5.000000000000000000e-01
5.247600000000004883e+01,5.000000000000000000e-01
5.247700000000004650e+01,5.000000000000000000e-01
5.247800000000005127e+01,5.000000000000000000e-01
5.247900000000004894e+01,5.000000000000000000e-01
5.248000000000004661e+01,5.000000000000000000e-01
5.248100000000005139e+01,5.000000000000000000e-01
5.248200000000004906e+01,5.000000000000000000e-01
5.248300000000004673e+01,5.000000000000000000e-01
5.248400000000005150e+01,5.000000000000000000e-01
5.248500000000004917e+01,5.000000000000000000e-01
5.248600000000004684e+01,5.000000000000000000e-01
5.248700000000005161e+01,5.000000000000000000e-01
5.248800000000004928e+01,5.000000000000000000e-01
5.248900000000004695e+01,5.000000000000000000e-01
5.249000000000005173e+01,5.000000000000000000e-01
5.249100000000004940e+01,5.000000000000000000e-01
5.249200000000004707e+01,5.000000000000000000e-01
5.249300000000004474e+01,5.000000000000000000e-01
5.249400000000004951e+01,5.000000000000000000e-01
5.249500000000004718e+01,5.000000000000000000e-01
5.249600000000004485e+01,5.000000000000000000e-01
5.249700000000004962e+01,5.000000000000000000e-01
5.249800000000004729e+01,5.000000000000000000e-01
5.249900000000004496e+01,5.000000000000000000e-01
5.250000000000004974e+01,5.000000000000000000e-01
5.250100000000004741e+01,5.000000000000000000e-01
5.250200000000004508e+01,5.000000000000000000e-01
5.250300000000004985e+01,5.000000000000000000e-01
5.250400000000004752e+01,5.000000000000000000e-01
5.250500000000004519e+01,5.000000000000000000e-01
5.250600000000004997e+01,5.000000000000000000e-01
5.250700000000004763e+01,5.000000000000000000e-01
5.250800000000004530e+01,5.000000000000000000e-01
5.250900000000005008e+01,5.000000000000000000e-01
5.251000000000004775e+01,5.000000000000000000e-01
5.251100000000004542e+01,5.000000000000000000e-01
5.251200000000005019e+01,5.000000000000000000e-01
5.251300000000004786e+01,5.000000000000000000e-01
5.251400000000004553e+01,5.000000000000000000e-01
5.251500000000005031e+01,5.000000000000000000e-01
5.251600000000004798e+01,5.000000000000000000e-01
5.251700000000004565e+01,5.000000000000000000e-01
5.251800000000005042e+01,5.000000000000000000e-01
5.251900000000004809e+01,5.000000000000000000e-01
5.252000000000004576e+01,5.000000000000000000e-01
5.252100000000005053e+01,5.000000000000000000e-01
5.252200000000004820e+01,5.000000000000000000e-01
5.252300000000004587e+01,5.000000000000000000e-01
5.252400000000005065e+01,5.000000000000000000e-01
5.252500000000004832e+01,5.000000000000000000e-01
5.252600000000004599e+01,5.000000000000000000e-01
5.252700000000005076e+01,5.000000000000000000e-01
5.252800000000004843e+01,5.000000000000000000e-01
5.252900000000004610e+01,5.000000000000000000e-01
5.253000000000005087e+01,5.000000000000000000e-01
5.253100000000004854e+01,5.000000000000000000e-01
5.253200000000004621e+01,5.000000000000000000e-01
5.253300000000005099e+01,5.000000000000000000e-01
5.253400000000004866e+01,5.000000000000000000e-01
5.253500000000004633e+01,5.000000000000000000e-01
5.253600000000005110e+01,5.000000000000000000e-01
5.253700000000004877e+01,5.000000000000000000e-01
5.253800000000004644e+01,5.000000000000000000e-01
5.253900000000005122e+01,5.000000000000000000e-01
5.254000000000004889e+01,5.000000000000000000e-01
5.254100000000004655e+01,5.000000000000000000e-01
5.254200000000005133e+01,5.000000000000000000e-01
5.254300000000004900e+01,5.000000000000000000e-01
5.254400000000004667e+01,5.000000000000000000e-01
5.254500000000005144e+01,5.000000000000000000e-01
5.254600000000004911e+01,5.000000000000000000e-01
5.254700000000004678e+01,5.000000000000000000e-01
5.254800000000005156e+01,5.000000000000000000e-01
5.254900000000004923e+01,5.000000000000000000e-01
5.255000000000004690e+01,5.000000000000000000e-01
5.255100000000005167e+01,5.000000000000000000e-01
5.255200000000004934e+01,5.000000000000000000e-01
5.255300000000004701e+01,5.000000000000000000e-01
5.255400000000005178e+01,5.000000000000000000e-01
5.255500000000004945e+01,5.000000000000000000e-01
5.255600000000004712e+01,5.000000000000000000e-01
5.255700000000005190e+01,5.000000000000000000e-01
5.255800000000004957e+01,5.000000000000000000e-01
5.255900000000004724e+01,5.000000000000000000e-01
5.256000000000004491e+01,5.000000000000000000e-01
5.256100000000004968e+01,5.000000000000000000e-01
5.256200000000004735e+01,5.000000000000000000e-01
5.256300000000004502e+01,5.000000000000000000e-01
5.256400000000004979e+01,5.000000000000000000e-01
5.256500000000004746e+01,5.000000000000000000e-01
5.256600000000004513e+01,5.000000000000000000e-01
5.256700000000004991e+01,5.000000000000000000e-01
5.256800000000004758e+01,5.000000000000000000e-01
5.256900000000004525e+01,5.000000000000000000e-01
5.257000000000005002e+01,5.000000000000000000e-01
5.257100000000004769e+01,5.000000000000000000e-01
5.257200000000004536e+01,5.000000000000000000e-01
5.257300000000005014e+01,5.000000000000000000e-01
5.257400000000004781e+01,5.000000000000000000e-01
5.257500000000004547e+01,5.000000000000000000e-01
5.257600000000005025e+01,5.000000000000000000e-01
5.257700000000004792e+01,5.000000000000000000e-01
5.257800000000004559e+01,5.000000000000000000e-01
5.257900000000005036e+01,5.000000000000000000e-01
5.258000000000004803e+01,5.000000000000000000e-01
5.258100000000004570e+01,5.000000000000000000e-01
5.258200000000005048e+01,5.000000000000000000e-01
5.258300000000004815e+01,5.000000000000000000e-01
5.258400000000004582e+01,5.000000000000000000e-01
5.258500000000005059e+01,5.000000000000000000e-01
5.258600000000004826e+01,5.000000000000000000e-01
5.258700000000004593e+01,5.000000000000000000e-01
5.258800000000005070e+01,5.000000000000000000e-01
5.258900000000004837e+01,5.000000000000000000e-01
5.259000000000004604e+01,5.000000000000000000e-01
5.259100000000005082e+01,5.000000000000000000e-01
5.259200000000004849e+01,5.000000000000000000e-01
5.259300000000004616e+01,5.000000000000000000e-01
5.259400000000005093e+01,5.000000000000000000e-01
5.259500000000004860e+01,5.000000000000000000e-01
5.259600000000004627e+01,5.000000000000000000e-01
5.259700000000005105e+01,5.000000000000000000e-01
5.259800000000004871e+01,5.000000000000000000e-01
5.259900000000004638e+01,5.000000000000000000e-01
5.260000000000005116e+01,5.000000000000000000e-01
5.260100000000004883e+01,5.000000000000000000e-01
5.260200000000004650e+01,5.000000000000000000e-01
5.260300000000005127e+01,5.000000000000000000e-01
5.260400000000004894e+01,5.000000000000000000e-01
5.260500000000004661e+01,5.000000000000000000e-01
5.260600000000005139e+01,5.000000000000000000e-01
5.260700000000004906e+01,5.000000000000000000e-01
5.260800000000004673e+01,5.000000000000000000e-01
5.260900000000005150e+01,5.000000000000000000e-01
5.261000000000004917e+01,5.000000000000000000e-01
5.261100000000004684e+01,5.000000000000000000e-01
5.261200000000005161e+01,5.000000000000000000e-01
5.261300000000004928e+01,5.000000000000000000e-01
5.261400000000004695e+01,5.000000000000000000e-01
5.261500000000005173e+01,5.000000000000000000e-01
5.261600000000004940e+01,5.000000000000000000e-01
5.261700000000004707e+01,5.000000000000000000e-01
5.261800000000005184e+01,5.000000000000000000e-01
5.261900000000004951e+01,5.000000000000000000e-01
5.262000000000004718e+01,5.000000000000000000e-01
5.262100000000004485e+01,5.000000000000000000e-01
5.262200000000004962e+01,5.000000000000000000e-01
5.262300000000004729e+01,5.000000000000000000e-01
5.262400000000004496e+01,5.000000000000000000e-01
5.262500000000004974e+01,5.000000000000000000e-01
5.262600000000004741e+01,5.000000000000000000e-01
5.262700000000004508e+01,5.000000000000000000e-01
5.262800000000004985e+01,5.000000000000000000e-01
5.262900000000004752e+01,5.000000000000000000e-01
5.263000000000004519e+01,5.000000000000000000e-01
5.263100000000004997e+01,5.000000000000000000e-01
5.263200000000004763e+01,5.000000000000000000e-01
5.263300000000004530e+01,5.000000000000000000e-01
5.263400000000005008e+01,5.000000000000000000e-01
5.263500000000004775e+01,5.000000000000000000e-01
5.263600000000004542e+01,5.000000000000000000e-01
5.263700000000005019e+01,5.000000000000000000e-01
5.263800000000004786e+01,5.000000000000000000e-01
5.263900000000004553e+01,5.000000000000000000e-01
5.264000000000005031e+01,5.000000000000000000e-01
5.264100000000004798e+01,5.000000000000000000e-01
5.264200000000004565e+01,5.000000000000000000e-01
5.264300000000005042e+01,5.000000000000000000e-01
5.264400000000004809e+01,5.000000000000000000e-01
5.264500000000004576e+01,5.000000000000000000e-01
5.264600000000005053e+01,5.000000000000000000e-01
5.264700000000004820e+01,5.000000000000000000e-01
5.264800000000004587e+01,5.000000000000000000e-01
5.264900000000005065e+01,5.000000000000000000e-01
5.265000000000004832e+01,5.000000000000000000e-01
5.265100000000004599e+01,5.000000000000000000e-01
5.265200000000005076e+01,5.000000000000000000e-01
5.265300000000004843e+01,5.000000000000000000e-01
5.265400000000004610e+01,5.000000000000000000e-01
5.265500000000005087e+01,5.000000000000000000e-01
5.265600000000004854e+01,5.000000000000000000e-01
5.265700000000004621e+01,5.000000000000000000e-01
5.265800000000005099e+01,5.000000000000000000e-01
5.265900000000004866e+01,5.000000000000000000e-01
5.266000000000004633e+01,5.000000000000000000e-01
5.266100000000005110e+01,5.000000000000000000e-01
5.266200000000004877e+01,5.000000000000000000e-01
5.266300000000004644e+01,5.000000000000000000e-01
5.266400000000005122e+01,5.000000000000000000e-01
5.266500000000004889e+01,5.000000000000000000e-01
5.266600000000004655e+01,5.000000000000000000e-01
5.266700000000005133e+01,5.000000000000000000e-01
5.266800000000004900e+01,5.000000000000000000e-01
5.266900000000004667e+01,5.000000000000000000e-01
5.267000000000005144e+01,5.000000000000000000e-01
5.267100000000004911e+01,5.000000000000000000e-01
5.267200000000004678e+01,5.000000000000000000e-01
5.267300000000005156e+01,5.000000000000000000e-01
5.267400000000004923e+01,5.000000000000000000e-01
5.267500000000004690e+01,5.000000000000000000e-01
5.267600000000005167e+01,5.000000000000000000e-01
5.267700000000004934e+01,5.000000000000000000e-01
5.267800000000004701e+01,5.000000000000000000e-01
5.267900000000005178e+01,5.000000000000000000e-01
5.268000000000004945e+01,5.000000000000000000e-01
5.268100000000004712e+01,5.000000000000000000e-01
5.268200000000005190e+01,5.000000000000000000e-01
5.268300000000004957e+01,5.000000000000000000e-01
5.268400000000004724e+01,5.000000000000000000e-01
5.268500000000005201e+01,5.000000000000000000e-01
5.268600000000004968e+01,5.000000000000000000e-01
5.268700000000004735e+01,5.000000000000000000e-01
5.268800000000004502e+01,5.000000000000000000e-01
5.268900000000004979e+01,5.000000000000000000e-01
5.269000000000004746e+01,5.000000000000000000e-01
5.269100000000004513e+01,5.000000000000000000e-01
5.269200000000004991e+01,5.000000000000000000e-01
5.269300000000004758e+01,5.000000000000000000e-01
5.269400000000004525e+01,5.000000000000000000e-01
5.269500000000005002e+01,5.000000000000000000e-01
5.269600000000004769e+01,5.000000000000000000e-01
5.269700000000004536e+01,5.000000000000000000e-01
5.269800000000005014e+01,5.000000000000000000e-01
5.269900000000004781e+01,5.000000000000000000e-01
5.270000000000004547e+01,5.000000000000000000e-01
5.270100000000005025e+01,5.000000000000000000e-01
5.270200000000004792e+01,5.000000000000000000e-01
5.270300000000004559e+01,5.000000000000000000e-01
5.270400000000005036e+01,5.000000000000000000e-01
5.270500000000004803e+01,5.000000000000000000e-01
5.270600000000004570e+01,5.000000000000000000e-01
5.270700000000005048e+01,5.000000000000000000e-01
5.270800000000004815e+01,5.000000000000000000e-01
5.270900000000004582e+01,5.000000000000000000e-01
5.271000000000005059e+01,5.000000000000000000e-01
5.271100000000004826e+01,5.000000000000000000e-01
5.271200000000004593e+01,5.000000000000000000e-01
5.271300000000005070e+01,5.000000000000000000e-01
5.271400000000004837e+01,5.000000000000000000e-01
5.271500000000004604e+01,5.000000000000000000e-01
5.271600000000005082e+01,5.000000000000000000e-01
5.271700000000004849e+01,5.000000000000000000e-01
5.271800000000004616e+01,5.000000000000000000e-01
5.271900000000005093e+01,5.000000000000000000e-01
5.272000000000004860e+01,5.000000000000000000e-01
5.272100000000004627e+01,5.000000000000000000e-01
5.272200000000005105e+01,5.000000000000000000e-01
5.272300000000004871e+01,5.000000000000000000e-01
5.272400000000004638e+01,5.000000000000000000e-01
5.272500000000005116e+01,5.000000000000000000e-01
5.272600000000004883e+01,5.000000000000000000e-01
5.272700000000004650e+01,5.000000000000000000e-01
5.272800000000005127e+01,5.000000000000000000e-01
5.272900000000004894e+01,5.000000000000000000e-01
5.273000000000004661e+01,5.000000000000000000e-01
5.273100000000005139e+01,5.000000000000000000e-01
5.273200000000004906e+01,5.000000000000000000e-01
5.273300000000004673e+01,5.000000000000000000e-01
5.273400000000005150e+01,5.000000000000000000e-01
5.273500000000004917e+01,5.000000000000000000e-01
5.273600000000004684e+01,5.000000000000000000e-01
5.273700000000005161e+01,5.000000000000000000e-01
5.273800000000004928e+01,5.000000000000000000e-01
5.273900000000004695e+01,5.000000000000000000e-01
5.274000000000005173e+01,5.000000000000000000e-01
5.274100000000004940e+01,5.000000000000000000e-01
5.274200000000004707e+01,5.000000000000000000e-01
5.274300000000005184e+01,5.000000000000000000e-01
5.274400000000004951e+01,5.000000000000000000e-01
5.274500000000004718e+01,5.000000000000000000e-01
5.274600000000005195e+01,5.000000000000000000e-01
5.274700000000004962e+01,5.000000000000000000e-01
5.274800000000004729e+01,5.000000000000000000e-01
5.274900000000004496e+01,5.000000000000000000e-01
5.275000000000004974e+01,5.000000000000000000e-01
5.275100000000004741e+01,5.000000000000000000e-01
5.275200000000004508e+01,5.000000000000000000e-01
5.275300000000004985e+01,5.000000000000000000e-01
5.275400000000004752e+01,5.000000000000000000e-01
5.275500000000004519e+01,5.000000000000000000e-01
5.275600000000004997e+01,5.000000000000000000e-01
5.275700000000004763e+01,5.000000000000000000e-01
5.275800000000004530e+01,5.000000000000000000e-01
5.275900000000005008e+01,5.000000000000000000e-01
5.276000000000004775e+01,5.000000000000000000e-01
5.276100000000004542e+01,5.000000000000000000e-01
5.276200000000005019e+01,5.000000000000000000e-01
5.276300000000004786e+01,5.000000000000000000e-01
5.276400000000004553e+01,5.000000000000000000e-01
5.276500000000005031e+01,5.000000000000000000e-01
5.276600000000004798e+01,5.000000000000000000e-01
5.276700000000004565e+01,5.000000000000000000e-01
5.276800000000005042e+01,5.000000000000000000e-01
5.276900000000004809e+01,5.000000000000000000e-01
5.277000000000004576e+01,5.000000000000000000e-01
5.277100000000005053e+01,5.000000000000000000e-01
5.277200000000004820e+01,5.000000000000000000e-01
5.277300000000004587e+01,5.000000000000000000e-01
5.277400000000005065e+01,5.000000000000000000e-01
5.277500000000004832e+01,5.000000000000000000e-01
5.277600000000004599e+01,5.000000000000000000e-01
5.277700000000005076e+01,5.000000000000000000e-01
5.277800000000004843e+01,5.000000000000000000e-01
5.277900000000004610e+01,5.000000000000000000e-01
5.278000000000005087e+01,5.000000000000000000e-01
5.278100000000004854e+01,5.000000000000000000e-01
5.278200000000004621e+01,5.000000000000000000e-01
5.278300000000005099e+01,5.000000000000000000e-01
5.278400000000004866e+01,5.000000000000000000e-01
5.278500000000004633e+01,5.000000000000000000e-01
5.278600000000005110e+01,5.000000000000000000e-01
5.278700000000004877e+01,5.000000000000000000e-01
5.278800000000004644e+01,5.000000000000000000e-01
5.278900000000005122e+01,5.000000000000000000e-01
5.279000000000004889e+01,5.000000000000000000e-01
5.279100000000004655e+01,5.000000000000000000e-01
5.279200000000005133e+01,5.000000000000000000e-01
5.279300000000004900e+01,5.000000000000000000e-01
5.279400000000004667e+01,5.000000000000000000e-01
5.279500000000005144e+01,5.000000000000000000e-01
5.279600000000004911e+01,5.000000000000000000e-01
5.279700000000004678e+01,5.000000000000000000e-01
5.279800000000005156e+01,5.000000000000000000e-01
5.279900000000004923e+01,5.000000000000000000e-01
5.280000000000004690e+01,5.000000000000000000e-01
5.280100000000005167e+01,5.000000000000000000e-01
5.280200000000004934e+01,5.000000000000000000e-01
5.280300000000004701e+01,5.000000000000000000e-01
5.280400000000005178e+01,5.000000000000000000e-01
5.280500000000004945e+01,5.000000000000000000e-01
5.280600000000004712e+01,5.000000000000000000e-01
5.280700000000005190e+01,5.000000000000000000e-01
5.280800000000004957e+01,5.000000000000000000e-01
5.280900000000004724e+01,5.000000000000000000e-01
5.281000000000005201e+01,5.000000000000000000e-01
5.281100000000004968e+01,5.000000000000000000e-01
5.281200000000004735e+01,5.000000000000000000e-01
5.281300000000005213e+01,5.000000000000000000e-01
5.281400000000004979e+01,5.000000000000000000e-01
5.281500000000004746e+01,5.000000000000000000e-01
5.281600000000004513e+01,5.000000000000000000e-01
5.281700000000004991e+01,5.000000000000000000e-01
5.281800000000004758e+01,5.000000000000000000e-01
5.281900000000004525e+01,5.000000000000000000e-01
5.282000000000005002e+01,5.000000000000000000e-01
5.282100000000004769e+01,5.000000000000000000e-01
5.282200000000004536e+01,5.000000000000000000e-01
5.282300000000005014e+01,5.000000000000000000e-01
5.282400000000004781e+01,5.000000000000000000e-01
5.282500000000004547e+01,5.000000000000000000e-01
5.282600000000005025e+01,5.000000000000000000e-01
5.282700000000004792e+01,5.000000000000000000e-01
5.282800000000004559e+01,5.000000000000000000e-01
5.282900000000005036e+01,5.000000000000000000e-01
5.283000000000004803e+01,5.000000000000000000e-01
5.283100000000004570e+01,5.000000000000000000e-01
5.283200000000005048e+01,5.000000000000000000e-01
5.283300000000004815e+01,5.000000000000000000e-01
5.283400000000004582e+01,5.000000000000000000e-01
5.283500000000005059e+01,5.000000000000000000e-01
5.283600000000004826e+01,5.000000000000000000e-01
5.283700000000004593e+01,5.000000000000000000e-01
5.283800000000005070e+01,5.000000000000000000e-01
5.283900000000004837e+01,5.000000000000000000e-01
5.284000000000004604e+01,5.000000000000000000e-01
5.284100000000005082e+01,5.000000000000000000e-01
5.284200000000004849e+01,5.000000000000000000e-01
5.284300000000004616e+01,5.000000000000000000e-01
5.284400000000005093e+01,5.000000000000000000e-01
5.284500000000004860e+01,5.000000000000000000e-01
5.284600000000004627e+01,5.000000000000000000e-01
5.284700000000005105e+01,5.000000000000000000e-01
5.284800000000004871e+01,5.000000000000000000e-01
5.284900000000004638e+01,5.000000000000000000e-01
5.285000000000005116e+01,5.000000000000000000e-01
5.285100000000004883e+01,5.000000000000000000e-01
5.285200000000004650e+01,5.000000000000000000e-01
5.285300000000005127e+01,5.000000000000000000e-01
5.285400000000004894e+01,5.000000000000000000e-01
5.285500000000004661e+01,5.000000000000000000e-01
5.285600000000005139e+01,5.000000000000000000e-01
5.285700000000004906e+01,5.000000000000000000e-01
5.285800000000004673e+01,5.000000000000000000e-01
5.285900000000005150e+01,5.000000000000000000e-01
5.286000000000004917e+01,5.000000000000000000e-01
5.286100000000004684e+01,5.000000000000000000e-01
5.286200000000005161e+01,5.000000000000000000e-01
5.286300000000004928e+01,5.000000000000000000e-01
5.286400000000004695e+01,5.000000000000000000e-01
5.286500000000005173e+01,5.000000000000000000e-01
5.286600000000004940e+01,5.000000000000000000e-01
5.286700000000004707e+01,5.000000000000000000e-01
5.286800000000005184e+01,5.000000000000000000e-01
5.286900000000004951e+01,5.000000000000000000e-01
5.287000000000004718e+01,5.000000000000000000e-01
5.287100000000005195e+01,5.000000000000000000e-01
5.287200000000004962e+01,5.000000000000000000e-01
5.287300000000004729e+01,5.000000000000000000e-01
5.287400000000005207e+01,5.000000000000000000e-01
5.287500000000004974e+01,5.000000000000000000e-01
5.287600000000004741e+01,5.000000000000000000e-01
5.287700000000004508e+01,5.000000000000000000e-01
5.287800000000004985e+01,5.000000000000000000e-01
5.287900000000004752e+01,5.000000000000000000e-01
5.288000000000004519e+01,5.000000000000000000e-01
5.288100000000004997e+01,5.000000000000000000e-01
5.288200000000004763e+01,5.000000000000000000e-01
5.288300000000004530e+01,5.000000000000000000e-01
5.288400000000005008e+01,5.000000000000000000e-01
5.288500000000004775e+01,5.000000000000000000e-01
5.288600000000004542e+01,5.000000000000000000e-01
5.288700000000005019e+01,5.000000000000000000e-01
5.288800000000004786e+01,5.000000000000000000e-01
5.288900000000004553e+01,5.000000000000000000e-01
5.289000000000005031e+01,5.000000000000000000e-01
5.289100000000004798e+01,5.000000000000000000e-01
5.289200000000004565e+01,5.000000000000000000e-01
5.289300000000005042e+01,5.000000000000000000e-01
5.289400000000004809e+01,5.000000000000000000e-01
5.289500000000004576e+01,5.000000000000000000e-01
5.289600000000005053e+01,5.000000000000000000e-01
5.289700000000004820e+01,5.000000000000000000e-01
5.289800000000004587e+01,5.000000000000000000e-01
5.289900000000005065e+01,5.000000000000000000e-01
5.290000000000004832e+01,5.000000000000000000e-01
5.290100000000004599e+01,5.000000000000000000e-01
5.290200000000005076e+01,5.000000000000000000e-01
5.290300000000004843e+01,5.000000000000000000e-01
5.290400000000004610e+01,5.000000000000000000e-01
5.290500000000005087e+01,5.000000000000000000e-01
5.290600000000004854e+01,5.000000000000000000e-01
5.290700000000004621e+01,5.000000000000000000e-01
5.290800000000005099e+01,5.000000000000000000e-01
5.290900000000004866e+01,5.000000000000000000e-01
5.291000000000004633e+01,5.000000000000000000e-01
5.291100000000005110e+01,5.000000000000000000e-01
5.291200000000004877e+01,5.000000000000000000e-01
5.291300000000004644e+01,5.000000000000000000e-01
5.291400000000005122e+01,5.000000000000000000e-01
5.291500000000004889e+01,5.000000000000000000e-01
5.291600000000004655e+01,5.000000000000000000e-01
5.291700000000005133e+01,5.000000000000000000e-01
5.291800000000004900e+01,5.000000000000000000e-01
5.291900000000004667e+01,5.000000000000000000e-01
5.292000000000005144e+01,5.000000000000000000e-01
5.292100000000004911e+01,5.000000000000000000e-01
5.292200000000004678e+01,5.000000000000000000e-01
5.292300000000005156e+01,5.000000000000000000e-01
5.292400000000004923e+01,5.000000000000000000e-01
5.292500000000004690e+01,5.000000000000000000e-01
5.292600000000005167e+01,5.000000000000000000e-01
5.292700000000004934e+01,5.000000000000000000e-01
5.292800000000004701e+01,5.000000000000000000e-01
5.292900000000005178e+01,5.000000000000000000e-01
5.293000000000004945e+01,5.000000000000000000e-01
5.293100000000004712e+01,5.000000000000000000e-01
5.293200000000005190e+01,5.000000000000000000e-01
5.293300000000004957e+01,5.000000000000000000e-01
5.293400000000004724e+01,5.000000000000000000e-01
5.293500000000005201e+01,5.000000000000000000e-01
5.293600000000004968e+01,5.000000000000000000e-01
5.293700000000004735e+01,5.000000000000000000e-01
5.293800000000005213e+01,5.000000000000000000e-01
5.293900000000004979e+01,5.000000000000000000e-01
5.294000000000004746e+01,5.000000000000000000e-01
5.294100000000005224e+01,5.000000000000000000e-01
5.294200000000004991e+01,5.000000000000000000e-01
5.294300000000004758e+01,5.000000000000000000e-01
5.294400000000004525e+01,5.000000000000000000e-01
5.294500000000005002e+01,5.000000000000000000e-01
5.294600000000004769e+01,5.000000000000000000e-01
5.294700000000004536e+01,5.000000000000000000e-01
5.294800000000005014e+01,5.000000000000000000e-01
5.294900000000004781e+01,5.000000000000000000e-01
5.295000000000004547e+01,5.000000000000000000e-01
5.295100000000005025e+01,5.000000000000000000e-01
5.295200000000004792e+01,5.000000000000000000e-01
5.295300000000004559e+01,5.000000000000000000e-01
5.295400000000005036e+01,5.000000000000000000e-01
5.295500000000004803e+01,5.000000000000000000e-01
5.295600000000004570e+01,5.000000000000000000e-01
5.295700000000005048e+01,5.000000000000000000e-01
5.295800000000004815e+01,5.000000000000000000e-01
5.295900000000004582e+01,5.000000000000000000e-01
5.296000000000005059e+01,5.000000000000000000e-01
5.296100000000004826e+01,5.000000000000000000e-01
5.296200000000004593e+01,5.000000000000000000e-01
5.296300000000005070e+01,5.000000000000000000e-01
5.296400000000004837e+01,5.000000000000000000e-01
5.296500000000004604e+01,5.000000000000000000e-01
5.296600000000005082e+01,5.000000000000000000e-01
5.296700000000004849e+01,5.000000000000000000e-01
5.296800000000004616e+01,5.000000000000000000e-01
5.296900000000005093e+01,5.000000000000000000e-01
5.297000000000004860e+01,5.000000000000000000e-01
5.297100000000004627e+01,5.000000000000000000e-01
5.297200000000005105e+01,5.000000000000000000e-01
5.297300000000004871e+01,5.000000000000000000e-01
5.297400000000004638e+01,5.000000000000000000e-01
5.297500000000005116e+01,5.000000000000000000e-01
5.297600000000004883e+01,5.000000000000000000e-01
5.297700000000004650e+01,5.000000000000000000e-01
5.297800000000005127e+01,5.000000000000000000e-01
5.297900000000004894e+01,5.000000000000000000e-01
5.298000000000004661e+01,5.000000000000000000e-01
5.298100000000005139e+01,5.000000000000000000e-01
5.298200000000004906e+01,5.000000000000000000e-01
5.298300000000004673e+01,5.000000000000000000e-01
5.298400000000005150e+01,5.000000000000000000e-01
5.298500000000004917e+01,5.000000000000000000e-01
5.298600000000004684e+01,5.000000000000000000e-01
5.298700000000005161e+01,5.000000000000000000e-01
5.298800000000004928e+01,5.000000000000000000e-01
5.298900000000004695e+01,5.000000000000000000e-01
5.299000000000005173e+01,5.000000000000000000e-01
5.299100000000004940e+01,5.000000000000000000e-01
5.299200000000004707e+01,5.000000000000000000e-01
5.299300000000005184e+01,5.000000000000000000e-01
5.299400000000004951e+01,5.000000000000000000e-01
5.299500000000004718e+01,5.000000000000000000e-01
5.299600000000005195e+01,5.000000000000000000e-01
5.299700000000004962e+01,5.000000000000000000e-01
5.299800000000004729e+01,5.000000000000000000e-01
5.299900000000005207e+01,5.000000000000000000e-01
5.300000000000004974e+01,5.000000000000000000e-01
5.300100000000004741e+01,5.000000000000000000e-01
5.300200000000005218e+01,5.000000000000000000e-01
5.300300000000004985e+01,5.000000000000000000e-01
5.300400000000004752e+01,5.000000000000000000e-01
5.300500000000004519e+01,5.000000000000000000e-01
5.300600000000004997e+01,5.000000000000000000e-01
5.300700000000004763e+01,5.000000000000000000e-01
5.300800000000004530e+01,5.000000000000000000e-01
5.300900000000005008e+01,5.000000000000000000e-01
5.301000000000004775e+01,5.000000000000000000e-01
5.301100000000004542e+01,5.000000000000000000e-01
5.301200000000005019e+01,5.000000000000000000e-01
5.301300000000004786e+01,5.000000000000000000e-01
5.301400000000004553e+01,5.000000000000000000e-01
5.301500000000005031e+01,5.000000000000000000e-01
5.301600000000004798e+01,5.000000000000000000e-01
5.301700000000004565e+01,5.000000000000000000e-01
5.301800000000005042e+01,5.000000000000000000e-01
5.301900000000004809e+01,5.000000000000000000e-01
5.302000000000004576e+01,5.000000000000000000e-01
5.302100000000005053e+01,5.000000000000000000e-01
5.302200000000004820e+01,5.000000000000000000e-01
5.302300000000004587e+01,5.000000000000000000e-01
5.302400000000005065e+01,5.000000000000000000e-01
5.302500000000004832e+01,5.000000000000000000e-01
5.302600000000004599e+01,5.000000000000000000e-01
5.302700000000005076e+01,5.000000000000000000e-01
5.302800000000004843e+01,5.000000000000000000e-01
5.302900000000004610e+01,5.000000000000000000e-01
5.303000000000005087e+01,5.000000000000000000e-01
5.303100000000004854e+01,5.000000000000000000e-01
5.303200000000004621e+01,5.000000000000000000e-01
5.303300000000005099e+01,5.000000000000000000e-01
5.303400000000004866e+01,5.000000000000000000e-01
5.303500000000004633e+01,5.000000000000000000e-01
5.303600000000005110e+01,5.000000000000000000e-01
5.303700000000004877e+01,5.000000000000000000e-01
5.303800000000004644e+01,5.000000000000000000e-01
5.303900000000005122e+01,5.000000000000000000e-01
5.304000000000004889e+01,5.000000000000000000e-01
5.304100000000004655e+01,5.000000000000000000e-01
5.304200000000005133e+01,5.000000000000000000e-01
5.304300000000004900e+01,5.000000000000000000e-01
5.304400000000004667e+01,5.000000000000000000e-01
5.304500000000005144e+01,5.000000000000000000e-01
5.304600000000004911e+01,5.000000000000000000e-01
5.304700000000004678e+01,5.000000000000000000e-01
5.304800000000005156e+01,5.000000000000000000e-01
5.304900000000004923e+01,5.000000000000000000e-01
5.305000000000004690e+01,5.000000000000000000e-01
5.305100000000005167e+01,5.000000000000000000e-01
5.305200000000004934e+01,5.000000000000000000e-01
5.305300000000004701e+01,5.000000000000000000e-01
5.305400000000005178e+01,5.000000000000000000e-01
5.305500000000004945e+01,5.000000000000000000e-01
5.305600000000004712e+01,5.000000000000000000e-01
5.305700000000005190e+01,5.000000000000000000e-01
5.305800000000004957e+01,5.000000000000000000e-01
5.305900000000004724e+01,5.000000000000000000e-01
5.306000000000005201e+01,5.000000000000000000e-01
5.306100000000004968e+01,5.000000000000000000e-01
5.306200000000004735e+01,5.000000000000000000e-01
5.306300000000005213e+01,5.000000000000000000e-01
5.306400000000004979e+01,5.000000000000000000e-01
5.306500000000004746e+01,5.000000000000000000e-01
5.306600000000005224e+01,5.000000000000000000e-01
5.306700000000004991e+01,5.000000000000000000e-01
5.306800000000004758e+01,5.000000000000000000e-01
5.306900000000005235e+01,5.000000000000000000e-01
5.307000000000005002e+01,5.000000000000000000e-01
5.307100000000004769e+01,5.000000000000000000e-01
5.307200000000004536e+01,5.000000000000000000e-01
5.307300000000005014e+01,5.000000000000000000e-01
5.307400000000004781e+01,5.000000000000000000e-01
5.307500000000004547e+01,5.000000000000000000e-01
5.307600000000005025e+01,5.000000000000000000e-01
5.307700000000004792e+01,5.000000000000000000e-01
5.307800000000004559e+01,5.000000000000000000e-01
5.307900000000005036e+01,5.000000000000000000e-01
5.308000000000004803e+01,5.000000000000000000e-01
5.308100000000004570e+01,5.000000000000000000e-01
5.308200000000005048e+01,5.000000000000000000e-01
5.308300000000004815e+01,5.000000000000000000e-01
5.308400000000004582e+01,5.000000000000000000e-01
5.308500000000005059e+01,5.000000000000000000e-01
5.308600000000004826e+01,5.000000000000000000e-01
5.308700000000004593e+01,5.000000000000000000e-01
5.308800000000005070e+01,5.000000000000000000e-01
5.308900000000004837e+01,5.000000000000000000e-01
5.309000000000004604e+01,5.000000000000000000e-01
5.309100000000005082e+01,5.000000000000000000e-01
5.309200000000004849e+01,5.000000000000000000e-01
5.309300000000004616e+01,5.000000000000000000e-01
5.309400000000005093e+01,5.000000000000000000e-01
5.309500000000004860e+01,5.000000000000000000e-01
5.309600000000004627e+01,5.000000000000000000e-01
5.309700000000005105e+01,5.000000000000000000e-01
5.309800000000004871e+01,5.000000000000000000e-01
5.309900000000004638e+01,5.000000000000000000e-01
5.310000000000005116e+01,5.000000000000000000e-01
5.310100000000004883e+01,5.000000000000000000e-01
5.310200000000004650e+01,5.000000000000000000e-01
5.310300000000005127e+01,5.000000000000000000e-01
5.310400000000004894e+01,5.000000000000000000e-01
5.310500000000004661e+01,5.000000000000000000e-01
5.310600000000005139e+01,5.000000000000000000e-01
5.310700000000004906e+01,5.000000000000000000e-01
5.310800000000004673e+01,5.000000000000000000e-01
5.310900000000005150e+01,5.000000000000000000e-01
5.311000000000004917e+01,5.000000000000000000e-01
5.311100000000004684e+01,5.000000000000000000e-01
5.311200000000005161e+01,5.000000000000000000e-01
5.311300000000004928e+01,5.000000000000000000e-01
5.311400000000004695e+01,5.000000000000000000e-01
5.311500000000005173e+01,5.000000000000000000e-01
5.311600000000004940e+01,5.000000000000000000e-01
5.311700000000004707e+01,5.000000000000000000e-01
5.311800000000005184e+01,5.000000000000000000e-01
5.311900000000004951e+01,5.000000000000000000e-01
5.312000000000004718e+01,5.000000000000000000e-01
5.312100000000005195e+01,5.000000000000000000e-01
5.312200000000004962e+01,5.000000000000000000e-01
5.312300000000004729e+01,5.000000000000000000e-01
5.312400000000005207e+01,5.000000000000000000e-01
5.312500000000004974e+01,5.000000000000000000e-01
5.312600000000004741e+01,5.000000000000000000e-01
5.312700000000005218e+01,5.000000000000000000e-01
5.312800000000004985e+01,5.000000000000000000e-01
5.312900000000004752e+01,5.000000000000000000e-01
5.313000000000005230e+01,5.000000000000000000e-01
5.313100000000004997e+01,5.000000000000000000e-01
5.313200000000004763e+01,5.000000000000000000e-01
5.313300000000004530e+01,5.000000000000000000e-01
5.313400000000005008e+01,5.000000000000000000e-01
5.313500000000004775e+01,5.000000000000000000e-01
5.313600000000004542e+01,5.000000000000000000e-01
5.313700000000005019e+01,5.000000000000000000e-01
5.313800000000004786e+01,5.000000000000000000e-01
5.313900000000004553e+01,5.000000000000000000e-01
5.314000000000005031e+01,5.000000000000000000e-01
5.314100000000004798e+01,5.000000000000000000e-01
5.314200000000004565e+01,5.000000000000000000e-01
5.314300000000005042e+01,5.000000000000000000e-01
5.314400000000004809e+01,5.000000000000000000e-01
5.314500000000004576e+01,5.000000000000000000e-01
5.314600000000005053e+01,5.000000000000000000e-01
5.314700000000004820e+01,5.000000000000000000e-01
5.314800000000004587e+01,5.000000000000000000e-01
5.314900000000005065e+01,5.000000000000000000e-01
5.315000000000004832e+01,5.000000000000000000e-01
5.315100000000004599e+01,5.000000000000000000e-01
5.315200000000005076e+01,5.000000000000000000e-01
5.315300000000004843e+01,5.000000000000000000e-01
5.315400000000004610e+01,5.000000000000000000e-01
5.315500000000005087e+01,5.000000000000000000e-01
5.315600000000004854e+01,5.000000000000000000e-01
5.315700000000004621e+01,5.000000000000000000e-01
5.315800000000005099e+01,5.000000000000000000e-01
5.315900000000004866e+01,5.000000000000000000e-01
5.316000000000004633e+01,5.000000000000000000e-01
5.316100000000005110e+01,5.000000000000000000e-01
5.316200000000004877e+01,5.000000000000000000e-01
5.316300000000004644e+01,5.000000000000000000e-01
5.316400000000005122e+01,5.000000000000000000e-01
5.316500000000004889e+01,5.000000000000000000e-01
5.316600000000004655e+01,5.000000000000000000e-01
5.316700000000005133e+01,5.000000000000000000e-01
5.316800000000004900e+01,5.000000000000000000e-01
5.316900000000004667e+01,5.000000000000000000e-01
5.317000000000005144e+01,5.000000000000000000e-01
5.317100000000004911e+01,5.000000000000000000e-01
5.317200000000004678e+01,5.000000000000000000e-01
5.317300000000005156e+01,5.000000000000000000e-01
5.317400000000004923e+01,5.000000000000000000e-01
5.317500000000004690e+01,5.000000000000000000e-01
5.317600000000005167e+01,5.000000000000000000e-01
5.317700000000004934e+01,5.000000000000000000e-01
5.317800000000004701e+01,5.000000000000000000e-01
5.317900000000005178e+01,5.000000000000000000e-01
5.318000000000004945e+01,5.000000000000000000e-01
5.318100000000004712e+01,5.000000000000000000e-01
5.318200000000005190e+01,5.000000000000000000e-01
5.318300000000004957e+01,5.000000000000000000e-01
5.318400000000004724e+01,5.000000000000000000e-01
5.318500000000005201e+01,5.000000000000000000e-01
5.318600000000004968e+01,5.000000000000000000e-01
5.318700000000004735e+01,5.000000000000000000e-01
5.318800000000005213e+01,5.000000000000000000e-01
5.318900000000004979e+01,5.000000000000000000e-01
5.319000000000004746e+01,5.000000000000000000e-01
5.319100000000005224e+01,5.000000000000000000e-01
5.319200000000004991e+01,5.000000000000000000e-01
5.319300000000004758e+01,5.000000000000000000e-01
5.319400000000005235e+01,5.000000000000000000e-01
5.319500000000005002e+01,5.000000000000000000e-01
5.319600000000004769e+01,5.000000000000000000e-01
5.319700000000005247e+01,5.000000000000000000e-01
5.319800000000005014e+01,5.000000000000000000e-01
5.319900000000004781e+01,5.000000000000000000e-01
5.320000000000004547e+01,5.000000000000000000e-01
5.320100000000005025e+01,5.000000000000000000e-01
5.320200000000004792e+01,5.000000000000000000e-01
5.320300000000004559e+01,5.000000000000000000e-01
5.320400000000005036e+01,5.000000000000000000e-01
5.320500000000004803e+01,5.000000000000000000e-01
5.320600000000004570e+01,5.000000000000000000e-01
5.320700000000005048e+01,5.000000000000000000e-01
5.320800000000004815e+01,5.000000000000000000e-01
5.320900000000004582e+01,5.000000000000000000e-01
5.321000000000005059e+01,5.000000000000000000e-01
5.321100000000004826e+01,5.000000000000000000e-01
5.321200000000004593e+01,5.000000000000000000e-01
5.321300000000005070e+01,5.000000000000000000e-01
5.321400000000004837e+01,5.000000000000000000e-01
5.321500000000004604e+01,5.000000000000000000e-01
5.321600000000005082e+01,5.000000000000000000e-01
5.321700000000004849e+01,5.000000000000000000e-01
5.321800000000004616e+01,5.000000000000000000e-01
5.321900000000005093e+01,5.000000000000000000e-01
5.322000000000004860e+01,5.000000000000000000e-01
5.322100000000004627e+01,5.000000000000000000e-01
5.322200000000005105e+01,5.000000000000000000e-01
5.322300000000004871e+01,5.000000000000000000e-01
5.322400000000004638e+01,5.000000000000000000e-01
5.322500000000005116e+01,5.000000000000000000e-01
5.322600000000004883e+01,5.000000000000000000e-01
5.322700000000004650e+01,5.000000000000000000e-01
5.322800000000005127e+01,5.000000000000000000e-01
5.322900000000004894e+01,5.000000000000000000e-01
5.323000000000004661e+01,5.000000000000000000e-01
5.323100000000005139e+01,5.000000000000000000e-01
5.323200000000004906e+01,5.000000000000000000e-01
5.323300000000004673e+01,5.000000000000000000e-01
5.323400000000005150e+01,5.000000000000000000e-01
5.323500000000004917e+01,5.000000000000000000e-01
5.323600000000004684e+01,5.000000000000000000e-01
5.323700000000005161e+01,5.000000000000000000e-01
5.323800000000004928e+01,5.000000000000000000e-01
5.323900000000004695e+01,5.000000000000000000e-01
5.324000000000005173e+01,5.000000000000000000e-01
5.324100000000004940e+01,5.000000000000000000e-01
5.324200000000004707e+01,5.000000000000000000e-01
5.324300000000005184e+01,5.000000000000000000e-01
5.324400000000004951e+01,5.000000000000000000e-01
5.324500000000004718e+01,5.000000000000000000e-01
5.324600000000005195e+01,5.000000000000000000e-01
5.324700000000004962e+01,5.000000000000000000e-01
5.324800000000004729e+01,5.000000000000000000e-01
5.324900000000005207e+01,5.000000000000000000e-01
5.325000000000004974e+01,5.000000000000000000e-01
5.325100000000004741e+01,5.000000000000000000e-01
5.325200000000005218e+01,5.000000000000000000e-01
5.325300000000004985e+01,5.000000000000000000e-01
5.325400000000004752e+01,5.000000000000000000e-01
5.325500000000005230e+01,5.000000000000000000e-01
5.325600000000004997e+01,5.000000000000000000e-01
5.325700000000004763e+01,5.000000000000000000e-01
5.325800000000005241e+01,5.000000000000000000e-01
5.325900000000005008e+01,5.000000000000000000e-01
5.326000000000004775e+01,5.000000000000000000e-01
5.326100000000004542e+01,5.000000000000000000e-01
5.326200000000005019e+01,5.000000000000000000e-01
5.326300000000004786e+01,5.000000000000000000e-01
5.326400000000004553e+01,5.000000000000000000e-01
5.326500000000005031e+01,5.000000000000000000e-01
5.326600000000004798e+01,5.000000000000000000e-01
5.326700000000004565e+01,5.000000000000000000e-01
5.326800000000005042e+01,5.000000000000000000e-01
5.326900000000004809e+01,5.000000000000000000e-01
5.327000000000004576e+01,5.000000000000000000e-01
5.327100000000005053e+01,5.000000000000000000e-01
5.327200000000004820e+01,5.000000000000000000e-01
5.327300000000004587e+01,5.000000000000000000e-01
5.327400000000005065e+01,5.000000000000000000e-01
5.327500000000004832e+01,5.000000000000000000e-01
5.327600000000004599e+01,5.000000000000000000e-01
5.327700000000005076e+01,5.000000000000000000e-01
5.327800000000004843e+01,5.000000000000000000e-01
5.327900000000004610e+01,5.000000000000000000e-01
5.328000000000005087e+01,5.000000000000000000e-01
5.328100000000004854e+01,5.000000000000000000e-01
5.328200000000004621e+01,5.000000000000000000e-01
5.328300000000005099e+01,5.000000000000000000e-01
5.328400000000004866e+01,5.000000000000000000e-01
5.328500000000004633e+01,5.000000000000000000e-01
5.328600000000005110e+01,5.000000000000000000e-01
5.328700000000004877e+01,5.000000000000000000e-01
5.328800000000004644e+01,5.000000000000000000e-01
5.328900000000005122e+01,5.000000000000000000e-01
5.329000000000004889e+01,5.000000000000000000e-01
5.329100000000004655e+01,5.000000000000000000e-01
5.329200000000005133e+01,5.000000000000000000e-01
5.329300000000004900e+01,5.000000000000000000e-01
5.329400000000004667e+01,5.000000000000000000e-01
5.329500000000005144e+01,5.000000000000000000e-01
5.329600000000004911e+01,5.000000000000000000e-01
5.329700000000004678e+01,5.000000000000000000e-01
5.329800000000005156e+01,5.000000000000000000e-01
5.329900000000004923e+01,5.000000000000000000e-01
5.330000000000004690e+01,5.000000000000000000e-01
5.330100000000005167e+01,5.000000000000000000e-01
5.330200000000004934e+01,5.000000000000000000e-01
5.330300000000004701e+01,5.000000000000000000e-01
5.330400000000005178e+01,5.000000000000000000e-01
5.330500000000004945e+01,5.000000000000000000e-01
5.330600000000004712e+01,5.000000000000000000e-01
5.330700000000005190e+01,5.000000000000000000e-01
5.330800000000004957e+01,5.000000000000000000e-01
5.330900000000004724e+01,5.000000000000000000e-01
5.331000000000005201e+01,5.000000000000000000e-01
5.331100000000004968e+01,5.000000000000000000e-01
5.331200000000004735e+01,5.000000000000000000e-01
5.331300000000005213e+01,5.000000000000000000e-01
5.331400000000004979e+01,5.000000000000000000e-01
5.331500000000004746e+01,5.000000000000000000e-01
5.331600000000005224e+01,5.000000000000000000e-01
5.331700000000004991e+01,5.000000000000000000e-01
5.331800000000004758e+01,5.000000000000000000e-01
5.331900000000005235e+01,5.000000000000000000e-01
5.332000000000005002e+01,5.000000000000000000e-01
5.332100000000004769e+01,5.000000000000000000e-01
5.332200000000005247e+01,5.000000000000000000e-01
5.332300000000005014e+01,5.000000000000000000e-01
5.332400000000004781e+01,5.000000000000000000e-01
5.332500000000005258e+01,5.000000000000000000e-01
5.332600000000005025e+01,5.000000000000000000e-01
5.332700000000004792e+01,5.000000000000000000e-01
5.332800000000004559e+01,5.000000000000000000e-01
5.332900000000005036e+01,5.000000000000000000e-01
5.333000000000004803e+01,5.000000000000000000e-01
5.333100000000004570e+01,5.000000000000000000e-01
5.333200000000005048e+01,5.000000000000000000e-01
5.333300000000004815e+01,5.000000000000000000e-01
5.333400000000004582e+01,5.000000000000000000e-01
5.333500000000005059e+01,5.000000000000000000e-01
5.333600000000004826e+01,5.000000000000000000e-01
5.333700000000004593e+01,5.000000000000000000e-01
5.333800000000005070e+01,5.000000000000000000e-01
5.333900000000004837e+01,5.000000000000000000e-01
5.334000000000004604e+01,5.000000000000000000e-01
5.334100000000005082e+01,5.000000000000000000e-01
5.334200000000004849e+01,5.000000000000000000e-01
5.334300000000004616e+01,5.000000000000000000e-01
5.334400000000005093e+01,5.000000000000000000e-01
5.334500000000004860e+01,5.000000000000000000e-01
5.334600000000004627e+01,5.000000000000000000e-01
5.334700000000005105e+01,5.000000000000000000e-01
5.334800000000004871e+01,5.000000000000000000e-01
5.334900000000004638e+01,5.000000000000000000e-01
5.335000000000005116e+01,5.000000000000000000e-01
5.335100000000004883e+01,5.000000000000000000e-01
5.335200000000004650e+01,5.000000000000000000e-01
5.335300000000005127e+01,5.000000000000000000e-01
5.335400000000004894e+01,5.000000000000000000e-01
5.335500000000004661e+01,5.000000000000000000e-01
5.335600000000005139e+01,5.000000000000000000e-01
5.335700000000004906e+01,5.000000000000000000e-01
5.335800000000004673e+01,5.000000000000000000e-01
5.335900000000005150e+01,5.000000000000000000e-01
5.336000000000004917e+01,5.000000000000000000e-01
5.336100000000004684e+01,5.000000000000000000e-01
5.336200000000005161e+01,5.000000000000000000e-01
5.336300000000004928e+01,5.000000000000000000e-01
5.336400000000004695e+01,5.000000000000000000e-01
5.336500000000005173e+01,5.000000000000000000e-01
5.336600000000004940e+01,5.000000000000000000e-01
5.336700000000004707e+01,5.000000000000000000e-01
5.336800000000005184e+01,5.000000000000000000e-01
5.336900000000004951e+01,5.000000000000000000e-01
5.337000000000004718e+01,5.000000000000000000e-01
5.337100000000005195e+01,5.000000000000000000e-01
5.337200000000004962e+01,5.000000000000000000e-01
5.337300000000004729e+01,5.000000000000000000e-01
5.337400000000005207e+01,5.000000000000000000e-01
5.337500000000004974e+01,5.000000000000000000e-01
5.337600000000004741e+01,5.000000000000000000e-01
5.337700000000005218e+01,5.000000000000000000e-01
5.337800000000004985e+01,5.000000000000000000e-01
5.337900000000004752e+01,5.000000000000000000e-01
5.338000000000005230e+01,5.000000000000000000e-01
5.338100000000004997e+01,5.000000000000000000e-01
5.338200000000004763e+01,5.000000000000000000e-01
5.338300000000005241e+01,5.000000000000000000e-01
5.338400000000005008e+01,5.000000000000000000e-01
5.338500000000004775e+01,5.000000000000000000e-01
5.338600000000005252e+01,5.000000000000000000e-01
5.338700000000005019e+01,5.000000000000000000e-01
5.338800000000004786e+01,5.000000000000000000e-01
5.338900000000004553e+01,5.000000000000000000e-01
5.339000000000005031e+01,5.000000000000000000e-01
5.339100000000004798e+01,5.000000000000000000e-01
5.339200000000004565e+01,5.000000000000000000e-01
5.339300000000005042e+01,5.000000000000000000e-01
5.339400000000004809e+01,5.000000000000000000e-01
5.339500000000004576e+01,5.000000000000000000e-01
5.339600000000005053e+01,5.000000000000000000e-01
5.339700000000004820e+01,5.000000000000000000e-01
5.339800000000004587e+01,5.000000000000000000e-01
5.339900000000005065e+01,5.000000000000000000e-01
5.340000000000004832e+01,5.000000000000000000e-01
5.340100000000004599e+01,5.000000000000000000e-01
5.340200000000005076e+01,5.000000000000000000e-01
5.340300000000004843e+01,5.000000000000000000e-01
5.340400000000004610e+01,5.000000000000000000e-01
5.340500000000005087e+01,5.000000000000000000e-01
5.340600000000004854e+01,5.000000000000000000e-01
5.340700000000004621e+01,5.000000000000000000e-01
5.340800000000005099e+01,5.000000000000000000e-01
5.340900000000004866e+01,5.000000000000000000e-01
5.341000000000004633e+01,5.000000000000000000e-01
5.341100000000005110e+01,5.000000000000000000e-01
5.341200000000004877e+01,5.000000000000000000e-01
5.341300000000004644e+01,5.000000000000000000e-01
5.341400000000005122e+01,5.000000000000000000e-01
5.341500000000004889e+01,5.000000000000000000e-01
5.341600000000004655e+01,5.000000000000000000e-01
5.341700000000005133e+01,5.000000000000000000e-01
5.341800000000004900e+01,5.000000000000000000e-01
5.341900000000004667e+01,5.000000000000000000e-01
5.342000000000005144e+01,5.000000000000000000e-01
5.342100000000004911e+01,5.000000000000000000e-01
5.342200000000004678e+01,5.000000000000000000e-01
5.342300000000005156e+01,5.000000000000000000e-01
5.342400000000004923e+01,5.000000000000000000e-01
5.342500000000004690e+01,5.000000000000000000e-01
5.342600000000005167e+01,5.000000000000000000e-01
5.342700000000004934e+01,5.000000000000000000e-01
5.342800000000004701e+01,5.000000000000000000e-01
5.342900000000005178e+01,5.000000000000000000e-01
5.343000000000004945e+01,5.000000000000000000e-01
5.343100000000004712e+01,5.000000000000000000e-01
5.343200000000005190e+01,5.000000000000000000e-01
5.343300000000004957e+01,5.000000000000000000e-01
5.343400000000004724e+01,5.000000000000000000e-01
5.343500000000005201e+01,5.000000000000000000e-01
5.343600000000004968e+01,5.000000000000000000e-01
5.343700000000004735e+01,5.000000000000000000e-01
5.343800000000005213e+01,5.000000000000000000e-01
5.343900000000004979e+01,5.000000000000000000e-01
5.344000000000004746e+01,5.000000000000000000e-01
5.344100000000005224e+01,5.000000000000000000e-01
5.344200000000004991e+01,5.000000000000000000e-01
5.344300000000004758e+01,5.000000000000000000e-01
5.344400000000005235e+01,5.000000000000000000e-01
5.344500000000005002e+01,5.000000000000000000e-01
5.344600000000004769e+01,5.000000000000000000e-01
5.344700000000005247e+01,5.000000000000000000e-01
5.344800000000005014e+01,5.000000000000000000e-01
5.344900000000004781e+01,5.000000000000000000e-01
5.345000000000005258e+01,5.000000000000000000e-01
5.345100000000005025e+01,5.000000000000000000e-01
5.345200000000004792e+01,5.000000000000000000e-01
5.345300000000005269e+01,5.000000000000000000e-01
5.345400000000005036e+01,5.000000000000000000e-01
5.345500000000004803e+01,5.000000000000000000e-01
5.345600000000004570e+01,5.000000000000000000e-01
5.345700000000005048e+01,5.000000000000000000e-01
5.345800000000004815e+01,5.000000000000000000e-01
5.345900000000004582e+01,5.000000000000000000e-01
5.346000000000005059e+01,5.000000000000000000e-01
5.346100000000004826e+01,5.000000000000000000e-01
5.346200000000004593e+01,5.000000000000000000e-01
5.346300000000005070e+01,5.000000000000000000e-01
5.346400000000004837e+01,5.000000000000000000e-01
5.346500000000004604e+01,5.000000000000000000e-01
5.346600000000005082e+01,5.000000000000000000e-01
5.346700000000004849e+01,5.000000000000000000e-01
5.346800000000004616e+01,5.000000000000000000e-01
5.346900000000005093e+01,5.000000000000000000e-01
5.347000000000004860e+01,5.000000000000000000e-01
5.347100000000004627e+01,5.000000000000000000e-01
5.347200000000005105e+01,5.000000000000000000e-01
5.347300000000004871e+01,5.000000000000000000e-01
5.347400000000004638e+01,5.000000000000000000e-01
5.347500000000005116e+01,5.000000000000000000e-01
5.347600000000004883e+01,5.000000000000000000e-01
5.347700000000004650e+01,5.000000000000000000e-01
5.347800000000005127e+01,5.000000000000000000e-01
5.347900000000004894e+01,5.000000000000000000e-01
5.348000000000004661e+01,5.000000000000000000e-01
5.348100000000005139e+01,5.000000000000000000e-01
5.348200000000004906e+01,5.000000000000000000e-01
5.348300000000004673e+01,5.000000000000000000e-01
5.348400000000005150e+01,5.000000000000000000e-01
5.348500000000004917e+01,5.000000000000000000e-01
5.348600000000004684e+01,5.000000000000000000e-01
5.348700000000005161e+01,5.000000000000000000e-01
5.348800000000004928e+01,5.000000000000000000e-01
5.348900000000004695e+01,5.000000000000000000e-01
5.349000000000005173e+01,5.000000000000000000e-01
5.349100000000004940e+01,5.000000000000000000e-01
5.349200000000004707e+01,5.000000000000000000e-01
5.349300000000005184e+01,5.000000000000000000e-01
5.349400000000004951e+01,5.000000000000000000e-01
5.349500000000004718e+01,5.000000000000000000e-01
5.349600000000005195e+01,5.000000000000000000e-01
5.349700000000004962e+01,5.000000000000000000e-01
5.349800000000004729e+01,5.000000000000000000e-01
5.349900000000005207e+01,5.000000000000000000e-01
5.350000000000004974e+01,5.000000000000000000e-01
5.350100000000004741e+01,5.000000000000000000e-01
5.350200000000005218e+01,5.000000000000000000e-01
5.350300000000004985e+01,5.000000000000000000e-01
5.350400000000004752e+01,5.000000000000000000e-01
5.350500000000005230e+01,5.000000000000000000e-01
5.350600000000004997e+01,5.000000000000000000e-01
5.350700000000004763e+01,5.000000000000000000e-01
5.350800000000005241e+01,5.000000000000000000e-01
5.350900000000005008e+01,5.000000000000000000e-01
5.351000000000004775e+01,5.000000000000000000e-01
5.351100000000005252e+01,5.000000000000000000e-01
5.351200000000005019e+01,5.000000000000000000e-01
5.351300000000004786e+01,5.000000000000000000e-01
5.351400000000005264e+01,5.000000000000000000e-01
5.351500000000005031e+01,5.000000000000000000e-01
5.351600000000004798e+01,5.000000000000000000e-01
5.351700000000004565e+01,5.000000000000000000e-01
5.351800000000005042e+01,5.000000000000000000e-01
5.351900000000004809e+01,5.000000000000000000e-01
5.352000000000004576e+01,5.000000000000000000e-01
5.352100000000005053e+01,5.000000000000000000e-01
5.352200000000004820e+01,5.000000000000000000e-01
5.352300000000004587e+01,5.000000000000000000e-01
5.352400000000005065e+01,5.000000000000000000e-01
5.352500000000004832e+01,5.000000000000000000e-01
5.352600000000004599e+01,5.000000000000000000e-01
5.352700000000005076e+01,5.000000000000000000e-01
5.352800000000004843e+01,5.000000000000000000e-01
5.352900000000004610e+01,5.000000000000000000e-01
5.353000000000005087e+01,5.000000000000000000e-01
5.353100000000004854e+01,5.000000000000000000e-01
5.353200000000004621e+01,5.000000000000000000e-01
5.353300000000005099e+01,5.000000000000000000e-01
5.353400000000004866e+01,5.000000000000000000e-01
5.353500000000004633e+01,5.000000000000000000e-01
5.353600000000005110e+01,5.000000000000000000e-01
5.353700000000004877e+01,5.000000000000000000e-01
5.353800000000004644e+01,5.000000000000000000e-01
5.353900000000005122e+01,5.000000000000000000e-01
5.354000000000004889e+01,5.000000000000000000e-01
5.354100000000004655e+01,5.000000000000000000e-01
5.354200000000005133e+01,5.000000000000000000e-01
5.354300000000004900e+01,5.000000000000000000e-01
5.354400000000004667e+01,5.000000000000000000e-01
5.354500000000005144e+01,5.000000000000000000e-01
5.354600000000004911e+01,5.000000000000000000e-01
5.354700000000004678e+01,5.000000000000000000e-01
5.354800000000005156e+01,5.000000000000000000e-01
5.354900000000004923e+01,5.000000000000000000e-01
5.355000000000004690e+01,5.000000000000000000e-01
5.355100000000005167e+01,5.000000000000000000e-01
5.355200000000004934e+01,5.000000000000000000e-01
5.355300000000004701e+01,5.000000000000000000e-01
5.355400000000005178e+01,5.000000000000000000e-01
5.355500000000004945e+01,5.000000000000000000e-01
5.355600000000004712e+01,5.000000000000000000e-01
5.355700000000005190e+01,5.000000000000000000e-01
5.355800000000004957e+01,5.000000000000000000e-01
5.355900000000004724e+01,5.000000000000000000e-01
5.356000000000005201e+01,5.000000000000000000e-01
5.356100000000004968e+01,5.000000000000000000e-01
5.356200000000004735e+01,5.000000000000000000e-01
5.356300000000005213e+01,5.000000000000000000e-01
5.356400000000004979e+01,5.000000000000000000e-01
5.356500000000004746e+01,5.000000000000000000e-01
5.356600000000005224e+01,5.000000000000000000e-01
5.356700000000004991e+01,5.000000000000000000e-01
5.356800000000004758e+01,5.000000000000000000e-01
5.356900000000005235e+01,5.000000000000000000e-01
5.357000000000005002e+01,5.000000000000000000e-01
5.357100000000004769e+01,5.000000000000000000e-01
5.357200000000005247e+01,5.000000000000000000e-01
5.357300000000005014e+01,5.000000000000000000e-01
5.357400000000004781e+01,5.000000000000000000e-01
5.357500000000005258e+01,5.000000000000000000e-01
5.357600000000005025e+01,5.000000000000000000e-01
5.357700000000004792e+01,5.000000000000000000e-01
5.357800000000005269e+01,5.000000000000000000e-01
5.357900000000005036e+01,5.000000000000000000e-01
5.358000000000004803e+01,5.000000000000000000e-01
5.358100000000005281e+01,5.000000000000000000e-01
5.358200000000005048e+01,5.000000000000000000e-01
5.358300000000004815e+01,5.000000000000000000e-01
5.358400000000004582e+01,5.000000000000000000e-01
5.358500000000005059e+01,5.000000000000000000e-01
5.358600000000004826e+01,5.000000000000000000e-01
5.358700000000004593e+01,5.000000000000000000e-01
5.358800000000005070e+01,5.000000000000000000e-01
5.358900000000004837e+01,5.000000000000000000e-01
5.359000000000004604e+01,5.000000000000000000e-01
5.359100000000005082e+01,5.000000000000000000e-01
5.359200000000004849e+01,5.000000000000000000e-01
5.359300000000004616e+01,5.000000000000000000e-01
5.359400000000005093e+01,5.000000000000000000e-01
5.359500000000004860e+01,5.000000000000000000e-01
5.359600000000004627e+01,5.000000000000000000e-01
5.359700000000005105e+01,5.000000000000000000e-01
5.359800000000004871e+01,5.000000000000000000e-01
5.359900000000004638e+01,5.000000000000000000e-01
5.360000000000005116e+01,5.000000000000000000e-01
5.360100000000004883e+01,5.000000000000000000e-01
5.360200000000004650e+01,5.000000000000000000e-01
5.360300000000005127e+01,5.000000000000000000e-01
5.360400000000004894e+01,5.000000000000000000e-01
5.360500000000004661e+01,5.000000000000000000e-01
5.360600000000005139e+01,5.000000000000000000e-01
5.360700000000004906e+01,5.000000000000000000e-01
5.360800000000004673e+01,5.000000000000000000e-01
5.360900000000005150e+01,5.000000000000000000e-01
5.361000000000004917e+01,5.000000000000000000e-01
5.361100000000004684e+01,5.000000000000000000e-01
5.361200000000005161e+01,5.000000000000000000e-01
5.361300000000004928e+01,5.000000000000000000e-01
5.361400000000004695e+01,5.000000000000000000e-01
5.361500000000005173e+01,5.000000000000000000e-01
5.361600000000004940e+01,5.000000000000000000e-01
5.361700000000004707e+01,5.000000000000000000e-01
5.361800000000005184e+01,5.000000000000000000e-01
5.361900000000004951e+01,5.000000000000000000e-01
5.362000000000004718e+01,5.000000000000000000e-01
5.362100000000005195e+01,5.000000000000000000e-01
5.362200000000004962e+01,5.000000000000000000e-01
5.362300000000004729e+01,5.000000000000000000e-01
5.362400000000005207e+01,5.000000000000000000e-01
5.362500000000004974e+01,5.000000000000000000e-01
5.362600000000004741e+01,5.000000000000000000e-01
5.362700000000005218e+01,5.000000000000000000e-01
5.362800000000004985e+01,5.000000000000000000e-01
5.362900000000004752e+01,5.000000000000000000e-01
5.363000000000005230e+01,5.000000000000000000e-01
5.363100000000004997e+01,5.000000000000000000e-01
5.363200000000004763e+01,5.000000000000000000e-01
5.363300000000005241e+01,5.000000000000000000e-01
5.363400000000005008e+01,5.000000000000000000e-01
5.363500000000004775e+01,5.000000000000000000e-01
5.363600000000005252e+01,5.000000000000000000e-01
5.363700000000005019e+01,5.000000000000000000e-01
5.363800000000004786e+01,5.000000000000000000e-01
5.363900000000005264e+01,5.000000000000000000e-01
5.364000000000005031e+01,5.000000000000000000e-01
5.364100000000004798e+01,5.000000000000000000e-01
5.364200000000005275e+01,5.000000000000000000e-01
5.364300000000005042e+01,5.000000000000000000e-01
5.364400000000004809e+01,5.000000000000000000e-01
5.364500000000004576e+01,5.000000000000000000e-01
5.364600000000005053e+01,5.000000000000000000e-01
5.364700000000004820e+01,5.000000000000000000e-01
5.364800000000004587e+01,5.000000000000000000e-01
5.364900000000005065e+01,5.000000000000000000e-01
5.365000000000004832e+01,5.000000000000000000e-01
5.365100000000004599e+01,5.000000000000000000e-01
5.365200000000005076e+01,5.000000000000000000e-01
5.365300000000004843e+01,5.000000000000000000e-01
5.365400000000004610e+01,5.000000000000000000e-01
5.365500000000005087e+01,5.000000000000000000e-01
5.365600000000004854e+01,5.000000000000000000e-01
5.365700000000004621e+01,5.000000000000000000e-01
5.365800000000005099e+01,5.000000000000000000e-01
5.365900000000004866e+01,5.000000000000000000e-01
5.366000000000004633e+01,5.000000000000000000e-01
5.366100000000005110e+01,5.000000000000000000e-01
5.366200000000004877e+01,5.000000000000000000e-01
5.366300000000004644e+01,5.000000000000000000e-01
5.366400000000005122e+01,5.000000000000000000e-01
5.366500000000004889e+01,5.000000000000000000e-01
5.366600000000004655e+01,5.000000000000000000e-01
5.366700000000005133e+01,5.000000000000000000e-01
5.366800000000004900e+01,5.000000000000000000e-01
5.366900000000004667e+01,5.000000000000000000e-01
5.367000000000005144e+01,5.000000000000000000e-01
5.367100000000004911e+01,5.000000000000000000e-01
5.367200000000004678e+01,5.000000000000000000e-01
5.367300000000005156e+01,5.000000000000000000e-01
5.367400000000004923e+01,5.000000000000000000e-01
5.367500000000004690e+01,5.000000000000000000e-01
5.367600000000005167e+01,5.000000000000000000e-01
5.367700000000004934e+01,5.000000000000000000e-01
5.367800000000004701e+01,5.000000000000000000e-01
5.367900000000005178e+01,5.000000000000000000e-01
5.368000000000004945e+01,5.000000000000000000e-01
5.368100000000004712e+01,5.000000000000000000e-01
5.368200000000005190e+01,5.000000000000000000e-01
5.368300000000004957e+01,5.000000000000000000e-01
5.368400000000004724e+01,5.000000000000000000e-01
5.368500000000005201e+01,5.000000000000000000e-01
5.368600000000004968e+01,5.000000000000000000e-01
5.368700000000004735e+01,5.000000000000000000e-01
5.368800000000005213e+01,5.000000000000000000e-01
5.368900000000004979e+01,5.000000000000000000e-01
5.369000000000004746e+01,5.000000000000000000e-01
5.369100000000005224e+01,5.000000000000000000e-01
5.369200000000004991e+01,5.000000000000000000e-01
5.369300000000004758e+01,5.000000000000000000e-01
5.369400000000005235e+01,5.000000000000000000e-01
5.369500000000005002e+01,5.000000000000000000e-01
5.369600000000004769e+01,5.000000000000000000e-01
5.369700000000005247e+01,5.000000000000000000e-01
5.369800000000005014e+01,5.000000000000000000e-01
5.369900000000004781e+01,5.000000000000000000e-01
5.370000000000005258e+01,5.000000000000000000e-01
5.370100000000005025e+01,5.000000000000000000e-01
5.370200000000004792e+01,5.000000000000000000e-01
5.370300000000005269e+01,5.000000000000000000e-01
5.370400000000005036e+01,5.000000000000000000e-01
5.370500000000004803e+01,5.000000000000000000e-01
5.370600000000005281e+01,5.000000000000000000e-01
5.370700000000005048e+01,5.000000000000000000e-01
5.370800000000004815e+01,5.000000000000000000e-01
5.370900000000005292e+01,5.000000000000000000e-01
5.371000000000005059e+01,5.000000000000000000e-01
5.371100000000004826e+01,5.000000000000000000e-01
5.371200000000004593e+01,5.000000000000000000e-01
5.371300000000005070e+01,5.000000000000000000e-01
5.371400000000004837e+01,5.000000000000000000e-01
5.371500000000004604e+01,5.000000000000000000e-01
5.371600000000005082e+01,5.000000000000000000e-01
5.371700000000004849e+01,5.000000000000000000e-01
5.371800000000004616e+01,5.000000000000000000e-01
5.371900000000005093e+01,5.000000000000000000e-01
5.372000000000004860e+01,5.000000000000000000e-01
5.372100000000004627e+01,5.000000000000000000e-01
5.372200000000005105e+01,5.000000000000000000e-01
5.372300000000004871e+01,5.000000000000000000e-01
5.372400000000004638e+01,5.000000000000000000e-01
5.372500000000005116e+01,5.000000000000000000e-01
5.372600000000004883e+01,5.000000000000000000e-01
5.372700000000004650e+01,5.000000000000000000e-01
5.372800000000005127e+01,5.000000000000000000e-01
5.372900000000004894e+01,5.000000000000000000e-01
5.373000000000004661e+01,5.000000000000000000e-01
5.373100000000005139e+01,5.000000000000000000e-01
5.373200000000004906e+01,5.000000000000000000e-01
5.373300000000004673e+01,5.000000000000000000e-01
5.373400000000005150e+01,5.000000000000000000e-01
5.373500000000004917e+01,5.000000000000000000e-01
5.373600000000004684e+01,5.000000000000000000e-01
5.373700000000005161e+01,5.000000000000000000e-01
5.373800000000004928e+01,5.000000000000000000e-01
5.373900000000004695e+01,5.000000000000000000e-01
5.374000000000005173e+01,5.000000000000000000e-01
5.374100000000004940e+01,5.000000000000000000e-01
5.374200000000004707e+01,5.000000000000000000e-01
5.374300000000005184e+01,5.000000000000000000e-01
5.374400000000004951e+01,5.000000000000000000e-01
5.374500000000004718e+01,5.000000000000000000e-01
5.374600000000005195e+01,5.000000000000000000e-01
5.374700000000004962e+01,5.000000000000000000e-01
5.374800000000004729e+01,5.000000000000000000e-01
5.374900000000005207e+01,5.000000000000000000e-01
5.375000000000004974e+01,5.000000000000000000e-01
5.375100000000004741e+01,5.000000000000000000e-01
5.375200000000005218e+01,5.000000000000000000e-01
5.375300000000004985e+01,5.000000000000000000e-01
5.375400000000004752e+01,5.000000000000000000e-01
5.375500000000005230e+01,5.000000000000000000e-01
5.375600000000004997e+01,5.000000000000000000e-01
5.375700000000004763e+01,5.000000000000000000e-01
5.375800000000005241e+01,5.000000000000000000e-01
5.375900000000005008e+01,5.000000000000000000e-01
5.376000000000004775e+01,5.000000000000000000e-01
5.376100000000005252e+01,5.000000000000000000e-01
5.376200000000005019e+01,5.000000000000000000e-01
5.376300000000004786e+01,5.000000000000000000e-01
5.376400000000005264e+01,5.000000000000000000e-01
5.376500000000005031e+01,5.000000000000000000e-01
5.376600000000004798e+01,5.000000000000000000e-01
5.376700000000005275e+01,5.000000000000000000e-01
5.376800000000005042e+01,5.000000000000000000e-01
5.376900000000004809e+01,5.000000000000000000e-01
5.377000000000005286e+01,5.000000000000000000e-01
5.377100000000005053e+01,5.000000000000000000e-01
5.377200000000004820e+01,5.000000000000000000e-01
5.377300000000004587e+01,5.000000000000000000e-01
5.377400000000005065e+01,5.000000000000000000e-01
5.377500000000004832e+01,5.000000000000000000e-01
5.377600000000004599e+01,5.000000000000000000e-01
5.377700000000005076e+01,5.000000000000000000e-01
5.377800000000004843e+01,5.000000000000000000e-01
5.377900000000004610e+01,5.000000000000000000e-01
5.378000000000005087e+01,5.000000000000000000e-01
5.378100000000004854e+01,5.000000000000000000e-01
5.378200000000004621e+01,5.000000000000000000e-01
5.378300000000005099e+01,5.000000000000000000e-01
5.378400000000004866e+01,5.000000000000000000e-01
5.378500000000004633e+01,5.000000000000000000e-01
5.378600000000005110e+01,5.000000000000000000e-01
5.378700000000004877e+01,5.000000000000000000e-01
5.378800000000004644e+01,5.000000000000000000e-01
5.378900000000005122e+01,5.000000000000000000e-01
5.379000000000004889e+01,5.000000000000000000e-01
5.379100000000004655e+01,5.000000000000000000e-01
5.379200000000005133e+01,5.000000000000000000e-01
5.379300000000004900e+01,5.000000000000000000e-01
5.379400000000004667e+01,5.000000000000000000e-01
5.379500000000005144e+01,5.000000000000000000e-01
5.379600000000004911e+01,5.000000000000000000e-01
5.379700000000004678e+01,5.000000000000000000e-01
5.379800000000005156e+01,5.000000000000000000e-01
5.379900000000004923e+01,5.000000000000000000e-01
5.380000000000004690e+01,5.000000000000000000e-01
5.380100000000005167e+01,5.000000000000000000e-01
5.380200000000004934e+01,5.000000000000000000e-01
5.380300000000004701e+01,5.000000000000000000e-01
5.380400000000005178e+01,5.000000000000000000e-01
5.380500000000004945e+01,5.000000000000000000e-01
5.380600000000004712e+01,5.000000000000000000e-01
5.380700000000005190e+01,5.000000000000000000e-01
5.380800000000004957e+01,5.000000000000000000e-01
5.380900000000004724e+01,5.000000000000000000e-01
5.381000000000005201e+01,5.000000000000000000e-01
5.381100000000004968e+01,5.000000000000000000e-01
5.381200000000004735e+01,5.000000000000000000e-01
5.381300000000005213e+01,5.000000000000000000e-01
5.381400000000004979e+01,5.000000000000000000e-01
5.381500000000004746e+01,5.000000000000000000e-01
5.381600000000005224e+01,5.000000000000000000e-01
5.381700000000004991e+01,5.000000000000000000e-01
5.381800000000004758e+01,5.000000000000000000e-01
5.381900000000005235e+01,5.000000000000000000e-01
5.382000000000005002e+01,5.000000000000000000e-01
5.382100000000004769e+01,5.000000000000000000e-01
5.382200000000005247e+01,5.000000000000000000e-01
5.382300000000005014e+01,5.000000000000000000e-01
5.382400000000004781e+01,5.000000000000000000e-01
5.382500000000005258e+01,5.000000000000000000e-01
5.382600000000005025e+01,5.000000000000000000e-01
5.382700000000004792e+01,5.000000000000000000e-01
5.382800000000005269e+01,5.000000000000000000e-01
5.382900000000005036e+01,5.000000000000000000e-01
5.383000000000004803e+01,5.000000000000000000e-01
5.383100000000005281e+01,5.000000000000000000e-01
5.383200000000005048e+01,5.000000000000000000e-01
5.383300000000004815e+01,5.000000000000000000e-01
5.383400000000005292e+01,5.000000000000000000e-01
5.383500000000005059e+01,5.000000000000000000e-01
5.383600000000004826e+01,5.000000000000000000e-01
5.383700000000005303e+01,5.000000000000000000e-01
5.383800000000005070e+01,5.000000000000000000e-01
5.383900000000004837e+01,5.000000000000000000e-01
5.384000000000004604e+01,5.000000000000000000e-01
5.384100000000005082e+01,5.000000000000000000e-01
5.384200000000004849e+01,5.000000000000000000e-01
5.384300000000004616e+01,5.000000000000000000e-01
5.384400000000005093e+01,5.000000000000000000e-01
5.384500000000004860e+01,5.000000000000000000e-01
5.384600000000004627e+01,5.000000000000000000e-01
5.384700000000005105e+01,5.000000000000000000e-01
5.384800000000004871e+01,5.000000000000000000e-01
5.384900000000004638e+01,5.000000000000000000e-01
5.385000000000005116e+01,5.000000000000000000e-01
5.385100000000004883e+01,5.000000000000000000e-01
5.385200000000004650e+01,5.000000000000000000e-01
5.385300000000005127e+01,5.000000000000000000e-01
5.385400000000004894e+01,5.000000000000000000e-01
5.385500000000004661e+01,5.000000000000000000e-01
5.385600000000005139e+01,5.000000000000000000e-01
5.385700000000004906e+01,5.000000000000000000e-01
5.385800000000004673e+01,5.000000000000000000e-01
5.385900000000005150e+01,5.000000000000000000e-01
5.386000000000004917e+01,5.000000000000000000e-01
5.386100000000004684e+01,5.000000000000000000e-01
5.386200000000005161e+01,5.000000000000000000e-01
5.386300000000004928e+01,5.000000000000000000e-01
5.386400000000004695e+01,5.000000000000000000e-01
5.386500000000005173e+01,5.000000000000000000e-01
5.386600000000004940e+01,5.000000000000000000e-01
5.386700000000004707e+01,5.000000000000000000e-01
5.386800000000005184e+01,5.000000000000000000e-01
5.386900000000004951e+01,5.000000000000000000e-01
5.387000000000004718e+01,5.000000000000000000e-01
5.387100000000005195e+01,5.000000000000000000e-01
5.387200000000004962e+01,5.000000000000000000e-01
5.387300000000004729e+01,5.000000000000000000e-01
5.387400000000005207e+01,5.000000000000000000e-01
5.387500000000004974e+01,5.000000000000000000e-01
5.387600000000004741e+01,5.000000000000000000e-01
5.387700000000005218e+01,5.000000000000000000e-01
5.387800000000004985e+01,5.000000000000000000e-01
5.387900000000004752e+01,5.000000000000000000e-01
5.388000000000005230e+01,5.000000000000000000e-01
5.388100000000004997e+01,5.000000000000000000e-01
5.388200000000004763e+01,5.000000000000000000e-01
5.388300000000005241e+01,5.000000000000000000e-01
5.388400000000005008e+01,5.000000000000000000e-01
5.388500000000004775e+01,5.000000000000000000e-01
5.388600000000005252e+01,5.000000000000000000e-01
5.388700000000005019e+01,5.000000000000000000e-01
5.388800000000004786e+01,5.000000000000000000e-01
5.388900000000005264e+01,5.000000000000000000e-01
5.389000000000005031e+01,5.000000000000000000e-01
5.389100000000004798e+01,5.000000000000000000e-01
5.389200000000005275e+01,5.000000000000000000e-01
5.389300000000005042e+01,5.000000000000000000e-01
5.389400000000004809e+01,5.000000000000000000e-01
5.389500000000005286e+01,5.000000000000000000e-01
5.389600000000005053e+01,5.000000000000000000e-01
5.389700000000004820e+01,5.000000000000000000e-01
5.389800000000005298e+01,5.000000000000000000e-01
5.389900000000005065e+01,5.000000000000000000e-01
5.390000000000004832e+01,5.000000000000000000e-01
5.390100000000004599e+01,5.000000000000000000e-01
5.390200000000005076e+01,5.000000000000000000e-01
5.390300000000004843e+01,5.000000000000000000e-01
5.390400000000004610e+01,5.000000000000000000e-01
5.390500000000005087e+01,5.000000000000000000e-01
5.390600000000004854e+01,5.000000000000000000e-01
5.390700000000004621e+01,5.000000000000000000e-01
5.390800000000005099e+01,5.000000000000000000e-01
5.390900000000004866e+01,5.000000000000000000e-01
5.391000000000004633e+01,5.000000000000000000e-01
5.391100000000005110e+01,5.000000000000000000e-01
5.391200000000004877e+01,5.000000000000000000e-01
5.391300000000004644e+01,5.000000000000000000e-01
5.391400000000005122e+01,5.000000000000000000e-01
5.391500000000004889e+01,5.000000000000000000e-01
5.391600000000004655e+01,5.000000000000000000e-01
5.391700000000005133e+01,5.000000000000000000e-01
5.391800000000004900e+01,5.000000000000000000e-01
5.391900000000004667e+01,5.000000000000000000e-01
5.392000000000005144e+01,5.000000000000000000e-01
5.392100000000004911e+01,5.000000000000000000e-01
5.392200000000004678e+01,5.000000000000000000e-01
5.392300000000005156e+01,5.000000000000000000e-01
5.392400000000004923e+01,5.000000000000000000e-01
5.392500000000004690e+01,5.000000000000000000e-01
5.392600000000005167e+01,5.000000000000000000e-01
5.392700000000004934e+01,5.000000000000000000e-01
5.392800000000004701e+01,5.000000000000000000e-01
5.392900000000005178e+01,5.000000000000000000e-01
5.393000000000004945e+01,5.000000000000000000e-01
5.393100000000004712e+01,5.000000000000000000e-01
5.393200000000005190e+01,5.000000000000000000e-01
5.393300000000004957e+01,5.000000000000000000e-01
5.393400000000004724e+01,5.000000000000000000e-01
5.393500000000005201e+01,5.000000000000000000e-01
5.393600000000004968e+01,5.000000000000000000e-01
5.393700000000004735e+01,5.000000000000000000e-01
5.393800000000005213e+01,5.000000000000000000e-01
5.393900000000004979e+01,5.000000000000000000e-01
5.394000000000004746e+01,5.000000000000000000e-01
5.394100000000005224e+01,5.000000000000000000e-01
5.394200000000004991e+01,5.000000000000000000e-01
5.394300000000004758e+01,5.000000000000000000e-01
5.394400000000005235e+01,5.000000000000000000e-01
5.394500000000005002e+01,5.000000000000000000e-01
5.394600000000004769e+01,5.000000000000000000e-01
5.394700000000005247e+01,5.000000000000000000e-01
5.394800000000005014e+01,5.000000000000000000e-01
5.394900000000004781e+01,5.000000000000000000e-01
5.395000000000005258e+01,5.000000000000000000e-01
5.395100000000005025e+01,5.000000000000000000e-01
5.395200000000004792e+01,5.000000000000000000e-01
5.395300000000005269e+01,5.000000000000000000e-01
5.395400000000005036e+01,5.000000000000000000e-01
5.395500000000004803e+01,5.000000000000000000e-01
5.395600000000005281e+01,5.000000000000000000e-01
5.395700000000005048e+01,5.000000000000000000e-01
5.395800000000004815e+01,5.000000000000000000e-01
5.395900000000005292e+01,5.000000000000000000e-01
5.396000000000005059e+01,5.000000000000000000e-01
5.396100000000004826e+01,5.000000000000000000e-01
5.396200000000005303e+01,5.000000000000000000e-01
5.396300000000005070e+01,5.000000000000000000e-01
5.396400000000004837e+01,5.000000000000000000e-01
5.396500000000005315e+01,5.000000000000000000e-01
5.396600000000005082e+01,5.000000000000000000e-01
5.396700000000004849e+01,5.000000000000000000e-01
5.396800000000004616e+01,5.000000000000000000e-01
5.396900000000005093e+01,5.000000000000000000e-01
5.397000000000004860e+01,5.000000000000000000e-01
5.397100000000004627e+01,5.000000000000000000e-01
5.397200000000005105e+01,5.000000000000000000e-01
5.397300000000004871e+01,5.000000000000000000e-01
5.397400000000004638e+01,5.000000000000000000e-01
5.397500000000005116e+01,5.000000000000000000e-01
5.397600000000004883e+01,5.000000000000000000e-01
5.397700000000004650e+01,5.000000000000000000e-01
5.397800000000005127e+01,5.000000000000000000e-01
5.397900000000004894e+01,5.000000000000000000e-01
5.398000000000004661e+01,5.000000000000000000e-01
5.398100000000005139e+01,5.000000000000000000e-01
5.398200000000004906e+01,5.000000000000000000e-01
5.398300000000004673e+01,5.000000000000000000e-01
5.398400000000005150e+01,5.000000000000000000e-01
5.398500000000004917e+01,5.000000000000000000e-01
5.398600000000004684e+01,5.000000000000000000e-01
5.398700000000005161e+01,5.000000000000000000e-01
5.398800000000004928e+01,5.000000000000000000e-01
5.398900000000004695e+01,5.000000000000000000e-01
5.399000000000005173e+01,5.000000000000000000e-01
5.399100000000004940e+01,5.000000000000000000e-01
5.399200000000004707e+01,5.000000000000000000e-01
5.399300000000005184e+01,5.000000000000000000e-01
5.399400000000004951e+01,5.000000000000000000e-01
5.399500000000004718e+01,5.000000000000000000e-01
5.399600000000005195e+01,5.000000000000000000e-01
5.399700000000004962e+01,5.000000000000000000e-01
5.399800000000004729e+01,5.000000000000000000e-01
5.399900000000005207e+01,5.000000000000000000e-01
5.400000000000004974e+01,5.000000000000000000e-01
5.400100000000004741e+01,5.000000000000000000e-01
5.400200000000005218e+01,5.000000000000000000e-01
5.400300000000004985e+01,5.000000000000000000e-01
5.400400000000004752e+01,5.000000000000000000e-01
5.400500000000005230e+01,5.000000000000000000e-01
5.400600000000004997e+01,5.000000000000000000e-01
5.400700000000004763e+01,5.000000000000000000e-01
5.400800000000005241e+01,5.000000000000000000e-01
5.400900000000005008e+01,5.000000000000000000e-01
5.401000000000004775e+01,5.000000000000000000e-01
5.401100000000005252e+01,5.000000000000000000e-01
5.401200000000005019e+01,5.000000000000000000e-01
5.401300000000004786e+01,5.000000000000000000e-01
5.401400000000005264e+01,5.000000000000000000e-01
5.401500000000005031e+01,5.000000000000000000e-01
5.401600000000004798e+01,5.000000000000000000e-01
5.401700000000005275e+01,5.000000000000000000e-01
5.401800000000005042e+01,5.000000000000000000e-01
5.401900000000004809e+01,5.000000000000000000e-01
5.402000000000005286e+01,5.000000000000000000e-01
5.402100000000005053e+01,5.000000000000000000e-01
5.402200000000004820e+01,5.000000000000000000e-01
5.402300000000005298e+01,5.000000000000000000e-01
5.402400000000005065e+01,5.000000000000000000e-01
5.402500000000004832e+01,5.000000000000000000e-01
5.402600000000005309e+01,5.000000000000000000e-01
5.402700000000005076e+01,5.000000000000000000e-01
5.402800000000004843e+01,5.000000000000000000e-01
5.402900000000004610e+01,5.000000000000000000e-01
5.403000000000005087e+01,5.000000000000000000e-01
5.403100000000004854e+01,5.000000000000000000e-01
5.403200000000004621e+01,5.000000000000000000e-01
5.403300000000005099e+01,5.000000000000000000e-01
5.403400000000004866e+01,5.000000000000000000e-01
5.403500000000004633e+01,5.000000000000000000e-01
5.403600000000005110e+01,5.000000000000000000e-01
5.403700000000004877e+01,5.000000000000000000e-01
5.403800000000004644e+01,5.000000000000000000e-01
5.403900000000005122e+01,5.000000000000000000e-01
5.404000000000004889e+01,5.000000000000000000e-01
5.404100000000004655e+01,5.000000000000000000e-01
5.404200000000005133e+01,5.000000000000000000e-01
5.404300000000004900e+01,5.000000000000000000e-01
5.404400000000004667e+01,5.000000000000000000e-01
5.404500000000005144e+01,5.000000000000000000e-01
5.404600000000004911e+01,5.000000000000000000e-01
5.404700000000004678e+01,5.000000000000000000e-01
5.404800000000005156e+01,5.000000000000000000e-01
5.404900000000004923e+01,5.000000000000000000e-01
5.405000000000004690e+01,5.000000000000000000e-01
5.405100000000005167e+01,5.000000000000000000e-01
5.405200000000004934e+01,5.000000000000000000e-01
5.405300000000004701e+01,5.000000000000000000e-01
5.405400000000005178e+01,5.000000000000000000e-01
5.405500000000004945e+01,5.000000000000000000e-01
5.405600000000004712e+01,5.000000000000000000e-01
5.405700000000005190e+01,5.000000000000000000e-01
5.405800000000004957e+01,5.000000000000000000e-01
5.405900000000004724e+01,5.000000000000000000e-01
5.406000000000005201e+01,5.000000000000000000e-01
5.406100000000004968e+01,5.000000000000000000e-01
5.406200000000004735e+01,5.000000000000000000e-01
5.406300000000005213e+01,5.000000000000000000e-01
5.406400000000004979e+01,5.000000000000000000e-01
5.406500000000004746e+01,5.000000000000000000e-01
5.406600000000005224e+01,5.000000000000000000e-01
5.406700000000004991e+01,5.000000000000000000e-01
5.406800000000004758e+01,5.000000000000000000e-01
5.406900000000005235e+01,5.000000000000000000e-01
5.407000000000005002e+01,5.000000000000000000e-01
5.407100000000004769e+01,5.000000000000000000e-01
5.407200000000005247e+01,5.000000000000000000e-01
5.407300000000005014e+01,5.000000000000000000e-01
5.407400000000004781e+01,5.000000000000000000e-01
5.407500000000005258e+01,5.000000000000000000e-01
5.407600000000005025e+01,5.000000000000000000e-01
5.407700000000004792e+01,5.000000000000000000e-01
5.407800000000005269e+01,5.000000000000000000e-01
5.407900000000005036e+01,5.000000000000000000e-01
5.408000000000004803e+01,5.000000000000000000e-01
5.408100000000005281e+01,5.000000000000000000e-01
5.408200000000005048e+01,5.000000000000000000e-01
5.408300000000004815e+01,5.000000000000000000e-01
5.408400000000005292e+01,5.000000000000000000e-01
5.408500000000005059e+01,5.000000000000000000e-01
5.408600000000004826e+01,5.000000000000000000e-01
5.408700000000005303e+01,5.000000000000000000e-01
5.408800000000005070e+01,5.000000000000000000e-01
5.408900000000004837e+01,5.000000000000000000e-01
5.409000000000005315e+01,5.000000000000000000e-01
5.409100000000005082e+01,5.000000000000000000e-01
5.409200000000004849e+01,5.000000000000000000e-01
5.409300000000005326e+01,5.000000000000000000e-01
5.409400000000005093e+01,5.000000000000000000e-01
5.409500000000004860e+01,5.000000000000000000e-01
5.409600000000004627e+01,5.000000000000000000e-01
5.409700000000005105e+01,5.000000000000000000e-01
5.409800000000004871e+01,5.000000000000000000e-01
5.409900000000004638e+01,5.000000000000000000e-01
5.410000000000005116e+01,5.000000000000000000e-01
5.410100000000004883e+01,5.000000000000000000e-01
5.410200000000004650e+01,5.000000000000000000e-01
5.410300000000005127e+01,5.000000000000000000e-01
5.410400000000004894e+01,5.000000000000000000e-01
5.410500000000004661e+01,5.000000000000000000e-01
5.410600000000005139e+01,5.000000000000000000e-01
5.410700000000004906e+01,5.000000000000000000e-01
5.410800000000004673e+01,5.000000000000000000e-01
5.410900000000005150e+01,5.000000000000000000e-01
5.411000000000004917e+01,5.000000000000000000e-01
5.411100000000004684e+01,5.000000000000000000e-01
5.411200000000005161e+01,5.000000000000000000e-01
5.411300000000004928e+01,5.000000000000000000e-01
5.411400000000004695e+01,5.000000000000000000e-01
5.411500000000005173e+01,5.000000000000000000e-01
5.411600000000004940e+01,5.000000000000000000e-01
5.411700000000004707e+01,5.000000000000000000e-01
5.411800000000005184e+01,5.000000000000000000e-01
5.411900000000004951e+01,5.000000000000000000e-01
5.412000000000004718e+01,5.000000000000000000e-01
5.412100000000005195e+01,5.000000000000000000e-01
5.412200000000004962e+01,5.000000000000000000e-01
5.412300000000004729e+01,5.000000000000000000e-01
5.412400000000005207e+01,5.000000000000000000e-01
5.412500000000004974e+01,5.000000000000000000e-01
5.412600000000004741e+01,5.000000000000000000e-01
5.412700000000005218e+01,5.000000000000000000e-01
5.412800000000004985e+01,5.000000000000000000e-01
5.412900000000004752e+01,5.000000000000000000e-01
5.413000000000005230e+01,5.000000000000000000e-01
5.413100000000004997e+01,5.000000000000000000e-01
5.413200000000004763e+01,5.000000000000000000e-01
5.413300000000005241e+01,5.000000000000000000e-01
5.413400000000005008e+01,5.000000000000000000e-01
5.413500000000004775e+01,5.000000000000000000e-01
5.413600000000005252e+01,5.000000000000000000e-01
5.413700000000005019e+01,5.000000000000000000e-01
5.413800000000004786e+01,5.000000000000000000e-01
5.413900000000005264e+01,5.000000000000000000e-01
5.414000000000005031e+01,5.000000000000000000e-01
5.414100000000004798e+01,5.000000000000000000e-01
5.414200000000005275e+01,5.000000000000000000e-01
5.414300000000005042e+01,5.000000000000000000e-01
5.414400000000004809e+01,5.000000000000000000e-01
5.414500000000005286e+01,5.000000000000000000e-01
5.414600000000005053e+01,5.000000000000000000e-01
5.414700000000004820e+01,5.000000000000000000e-01
5.414800000000005298e+01,5.000000000000000000e-01
5.414900000000005065e+01,5.000000000000000000e-01
5.415000000000004832e+01,5.000000000000000000e-01
5.415100000000005309e+01,5.000000000000000000e-01
5.415200000000005076e+01,5.000000000000000000e-01
5.415300000000004843e+01,5.000000000000000000e-01
5.415400000000005321e+01,5.000000000000000000e-01
5.415500000000005087e+01,5.000000000000000000e-01
5.415600000000004854e+01,5.000000000000000000e-01
5.415700000000004621e+01,5.000000000000000000e-01
5.415800000000005099e+01,5.000000000000000000e-01
5.415900000000004866e+01,5.000000000000000000e-01
5.416000000000004633e+01,5.000000000000000000e-01
5.416100000000005110e+01,5.000000000000000000e-01
5.416200000000004877e+01,5.000000000000000000e-01
5.416300000000004644e+01,5.000000000000000000e-01
5.416400000000005122e+01,5.000000000000000000e-01
5.416500000000004889e+01,5.000000000000000000e-01
5.416600000000004655e+01,5.000000000000000000e-01
5.416700000000005133e+01,5.000000000000000000e-01
5.416800000000004900e+01,5.000000000000000000e-01
5.416900000000004667e+01,5.000000000000000000e-01
5.417000000000005144e+01,5.000000000000000000e-01
5.417100000000004911e+01,5.000000000000000000e-01
5.417200000000004678e+01,5.000000000000000000e-01
5.417300000000005156e+01,5.000000000000000000e-01
5.417400000000004923e+01,5.000000000000000000e-01
5.417500000000004690e+01,5.000000000000000000e-01
5.417600000000005167e+01,5.000000000000000000e-01
5.417700000000004934e+01,5.000000000000000000e-01
5.417800000000004701e+01,5.000000000000000000e-01
5.417900000000005178e+01,5.000000000000000000e-01
5.418000000000004945e+01,5.000000000000000000e-01
5.418100000000004712e+01,5.000000000000000000e-01
5.418200000000005190e+01,5.000000000000000000e-01
5.418300000000004957e+01,5.000000000000000000e-01
5.418400000000004724e+01,5.000000000000000000e-01
5.418500000000005201e+01,5.000000000000000000e-01
5.418600000000004968e+01,5.000000000000000000e-01
5.418700000000004735e+01,5.000000000000000000e-01
5.418800000000005213e+01,5.000000000000000000e-01
5.418900000000004979e+01,5.000000000000000000e-01
5.419000000000004746e+01,5.000000000000000000e-01
5.419100000000005224e+01,5.000000000000000000e-01
5.419200000000004991e+01,5.000000000000000000e-01
5.419300000000004758e+01,5.000000000000000000e-01
5.419400000000005235e+01,5.000000000000000000e-01
5.419500000000005002e+01,5.000000000000000000e-01
5.419600000000004769e+01,5.000000000000000000e-01
5.419700000000005247e+01,5.000000000000000000e-01
5.419800000000005014e+01,5.000000000000000000e-01
5.419900000000004781e+01,5.000000000000000000e-01
5.420000000000005258e+01,5.000000000000000000e-01
5.420100000000005025e+01,5.000000000000000000e-01
5.420200000000004792e+01,5.000000000000000000e-01
5.420300000000005269e+01,5.000000000000000000e-01
5.420400000000005036e+01,5.000000000000000000e-01
5.420500000000004803e+01,5.000000000000000000e-01
5.420600000000005281e+01,5.000000000000000000e-01
5.420700000000005048e+01,5.000000000000000000e-01
5.420800000000004815e+01,5.000000000000000000e-01
5.420900000000005292e+01,5.000000000000000000e-01
5.421000000000005059e+01,5.000000000000000000e-01
5.421100000000004826e+01,5.000000000000000000e-01
5.421200000000005303e+01,5.000000000000000000e-01
5.421300000000005070e+01,5.000000000000000000e-01
5.421400000000004837e+01,5.000000000000000000e-01
5.421500000000005315e+01,5.000000000000000000e-01
5.421600000000005082e+01,5.000000000000000000e-01
5.421700000000004849e+01,5.000000000000000000e-01
5.421800000000005326e+01,5.000000000000000000e-01
5.421900000000005093e+01,5.000000000000000000e-01
5.422000000000004860e+01,5.000000000000000000e-01
5.422100000000005338e+01,5.000000000000000000e-01
5.422200000000005105e+01,5.000000000000000000e-01
5.422300000000004871e+01,5.000000000000000000e-01
5.422400000000004638e+01,5.000000000000000000e-01
5.422500000000005116e+01,5.000000000000000000e-01
5.422600000000004883e+01,5.000000000000000000e-01
5.422700000000004650e+01,5.000000000000000000e-01
5.422800000000005127e+01,5.000000000000000000e-01
5.422900000000004894e+01,5.000000000000000000e-01
5.423000000000004661e+01,5.000000000000000000e-01
5.423100000000005139e+01,5.000000000000000000e-01
5.423200000000004906e+01,5.000000000000000000e-01
5.423300000000004673e+01,5.000000000000000000e-01
5.423400000000005150e+01,5.000000000000000000e-01
5.423500000000004917e+01,5.000000000000000000e-01
5.423600000000004684e+01,5.000000000000000000e-01
5.423700000000005161e+01,5.000000000000000000e-01
5.423800000000004928e+01,5.000000000000000000e-01
5.423900000000004695e+01,5.000000000000000000e-01
5.424000000000005173e+01,5.000000000000000000e-01
5.424100000000004940e+01,5.000000000000000000e-01
5.424200000000004707e+01,5.000000000000000000e-01
5.424300000000005184e+01,5.000000000000000000e-01
5.424400000000004951e+01,5.000000000000000000e-01
5.424500000000004718e+01,5.000000000000000000e-01
5.424600000000005195e+01,5.000000000000000000e-01
5.424700000000004962e+01,5.000000000000000000e-01
5.424800000000004729e+01,5.000000000000000000e-01
5.424900000000005207e+01,5.000000000000000000e-01
5.425000000000004974e+01,5.000000000000000000e-01
5.425100000000004741e+01,5.000000000000000000e-01
5.425200000000005218e+01,5.000000000000000000e-01
5.425300000000004985e+01,5.000000000000000000e-01
5.425400000000004752e+01,5.000000000000000000e-01
5.425500000000005230e+01,5.000000000000000000e-01
5.425600000000004997e+01,5.000000000000000000e-01
5.425700000000004763e+01,5.000000000000000000e-01
5.425800000000005241e+01,5.000000000000000000e-01
5.425900000000005008e+01,5.000000000000000000e-01
5.426000000000004775e+01,5.000000000000000000e-01
5.426100000000005252e+01,5.000000000000000000e-01
5.426200000000005019e+01,5.000000000000000000e-01
5.426300000000004786e+01,5.000000000000000000e-01
5.426400000000005264e+01,5.000000000000000000e-01
5.426500000000005031e+01,5.000000000000000000e-01
5.426600000000004798e+01,5.000000000000000000e-01
5.426700000000005275e+01,5.000000000000000000e-01
5.426800000000005042e+01,5.000000000000000000e-01
5.426900000000004809e+01,5.000000000000000000e-01
5.427000000000005286e+01,5.000000000000000000e-01
5.427100000000005053e+01,5.000000000000000000e-01
5.427200000000004820e+01,5.000000000000000000e-01
5.427300000000005298e+01,5.000000000000000000e-01
5.427400000000005065e+01,5.000000000000000000e-01
5.427500000000004832e+01,5.000000000000000000e-01
5.427600000000005309e+01,5.000000000000000000e-01
5.427700000000005076e+01,5.000000000000000000e-01
5.427800000000004843e+01,5.000000000000000000e-01
5.427900000000005321e+01,5.000000000000000000e-01
5.428000000000005087e+01,5.000000000000000000e-01
5.428100000000004854e+01,5.000000000000000000e-01
5.428200000000005332e+01,5.000000000000000000e-01
5.428300000000005099e+01,5.000000000000000000e-01
5.428400000000004866e+01,5.000000000000000000e-01
5.428500000000004633e+01,5.000000000000000000e-01
5.428600000000005110e+01,5.000000000000000000e-01
5.428700000000004877e+01,5.000000000000000000e-01
5.428800000000004644e+01,5.000000000000000000e-01
5.428900000000005122e+01,5.000000000000000000e-01
5.429000000000004889e+01,5.000000000000000000e-01
5.429100000000004655e+01,5.000000000000000000e-01
5.429200000000005133e+01,5.000000000000000000e-01
5.429300000000004900e+01,5.000000000000000000e-01
5.429400000000004667e+01,5.000000000000000000e-01
5.429500000000005144e+01,5.000000000000000000e-01
5.429600000000004911e+01,5.000000000000000000e-01
5.429700000000004678e+01,5.000000000000000000e-01
5.429800000000005156e+01,5.000000000000000000e-01
5.429900000000004923e+01,5.000000000000000000e-01
5.430000000000004690e+01,5.000000000000000000e-01
5.430100000000005167e+01,5.000000000000000000e-01
5.430200000000004934e+01,5.000000000000000000e-01
5.430300000000004701e+01,5.000000000000000000e-01
5.430400000000005178e+01,5.000000000000000000e-01
5.430500000000004945e+01,5.000000000000000000e-01
5.430600000000004712e+01,5.000000000000000000e-01
5.430700000000005190e+01,5.000000000000000000e-01
5.430800000000004957e+01,5.000000000000000000e-01
5.430900000000004724e+01,5.000000000000000000e-01
5.431000000000005201e+01,5.000000000000000000e-01
5.431100000000004968e+01,5.000000000000000000e-01
5.431200000000004735e+01,5.000000000000000000e-01
5.431300000000005213e+01,5.000000000000000000e-01
5.431400000000004979e+01,5.000000000000000000e-01
5.431500000000004746e+01,5.000000000000000000e-01
5.431600000000005224e+01,5.000000000000000000e-01
5.431700000000004991e+01,5.000000000000000000e-01
5.431800000000004758e+01,5.000000000000000000e-01
5.431900000000005235e+01,5.000000000000000000e-01
5.432000000000005002e+01,5.000000000000000000e-01
5.432100000000004769e+01,5.000000000000000000e-01
5.432200000000005247e+01,5.000000000000000000e-01
5.432300000000005014e+01,5.000000000000000000e-01
5.432400000000004781e+01,5.000000000000000000e-01
5.432500000000005258e+01,5.000000000000000000e-01
5.432600000000005025e+01,5.000000000000000000e-01
5.432700000000004792e+01,5.000000000000000000e-01
5.432800000000005269e+01,5.000000000000000000e-01
5.432900000000005036e+01,5.000000000000000000e-01
5.433000000000004803e+01,5.000000000000000000e-01
5.433100000000005281e+01,5.000000000000000000e-01
5.433200000000005048e+01,5.000000000000000000e-01
5.433300000000004815e+01,5.000000000000000000e-01
5.433400000000005292e+01,5.000000000000000000e-01
5.433500000000005059e+01,5.000000000000000000e-01
5.433600000000004826e+01,5.000000000000000000e-01
5.433700000000005303e+01,5.000000000000000000e-01
5.433800000000005070e+01,5.000000000000000000e-01
5.433900000000004837e+01,5.000000000000000000e-01
5.434000000000005315e+01,5.000000000000000000e-01
5.434100000000005082e+01,5.000000000000000000e-01
5.434200000000004849e+01,5.000000000000000000e-01
5.434300000000005326e+01,5.000000000000000000e-01
5.434400000000005093e+01,5.000000000000000000e-01
5.434500000000004860e+01,5.000000000000000000e-01
5.434600000000005338e+01,5.000000000000000000e-01
5.434700000000005105e+01,5.000000000000000000e-01
5.434800000000004871e+01,5.000000000000000000e-01
5.434900000000005349e+01,5.000000000000000000e-01
5.435000000000005116e+01,5.000000000000000000e-01
5.435100000000004883e+01,5.000000000000000000e-01
5.435200000000004650e+01,5.000000000000000000e-01
5.435300000000005127e+01,5.000000000000000000e-01
5.435400000000004894e+01,5.000000000000000000e-01
5.435500000000004661e+01,5.000000000000000000e-01
5.435600000000005139e+01,5.000000000000000000e-01
5.435700000000004906e+01,5.000000000000000000e-01
5.435800000000004673e+01,5.000000000000000000e-01
5.435900000000005150e+01,5.000000000000000000e-01
5.436000000000004917e+01,5.000000000000000000e-01
5.436100000000004684e+01,5.000000000000000000e-01
5.436200000000005161e+01,5.000000000000000000e-01
5.436300000000004928e+01,5.000000000000000000e-01
5.436400000000004695e+01,5.000000000000000000e-01
5.436500000000005173e+01,5.000000000000000000e-01
5.436600000000004940e+01,5.000000000000000000e-01
5.436700000000004707e+01,5.000000000000000000e-01
5.436800000000005184e+01,5.000000000000000000e-01
5.436900000000004951e+01,5.000000000000000000e-01
5.437000000000004718e+01,5.000000000000000000e-01
5.437100000000005195e+01,5.000000000000000000e-01
5.437200000000004962e+01,5.000000000000000000e-01
5.437300000000004729e+01,5.000000000000000000e-01
5.437400000000005207e+01,5.000000000000000000e-01
5.437500000000004974e+01,5.000000000000000000e-01
5.437600000000004741e+01,5.000000000000000000e-01
5.437700000000005218e+01,5.000000000000000000e-01
5.437800000000004985e+01,5.000000000000000000e-01
5.437900000000004752e+01,5.000000000000000000e-01
5.438000000000005230e+01,5.000000000000000000e-01
5.438100000000004997e+01,5.000000000000000000e-01
5.438200000000004763e+01,5.000000000000000000e-01
5.438300000000005241e+01,5.000000000000000000e-01
5.438400000000005008e+01,5.000000000000000000e-01
5.438500000000004775e+01,5.000000000000000000e-01
5.438600000000005252e+01,5.000000000000000000e-01
5.438700000000005019e+01,5.000000000000000000e-01
5.438800000000004786e+01,5.000000000000000000e-01
5.438900000000005264e+01,5.000000000000000000e-01
5.439000000000005031e+01,5.000000000000000000e-01
5.439100000000004798e+01,5.000000000000000000e-01
5.439200000000005275e+01,5.000000000000000000e-01
5.439300000000005042e+01,5.000000000000000000e-01
5.439400000000004809e+01,5.000000000000000000e-01
5.439500000000005286e+01,5.000000000000000000e-01
5.439600000000005053e+01,5.000000000000000000e-01
5.439700000000004820e+01,5.000000000000000000e-01
5.439800000000005298e+01,5.000000000000000000e-01
5.439900000000005065e+01,5.000000000000000000e-01
5.440000000000004832e+01,5.000000000000000000e-01
5.440100000000005309e+01,5.000000000000000000e-01
5.440200000000005076e+01,5.000000000000000000e-01
5.440300000000004843e+01,5.000000000000000000e-01
5.440400000000005321e+01,5.000000000000000000e-01
5.440500000000005087e+01,5.000000000000000000e-01
5.440600000000004854e+01,5.000000000000000000e-01
5.440700000000005332e+01,5.000000000000000000e-01
5.440800000000005099e+01,5.000000000000000000e-01
5.440900000000004866e+01,5.000000000000000000e-01
5.441000000000005343e+01,5.000000000000000000e-01
5.441100000000005110e+01,5.000000000000000000e-01
5.441200000000004877e+01,5.000000000000000000e-01
5.441300000000004644e+01,5.000000000000000000e-01
5.441400000000005122e+01,5.000000000000000000e-01
5.441500000000004889e+01,5.000000000000000000e-01
5.441600000000004655e+01,5.000000000000000000e-01
5.441700000000005133e+01,5.000000000000000000e-01
5.441800000000004900e+01,5.000000000000000000e-01
5.441900000000004667e+01,5.000000000000000000e-01
5.442000000000005144e+01,5.000000000000000000e-01
5.442100000000004911e+01,5.000000000000000000e-01
5.442200000000004678e+01,5.000000000000000000e-01
5.442300000000005156e+01,5.000000000000000000e-01
5.442400000000004923e+01,5.000000000000000000e-01
5.442500000000004690e+01,5.000000000000000000e-01
5.442600000000005167e+01,5.000000000000000000e-01
5.442700000000004934e+01,5.000000000000000000e-01
5.442800000000004701e+01,5.000000000000000000e-01
5.442900000000005178e+01,5.000000000000000000e-01
5.443000000000004945e+01,5.000000000000000000e-01
5.443100000000004712e+01,5.000000000000000000e-01
5.443200000000005190e+01,5.000000000000000000e-01
5.443300000000004957e+01,5.000000000000000000e-01
5.443400000000004724e+01,5.000000000000000000e-01
5.443500000000005201e+01,5.000000000000000000e-01
5.443600000000004968e+01,5.000000000000000000e-01
5.443700000000004735e+01,5.000000000000000000e-01
5.443800000000005213e+01,5.000000000000000000e-01
5.443900000000004979e+01,5.000000000000000000e-01
5.444000000000004746e+01,5.000000000000000000e-01
5.444100000000005224e+01,5.000000000000000000e-01
5.444200000000004991e+01,5.000000000000000000e-01
5.444300000000004758e+01,5.000000000000000000e-01
5.444400000000005235e+01,5.000000000000000000e-01
5.444500000000005002e+01,5.000000000000000000e-01
5.444600000000004769e+01,5.000000000000000000e-01
5.444700000000005247e+01,5.000000000000000000e-01
5.444800000000005014e+01,5.000000000000000000e-01
5.444900000000004781e+01,5.000000000000000000e-01
5.445000000000005258e+01,5.000000000000000000e-01
5.445100000000005025e+01,5.000000000000000000e-01
5.445200000000004792e+01,5.000000000000000000e-01
5.445300000000005269e+01,5.000000000000000000e-01
5.445400000000005036e+01,5.000000000000000000e-01
5.445500000000004803e+01,5.000000000000000000e-01
5.445600000000005281e+01,5.000000000000000000e-01
5.445700000000005048e+01,5.000000000000000000e-01
5.445800000000004815e+01,5.000000000000000000e-01
5.445900000000005292e+01,5.000000000000000000e-01
5.446000000000005059e+01,5.000000000000000000e-01
5.446100000000004826e+01,5.000000000000000000e-01
5.446200000000005303e+01,5.000000000000000000e-01
5.446300000000005070e+01,5.000000000000000000e-01
5.446400000000004837e+01,5.000000000000000000e-01
5.446500000000005315e+01,5.000000000000000000e-01
5.446600000000005082e+01,5.000000000000000000e-01
5.446700000000004849e+01,5.000000000000000000e-01
5.446800000000005326e+01,5.000000000000000000e-01
5.446900000000005093e+01,5.000000000000000000e-01
5.447000000000004860e+01,5.000000000000000000e-01
5.447100000000005338e+01,5.000000000000000000e-01
5.447200000000005105e+01,5.000000000000000000e-01
5.447300000000004871e+01,5.000000000000000000e-01
5.447400000000005349e+01,5.000000000000000000e-01
5.447500000000005116e+01,5.000000000000000000e-01
5.447600000000004883e+01,5.000000000000000000e-01
5.447700000000005360e+01,5.000000000000000000e-01
5.447800000000005127e+01,5.000000000000000000e-01
5.447900000000004894e+01,5.000000000000000000e-01
5.448000000000004661e+01,5.000000000000000000e-01
5.448100000000005139e+01,5.000000000000000000e-01
5.448200000000004906e+01,5.000000000000000000e-01
5.448300000000004673e+01,5.000000000000000000e-01
5.448400000000005150e+01,5.000000000000000000e-01
5.448500000000004917e+01,5.000000000000000000e-01
5.448600000000004684e+01,5.000000000000000000e-01
5.448700000000005161e+01,5.000000000000000000e-01
5.448800000000004928e+01,5.000000000000000000e-01
5.448900000000004695e+01,5.000000000000000000e-01
5.449000000000005173e+01,5.000000000000000000e-01
5.449100000000004940e+01,5.000000000000000000e-01
5.449200000000004707e+01,5.000000000000000000e-01
5.449300000000005184e+01,5.000000000000000000e-01
5.449400000000004951e+01,5.000000000000000000e-01
5.449500000000004718e+01,5.000000000000000000e-01
5.449600000000005195e+01,5.000000000000000000e-01
5.449700000000004962e+01,5.000000000000000000e-01
5.449800000000004729e+01,5.000000000000000000e-01
5.449900000000005207e+01,5.000000000000000000e-01
5.450000000000004974e+01,5.000000000000000000e-01
5.450100000000004741e+01,5.000000000000000000e-01
5.450200000000005218e+01,5.000000000000000000e-01
5.450300000000004985e+01,5.000000000000000000e-01
5.450400000000004752e+01,5.000000000000000000e-01
5.450500000000005230e+01,5.000000000000000000e-01
5.450600000000004997e+01,5.000000000000000000e-01
5.450700000000004763e+01,5.000000000000000000e-01
5.450800000000005241e+01,5.000000000000000000e-01
5.450900000000005008e+01,5.000000000000000000e-01
5.451000000000004775e+01,5.000000000000000000e-01
5.451100000000005252e+01,5.000000000000000000e-01
5.451200000000005019e+01,5.000000000000000000e-01
5.451300000000004786e+01,5.000000000000000000e-01
5.451400000000005264e+01,5.000000000000000000e-01
5.451500000000005031e+01,5.000000000000000000e-01
5.451600000000004798e+01,5.000000000000000000e-01
5.451700000000005275e+01,5.000000000000000000e-01
5.451800000000005042e+01,5.000000000000000000e-01
5.451900000000004809e+01,5.000000000000000000e-01
5.452000000000005286e+01,5.000000000000000000e-01
5.452100000000005053e+01,5.000000000000000000e-01
5.452200000000004820e+01,5.000000000000000000e-01
5.452300000000005298e+01,5.000000000000000000e-01
5.452400000000005065e+01,5.000000000000000000e-01
5.452500000000004832e+01,5.000000000000000000e-01
5.452600000000005309e+01,5.000000000000000000e-01
5.452700000000005076e+01,5.000000000000000000e-01
5.452800000000004843e+01,5.000000000000000000e-01
5.452900000000005321e+01,5.000000000000000000e-01
5.453000000000005087e+01,5.000000000000000000e-01
5.453100000000004854e+01,5.000000000000000000e-01
5.453200000000005332e+01,5.000000000000000000e-01
5.453300000000005099e+01,5.000000000000000000e-01
5.453400000000004866e+01,5.000000000000000000e-01
5.453500000000005343e+01,5.000000000000000000e-01
5.453600000000005110e+01,5.000000000000000000e-01
5.453700000000004877e+01,5.000000000000000000e-01
5.453800000000005355e+01,5.000000000000000000e-01
5.453900000000005122e+01,5.000000000000000000e-01
5.454000000000004889e+01,5.000000000000000000e-01
5.454100000000004655e+01,5.000000000000000000e-01
5.454200000000005133e+01,5.000000000000000000e-01
5.454300000000004900e+01,5.000000000000000000e-01
5.454400000000004667e+01,5.000000000000000000e-01
5.454500000000005144e+01,5.000000000000000000e-01
5.454600000000004911e+01,5.000000000000000000e-01
5.454700000000004678e+01,5.000000000000000000e-01
5.454800000000005156e+01,5.000000000000000000e-01
5.454900000000004923e+01,5.000000000000000000e-01
5.455000000000004690e+01,5.000000000000000000e-01
5.455100000000005167e+01,5.000000000000000000e-01
5.455200000000004934e+01,5.000000000000000000e-01
5.455300000000004701e+01,5.000000000000000000e-01
5.455400000000005178e+01,5.000000000000000000e-01
5.455500000000004945e+01,5.000000000000000000e-01
5.455600000000004712e+01,5.000000000000000000e-01
5.455700000000005190e+01,5.000000000000000000e-01
5.455800000000004957e+01,5.000000000000000000e-01
5.455900000000004724e+01,5.000000000000000000e-01
5.456000000000005201e+01,5.000000000000000000e-01
5.456100000000004968e+01,5.000000000000000000e-01
5.456200000000004735e+01,5.000000000000000000e-01
5.456300000000005213e+01,5.000000000000000000e-01
5.456400000000004979e+01,5.000000000000000000e-01
5.456500000000004746e+01,5.000000000000000000e-01
5.456600000000005224e+01,5.000000000000000000e-01
5.456700000000004991e+01,5.000000000000000000e-01
5.456800000000004758e+01,5.000000000000000000e-01
5.456900000000005235e+01,5.000000000000000000e-01
5.457000000000005002e+01,5.000000000000000000e-01
5.457100000000004769e+01,5.000000000000000000e-01
5.457200000000005247e+01,5.000000000000000000e-01
5.457300000000005014e+01,5.000000000000000000e-01
5.457400000000004781e+01,5.000000000000000000e-01
5.457500000000005258e+01,5.000000000000000000e-01
5.457600000000005025e+01,5.000000000000000000e-01
5.457700000000004792e+01,5.000000000000000000e-01
5.457800000000005269e+01,5.000000000000000000e-01
5.457900000000005036e+01,5.000000000000000000e-01
5.458000000000004803e+01,5.000000000000000000e-01
5.458100000000005281e+01,5.000000000000000000e-01
5.458200000000005048e+01,5.000000000000000000e-01
5.458300000000004815e+01,5.000000000000000000e-01
5.458400000000005292e+01,5.000000000000000000e-01
5.458500000000005059e+01,5.000000000000000000e-01
5.458600000000004826e+01,5.000000000000000000e-01
5.458700000000005303e+01,5.000000000000000000e-01
5.458800000000005070e+01,5.000000000000000000e-01
5.458900000000004837e+01,5.000000000000000000e-01
5.459000000000005315e+01,5.000000000000000000e-01
5.459100000000005082e+01,5.000000000000000000e-01
5.459200000000004849e+01,5.000000000000000000e-01
5.459300000000005326e+01,5.000000000000000000e-01
5.459400000000005093e+01,5.000000000000000000e-01
5.459500000000004860e+01,5.000000000000000000e-01
5.459600000000005338e+01,5.000000000000000000e-01
5.459700000000005105e+01,5.000000000000000000e-01
5.459800000000004871e+01,5.000000000000000000e-01
5.459900000000005349e+01,5.000000000000000000e-01
5.460000000000005116e+01,5.000000000000000000e-01
5.460100000000004883e+01,5.000000000000000000e-01
5.460200000000005360e+01,5.000000000000000000e-01
5.460300000000005127e+01,5.000000000000000000e-01
5.460400000000004894e+01,5.000000000000000000e-01
5.460500000000005372e+01,5.000000000000000000e-01
5.460600000000005139e+01,5.000000000000000000e-01
5.460700000000004906e+01,5.000000000000000000e-01
5.460800000000004673e+01,5.000000000000000000e-01
5.460900000000005150e+01,5.000000000000000000e-01
5.461000000000004917e+01,5.000000000000000000e-01
5.461100000000004684e+01,5.000000000000000000e-01
5.461200000000005161e+01,5.000000000000000000e-01
5.461300000000004928e+01,5.000000000000000000e-01
5.461400000000004695e+01,5.000000000000000000e-01
5.461500000000005173e+01,5.000000000000000000e-01
5.461600000000004940e+01,5.000000000000000000e-01
5.461700000000004707e+01,5.000000000000000000e-01
5.461800000000005184e+01,5.000000000000000000e-01
5.461900000000004951e+01,5.000000000000000000e-01
5.462000000000004718e+01,5.000000000000000000e-01
5.462100000000005195e+01,5.000000000000000000e-01
5.462200000000004962e+01,5.000000000000000000e-01
5.462300000000004729e+01,5.000000000000000000e-01
5.462400000000005207e+01,5.000000000000000000e-01
5.462500000000004974e+01,5.000000000000000000e-01
5.462600000000004741e+01,5.000000000000000000e-01
5.462700000000005218e+01,5.000000000000000000e-01
5.462800000000004985e+01,5.000000000000000000e-01
5.462900000000004752e+01,5.000000000000000000e-01
5.463000000000005230e+01,5.000000000000000000e-01
5.463100000000004997e+01,5.000000000000000000e-01
5.463200000000004763e+01,5.000000000000000000e-01
5.463300000000005241e+01,5.000000000000000000e-01
5.463400000000005008e+01,5.000000000000000000e-01
5.463500000000004775e+01,5.000000000000000000e-01
5.463600000000005252e+01,5.000000000000000000e-01
5.463700000000005019e+01,5.000000000000000000e-01
5.463800000000004786e+01,5.000000000000000000e-01
5.463900000000005264e+01,5.000000000000000000e-01
5.464000000000005031e+01,5.000000000000000000e-01
5.464100000000004798e+01,5.000000000000000000e-01
5.464200000000005275e+01,5.000000000000000000e-01
5.464300000000005042e+01,5.000000000000000000e-01
5.464400000000004809e+01,5.000000000000000000e-01
5.464500000000005286e+01,5.000000000000000000e-01
5.464600000000005053e+01,5.000000000000000000e-01
5.464700000000004820e+01,5.000000000000000000e-01
5.464800000000005298e+01,5.000000000000000000e-01
5.464900000000005065e+01,5.000000000000000000e-01
5.465000000000004832e+01,5.000000000000000000e-01
5.465100000000005309e+01,5.000000000000000000e-01
5.465200000000005076e+01,5.000000000000000000e-01
5.465300000000004843e+01,5.000000000000000000e-01
5.465400000000005321e+01,5.000000000000000000e-01
5.465500000000005087e+01,5.000000000000000000e-01
5.465600000000004854e+01,5.000000000000000000e-01
5.465700000000005332e+01,5.000000000000000000e-01
5.465800000000005099e+01,5.000000000000000000e-01
5.465900000000004866e+01,5.000000000000000000e-01
5.466000000000005343e+01,5.000000000000000000e-01
5.466100000000005110e+01,5.000000000000000000e-01
5.466200000000004877e+01,5.000000000000000000e-01
5.466300000000005355e+01,5.000000000000000000e-01
5.466400000000005122e+01,5.000000000000000000e-01
5.466500000000004889e+01,5.000000000000000000e-01
5.466600000000005366e+01,5.000000000000000000e-01
5.466700000000005133e+01,5.000000000000000000e-01
5.466800000000004900e+01,5.000000000000000000e-01
5.466900000000004667e+01,5.000000000000000000e-01
5.467000000000005144e+01,5.000000000000000000e-01
5.467100000000004911e+01,5.000000000000000000e-01
5.467200000000004678e+01,5.000000000000000000e-01
5.467300000000005156e+01,5.000000000000000000e-01
5.467400000000004923e+01,5.000000000000000000e-01
5.467500000000004690e+01,5.000000000000000000e-01
5.467600000000005167e+01,5.000000000000000000e-01
5.467700000000004934e+01,5.000000000000000000e-01
5.467800000000004701e+01,5.000000000000000000e-01
5.467900000000005178e+01,5.000000000000000000e-01
5.468000000000004945e+01,5.000000000000000000e-01
5.468100000000004712e+01,5.000000000000000000e-01
5.468200000000005190e+01,5.000000000000000000e-01
5.468300000000004957e+01,5.000000000000000000e-01
5.468400000000004724e+01,5.000000000000000000e-01
5.468500000000005201e+01,5.000000000000000000e-01
5.468600000000004968e+01,5.000000000000000000e-01
5.468700000000004735e+01,5.000000000000000000e-01
5.468800000000005213e+01,5.000000000000000000e-01
5.468900000000004979e+01,5.000000000000000000e-01
5.469000000000004746e+01,5.000000000000000000e-01
5.469100000000005224e+01,5.000000000000000000e-01
5.469200000000004991e+01,5.000000000000000000e-01
5.469300000000004758e+01,5.000000000000000000e-01
5.469400000000005235e+01,5.000000000000000000e-01
5.469500000000005002e+01,5.000000000000000000e-01
5.469600000000004769e+01,5.000000000000000000e-01
5.469700000000005247e+01,5.000000000000000000e-01
5.469800000000005014e+01,5.000000000000000000e-01
5.469900000000004781e+01,5.000000000000000000e-01
5.470000000000005258e+01,5.000000000000000000e-01
5.470100000000005025e+01,5.000000000000000000e-01
5.470200000000004792e+01,5.000000000000000000e-01
5.470300000000005269e+01,5.000000000000000000e-01
5.470400000000005036e+01,5.000000000000000000e-01
5.470500000000004803e+01,5.000000000000000000e-01
5.470600000000005281e+01,5.000000000000000000e-01
5.470700000000005048e+01,5.000000000000000000e-01
5.470800000000004815e+01,5.000000000000000000e-01
5.470900000000005292e+01,5.000000000000000000e-01
5.471000000000005059e+01,5.000000000000000000e-01
5.471100000000004826e+01,5.000000000000000000e-01
5.471200000000005303e+01,5.000000000000000000e-01
5.471300000000005070e+01,5.000000000000000000e-01
5.471400000000004837e+01,5.000000000000000000e-01
5.471500000000005315e+01,5.000000000000000000e-01
5.471600000000005082e+01,5.000000000000000000e-01
5.471700000000004849e+01,5.000000000000000000e-01
5.471800000000005326e+01,5.000000000000000000e-01
5.471900000000005093e+01,5.000000000000000000e-01
5.472000000000004860e+01,5.000000000000000000e-01
5.472100000000005338e+01,5.000000000000000000e-01
5.472200000000005105e+01,5.000000000000000000e-01
5.472300000000004871e+01,5.000000000000000000e-01
5.472400000000005349e+01,5.000000000000000000e-01
5.472500000000005116e+01,5.000000000000000000e-01
5.472600000000004883e+01,5.000000000000000000e-01
5.472700000000005360e+01,5.000000000000000000e-01
5.472800000000005127e+01,5.000000000000000000e-01
5.472900000000004894e+01,5.000000000000000000e-01
5.473000000000005372e+01,5.000000000000000000e-01
5.473100000000005139e+01,5.000000000000000000e-01
5.473200000000004906e+01,5.000000000000000000e-01
5.473300000000005383e+01,5.000000000000000000e-01
5.473400000000005150e+01,5.000000000000000000e-01
5.473500000000004917e+01,5.000000000000000000e-01
5.473600000000004684e+01,5.000000000000000000e-01
5.473700000000005161e+01,5.000000000000000000e-01
5.473800000000004928e+01,5.000000000000000000e-01
5.473900000000004695e+01,5.000000000000000000e-01
5.474000000000005173e+01,5.000000000000000000e-01
5.474100000000004940e+01,5.000000000000000000e-01
5.474200000000004707e+01,5.000000000000000000e-01
5.474300000000005184e+01,5.000000000000000000e-01
5.474400000000004951e+01,5.000000000000000000e-01
5.474500000000004718e+01,5.000000000000000000e-01
5.474600000000005195e+01,5.000000000000000000e-01
5.474700000000004962e+01,5.000000000000000000e-01
5.474800000000004729e+01,5.000000000000000000e-01
5.474900000000005207e+01,5.000000000000000000e-01
5.475000000000004974e+01,5.000000000000000000e-01
5.475100000000004741e+01,5.000000000000000000e-01
5.475200000000005218e+01,5.000000000000000000e-01
5.475300000000004985e+01,5.000000000000000000e-01
5.475400000000004752e+01,5.000000000000000000e-01
5.475500000000005230e+01,5.000000000000000000e-01
5.475600000000004997e+01,5.000000000000000000e-01
5.475700000000004763e+01,5.000000000000000000e-01
5.475800000000005241e+01,5.000000000000000000e-01
5.475900000000005008e+01,5.000000000000000000e-01
5.476000000000004775e+01,5.000000000000000000e-01
5.476100000000005252e+01,5.000000000000000000e-01
5.476200000000005019e+01,5.000000000000000000e-01
5.476300000000004786e+01,5.000000000000000000e-01
5.476400000000005264e+01,5.000000000000000000e-01
5.476500000000005031e+01,5.000000000000000000e-01
5.476600000000004798e+01,5.000000000000000000e-01
5.476700000000005275e+01,5.000000000000000000e-01
5.476800000000005042e+01,5.000000000000000000e-01
5.476900000000004809e+01,5.000000000000000000e-01
5.477000000000005286e+01,5.000000000000000000e-01
5.477100000000005053e+01,5.000000000000000000e-01
5.477200000000004820e+01,5.000000000000000000e-01
5.477300000000005298e+01,5.000000000000000000e-01
5.477400000000005065e+01,5.000000000000000000e-01
5.477500000000004832e+01,5.000000000000000000e-01
5.477600000000005309e+01,5.000000000000000000e-01
5.477700000000005076e+01,5.000000000000000000e-01
5.477800000000004843e+01,5.000000000000000000e-01
5.477900000000005321e+01,5.000000000000000000e-01
5.478000000000005087e+01,5.000000000000000000e-01
5.478100000000004854e+01,5.000000000000000000e-01
5.478200000000005332e+01,5.000000000000000000e-01
5.478300000000005099e+01,5.000000000000000000e-01
5.478400000000004866e+01,5.000000000000000000e-01
5.478500000000005343e+01,5.000000000000000000e-01
5.478600000000005110e+01,5.000000000000000000e-01
5.478700000000004877e+01,5.000000000000000000e-01
5.478800000000005355e+01,5.000000000000000000e-01
5.478900000000005122e+01,5.000000000000000000e-01
5.479000000000004889e+01,5.000000000000000000e-01
5.479100000000005366e+01,5.000000000000000000e-01
5.479200000000005133e+01,5.000000000000000000e-01
5.479300000000004900e+01,5.000000000000000000e-01
5.479400000000005377e+01,5.000000000000000000e-01
5.479500000000005144e+01,5.000000000000000000e-01
5.479600000000004911e+01,5.000000000000000000e-01
5.479700000000004678e+01,5.000000000000000000e-01
5.479800000000005156e+01,5.000000000000000000e-01
5.479900000000004923e+01,5.000000000000000000e-01
5.480000000000004690e+01,5.000000000000000000e-01
5.480100000000005167e+01,5.000000000000000000e-01
5.480200000000004934e+01,5.000000000000000000e-01
5.480300000000004701e+01,5.000000000000000000e-01
5.480400000000005178e+01,5.000000000000000000e-01
5.480500000000004945e+01,5.000000000000000000e-01
5.480600000000004712e+01,5.000000000000000000e-01
5.480700000000005190e+01,5.000000000000000000e-01
5.480800000000004957e+01,5.000000000000000000e-01
5.480900000000004724e+01,5.000000000000000000e-01
5.481000000000005201e+01,5.000000000000000000e-01
5.481100000000004968e+01,5.000000000000000000e-01
5.481200000000004735e+01,5.000000000000000000e-01
5.481300000000005213e+01,5.000000000000000000e-01
5.481400000000004979e+01,5.000000000000000000e-01
5.481500000000004746e+01,5.000000000000000000e-01
5.481600000000005224e+01,5.000000000000000000e-01
5.481700000000004991e+01,5.000000000000000000e-01
5.481800000000004758e+01,5.000000000000000000e-01
5.481900000000005235e+01,5.000000000000000000e-01
5.482000000000005002e+01,5.000000000000000000e-01
5.482100000000004769e+01,5.000000000000000000e-01
5.482200000000005247e+01,5.000000000000000000e-01
5.482300000000005014e+01,5.000000000000000000e-01
5.482400000000004781e+01,5.000000000000000000e-01
5.482500000000005258e+01,5.000000000000000000e-01
5.482600000000005025e+01,5.000000000000000000e-01
5.482700000000004792e+01,5.000000000000000000e-01
5.482800000000005269e+01,5.000000000000000000e-01
5.482900000000005036e+01,5.000000000000000000e-01
5.483000000000004803e+01,5.000000000000000000e-01
5.483100000000005281e+01,5.000000000000000000e-01
5.483200000000005048e+01,5.000000000000000000e-01
5.483300000000004815e+01,5.000000000000000000e-01
5.483400000000005292e+01,5.000000000000000000e-01
5.483500000000005059e+01,5.000000000000000000e-01
5.483600000000004826e+01,5.000000000000000000e-01
5.483700000000005303e+01,5.000000000000000000e-01
5.483800000000005070e+01,5.000000000000000000e-01
5.483900000000004837e+01,5.000000000000000000e-01
5.484000000000005315e+01,5.000000000000000000e-01
5.484100000000005082e+01,5.000000000000000000e-01
5.484200000000004849e+01,5.000000000000000000e-01
5.484300000000005326e+01,5.000000000000000000e-01
5.484400000000005093e+01,5.000000000000000000e-01
5.484500000000004860e+01,5.000000000000000000e-01
5.484600000000005338e+01,5.000000000000000000e-01
5.484700000000005105e+01,5.000000000000000000e-01
5.484800000000004871e+01,5.000000000000000000e-01
5.484900000000005349e+01,5.000000000000000000e-01
5.485000000000005116e+01,5.000000000000000000e-01
5.485100000000004883e+01,5.000000000000000000e-01
5.485200000000005360e+01,5.000000000000000000e-01
5.485300000000005127e+01,5.000000000000000000e-01
5.485400000000004894e+01,5.000000000000000000e-01
5.485500000000005372e+01,5.000000000000000000e-01
5.485600000000005139e+01,5.000000000000000000e-01
5.485700000000004906e+01,5.000000000000000000e-01
5.485800000000005383e+01,5.000000000000000000e-01
5.485900000000005150e+01,5.000000000000000000e-01
5.486000000000004917e+01,5.000000000000000000e-01
5.486100000000005394e+01,5.000000000000000000e-01
5.486200000000005161e+01,5.000000000000000000e-01
5.486300000000004928e+01,5.000000000000000000e-01
5.486400000000004695e+01,5.000000000000000000e-01
5.486500000000005173e+01,5.000000000000000000e-01
5.486600000000004940e+01,5.000000000000000000e-01
5.486700000000004707e+01,5.000000000000000000e-01
5.486800000000005184e+01,5.000000000000000000e-01
5.486900000000004951e+01,5.000000000000000000e-01
5.487000000000004718e+01,5.000000000000000000e-01
5.487100000000005195e+01,5.000000000000000000e-01
5.487200000000004962e+01,5.000000000000000000e-01
5.487300000000004729e+01,5.000000000000000000e-01
5.487400000000005207e+01,5.000000000000000000e-01
5.487500000000004974e+01,5.000000000000000000e-01
5.487600000000004741e+01,5.000000000000000000e-01
5.487700000000005218e+01,5.000000000000000000e-01
5.487800000000004985e+01,5.000000000000000000e-01
5.487900000000004752e+01,5.000000000000000000e-01
5.488000000000005230e+01,5.000000000000000000e-01
5.488100000000004997e+01,5.000000000000000000e-01
5.488200000000004763e+01,5.000000000000000000e-01
5.488300000000005241e+01,5.000000000000000000e-01
5.488400000000005008e+01,5.000000000000000000e-01
5.488500000000004775e+01,5.000000000000000000e-01
5.488600000000005252e+01,5.000000000000000000e-01
5.488700000000005019e+01,5.000000000000000000e-01
5.488800000000004786e+01,5.000000000000000000e-01
5.488900000000005264e+01,5.000000000000000000e-01
5.489000000000005031e+01,5.000000000000000000e-01
5.489100000000004798e+01,5.000000000000000000e-01
5.489200000000005275e+01,5.000000000000000000e-01
5.489300000000005042e+01,5.000000000000000000e-01
5.489400000000004809e+01,5.000000000000000000e-01
5.489500000000005286e+01,5.000000000000000000e-01
5.489600000000005053e+01,5.000000000000000000e-01
5.489700000000004820e+01,5.000000000000000000e-01
5.489800000000005298e+01,5.000000000000000000e-01
5.489900000000005065e+01,5.000000000000000000e-01
5.490000000000004832e+01,5.000000000000000000e-01
5.490100000000005309e+01,5.000000000000000000e-01
5.490200000000005076e+01,5.000000000000000000e-01
5.490300000000004843e+01,5.000000000000000000e-01
5.490400000000005321e+01,5.000000000000000000e-01
5.490500000000005087e+01,5.000000000000000000e-01
5.490600000000004854e+01,5.000000000000000000e-01
5.490700000000005332e+01,5.000000000000000000e-01
5.490800000000005099e+01,5.000000000000000000e-01
5.490900000000004866e+01,5.000000000000000000e-01
5.491000000000005343e+01,5.000000000000000000e-01
5.491100000000005110e+01,5.000000000000000000e-01
5.491200000000004877e+01,5.000000000000000000e-01
5.491300000000005355e+01,5.000000000000000000e-01
5.491400000000005122e+01,5.000000000000000000e-01
5.491500000000004889e+01,5.000000000000000000e-01
5.491600000000005366e+01,5.000000000000000000e-01
5.491700000000005133e+01,5.000000000000000000e-01
5.491800000000004900e+01,5.000000000000000000e-01
5.491900000000005377e+01,5.000000000000000000e-01
5.492000000000005144e+01,5.000000000000000000e-01
5.492100000000004911e+01,5.000000000000000000e-01
5.492200000000005389e+01,5.000000000000000000e-01
5.492300000000005156e+01,5.000000000000000000e-01
5.492400000000004923e+01,5.000000000000000000e-01
5.492500000000004690e+01,5.000000000000000000e-01
5.492600000000005167e+01,5.000000000000000000e-01
5.492700000000004934e+01,5.000000000000000000e-01
5.492800000000004701e+01,5.000000000000000000e-01
5.492900000000005178e+01,5.000000000000000000e-01
5.493000000000004945e+01,5.000000000000000000e-01
5.493100000000004712e+01,5.000000000000000000e-01
5.493200000000005190e+01,5.000000000000000000e-01
5.493300000000004957e+01,5.000000000000000000e-01
5.493400000000004724e+01,5.000000000000000000e-01
5.493500000000005201e+01,5.000000000000000000e-01
5.493600000000004968e+01,5.000000000000000000e-01
5.493700000000004735e+01,5.000000000000000000e-01
5.493800000000005213e+01,5.000000000000000000e-01
5.493900000000004979e+01,5.000000000000000000e-01
5.494000000000004746e+01,5.000000000000000000e-01
5.494100000000005224e+01,5.000000000000000000e-01
5.494200000000004991e+01,5.000000000000000000e-01
5.494300000000004758e+01,5.000000000000000000e-01
5.494400000000005235e+01,5.000000000000000000e-01
5.494500000000005002e+01,5.000000000000000000e-01
5.494600000000004769e+01,5.000000000000000000e-01
5.494700000000005247e+01,5.000000000000000000e-01
5.494800000000005014e+01,5.000000000000000000e-01
5.494900000000004781e+01,5.000000000000000000e-01
5.495000000000005258e+01,5.000000000000000000e-01
5.495100000000005025e+01,5.000000000000000000e-01
5.495200000000004792e+01,5.000000000000000000e-01
5.495300000000005269e+01,5.000000000000000000e-01
5.495400000000005036e+01,5.000000000000000000e-01
5.495500000000004803e+01,5.000000000000000000e-01
5.495600000000005281e+01,5.000000000000000000e-01
5.495700000000005048e+01,5.000000000000000000e-01
5.495800000000004815e+01,5.000000000000000000e-01
5.495900000000005292e+01,5.000000000000000000e-01
5.496000000000005059e+01,5.000000000000000000e-01
5.496100000000004826e+01,5.000000000000000000e-01
5.496200000000005303e+01,5.000000000000000000e-01
5.496300000000005070e+01,5.000000000000000000e-01
5.496400000000004837e+01,5.000000000000000000e-01
5.496500000000005315e+01,5.000000000000000000e-01
5.496600000000005082e+01,5.000000000000000000e-01
5.496700000000004849e+01,5.000000000000000000e-01
5.496800000000005326e+01,5.000000000000000000e-01
5.496900000000005093e+01,5.000000000000000000e-01
5.497000000000004860e+01,5.000000000000000000e-01
5.497100000000005338e+01,5.000000000000000000e-01
5.497200000000005105e+01,5.000000000000000000e-01
5.497300000000004871e+01,5.000000000000000000e-01
5.497400000000005349e+01,5.000000000000000000e-01
5.497500000000005116e+01,5.000000000000000000e-01
5.497600000000004883e+01,5.000000000000000000e-01
5.497700000000005360e+01,5.000000000000000000e-01
5.497800000000005127e+01,5.000000000000000000e-01
5.497900000000004894e+01,5.000000000000000000e-01
5.498000000000005372e+01,5.000000000000000000e-01
5.498100000000005139e+01,5.000000000000000000e-01
5.498200000000004906e+01,5.000000000000000000e-01
5.498300000000005383e+01,5.000000000000000000e-01
5.498400000000005150e+01,5.000000000000000000e-01
5.498500000000004917e+01,5.000000000000000000e-01
5.498600000000005394e+01,5.000000000000000000e-01
5.498700000000005161e+01,5.000000000000000000e-01
5.498800000000004928e+01,5.000000000000000000e-01
5.498900000000005406e+01,5.000000000000000000e-01
5.499000000000005173e+01,5.000000000000000000e-01
5.499100000000004940e+01,5.000000000000000000e-01
5.499200000000004707e+01,5.000000000000000000e-01
5.499300000000005184e+01,5.000000000000000000e-01
5.499400000000004951e+01,5.000000000000000000e-01
5.499500000000004718e+01,5.000000000000000000e-01
5.499600000000005195e+01,5.000000000000000000e-01
5.499700000000004962e+01,5.000000000000000000e-01
5.499800000000004729e+01,5.000000000000000000e-01
5.499900000000005207e+01,5.000000000000000000e-01
5.500000000000004974e+01,5.000000000000000000e-01
5.500100000000004741e+01,5.000000000000000000e-01
5.500200000000005218e+01,5.000000000000000000e-01
5.500300000000004985e+01,5.000000000000000000e-01
5.500400000000004752e+01,5.000000000000000000e-01
5.500500000000005230e+01,5.000000000000000000e-01
5.500600000000004997e+01,5.000000000000000000e-01
5.500700000000004763e+01,5.000000000000000000e-01
5.500800000000005241e+01,5.000000000000000000e-01
5.500900000000005008e+01,5.000000000000000000e-01
5.501000000000004775e+01,5.000000000000000000e-01
5.501100000000005252e+01,5.000000000000000000e-01
5.501200000000005019e+01,5.000000000000000000e-01
5.501300000000004786e+01,5.000000000000000000e-01
5.501400000000005264e+01,5.000000000000000000e-01
5.501500000000005031e+01,5.000000000000000000e-01
5.501600000000004798e+01,5.000000000000000000e-01
5.501700000000005275e+01,5.000000000000000000e-01
5.501800000000005042e+01,5.000000000000000000e-01
5.501900000000004809e+01,5.000000000000000000e-01
5.502000000000005286e+01,5.000000000000000000e-01
5.502100000000005053e+01,5.000000000000000000e-01
5.502200000000004820e+01,5.000000000000000000e-01
5.502300000000005298e+01,5.000000000000000000e-01
5.502400000000005065e+01,5.000000000000000000e-01
5.502500000000004832e+01,5.000000000000000000e-01
5.502600000000005309e+01,5.000000000000000000e-01
5.502700000000005076e+01,5.000000000000000000e-01
5.502800000000004843e+01,5.000000000000000000e-01
5.502900000000005321e+01,5.000000000000000000e-01
5.503000000000005087e+01,5.000000000000000000e-01
5.503100000000004854e+01,5.000000000000000000e-01
5.503200000000005332e+01,5.000000000000000000e-01
5.503300000000005099e+01,5.000000000000000000e-01
5.503400000000004866e+01,5.000000000000000000e-01
5.503500000000005343e+01,5.000000000000000000e-01
5.503600000000005110e+01,5.000000000000000000e-01
5.503700000000004877e+01,5.000000000000000000e-01
5.503800000000005355e+01,5.000000000000000000e-01
5.503900000000005122e+01,5.000000000000000000e-01
5.504000000000004889e+01,5.000000000000000000e-01
5.504100000000005366e+01,5.000000000000000000e-01
5.504200000000005133e+01,5.000000000000000000e-01
5.504300000000004900e+01,5.000000000000000000e-01
5.504400000000005377e+01,5.000000000000000000e-01
5.504500000000005144e+01,5.000000000000000000e-01
5.504600000000004911e+01,5.000000000000000000e-01
5.504700000000005389e+01,5.000000000000000000e-01
5.504800000000005156e+01,5.000000000000000000e-01
5.504900000000004923e+01,5.000000000000000000e-01
5.505000000000005400e+01,5.000000000000000000e-01
5.505100000000005167e+01,5.000000000000000000e-01
5.505200000000004934e+01,5.000000000000000000e-01
5.505300000000004701e+01,5.000000000000000000e-01
5.505400000000005178e+01,5.000000000000000000e-01
5.505500000000004945e+01,5.000000000000000000e-01
5.505600000000004712e+01,5.000000000000000000e-01
5.505700000000005190e+01,5.000000000000000000e-01
5.505800000000004957e+01,5.000000000000000000e-01
5.505900000000004724e+01,5.000000000000000000e-01
5.506000000000005201e+01,5.000000000000000000e-01
5.506100000000004968e+01,5.000000000000000000e-01
5.506200000000004735e+01,5.000000000000000000e-01
5.506300000000005213e+01,5.000000000000000000e-01
5.506400000000004979e+01,5.000000000000000000e-01
5.506500000000004746e+01,5.000000000000000000e-01
5.506600000000005224e+01,5.000000000000000000e-01
5.506700000000004991e+01,5.000000000000000000e-01
5.506800000000004758e+01,5.000000000000000000e-01
5.506900000000005235e+01,5.000000000000000000e-01
5.507000000000005002e+01,5.000000000000000000e-01
5.507100000000004769e+01,5.000000000000000000e-01
5.507200000000005247e+01,5.000000000000000000e-01
5.507300000000005014e+01,5.000000000000000000e-01
5.507400000000004781e+01,5.000000000000000000e-01
5.507500000000005258e+01,5.000000000000000000e-01
5.507600000000005025e+01,5.000000000000000000e-01
5.507700000000004792e+01,5.000000000000000000e-01
5.507800000000005269e+01,5.000000000000000000e-01
5.507900000000005036e+01,5.000000000000000000e-01
5.508000000000004803e+01,5.000000000000000000e-01
5.508100000000005281e+01,5.000000000000000000e-01
5.508200000000005048e+01,5.000000000000000000e-01
5.508300000000004815e+01,5.000000000000000000e-01
5.508400000000005292e+01,5.000000000000000000e-01
5.508500000000005059e+01,5.000000000000000000e-01
5.508600000000004826e+01,5.000000000000000000e-01
5.508700000000005303e+01,5.000000000000000000e-01
5.508800000000005070e+01,5.000000000000000000e-01
5.508900000000004837e+01,5.000000000000000000e-01
5.509000000000005315e+01,5.000000000000000000e-01
5.509100000000005082e+01,5.000000000000000000e-01
5.509200000000004849e+01,5.000000000000000000e-01
5.509300000000005326e+01,5.000000000000000000e-01
5.509400000000005093e+01,5.000000000000000000e-01
5.509500000000004860e+01,5.000000000000000000e-01
5.509600000000005338e+01,5.000000000000000000e-01
5.509700000000005105e+01,5.000000000000000000e-01
5.509800000000004871e+01,5.000000000000000000e-01
5.509900000000005349e+01,5.000000000000000000e-01
5.510000000000005116e+01,5.000000000000000000e-01
5.510100000000004883e+01,5.000000000000000000e-01
5.510200000000005360e+01,5.000000000000000000e-01
5.510300000000005127e+01,5.000000000000000000e-01
5.510400000000004894e+01,5.000000000000000000e-01
5.510500000000005372e+01,5.000000000000000000e-01
5.510600000000005139e+01,5.000000000000000000e-01
5.510700000000004906e+01,5.000000000000000000e-01
5.510800000000005383e+01,5.000000000000000000e-01
5.510900000000005150e+01,5.000000000000000000e-01
5.511000000000004917e+01,5.000000000000000000e-01
5.511100000000005394e+01,5.000000000000000000e-01
5.511200000000005161e+01,5.000000000000000000e-01
5.511300000000004928e+01,5.000000000000000000e-01
5.511400000000005406e+01,5.000000000000000000e-01
5.511500000000005173e+01,5.000000000000000000e-01
5.511600000000004940e+01,5.000000000000000000e-01
5.511700000000005417e+01,5.000000000000000000e-01
5.511800000000005184e+01,5.000000000000000000e-01
5.511900000000004951e+01,5.000000000000000000e-01
5.512000000000004718e+01,5.000000000000000000e-01
5.512100000000005195e+01,5.000000000000000000e-01
5.512200000000004962e+01,5.000000000000000000e-01
5.512300000000004729e+01,5.000000000000000000e-01
5.512400000000005207e+01,5.000000000000000000e-01
5.512500000000004974e+01,5.000000000000000000e-01
5.512600000000004741e+01,5.000000000000000000e-01
5.512700000000005218e+01,5.000000000000000000e-01
5.512800000000004985e+01,5.000000000000000000e-01
5.512900000000004752e+01,5.000000000000000000e-01
5.513000000000005230e+01,5.000000000000000000e-01
5.513100000000004997e+01,5.000000000000000000e-01
5.513200000000004763e+01,5.000000000000000000e-01
5.513300000000005241e+01,5.000000000000000000e-01
5.513400000000005008e+01,5.000000000000000000e-01
5.513500000000004775e+01,5.000000000000000000e-01
5.513600000000005252e+01,5.000000000000000000e-01
5.513700000000005019e+01,5.000000000000000000e-01
5.513800000000004786e+01,5.000000000000000000e-01
5.513900000000005264e+01,5.000000000000000000e-01
5.514000000000005031e+01,5.000000000000000000e-01
5.514100000000004798e+01,5.000000000000000000e-01
5.514200000000005275e+01,5.000000000000000000e-01
5.514300000000005042e+01,5.000000000000000000e-01
5.514400000000004809e+01,5.000000000000000000e-01
5.514500000000005286e+01,5.000000000000000000e-01
5.514600000000005053e+01,5.000000000000000000e-01
5.514700000000004820e+01,5.000000000000000000e-01
5.514800000000005298e+01,5.000000000000000000e-01
5.514900000000005065e+01,5.000000000000000000e-01
5.515000000000004832e+01,5.000000000000000000e-01
5.515100000000005309e+01,5.000000000000000000e-01
5.515200000000005076e+01,5.000000000000000000e-01
5.515300000000004843e+01,5.000000000000000000e-01
5.515400000000005321e+01,5.000000000000000000e-01
5.515500000000005087e+01,5.000000000000000000e-01
5.515600000000004854e+01,5.000000000000000000e-01
5.515700000000005332e+01,5.000000000000000000e-01
5.515800000000005099e+01,5.000000000000000000e-01
5.515900000000004866e+01,5.000000000000000000e-01
5.516000000000005343e+01,5.000000000000000000e-01
5.516100000000005110e+01,5.000000000000000000e-01
5.516200000000004877e+01,5.000000000000000000e-01
5.516300000000005355e+01,5.000000000000000000e-01
5.516400000000005122e+01,5.000000000000000000e-01
5.516500000000004889e+01,5.000000000000000000e-01
5.516600000000005366e+01,5.000000000000000000e-01
5.516700000000005133e+01,5.000000000000000000e-01
5.516800000000004900e+01,5.000000000000000000e-01
5.516900000000005377e+01,5.000000000000000000e-01
5.517000000000005144e+01,5.000000000000000000e-01
5.517100000000004911e+01,5.000000000000000000e-01
5.517200000000005389e+01,5.000000000000000000e-01
5.517300000000005156e+01,5.000000000000000000e-01
5.517400000000004923e+01,5.000000000000000000e-01
5.517500000000005400e+01,5.000000000000000000e-01
5.517600000000005167e+01,5.000000000000000000e-01
5.517700000000004934e+01,5.000000000000000000e-01
5.517800000000005411e+01,5.000000000000000000e-01
5.517900000000005178e+01,5.000000000000000000e-01
5.518000000000004945e+01,5.000000000000000000e-01
5.518100000000004712e+01,5.000000000000000000e-01
5.518200000000005190e+01,5.000000000000000000e-01
5.518300000000004957e+01,5.000000000000000000e-01
5.518400000000004724e+01,5.000000000000000000e-01
5.518500000000005201e+01,5.000000000000000000e-01
5.518600000000004968e+01,5.000000000000000000e-01
5.518700000000004735e+01,5.000000000000000000e-01
5.518800000000005213e+01,5.000000000000000000e-01
5.518900000000004979e+01,5.000000000000000000e-01
5.519000000000004746e+01,5.000000000000000000e-01
5.519100000000005224e+01,5.000000000000000000e-01
5.519200000000004991e+01,5.000000000000000000e-01
5.519300000000004758e+01,5.000000000000000000e-01
5.519400000000005235e+01,5.000000000000000000e-01
5.519500000000005002e+01,5.000000000000000000e-01
5.519600000000004769e+01,5.000000000000000000e-01
5.519700000000005247e+01,5.000000000000000000e-01
5.519800000000005014e+01,5.000000000000000000e-01
5.519900000000004781e+01,5.000000000000000000e-01
5.520000000000005258e+01,5.000000000000000000e-01
5.520100000000005025e+01,5.000000000000000000e-01
5.520200000000004792e+01,5.000000000000000000e-01
5.520300000000005269e+01,5.000000000000000000e-01
5.520400000000005036e+01,5.000000000000000000e-01
5.520500000000004803e+01,5.000000000000000000e-01
5.520600000000005281e+01,5.000000000000000000e-01
5.520700000000005048e+01,5.000000000000000000e-01
5.520800000000004815e+01,5.000000000000000000e-01
5.520900000000005292e+01,5.000000000000000000e-01
5.521000000000005059e+01,5.000000000000000000e-01
5.521100000000004826e+01,5.000000000000000000e-01
5.521200000000005303e+01,5.000000000000000000e-01
5.521300000000005070e+01,5.000000000000000000e-01
5.521400000000004837e+01,5.000000000000000000e-01
5.521500000000005315e+01,5.000000000000000000e-01
5.521600000000005082e+01,5.000000000000000000e-01
5.521700000000004849e+01,5.000000000000000000e-01
5.521800000000005326e+01,5.000000000000000000e-01
5.521900000000005093e+01,5.000000000000000000e-01
5.522000000000004860e+01,5.000000000000000000e-01
5.522100000000005338e+01,5.000000000000000000e-01
5.522200000000005105e+01,5.000000000000000000e-01
5.522300000000004871e+01,5.000000000000000000e-01
5.522400000000005349e+01,5.000000000000000000e-01
5.522500000000005116e+01,5.000000000000000000e-01
5.522600000000004883e+01,5.000000000000000000e-01
5.522700000000005360e+01,5.000000000000000000e-01
5.522800000000005127e+01,5.000000000000000000e-01
5.522900000000004894e+01,5.000000000000000000e-01
5.523000000000005372e+01,5.000000000000000000e-01
5.523100000000005139e+01,5.000000000000000000e-01
5.523200000000004906e+01,5.000000000000000000e-01
5.523300000000005383e+01,5.000000000000000000e-01
5.523400000000005150e+01,5.000000000000000000e-01
5.523500000000004917e+01,5.000000000000000000e-01
5.523600000000005394e+01,5.000000000000000000e-01
5.523700000000005161e+01,5.000000000000000000e-01
5.523800000000004928e+01,5.000000000000000000e-01
5.523900000000005406e+01,5.000000000000000000e-01
5.524000000000005173e+01,5.000000000000000000e-01
5.524100000000004940e+01,5.000000000000000000e-01
5.524200000000005417e+01,5.000000000000000000e-01
5.524300000000005184e+01,5.000000000000000000e-01
5.524400000000004951e+01,5.000000000000000000e-01
5.524500000000005429e+01,5.000000000000000000e-01
5.524600000000005195e+01,5.000000000000000000e-01
5.524700000000004962e+01,5.000000000000000000e-01
5.524800000000004729e+01,5.000000000000000000e-01
5.524900000000005207e+01,5.000000000000000000e-01
5.525000000000004974e+01,5.000000000000000000e-01
5.525100000000004741e+01,5.000000000000000000e-01
5.525200000000005218e+01,5.000000000000000000e-01
5.525300000000004985e+01,5.000000000000000000e-01
5.525400000000004752e+01,5.000000000000000000e-01
5.525500000000005230e+01,5.000000000000000000e-01
5.525600000000004997e+01,5.000000000000000000e-01
5.525700000000004763e+01,5.000000000000000000e-01
5.525800000000005241e+01,5.000000000000000000e-01
5.525900000000005008e+01,5.000000000000000000e-01
5.526000000000004775e+01,5.000000000000000000e-01
5.526100000000005252e+01,5.000000000000000000e-01
5.526200000000005019e+01,5.000000000000000000e-01
5.526300000000004786e+01,5.000000000000000000e-01
5.526400000000005264e+01,5.000000000000000000e-01
5.526500000000005031e+01,5.000000000000000000e-01
5.526600000000004798e+01,5.000000000000000000e-01
5.526700000000005275e+01,5.000000000000000000e-01
5.526800000000005042e+01,5.000000000000000000e-01
5.526900000000004809e+01,5.000000000000000000e-01
5.527000000000005286e+01,5.000000000000000000e-01
5.527100000000005053e+01,5.000000000000000000e-01
5.527200000000004820e+01,5.000000000000000000e-01
5.527300000000005298e+01,5.000000000000000000e-01
5.527400000000005065e+01,5.000000000000000000e-01
5.527500000000004832e+01,5.000000000000000000e-01
5.527600000000005309e+01,5.000000000000000000e-01
5.527700000000005076e+01,5.000000000000000000e-01
5.527800000000004843e+01,5.000000000000000000e-01
5.527900000000005321e+01,5.000000000000000000e-01
5.528000000000005087e+01,5.000000000000000000e-01
5.528100000000004854e+01,5.000000000000000000e-01
5.528200000000005332e+01,5.000000000000000000e-01
5.528300000000005099e+01,5.000000000000000000e-01
5.528400000000004866e+01,5.000000000000000000e-01
5.528500000000005343e+01,5.000000000000000000e-01
5.528600000000005110e+01,5.000000000000000000e-01
5.528700000000004877e+01,5.000000000000000000e-01
5.528800000000005355e+01,5.000000000000000000e-01
5.528900000000005122e+01,5.000000000000000000e-01
5.529000000000004889e+01,5.000000000000000000e-01
5.529100000000005366e+01,5.000000000000000000e-01
5.529200000000005133e+01,5.000000000000000000e-01
5.529300000000004900e+01,5.000000000000000000e-01
5.529400000000005377e+01,5.000000000000000000e-01
5.529500000000005144e+01,5.000000000000000000e-01
5.529600000000004911e+01,5.000000000000000000e-01
5.529700000000005389e+01,5.000000000000000000e-01
5.529800000000005156e+01,5.000000000000000000e-01
5.529900000000004923e+01,5.000000000000000000e-01
5.530000000000005400e+01,5.000000000000000000e-01
5.530100000000005167e+01,5.000000000000000000e-01
5.530200000000004934e+01,5.000000000000000000e-01
5.530300000000005411e+01,5.000000000000000000e-01
5.530400000000005178e+01,5.000000000000000000e-01
5.530500000000004945e+01,5.000000000000000000e-01
5.530600000000005423e+01,5.000000000000000000e-01
5.530700000000005190e+01,5.000000000000000000e-01
5.530800000000004957e+01,5.000000000000000000e-01
5.530900000000004724e+01,5.000000000000000000e-01
5.531000000000005201e+01,5.000000000000000000e-01
5.531100000000004968e+01,5.000000000000000000e-01
5.531200000000004735e+01,5.000000000000000000e-01
5.531300000000005213e+01,5.000000000000000000e-01
5.531400000000004979e+01,5.000000000000000000e-01
5.531500000000004746e+01,5.000000000000000000e-01
5.531600000000005224e+01,5.000000000000000000e-01
5.531700000000004991e+01,5.000000000000000000e-01
5.531800000000004758e+01,5.000000000000000000e-01
5.531900000000005235e+01,5.000000000000000000e-01
5.532000000000005002e+01,5.000000000000000000e-01
5.532100000000004769e+01,5.000000000000000000e-01
5.532200000000005247e+01,5.000000000000000000e-01
5.532300000000005014e+01,5.000000000000000000e-01
5.532400000000004781e+01,5.000000000000000000e-01
5.532500000000005258e+01,5.000000000000000000e-01
5.532600000000005025e+01,5.000000000000000000e-01
5.532700000000004792e+01,5.000000000000000000e-01
5.532800000000005269e+01,5.000000000000000000e-01
5.532900000000005036e+01,5.000000000000000000e-01
5.533000000000004803e+01,5.000000000000000000e-01
5.533100000000005281e+01,5.000000000000000000e-01
5.533200000000005048e+01,5.000000000000000000e-01
5.533300000000004815e+01,5.000000000000000000e-01
5.533400000000005292e+01,5.000000000000000000e-01
5.533500000000005059e+01,5.000000000000000000e-01
5.533600000000004826e+01,5.000000000000000000e-01
5.533700000000005303e+01,5.000000000000000000e-01
5.533800000000005070e+01,5.000000000000000000e-01
5.533900000000004837e+01,5.000000000000000000e-01
5.534000000000005315e+01,5.000000000000000000e-01
5.534100000000005082e+01,5.000000000000000000e-01
5.534200000000004849e+01,5.000000000000000000e-01
5.534300000000005326e+01,5.000000000000000000e-01
5.534400000000005093e+01,5.000000000000000000e-01
5.534500000000004860e+01,5.000000000000000000e-01
5.534600000000005338e+01,5.000000000000000000e-01
5.534700000000005105e+01,5.000000000000000000e-01
5.534800000000004871e+01,5.000000000000000000e-01
5.534900000000005349e+01,5.000000000000000000e-01
5.535000000000005116e+01,5.000000000000000000e-01
5.535100000000004883e+01,5.000000000000000000e-01
5.535200000000005360e+01,5.000000000000000000e-01
5.535300000000005127e+01,5.000000000000000000e-01
5.535400000000004894e+01,5.000000000000000000e-01
5.535500000000005372e+01,5.000000000000000000e-01
5.535600000000005139e+01,5.000000000000000000e-01
5.535700000000004906e+01,5.000000000000000000e-01
5.535800000000005383e+01,5.000000000000000000e-01
5.535900000000005150e+01,5.000000000000000000e-01
5.536000000000004917e+01,5.000000000000000000e-01
5.536100000000005394e+01,5.000000000000000000e-01
5.536200000000005161e+01,5.000000000000000000e-01
5.536300000000004928e+01,5.000000000000000000e-01
5.536400000000005406e+01,5.000000000000000000e-01
5.536500000000005173e+01,5.000000000000000000e-01
5.536600000000004940e+01,5.000000000000000000e-01
5.536700000000005417e+01,5.000000000000000000e-01
5.536800000000005184e+01,5.000000000000000000e-01
5.536900000000004951e+01,5.000000000000000000e-01
5.537000000000005429e+01,5.000000000000000000e-01
5.537100000000005195e+01,5.000000000000000000e-01
5.537200000000004962e+01,5.000000000000000000e-01
5.537300000000005440e+01,5.000000000000000000e-01
5.537400000000005207e+01,5.000000000000000000e-01
5.537500000000004974e+01,5.000000000000000000e-01
5.537600000000004741e+01,5.000000000000000000e-01
5.537700000000005218e+01,5.000000000000000000e-01
5.537800000000004985e+01,5.000000000000000000e-01
5.537900000000004752e+01,5.000000000000000000e-01
5.538000000000005230e+01,5.000000000000000000e-01
5.538100000000004997e+01,5.000000000000000000e-01
5.538200000000004763e+01,5.000000000000000000e-01
5.538300000000005241e+01,5.000000000000000000e-01
5.538400000000005008e+01,5.000000000000000000e-01
5.538500000000004775e+01,5.000000000000000000e-01
5.538600000000005252e+01,5.000000000000000000e-01
5.538700000000005019e+01,5.000000000000000000e-01
5.538800000000004786e+01,5.000000000000000000e-01
5.538900000000005264e+01,5.000000000000000000e-01
5.539000000000005031e+01,5.000000000000000000e-01
5.539100000000004798e+01,5.000000000000000000e-01
5.539200000000005275e+01,5.000000000000000000e-01
5.539300000000005042e+01,5.000000000000000000e-01
5.539400000000004809e+01,5.000000000000000000e-01
5.539500000000005286e+01,5.000000000000000000e-01
5.539600000000005053e+01,5.000000000000000000e-01
5.539700000000004820e+01,5.000000000000000000e-01
5.539800000000005298e+01,5.000000000000000000e-01
5.539900000000005065e+01,5.000000000000000000e-01
5.540000000000004832e+01,5.000000000000000000e-01
5.540100000000005309e+01,5.000000000000000000e-01
5.540200000000005076e+01,5.000000000000000000e-01
5.540300000000004843e+01,5.000000000000000000e-01
5.540400000000005321e+01,5.000000000000000000e-01
5.540500000000005087e+01,5.000000000000000000e-01
5.540600000000004854e+01,5.000000000000000000e-01
5.540700000000005332e+01,5.000000000000000000e-01
5.540800000000005099e+01,5.000000000000000000e-01
5.540900000000004866e+01,5.000000000000000000e-01
5.541000000000005343e+01,5.000000000000000000e-01
5.541100000000005110e+01,5.000000000000000000e-01
5.541200000000004877e+01,5.000000000000000000e-01
5.541300000000005355e+01,5.000000000000000000e-01
5.541400000000005122e+01,5.000000000000000000e-01
5.541500000000004889e+01,5.000000000000000000e-01
5.541600000000005366e+01,5.000000000000000000e-01
5.541700000000005133e+01,5.000000000000000000e-01
5.541800000000004900e+01,5.000000000000000000e-01
5.541900000000005377e+01,5.000000000000000000e-01
5.542000000000005144e+01,5.000000000000000000e-01
5.542100000000004911e+01,5.000000000000000000e-01
5.542200000000005389e+01,5.000000000000000000e-01
5.542300000000005156e+01,5.000000000000000000e-01
5.542400000000004923e+01,5.000000000000000000e-01
5.542500000000005400e+01,5.000000000000000000e-01
5.542600000000005167e+01,5.000000000000000000e-01
5.542700000000004934e+01,5.000000000000000000e-01
5.542800000000005411e+01,5.000000000000000000e-01
5.542900000000005178e+01,5.000000000000000000e-01
5.543000000000004945e+01,5.000000000000000000e-01
5.543100000000005423e+01,5.000000000000000000e-01
5.543200000000005190e+01,5.000000000000000000e-01
5.543300000000004957e+01,5.000000000000000000e-01
5.543400000000005434e+01,5.000000000000000000e-01
5.543500000000005201e+01,5.000000000000000000e-01
5.543600000000004968e+01,5.000000000000000000e-01
5.543700000000004735e+01,5.000000000000000000e-01
5.543800000000005213e+01,5.000000000000000000e-01
5.543900000000004979e+01,5.000000000000000000e-01
5.544000000000004746e+01,5.000000000000000000e-01
5.544100000000005224e+01,5.000000000000000000e-01
5.544200000000004991e+01,5.000000000000000000e-01
5.544300000000004758e+01,5.000000000000000000e-01
5.544400000000005235e+01,5.000000000000000000e-01
5.544500000000005002e+01,5.000000000000000000e-01
5.544600000000004769e+01,5.000000000000000000e-01
5.544700000000005247e+01,5.000000000000000000e-01
5.544800000000005014e+01,5.000000000000000000e-01
5.544900000000004781e+01,5.000000000000000000e-01
5.545000000000005258e+01,5.000000000000000000e-01
5.545100000000005025e+01,5.000000000000000000e-01
5.545200000000004792e+01,5.000000000000000000e-01
5.545300000000005269e+01,5.000000000000000000e-01
5.545400000000005036e+01,5.000000000000000000e-01
5.545500000000004803e+01,5.000000000000000000e-01
5.545600000000005281e+01,5.000000000000000000e-01
5.545700000000005048e+01,5.000000000000000000e-01
5.545800000000004815e+01,5.000000000000000000e-01
5.545900000000005292e+01,5.000000000000000000e-01
5.546000000000005059e+01,5.000000000000000000e-01
5.546100000000004826e+01,5.000000000000000000e-01
5.546200000000005303e+01,5.000000000000000000e-01
5.546300000000005070e+01,5.000000000000000000e-01
5.546400000000004837e+01,5.000000000000000000e-01
5.546500000000005315e+01,5.000000000000000000e-01
5.546600000000005082e+01,5.000000000000000000e-01
5.546700000000004849e+01,5.000000000000000000e-01
5.546800000000005326e+01,5.000000000000000000e-01
5.546900000000005093e+01,5.000000000000000000e-01
5.547000000000004860e+01,5.000000000000000000e-01
5.547100000000005338e+01,5.000000000000000000e-01
5.547200000000005105e+01,5.000000000000000000e-01
5.547300000000004871e+01,5.000000000000000000e-01
5.547400000000005349e+01,5.000000000000000000e-01
5.547500000000005116e+01,5.000000000000000000e-01
5.547600000000004883e+01,5.000000000000000000e-01
5.547700000000005360e+01,5.000000000000000000e-01
5.547800000000005127e+01,5.000000000000000000e-01
5.547900000000004894e+01,5.000000000000000000e-01
5.548000000000005372e+01,5.000000000000000000e-01
5.548100000000005139e+01,5.000000000000000000e-01
5.548200000000004906e+01,5.000000000000000000e-01
5.548300000000005383e+01,5.000000000000000000e-01
5.548400000000005150e+01,5.000000000000000000e-01
5.548500000000004917e+01,5.000000000000000000e-01
5.548600000000005394e+01,5.000000000000000000e-01
5.548700000000005161e+01,5.000000000000000000e-01
5.548800000000004928e+01,5.000000000000000000e-01
5.548900000000005406e+01,5.000000000000000000e-01
5.549000000000005173e+01,5.000000000000000000e-01
5.549100000000004940e+01,5.000000000000000000e-01
5.549200000000005417e+01,5.000000000000000000e-01
5.549300000000005184e+01,5.000000000000000000e-01
5.549400000000004951e+01,5.000000000000000000e-01
5.549500000000005429e+01,5.000000000000000000e-01
5.549600000000005195e+01,5.000000000000000000e-01
5.549700000000004962e+01,5.000000000000000000e-01
5.549800000000005440e+01,5.000000000000000000e-01
5.549900000000005207e+01,5.000000000000000000e-01
5.550000000000004974e+01,5.000000000000000000e-01
5.550100000000005451e+01,5.000000000000000000e-01
5.550200000000005218e+01,5.000000000000000000e-01
5.550300000000004985e+01,5.000000000000000000e-01
5.550400000000004752e+01,5.000000000000000000e-01
5.550500000000005230e+01,5.000000000000000000e-01
5.550600000000004997e+01,5.000000000000000000e-01
5.550700000000004763e+01,5.000000000000000000e-01
5.550800000000005241e+01,5.000000000000000000e-01
5.550900000000005008e+01,5.000000000000000000e-01
5.551000000000004775e+01,5.000000000000000000e-01
5.551100000000005252e+01,5.000000000000000000e-01
5.551200000000005019e+01,5.000000000000000000e-01
5.551300000000004786e+01,5.000000000000000000e-01
5.551400000000005264e+01,5.000000000000000000e-01
5.551500000000005031e+01,5.000000000000000000e-01
5.551600000000004798e+01,5.000000000000000000e-01
5.551700000000005275e+01,5.000000000000000000e-01
5.551800000000005042e+01,5.000000000000000000e-01
5.551900000000004809e+01,5.000000000000000000e-01
5.552000000000005286e+01,5.000000000000000000e-01
5.552100000000005053e+01,5.000000000000000000e-01
5.552200000000004820e+01,5.000000000000000000e-01
5.552300000000005298e+01,5.000000000000000000e-01
5.552400000000005065e+01,5.000000000000000000e-01
5.552500000000004832e+01,5.000000000000000000e-01
5.552600000000005309e+01,5.000000000000000000e-01
5.552700000000005076e+01,5.000000000000000000e-01
5.552800000000004843e+01,5.000000000000000000e-01
5.552900000000005321e+01,5.000000000000000000e-01
5.553000000000005087e+01,5.000000000000000000e-01
5.553100000000004854e+01,5.000000000000000000e-01
5.553200000000005332e+01,5.000000000000000000e-01
5.553300000000005099e+01,5.000000000000000000e-01
5.553400000000004866e+01,5.000000000000000000e-01
5.553500000000005343e+01,5.000000000000000000e-01
5.553600000000005110e+01,5.000000000000000000e-01
5.553700000000004877e+01,5.000000000000000000e-01
5.553800000000005355e+01,5.000000000000000000e-01
5.553900000000005122e+01,5.000000000000000000e-01
5.554000000000004889e+01,5.000000000000000000e-01
5.554100000000005366e+01,5.000000000000000000e-01
5.554200000000005133e+01,5.000000000000000000e-01
5.554300000000004900e+01,5.000000000000000000e-01
5.554400000000005377e+01,5.000000000000000000e-01
5.554500000000005144e+01,5.000000000000000000e-01
5.554600000000004911e+01,5.000000000000000000e-01
5.554700000000005389e+01,5.000000000000000000e-01
5.554800000000005156e+01,5.000000000000000000e-01
5.554900000000004923e+01,5.000000000000000000e-01
5.555000000000005400e+01,5.000000000000000000e-01
5.555100000000005167e+01,5.000000000000000000e-01
5.555200000000004934e+01,5.000000000000000000e-01
5.555300000000005411e+01,5.000000000000000000e-01
5.555400000000005178e+01,5.000000000000000000e-01
5.555500000000004945e+01,5.000000000000000000e-01
5.555600000000005423e+01,5.000000000000000000e-01
5.555700000000005190e+01,5.000000000000000000e-01
5.555800000000004957e+01,5.000000000000000000e-01
5.555900000000005434e+01,5.000000000000000000e-01
5.556000000000005201e+01,5.000000000000000000e-01
5.556100000000004968e+01,5.000000000000000000e-01
5.556200000000005446e+01,5.000000000000000000e-01
5.556300000000005213e+01,5.000000000000000000e-01
5.556400000000004979e+01,5.000000000000000000e-01
5.556500000000004746e+01,5.000000000000000000e-01
5.556600000000005224e+01,5.000000000000000000e-01
5.556700000000004991e+01,5.000000000000000000e-01
5.556800000000004758e+01,5.000000000000000000e-01
5.556900000000005235e+01,5.000000000000000000e-01
5.557000000000005002e+01,5.000000000000000000e-01
5.557100000000004769e+01,5.000000000000000000e-01
5.557200000000005247e+01,5.000000000000000000e-01
5.557300000000005014e+01,5.000000000000000000e-01
5.557400000000004781e+01,5.000000000000000000e-01
5.557500000000005258e+01,5.000000000000000000e-01
5.557600000000005025e+01,5.000000000000000000e-01
5.557700000000004792e+01,5.000000000000000000e-01
5.557800000000005269e+01,5.000000000000000000e-01
5.557900000000005036e+01,5.000000000000000000e-01
5.558000000000004803e+01,5.000000000000000000e-01
5.558100000000005281e+01,5.000000000000000000e-01
5.558200000000005048e+01,5.000000000000000000e-01
5.558300000000004815e+01,5.000000000000000000e-01
5.558400000000005292e+01,5.000000000000000000e-01
5.558500000000005059e+01,5.000000000000000000e-01
5.558600000000004826e+01,5.000000000000000000e-01
5.558700000000005303e+01,5.000000000000000000e-01
5.558800000000005070e+01,5.000000000000000000e-01
5.558900000000004837e+01,5.000000000000000000e-01
5.559000000000005315e+01,5.000000000000000000e-01
5.559100000000005082e+01,5.000000000000000000e-01
5.559200000000004849e+01,5.000000000000000000e-01
5.559300000000005326e+01,5.000000000000000000e-01
5.559400000000005093e+01,5.000000000000000000e-01
5.559500000000004860e+01,5.000000000000000000e-01
5.559600000000005338e+01,5.000000000000000000e-01
5.559700000000005105e+01,5.000000000000000000e-01
5.559800000000004871e+01,5.000000000000000000e-01
5.559900000000005349e+01,5.000000000000000000e-01
5.560000000000005116e+01,5.000000000000000000e-01
5.560100000000004883e+01,5.000000000000000000e-01
5.560200000000005360e+01,5.000000000000000000e-01
5.560300000000005127e+01,5.000000000000000000e-01
5.560400000000004894e+01,5.000000000000000000e-01
5.560500000000005372e+01,5.000000000000000000e-01
5.560600000000005139e+01,5.000000000000000000e-01
5.560700000000004906e+01,5.000000000000000000e-01
5.560800000000005383e+01,5.000000000000000000e-01
5.560900000000005150e+01,5.000000000000000000e-01
5.561000000000004917e+01,5.000000000000000000e-01
5.561100000000005394e+01,5.000000000000000000e-01
5.561200000000005161e+01,5.000000000000000000e-01
5.561300000000004928e+01,5.000000000000000000e-01
5.561400000000005406e+01,5.000000000000000000e-01
5.561500000000005173e+01,5.000000000000000000e-01
5.561600000000004940e+01,5.000000000000000000e-01
5.561700000000005417e+01,5.000000000000000000e-01
5.561800000000005184e+01,5.000000000000000000e-01
5.561900000000004951e+01,5.000000000000000000e-01
5.562000000000005429e+01,5.000000000000000000e-01
5.562100000000005195e+01,5.000000000000000000e-01
5.562200000000004962e+01,5.000000000000000000e-01
5.562300000000005440e+01,5.000000000000000000e-01
5.562400000000005207e+01,5.000000000000000000e-01
5.562500000000004974e+01,5.000000000000000000e-01
5.562600000000005451e+01,5.000000000000000000e-01
5.562700000000005218e+01,5.000000000000000000e-01
5.562800000000004985e+01,5.000000000000000000e-01
5.562900000000005463e+01,5.000000000000000000e-01
5.563000000000005230e+01,5.000000000000000000e-01
5.563100000000004997e+01,5.000000000000000000e-01
5.563200000000004763e+01,5.000000000000000000e-01
5.563300000000005241e+01,5.000000000000000000e-01
5.563400000000005008e+01,5.000000000000000000e-01
5.563500000000004775e+01,5.000000000000000000e-01
5.563600000000005252e+01,5.000000000000000000e-01
5.563700000000005019e+01,5.000000000000000000e-01
5.563800000000004786e+01,5.000000000000000000e-01
5.563900000000005264e+01,5.000000000000000000e-01
5.564000000000005031e+01,5.000000000000000000e-01
5.564100000000004798e+01,5.000000000000000000e-01
5.564200000000005275e+01,5.000000000000000000e-01
5.564300000000005042e+01,5.000000000000000000e-01
5.564400000000004809e+01,5.000000000000000000e-01
5.564500000000005286e+01,5.000000000000000000e-01
5.564600000000005053e+01,5.000000000000000000e-01
5.564700000000004820e+01,5.000000000000000000e-01
5.564800000000005298e+01,5.000000000000000000e-01
5.564900000000005065e+01,5.000000000000000000e-01
5.565000000000004832e+01,5.000000000000000000e-01
5.565100000000005309e+01,5.000000000000000000e-01
5.565200000000005076e+01,5.000000000000000000e-01
5.565300000000004843e+01,5.000000000000000000e-01
5.565400000000005321e+01,5.000000000000000000e-01
5.565500000000005087e+01,5.000000000000000000e-01
5.565600000000004854e+01,5.000000000000000000e-01
5.565700000000005332e+01,5.000000000000000000e-01
5.565800000000005099e+01,5.000000000000000000e-01
5.565900000000004866e+01,5.000000000000000000e-01
5.566000000000005343e+01,5.000000000000000000e-01
5.566100000000005110e+01,5.000000000000000000e-01
5.566200000000004877e+01,5.000000000000000000e-01
5.566300000000005355e+01,5.000000000000000000e-01
5.566400000000005122e+01,5.000000000000000000e-01
5.566500000000004889e+01,5.000000000000000000e-01
5.566600000000005366e+01,5.000000000000000000e-01
5.566700000000005133e+01,5.000000000000000000e-01
5.566800000000004900e+01,5.000000000000000000e-01
5.566900000000005377e+01,5.000000000000000000e-01
5.567000000000005144e+01,5.000000000000000000e-01
5.567100000000004911e+01,5.000000000000000000e-01
5.567200000000005389e+01,5.000000000000000000e-01
5.567300000000005156e+01,5.000000000000000000e-01
5.567400000000004923e+01,5.000000000000000000e-01
5.567500000000005400e+01,5.000000000000000000e-01
5.567600000000005167e+01,5.000000000000000000e-01
5.567700000000004934e+01,5.000000000000000000e-01
5.567800000000005411e+01,5.000000000000000000e-01
5.567900000000005178e+01,5.000000000000000000e-01
5.568000000000004945e+01,5.000000000000000000e-01
5.568100000000005423e+01,5.000000000000000000e-01
5.568200000000005190e+01,5.000000000000000000e-01
5.568300000000004957e+01,5.000000000000000000e-01
5.568400000000005434e+01,5.000000000000000000e-01
5.568500000000005201e+01,5.000000000000000000e-01
5.568600000000004968e+01,5.000000000000000000e-01
5.568700000000005446e+01,5.000000000000000000e-01
5.568800000000005213e+01,5.000000000000000000e-01
5.568900000000004979e+01,5.000000000000000000e-01
5.569000000000005457e+01,5.000000000000000000e-01
5.569100000000005224e+01,5.000000000000000000e-01
5.569200000000004991e+01,5.000000000000000000e-01
5.569300000000004758e+01,5.000000000000000000e-01
5.569400000000005235e+01,5.000000000000000000e-01
5.569500000000005002e+01,5.000000000000000000e-01
5.569600000000004769e+01,5.000000000000000000e-01
5.569700000000005247e+01,5.000000000000000000e-01
5.569800000000005014e+01,5.000000000000000000e-01
5.569900000000004781e+01,5.000000000000000000e-01
5.570000000000005258e+01,5.000000000000000000e-01
5.570100000000005025e+01,5.000000000000000000e-01
5.570200000000004792e+01,5.000000000000000000e-01
5.570300000000005269e+01,5.000000000000000000e-01
5.570400000000005036e+01,5.000000000000000000e-01
5.570500000000004803e+01,5.000000000000000000e-01
5.570600000000005281e+01,5.000000000000000000e-01
5.570700000000005048e+01,5.000000000000000000e-01
5.570800000000004815e+01,5.000000000000000000e-01
5.570900000000005292e+01,5.000000000000000000e-01
5.571000000000005059e+01,5.000000000000000000e-01
5.571100000000004826e+01,5.000000000000000000e-01
5.571200000000005303e+01,5.000000000000000000e-01
5.571300000000005070e+01,5.000000000000000000e-01
5.571400000000004837e+01,5.000000000000000000e-01
5.571500000000005315e+01,5.000000000000000000e-01
5.571600000000005082e+01,5.000000000000000000e-01
5.571700000000004849e+01,5.000000000000000000e-01
5.571800000000005326e+01,5.000000000000000000e-01
5.571900000000005093e+01,5.000000000000000000e-01
5.572000000000004860e+01,5.000000000000000000e-01
5.572100000000005338e+01,5.000000000000000000e-01
5.572200000000005105e+01,5.000000000000000000e-01
5.572300000000004871e+01,5.000000000000000000e-01
5.572400000000005349e+01,5.000000000000000000e-01
5.572500000000005116e+01,5.000000000000000000e-01
5.572600000000004883e+01,5.000000000000000000e-01
5.572700000000005360e+01,5.000000000000000000e-01
5.572800000000005127e+01,5.000000000000000000e-01
5.572900000000004894e+01,5.000000000000000000e-01
5.573000000000005372e+01,5.000000000000000000e-01
5.573100000000005139e+01,5.000000000000000000e-01
5.573200000000004906e+01,5.000000000000000000e-01
5.573300000000005383e+01,5.000000000000000000e-01
5.573400000000005150e+01,5.000000000000000000e-01
5.573500000000004917e+01,5.000000000000000000e-01
5.573600000000005394e+01,5.000000000000000000e-01
5.573700000000005161e+01,5.000000000000000000e-01
5.573800000000004928e+01,5.000000000000000000e-01
5.573900000000005406e+01,5.000000000000000000e-01
5.574000000000005173e+01,5.000000000000000000e-01
5.574100000000004940e+01,5.000000000000000000e-01
5.574200000000005417e+01,5.000000000000000000e-01
5.574300000000005184e+01,5.000000000000000000e-01
5.574400000000004951e+01,5.000000000000000000e-01
5.574500000000005429e+01,5.000000000000000000e-01
5.574600000000005195e+01,5.000000000000000000e-01
5.574700000000004962e+01,5.000000000000000000e-01
5.574800000000005440e+01,5.000000000000000000e-01
5.574900000000005207e+01,5.000000000000000000e-01
5.575000000000004974e+01,5.000000000000000000e-01
5.575100000000005451e+01,5.000000000000000000e-01
5.575200000000005218e+01,5.000000000000000000e-01
5.575300000000004985e+01,5.000000000000000000e-01
5.575400000000005463e+01,5.000000000000000000e-01
5.575500000000005230e+01,5.000000000000000000e-01
5.575600000000004997e+01,5.000000000000000000e-01
5.575700000000005474e+01,5.000000000000000000e-01
5.575800000000005241e+01,5.000000000000000000e-01
5.575900000000005008e+01,5.000000000000000000e-01
5.576000000000004775e+01,5.000000000000000000e-01
5.576100000000005252e+01,5.000000000000000000e-01
5.576200000000005019e+01,5.000000000000000000e-01
5.576300000000004786e+01,5.000000000000000000e-01
5.576400000000005264e+01,5.000000000000000000e-01
5.576500000000005031e+01,5.000000000000000000e-01
5.576600000000004798e+01,5.000000000000000000e-01
5.576700000000005275e+01,5.000000000000000000e-01
5.576800000000005042e+01,5.000000000000000000e-01
5.576900000000004809e+01,5.000000000000000000e-01
5.577000000000005286e+01,5.000000000000000000e-01
5.577100000000005053e+01,5.000000000000000000e-01
5.577200000000004820e+01,5.000000000000000000e-01
5.577300000000005298e+01,5.000000000000000000e-01
5.577400000000005065e+01,5.000000000000000000e-01
5.577500000000004832e+01,5.000000000000000000e-01
5.577600000000005309e+01,5.000000000000000000e-01
5.577700000000005076e+01,5.000000000000000000e-01
5.577800000000004843e+01,5.000000000000000000e-01
5.577900000000005321e+01,5.000000000000000000e-01
5.578000000000005087e+01,5.000000000000000000e-01
5.578100000000004854e+01,5.000000000000000000e-01
5.578200000000005332e+01,5.000000000000000000e-01
5.578300000000005099e+01,5.000000000000000000e-01
5.578400000000004866e+01,5.000000000000000000e-01
5.578500000000005343e+01,5.000000000000000000e-01
5.578600000000005110e+01,5.000000000000000000e-01
5.578700000000004877e+01,5.000000000000000000e-01
5.578800000000005355e+01,5.000000000000000000e-01
5.578900000000005122e+01,5.000000000000000000e-01
5.579000000000004889e+01,5.000000000000000000e-01
5.579100000000005366e+01,5.000000000000000000e-01
5.579200000000005133e+01,5.000000000000000000e-01
5.579300000000004900e+01,5.000000000000000000e-01
5.579400000000005377e+01,5.000000000000000000e-01
5.579500000000005144e+01,5.000000000000000000e-01
5.579600000000004911e+01,5.000000000000000000e-01
5.579700000000005389e+01,5.000000000000000000e-01
5.579800000000005156e+01,5.000000000000000000e-01
5.579900000000004923e+01,5.000000000000000000e-01
5.580000000000005400e+01,5.000000000000000000e-01
5.580100000000005167e+01,5.000000000000000000e-01
5.580200000000004934e+01,5.000000000000000000e-01
5.580300000000005411e+01,5.000000000000000000e-01
5.580400000000005178e+01,5.000000000000000000e-01
5.580500000000004945e+01,5.000000000000000000e-01
5.580600000000005423e+01,5.000000000000000000e-01
5.580700000000005190e+01,5.000000000000000000e-01
5.580800000000004957e+01,5.000000000000000000e-01
5.580900000000005434e+01,5.000000000000000000e-01
5.581000000000005201e+01,5.000000000000000000e-01
5.581100000000004968e+01,5.000000000000000000e-01
5.581200000000005446e+01,5.000000000000000000e-01
5.581300000000005213e+01,5.000000000000000000e-01
5.581400000000004979e+01,5.000000000000000000e-01
5.581500000000005457e+01,5.000000000000000000e-01
5.581600000000005224e+01,5.000000000000000000e-01
5.581700000000004991e+01,5.000000000000000000e-01
5.581800000000005468e+01,5.000000000000000000e-01
5.581900000000005235e+01,5.000000000000000000e-01
5.582000000000005002e+01,5.000000000000000000e-01
5.582100000000004769e+01,5.000000000000000000e-01
5.582200000000005247e+01,5.000000000000000000e-01
5.582300000000005014e+01,5.000000000000000000e-01
5.582400000000004781e+01,5.000000000000000000e-01
5.582500000000005258e+01,5.000000000000000000e-01
5.582600000000005025e+01,5.000000000000000000e-01
5.582700000000004792e+01,5.000000000000000000e-01
5.582800000000005269e+01,5.000000000000000000e-01
5.582900000000005036e+01,5.000000000000000000e-01
5.583000000000004803e+01,5.000000000000000000e-01
5.583100000000005281e+01,5.000000000000000000e-01
5.583200000000005048e+01,5.000000000000000000e-01
5.583300000000004815e+01,5.000000000000000000e-01
5.583400000000005292e+01,5.000000000000000000e-01
5.583500000000005059e+01,5.000000000000000000e-01
5.583600000000004826e+01,5.000000000000000000e-01
5.583700000000005303e+01,5.000000000000000000e-01
5.583800000000005070e+01,5.000000000000000000e-01
5.583900000000004837e+01,5.000000000000000000e-01
5.584000000000005315e+01,5.000000000000000000e-01
5.584100000000005082e+01,5.000000000000000000e-01
5.584200000000004849e+01,5.000000000000000000e-01
5.584300000000005326e+01,5.000000000000000000e-01
5.584400000000005093e+01,5.000000000000000000e-01
5.584500000000004860e+01,5.000000000000000000e-01
5.584600000000005338e+01,5.000000000000000000e-01
5.584700000000005105e+01,5.000000000000000000e-01
5.584800000000004871e+01,5.000000000000000000e-01
5.584900000000005349e+01,5.000000000000000000e-01
5.585000000000005116e+01,5.000000000000000000e-01
5.585100000000004883e+01,5.000000000000000000e-01
5.585200000000005360e+01,5.000000000000000000e-01
5.585300000000005127e+01,5.000000000000000000e-01
5.585400000000004894e+01,5.000000000000000000e-01
5.585500000000005372e+01,5.000000000000000000e-01
5.585600000000005139e+01,5.000000000000000000e-01
5.585700000000004906e+01,5.000000000000000000e-01
5.585800000000005383e+01,5.000000000000000000e-01
5.585900000000005150e+01,5.000000000000000000e-01
5.586000000000004917e+01,5.000000000000000000e-01
5.586100000000005394e+01,5.000000000000000000e-01
5.586200000000005161e+01,5.000000000000000000e-01
5.586300000000004928e+01,5.000000000000000000e-01
5.586400000000005406e+01,5.000000000000000000e-01
5.586500000000005173e+01,5.000000000000000000e-01
5.586600000000004940e+01,5.000000000000000000e-01
5.586700000000005417e+01,5.000000000000000000e-01
5.586800000000005184e+01,5.000000000000000000e-01
5.586900000000004951e+01,5.000000000000000000e-01
5.587000000000005429e+01,5.000000000000000000e-01
5.587100000000005195e+01,5.000000000000000000e-01
5.587200000000004962e+01,5.000000000000000000e-01
5.587300000000005440e+01,5.000000000000000000e-01
5.587400000000005207e+01,5.000000000000000000e-01
5.587500000000004974e+01,5.000000000000000000e-01
5.587600000000005451e+01,5.000000000000000000e-01
5.587700000000005218e+01,5.000000000000000000e-01
5.587800000000004985e+01,5.000000000000000000e-01
5.587900000000005463e+01,5.000000000000000000e-01
5.588000000000005230e+01,5.000000000000000000e-01
5.588100000000004997e+01,5.000000000000000000e-01
5.588200000000005474e+01,5.000000000000000000e-01
5.588300000000005241e+01,5.000000000000000000e-01
5.588400000000005008e+01,5.000000000000000000e-01
5.588500000000005485e+01,5.000000000000000000e-01
5.588600000000005252e+01,5.000000000000000000e-01
5.588700000000005019e+01,5.000000000000000000e-01
5.588800000000004786e+01,5.000000000000000000e-01
5.588900000000005264e+01,5.000000000000000000e-01
5.589000000000005031e+01,5.000000000000000000e-01
5.589100000000004798e+01,5.000000000000000000e-01
5.589200000000005275e+01,5.000000000000000000e-01
5.589300000000005042e+01,5.000000000000000000e-01
5.589400000000004809e+01,5.000000000000000000e-01
5.589500000000005286e+01,5.000000000000000000e-01
5.589600000000005053e+01,5.000000000000000000e-01
5.589700000000004820e+01,5.000000000000000000e-01
5.589800000000005298e+01,5.000000000000000000e-01
5.589900000000005065e+01,5.000000000000000000e-01
5.590000000000004832e+01,5.000000000000000000e-01
5.590100000000005309e+01,5.000000000000000000e-01
5.590200000000005076e+01,5.000000000000000000e-01
5.590300000000004843e+01,5.000000000000000000e-01
5.590400000000005321e+01,5.000000000000000000e-01
5.590500000000005087e+01,5.000000000000000000e-01
5.590600000000004854e+01,5.000000000000000000e-01
5.590700000000005332e+01,5.000000000000000000e-01
5.590800000000005099e+01,5.000000000000000000e-01
5.590900000000004866e+01,5.000000000000000000e-01
5.591000000000005343e+01,5.000000000000000000e-01
5.591100000000005110e+01,5.000000000000000000e-01
5.591200000000004877e+01,5.000000000000000000e-01
5.591300000000005355e+01,5.000000000000000000e-01
5.591400000000005122e+01,5.000000000000000000e-01
5.591500000000004889e+01,5.000000000000000000e-01
5.591600000000005366e+01,5.000000000000000000e-01
5.591700000000005133e+01,5.000000000000000000e-01
5.591800000000004900e+01,5.000000000000000000e-01
5.591900000000005377e+01,5.000000000000000000e-01
5.592000000000005144e+01,5.000000000000000000e-01
5.592100000000004911e+01,5.000000000000000000e-01
5.592200000000005389e+01,5.000000000000000000e-01
5.592300000000005156e+01,5.000000000000000000e-01
5.592400000000004923e+01,5.000000000000000000e-01
5.592500000000005400e+01,5.000000000000000000e-01
5.592600000000005167e+01,5.000000000000000000e-01
5.592700000000004934e+01,5.000000000000000000e-01
5.592800000000005411e+01,5.000000000000000000e-01
5.592900000000005178e+01,5.000000000000000000e-01
5.593000000000004945e+01,5.000000000000000000e-01
5.593100000000005423e+01,5.000000000000000000e-01
5.593200000000005190e+01,5.000000000000000000e-01
5.593300000000004957e+01,5.000000000000000000e-01
5.593400000000005434e+01,5.000000000000000000e-01
5.593500000000005201e+01,5.000000000000000000e-01
5.593600000000004968e+01,5.000000000000000000e-01
5.593700000000005446e+01,5.000000000000000000e-01
5.593800000000005213e+01,5.000000000000000000e-01
5.593900000000004979e+01,5.000000000000000000e-01
5.594000000000005457e+01,5.000000000000000000e-01
5.594100000000005224e+01,5.000000000000000000e-01
5.594200000000004991e+01,5.000000000000000000e-01
5.594300000000005468e+01,5.000000000000000000e-01
5.594400000000005235e+01,5.000000000000000000e-01
5.594500000000005002e+01,5.000000000000000000e-01
5.594600000000005480e+01,5.000000000000000000e-01
5.594700000000005247e+01,5.000000000000000000e-01
5.594800000000005014e+01,5.000000000000000000e-01
5.594900000000004781e+01,5.000000000000000000e-01
5.595000000000005258e+01,5.000000000000000000e-01
5.595100000000005025e+01,5.000000000000000000e-01
5.595200000000004792e+01,5.000000000000000000e-01
5.595300000000005269e+01,5.000000000000000000e-01
5.595400000000005036e+01,5.000000000000000000e-01
5.595500000000004803e+01,5.000000000000000000e-01
5.595600000000005281e+01,5.000000000000000000e-01
5.595700000000005048e+01,5.000000000000000000e-01
5.595800000000004815e+01,5.000000000000000000e-01
5.595900000000005292e+01,5.000000000000000000e-01
5.596000000000005059e+01,5.000000000000000000e-01
5.596100000000004826e+01,5.000000000000000000e-01
5.596200000000005303e+01,5.000000000000000000e-01
5.596300000000005070e+01,5.000000000000000000e-01
5.596400000000004837e+01,5.000000000000000000e-01
5.596500000000005315e+01,5.000000000000000000e-01
5.596600000000005082e+01,5.000000000000000000e-01
5.596700000000004849e+01,5.000000000000000000e-01
5.596800000000005326e+01,5.000000000000000000e-01
5.596900000000005093e+01,5.000000000000000000e-01
5.597000000000004860e+01,5.000000000000000000e-01
5.597100000000005338e+01,5.000000000000000000e-01
5.597200000000005105e+01,5.000000000000000000e-01
5.597300000000004871e+01,5.000000000000000000e-01
5.597400000000005349e+01,5.000000000000000000e-01
5.597500000000005116e+01,5.000000000000000000e-01
5.597600000000004883e+01,5.000000000000000000e-01
5.597700000000005360e+01,5.000000000000000000e-01
5.597800000000005127e+01,5.000000000000000000e-01
5.597900000000004894e+01,5.000000000000000000e-01
5.598000000000005372e+01,5.000000000000000000e-01
5.598100000000005139e+01,5.000000000000000000e-01
5.598200000000004906e+01,5.000000000000000000e-01
5.598300000000005383e+01,5.000000000000000000e-01
5.598400000000005150e+01,5.000000000000000000e-01
5.598500000000004917e+01,5.000000000000000000e-01
5.598600000000005394e+01,5.000000000000000000e-01
5.598700000000005161e+01,5.000000000000000000e-01
5.598800000000004928e+01,5.000000000000000000e-01
5.598900000000005406e+01,5.000000000000000000e-01
5.599000000000005173e+01,5.000000000000000000e-01
5.599100000000004940e+01,5.000000000000000000e-01
5.599200000000005417e+01,5.000000000000000000e-01
5.599300000000005184e+01,5.000000000000000000e-01
5.599400000000004951e+01,5.000000000000000000e-01
5.599500000000005429e+01,5.000000000000000000e-01
5.599600000000005195e+01,5.000000000000000000e-01
5.599700000000004962e+01,5.000000000000000000e-01
5.599800000000005440e+01,5.000000000000000000e-01
5.599900000000005207e+01,5.000000000000000000e-01
5.600000000000004974e+01,5.000000000000000000e-01
5.600100000000005451e+01,5.000000000000000000e-01
5.600200000000005218e+01,5.000000000000000000e-01
5.600300000000004985e+01,5.000000000000000000e-01
5.600400000000005463e+01,5.000000000000000000e-01
5.600500000000005230e+01,5.000000000000000000e-01
5.600600000000004997e+01,5.000000000000000000e-01
5.600700000000005474e+01,5.000000000000000000e-01
5.600800000000005241e+01,5.000000000000000000e-01
5.600900000000005008e+01,5.000000000000000000e-01
5.601000000000005485e+01,5.000000000000000000e-01
5.601100000000005252e+01,5.000000000000000000e-01
5.601200000000005019e+01,5.000000000000000000e-01
5.601300000000005497e+01,5.000000000000000000e-01
5.601400000000005264e+01,5.000000000000000000e-01
5.601500000000005031e+01,5.000000000000000000e-01
5.601600000000004798e+01,5.000000000000000000e-01
5.601700000000005275e+01,5.000000000000000000e-01
5.601800000000005042e+01,5.000000000000000000e-01
5.601900000000004809e+01,5.000000000000000000e-01
5.602000000000005286e+01,5.000000000000000000e-01
5.602100000000005053e+01,5.000000000000000000e-01
5.602200000000004820e+01,5.000000000000000000e-01
5.602300000000005298e+01,5.000000000000000000e-01
5.602400000000005065e+01,5.000000000000000000e-01
5.602500000000004832e+01,5.000000000000000000e-01
5.602600000000005309e+01,5.000000000000000000e-01
5.602700000000005076e+01,5.000000000000000000e-01
5.602800000000004843e+01,5.000000000000000000e-01
5.602900000000005321e+01,5.000000000000000000e-01
5.603000000000005087e+01,5.000000000000000000e-01
5.603100000000004854e+01,5.000000000000000000e-01
5.603200000000005332e+01,5.000000000000000000e-01
5.603300000000005099e+01,5.000000000000000000e-01
5.603400000000004866e+01,5.000000000000000000e-01
5.603500000000005343e+01,5.000000000000000000e-01
5.603600000000005110e+01,5.000000000000000000e-01
5.603700000000004877e+01,5.000000000000000000e-01
5.603800000000005355e+01,5.000000000000000000e-01
5.603900000000005122e+01,5.000000000000000000e-01
5.604000000000004889e+01,5.000000000000000000e-01
5.604100000000005366e+01,5.000000000000000000e-01
5.604200000000005133e+01,5.000000000000000000e-01
5.604300000000004900e+01,5.000000000000000000e-01
5.604400000000005377e+01,5.000000000000000000e-01
5.604500000000005144e+01,5.000000000000000000e-01
5.604600000000004911e+01,5.000000000000000000e-01
5.604700000000005389e+01,5.000000000000000000e-01
5.604800000000005156e+01,5.000000000000000000e-01
5.604900000000004923e+01,5.000000000000000000e-01
5.605000000000005400e+01,5.000000000000000000e-01
5.605100000000005167e+01,5.000000000000000000e-01
5.605200000000004934e+01,5.000000000000000000e-01
5.605300000000005411e+01,5.000000000000000000e-01
5.605400000000005178e+01,5.000000000000000000e-01
5.605500000000004945e+01,5.000000000000000000e-01
5.605600000000005423e+01,5.000000000000000000e-01
5.605700000000005190e+01,5.000000000000000000e-01
5.605800000000004957e+01,5.000000000000000000e-01
5.605900000000005434e+01,5.000000000000000000e-01
5.606000000000005201e+01,5.000000000000000000e-01
5.606100000000004968e+01,5.000000000000000000e-01
5.606200000000005446e+01,5.000000000000000000e-01
5.606300000000005213e+01,5.000000000000000000e-01
5.606400000000004979e+01,5.000000000000000000e-01
5.606500000000005457e+01,5.000000000000000000e-01
5.606600000000005224e+01,5.000000000000000000e-01
5.606700000000004991e+01,5.000000000000000000e-01
5.606800000000005468e+01,5.000000000000000000e-01
5.606900000000005235e+01,5.000000000000000000e-01
5.607000000000005002e+01,5.000000000000000000e-01
5.607100000000005480e+01,5.000000000000000000e-01
5.607200000000005247e+01,5.000000000000000000e-01
5.607300000000005014e+01,5.000000000000000000e-01
5.607400000000005491e+01,5.000000000000000000e-01
5.607500000000005258e+01,5.000000000000000000e-01
5.607600000000005025e+01,5.000000000000000000e-01
5.607700000000004792e+01,5.000000000000000000e-01
5.607800000000005269e+01,5.000000000000000000e-01
5.607900000000005036e+01,5.000000000000000000e-01
5.608000000000004803e+01,5.000000000000000000e-01
5.608100000000005281e+01,5.000000000000000000e-01
5.608200000000005048e+01,5.000000000000000000e-01
5.608300000000004815e+01,5.000000000000000000e-01
5.608400000000005292e+01,5.000000000000000000e-01
5.608500000000005059e+01,5.000000000000000000e-01
5.608600000000004826e+01,5.000000000000000000e-01
5.608700000000005303e+01,5.000000000000000000e-01
5.608800000000005070e+01,5.000000000000000000e-01
5.608900000000004837e+01,5.000000000000000000e-01
5.609000000000005315e+01,5.000000000000000000e-01
5.609100000000005082e+01,5.000000000000000000e-01
5.609200000000004849e+01,5.000000000000000000e-01
5.609300000000005326e+01,5.000000000000000000e-01
5.609400000000005093e+01,5.000000000000000000e-01
5.609500000000004860e+01,5.000000000000000000e-01
5.609600000000005338e+01,5.000000000000000000e-01
5.609700000000005105e+01,5.000000000000000000e-01
5.609800000000004871e+01,5.000000000000000000e-01
5.609900000000005349e+01,5.000000000000000000e-01
5.610000000000005116e+01,5.000000000000000000e-01
5.610100000000004883e+01,5.000000000000000000e-01
5.610200000000005360e+01,5.000000000000000000e-01
5.610300000000005127e+01,5.000000000000000000e-01
5.610400000000004894e+01,5.000000000000000000e-01
5.610500000000005372e+01,5.000000000000000000e-01
5.610600000000005139e+01,5.000000000000000000e-01
5.610700000000004906e+01,5.000000000000000000e-01
5.610800000000005383e+01,5.000000000000000000e-01
5.610900000000005150e+01,5.000000000000000000e-01
5.611000000000004917e+01,5.000000000000000000e-01
5.611100000000005394e+01,5.000000000000000000e-01
5.611200000000005161e+01,5.000000000000000000e-01
5.611300000000004928e+01,5.000000000000000000e-01
5.611400000000005406e+01,5.000000000000000000e-01
5.611500000000005173e+01,5.000000000000000000e-01
5.611600000000004940e+01,5.000000000000000000e-01
5.611700000000005417e+01,5.000000000000000000e-01
5.611800000000005184e+01,5.000000000000000000e-01
5.611900000000004951e+01,5.000000000000000000e-01
5.612000000000005429e+01,5.000000000000000000e-01
5.612100000000005195e+01,5.000000000000000000e-01
5.612200000000004962e+01,5.000000000000000000e-01
5.612300000000005440e+01,5.000000000000000000e-01
5.612400000000005207e+01,5.000000000000000000e-01
5.612500000000004974e+01,5.000000000000000000e-01
5.612600000000005451e+01,5.000000000000000000e-01
5.612700000000005218e+01,5.000000000000000000e-01
5.612800000000004985e+01,5.000000000000000000e-01
5.612900000000005463e+01,5.000000000000000000e-01
5.613000000000005230e+01,5.000000000000000000e-01
5.613100000000004997e+01,5.000000000000000000e-01
5.613200000000005474e+01,5.000000000000000000e-01
5.613300000000005241e+01,5.000000000000000000e-01
5.613400000000005008e+01,5.000000000000000000e-01
5.613500000000005485e+01,5.000000000000000000e-01
5.613600000000005252e+01,5.000000000000000000e-01
5.613700000000005019e+01,5.000000000000000000e-01
5.613800000000005497e+01,5.000000000000000000e-01
5.613900000000005264e+01,5.000000000000000000e-01
5.614000000000005031e+01,5.000000000000000000e-01
5.614100000000005508e+01,5.000000000000000000e-01
5.614200000000005275e+01,5.000000000000000000e-01
5.614300000000005042e+01,5.000000000000000000e-01
5.614400000000004809e+01,5.000000000000000000e-01
5.614500000000005286e+01,5.000000000000000000e-01
5.614600000000005053e+01,5.000000000000000000e-01
5.614700000000004820e+01,5.000000000000000000e-01
5.614800000000005298e+01,5.000000000000000000e-01
5.614900000000005065e+01,5.000000000000000000e-01
5.615000000000004832e+01,5.000000000000000000e-01
5.615100000000005309e+01,5.000000000000000000e-01
5.615200000000005076e+01,5.000000000000000000e-01
5.615300000000004843e+01,5.000000000000000000e-01
5.615400000000005321e+01,5.000000000000000000e-01
5.615500000000005087e+01,5.000000000000000000e-01
5.615600000000004854e+01,5.000000000000000000e-01
5.615700000000005332e+01,5.000000000000000000e-01
5.615800000000005099e+01,5.000000000000000000e-01
5.615900000000004866e+01,5.000000000000000000e-01
5.616000000000005343e+01,5.000000000000000000e-01
5.616100000000005110e+01,5.000000000000000000e-01
5.616200000000004877e+01,5.000000000000000000e-01
5.616300000000005355e+01,5.000000000000000000e-01
5.616400000000005122e+01,5.000000000000000000e-01
5.616500000000004889e+01,5.000000000000000000e-01
5.616600000000005366e+01,5.000000000000000000e-01
5.616700000000005133e+01,5.000000000000000000e-01
5.616800000000004900e+01,5.000000000000000000e-01
5.616900000000005377e+01,5.000000000000000000e-01
5.617000000000005144e+01,5.000000000000000000e-01
5.617100000000004911e+01,5.000000000000000000e-01
5.617200000000005389e+01,5.000000000000000000e-01
5.617300000000005156e+01,5.000000000000000000e-01
5.617400000000004923e+01,5.000000000000000000e-01
5.617500000000005400e+01,5.000000000000000000e-01
5.617600000000005167e+01,5.000000000000000000e-01
5.617700000000004934e+01,5.000000000000000000e-01
5.617800000000005411e+01,5.000000000000000000e-01
5.617900000000005178e+01,5.000000000000000000e-01
5.618000000000004945e+01,5.000000000000000000e-01
5.618100000000005423e+01,5.000000000000000000e-01
5.618200000000005190e+01,5.000000000000000000e-01
5.618300000000004957e+01,5.000000000000000000e-01
5.618400000000005434e+01,5.000000000000000000e-01
5.618500000000005201e+01,5.000000000000000000e-01
5.618600000000004968e+01,5.000000000000000000e-01
5.618700000000005446e+01,5.000000000000000000e-01
5.618800000000005213e+01,5.000000000000000000e-01
5.618900000000004979e+01,5.000000000000000000e-01
5.619000000000005457e+01,5.000000000000000000e-01
5.619100000000005224e+01,5.000000000000000000e-01
5.619200000000004991e+01,5.000000000000000000e-01
5.619300000000005468e+01,5.000000000000000000e-01
5.619400000000005235e+01,5.000000000000000000e-01
5.619500000000005002e+01,5.000000000000000000e-01
5.619600000000005480e+01,5.000000000000000000e-01
5.619700000000005247e+01,5.000000000000000000e-01
5.619800000000005014e+01,5.000000000000000000e-01
5.619900000000005491e+01,5.000000000000000000e-01
5.620000000000005258e+01,5.000000000000000000e-01
5.620100000000005025e+01,5.000000000000000000e-01
5.620200000000005502e+01,5.000000000000000000e-01
5.620300000000005269e+01,5.000000000000000000e-01
5.620400000000005036e+01,5.000000000000000000e-01
5.620500000000004803e+01,5.000000000000000000e-01
5.620600000000005281e+01,5.000000000000000000e-01
5.620700000000005048e+01,5.000000000000000000e-01
5.620800000000004815e+01,5.000000000000000000e-01
5.620900000000005292e+01,5.000000000000000000e-01
5.621000000000005059e+01,5.000000000000000000e-01
5.621100000000004826e+01,5.000000000000000000e-01
5.621200000000005303e+01,5.000000000000000000e-01
5.621300000000005070e+01,5.000000000000000000e-01
5.621400000000004837e+01,5.000000000000000000e-01
5.621500000000005315e+01,5.000000000000000000e-01
5.621600000000005082e+01,5.000000000000000000e-01
5.621700000000004849e+01,5.000000000000000000e-01
5.621800000000005326e+01,5.000000000000000000e-01
5.621900000000005093e+01,5.000000000000000000e-01
5.622000000000004860e+01,5.000000000000000000e-01
5.622100000000005338e+01,5.000000000000000000e-01
5.622200000000005105e+01,5.000000000000000000e-01
5.622300000000004871e+01,5.000000000000000000e-01
5.622400000000005349e+01,5.000000000000000000e-01
5.622500000000005116e+01,5.000000000000000000e-01
5.622600000000004883e+01,5.000000000000000000e-01
5.622700000000005360e+01,5.000000000000000000e-01
5.622800000000005127e+01,5.000000000000000000e-01
5.622900000000004894e+01,5.000000000000000000e-01
5.623000000000005372e+01,5.000000000000000000e-01
5.623100000000005139e+01,5.000000000000000000e-01
5.623200000000004906e+01,5.000000000000000000e-01
5.623300000000005383e+01,5.000000000000000000e-01
5.623400000000005150e+01,5.000000000000000000e-01
5.623500000000004917e+01,5.000000000000000000e-01
5.623600000000005394e+01,5.000000000000000000e-01
5.623700000000005161e+01,5.000000000000000000e-01
5.623800000000004928e+01,5.000000000000000000e-01
5.623900000000005406e+01,5.000000000000000000e-01
5.624000000000005173e+01,5.000000000000000000e-01
5.624100000000004940e+01,5.000000000000000000e-01
5.624200000000005417e+01,5.000000000000000000e-01
5.624300000000005184e+01,5.000000000000000000e-01
5.624400000000004951e+01,5.000000000000000000e-01
5.624500000000005429e+01,5.000000000000000000e-01
5.624600000000005195e+01,5.000000000000000000e-01
5.624700000000004962e+01,5.000000000000000000e-01
5.624800000000005440e+01,5.000000000000000000e-01
5.624900000000005207e+01,5.000000000000000000e-01
5.625000000000004974e+01,5.000000000000000000e-01
5.625100000000005451e+01,5.000000000000000000e-01
5.625200000000005218e+01,5.000000000000000000e-01
5.625300000000004985e+01,5.000000000000000000e-01
5.625400000000005463e+01,5.000000000000000000e-01
5.625500000000005230e+01,5.000000000000000000e-01
5.625600000000004997e+01,5.000000000000000000e-01
5.625700000000005474e+01,5.000000000000000000e-01
5.625800000000005241e+01,5.000000000000000000e-01
5.625900000000005008e+01,5.000000000000000000e-01
5.626000000000005485e+01,5.000000000000000000e-01
5.626100000000005252e+01,5.000000000000000000e-01
5.626200000000005019e+01,5.000000000000000000e-01
5.626300000000005497e+01,5.000000000000000000e-01
5.626400000000005264e+01,5.000000000000000000e-01
5.626500000000005031e+01,5.000000000000000000e-01
5.626600000000005508e+01,5.000000000000000000e-01
5.626700000000005275e+01,5.000000000000000000e-01
5.626800000000005042e+01,5.000000000000000000e-01
5.626900000000005519e+01,5.000000000000000000e-01
5.627000000000005286e+01,5.000000000000000000e-01
5.627100000000005053e+01,5.000000000000000000e-01
5.627200000000004820e+01,5.000000000000000000e-01
5.627300000000005298e+01,5.000000000000000000e-01
5.627400000000005065e+01,5.000000000000000000e-01
5.627500000000004832e+01,5.000000000000000000e-01
5.627600000000005309e+01,5.000000000000000000e-01
5.627700000000005076e+01,5.000000000000000000e-01
5.627800000000004843e+01,5.000000000000000000e-01
5.627900000000005321e+01,5.000000000000000000e-01
5.628000000000005087e+01,5.000000000000000000e-01
5.628100000000004854e+01,5.000000000000000000e-01
5.628200000000005332e+01,5.000000000000000000e-01
5.628300000000005099e+01,5.000000000000000000e-01
5.628400000000004866e+01,5.000000000000000000e-01
5.628500000000005343e+01,5.000000000000000000e-01
5.628600000000005110e+01,5.000000000000000000e-01
5.628700000000004877e+01,5.000000000000000000e-01
5.628800000000005355e+01,5.000000000000000000e-01
5.628900000000005122e+01,5.000000000000000000e-01
5.629000000000004889e+01,5.000000000000000000e-01
5.629100000000005366e+01,5.000000000000000000e-01
5.629200000000005133e+01,5.000000000000000000e-01
5.629300000000004900e+01,5.000000000000000000e-01
5.629400000000005377e+01,5.000000000000000000e-01
5.629500000000005144e+01,5.000000000000000000e-01
5.629600000000004911e+01,5.000000000000000000e-01
5.629700000000005389e+01,5.000000000000000000e-01
5.629800000000005156e+01,5.000000000000000000e-01
5.629900000000004923e+01,5.000000000000000000e-01
5.630000000000005400e+01,5.000000000000000000e-01
5.630100000000005167e+01,5.000000000000000000e-01
5.630200000000004934e+01,5.000000000000000000e-01
5.630300000000005411e+01,5.000000000000000000e-01
5.630400000000005178e+01,5.000000000000000000e-01
5.630500000000004945e+01,5.000000000000000000e-01
5.630600000000005423e+01,5.000000000000000000e-01
5.630700000000005190e+01,5.000000000000000000e-01
5.630800000000004957e+01,5.000000000000000000e-01
5.630900000000005434e+01,5.000000000000000000e-01
5.631000000000005201e+01,5.000000000000000000e-01
5.631100000000004968e+01,5.000000000000000000e-01
5.631200000000005446e+01,5.000000000000000000e-01
5.631300000000005213e+01,5.000000000000000000e-01
5.631400000000004979e+01,5.000000000000000000e-01
5.631500000000005457e+01,5.000000000000000000e-01
5.631600000000005224e+01,5.000000000000000000e-01
5.631700000000004991e+01,5.000000000000000000e-01
5.631800000000005468e+01,5.000000000000000000e-01
5.631900000000005235e+01,5.000000000000000000e-01
5.632000000000005002e+01,5.000000000000000000e-01
5.632100000000005480e+01,5.000000000000000000e-01
5.632200000000005247e+01,5.000000000000000000e-01
5.632300000000005014e+01,5.000000000000000000e-01
5.632400000000005491e+01,5.000000000000000000e-01
5.632500000000005258e+01,5.000000000000000000e-01
5.632600000000005025e+01,5.000000000000000000e-01
5.632700000000005502e+01,5.000000000000000000e-01
5.632800000000005269e+01,5.000000000000000000e-01
5.632900000000005036e+01,5.000000000000000000e-01
5.633000000000005514e+01,5.000000000000000000e-01
5.633100000000005281e+01,5.000000000000000000e-01
5.633200000000005048e+01,5.000000000000000000e-01
5.633300000000004815e+01,5.000000000000000000e-01
5.633400000000005292e+01,5.000000000000000000e-01
5.633500000000005059e+01,5.000000000000000000e-01
5.633600000000004826e+01,5.000000000000000000e-01
5.633700000000005303e+01,5.000000000000000000e-01
5.633800000000005070e+01,5.000000000000000000e-01
5.633900000000004837e+01,5.000000000000000000e-01
5.634000000000005315e+01,5.000000000000000000e-01
5.634100000000005082e+01,5.000000000000000000e-01
5.634200000000004849e+01,5.000000000000000000e-01
5.634300000000005326e+01,5.000000000000000000e-01
5.634400000000005093e+01,5.000000000000000000e-01
5.634500000000004860e+01,5.000000000000000000e-01
5.634600000000005338e+01,5.000000000000000000e-01
5.634700000000005105e+01,5.000000000000000000e-01
5.634800000000004871e+01,5.000000000000000000e-01
5.634900000000005349e+01,5.000000000000000000e-01
5.635000000000005116e+01,5.000000000000000000e-01
5.635100000000004883e+01,5.000000000000000000e-01
5.635200000000005360e+01,5.000000000000000000e-01
5.635300000000005127e+01,5.000000000000000000e-01
5.635400000000004894e+01,5.000000000000000000e-01
5.635500000000005372e+01,5.000000000000000000e-01
5.635600000000005139e+01,5.000000000000000000e-01
5.635700000000004906e+01,5.000000000000000000e-01
5.635800000000005383e+01,5.000000000000000000e-01
5.635900000000005150e+01,5.000000000000000000e-01
5.636000000000004917e+01,5.000000000000000000e-01
5.636100000000005394e+01,5.000000000000000000e-01
5.636200000000005161e+01,5.000000000000000000e-01
5.636300000000004928e+01,5.000000000000000000e-01
5.636400000000005406e+01,5.000000000000000000e-01
5.636500000000005173e+01,5.000000000000000000e-01
5.636600000000004940e+01,5.000000000000000000e-01
5.636700000000005417e+01,5.000000000000000000e-01
5.636800000000005184e+01,5.000000000000000000e-01
5.636900000000004951e+01,5.000000000000000000e-01
5.637000000000005429e+01,5.000000000000000000e-01
5.637100000000005195e+01,5.000000000000000000e-01
5.637200000000004962e+01,5.000000000000000000e-01
5.637300000000005440e+01,5.000000000000000000e-01
5.637400000000005207e+01,5.000000000000000000e-01
5.637500000000004974e+01,5.000000000000000000e-01
5.637600000000005451e+01,5.000000000000000000e-01
5.637700000000005218e+01,5.000000000000000000e-01
5.637800000000004985e+01,5.000000000000000000e-01
5.637900000000005463e+01,5.000000000000000000e-01
5.638000000000005230e+01,5.000000000000000000e-01
5.638100000000004997e+01,5.000000000000000000e-01
5.638200000000005474e+01,5.000000000000000000e-01
5.638300000000005241e+01,5.000000000000000000e-01
5.638400000000005008e+01,5.000000000000000000e-01
5.638500000000005485e+01,5.000000000000000000e-01
5.638600000000005252e+01,5.000000000000000000e-01
5.638700000000005019e+01,5.000000000000000000e-01
5.638800000000005497e+01,5.000000000000000000e-01
5.638900000000005264e+01,5.000000000000000000e-01
5.639000000000005031e+01,5.000000000000000000e-01
5.639100000000005508e+01,5.000000000000000000e-01
5.639200000000005275e+01,5.000000000000000000e-01
5.639300000000005042e+01,5.000000000000000000e-01
5.639400000000005519e+01,5.000000000000000000e-01
5.639500000000005286e+01,5.000000000000000000e-01
5.639600000000005053e+01,5.000000000000000000e-01
5.639700000000005531e+01,5.000000000000000000e-01
5.639800000000005298e+01,5.000000000000000000e-01
5.639900000000005065e+01,5.000000000000000000e-01
5.640000000000004832e+01,5.000000000000000000e-01
5.640100000000005309e+01,5.000000000000000000e-01
5.640200000000005076e+01,5.000000000000000000e-01
5.640300000000004843e+01,5.000000000000000000e-01
5.640400000000005321e+01,5.000000000000000000e-01
5.640500000000005087e+01,5.000000000000000000e-01
5.640600000000004854e+01,5.000000000000000000e-01
5.640700000000005332e+01,5.000000000000000000e-01
5.640800000000005099e+01,5.000000000000000000e-01
5.640900000000004866e+01,5.000000000000000000e-01
5.641000000000005343e+01,5.000000000000000000e-01
5.641100000000005110e+01,5.000000000000000000e-01
5.641200000000004877e+01,5.000000000000000000e-01
5.641300000000005355e+01,5.000000000000000000e-01
5.641400000000005122e+01,5.000000000000000000e-01
5.641500000000004889e+01,5.000000000000000000e-01
5.641600000000005366e+01,5.000000000000000000e-01
5.641700000000005133e+01,5.000000000000000000e-01
5.641800000000004900e+01,5.000000000000000000e-01
5.641900000000005377e+01,5.000000000000000000e-01
5.642000000000005144e+01,5.000000000000000000e-01
5.642100000000004911e+01,5.000000000000000000e-01
5.642200000000005389e+01,5.000000000000000000e-01
5.642300000000005156e+01,5.000000000000000000e-01
5.642400000000004923e+01,5.000000000000000000e-01
5.642500000000005400e+01,5.000000000000000000e-01
5.642600000000005167e+01,5.000000000000000000e-01
5.642700000000004934e+01,5.000000000000000000e-01
5.642800000000005411e+01,5.000000000000000000e-01
5.642900000000005178e+01,5.000000000000000000e-01
5.643000000000004945e+01,5.000000000000000000e-01
5.643100000000005423e+01,5.000000000000000000e-01
5.643200000000005190e+01,5.000000000000000000e-01
5.643300000000004957e+01,5.000000000000000000e-01
5.643400000000005434e+01,5.000000000000000000e-01
5.643500000000005201e+01,5.000000000000000000e-01
5.643600000000004968e+01,5.000000000000000000e-01
5.643700000000005446e+01,5.000000000000000000e-01
5.643800000000005213e+01,5.000000000000000000e-01
5.643900000000004979e+01,5.000000000000000000e-01
5.644000000000005457e+01,5.000000000000000000e-01
5.644100000000005224e+01,5.000000000000000000e-01
5.644200000000004991e+01,5.000000000000000000e-01
5.644300000000005468e+01,5.000000000000000000e-01
5.644400000000005235e+01,5.000000000000000000e-01
5.644500000000005002e+01,5.000000000000000000e-01
5.644600000000005480e+01,5.000000000000000000e-01
5.644700000000005247e+01,5.000000000000000000e-01
5.644800000000005014e+01,5.000000000000000000e-01
5.644900000000005491e+01,5.000000000000000000e-01
5.645000000000005258e+01,5.000000000000000000e-01
5.645100000000005025e+01,5.000000000000000000e-01
5.645200000000005502e+01,5.000000000000000000e-01
5.645300000000005269e+01,5.000000000000000000e-01
5.645400000000005036e+01,5.000000000000000000e-01
5.645500000000005514e+01,5.000000000000000000e-01
5.645600000000005281e+01,5.000000000000000000e-01
5.645700000000005048e+01,5.000000000000000000e-01
5.645800000000005525e+01,5.000000000000000000e-01
5.645900000000005292e+01,5.000000000000000000e-01
5.646000000000005059e+01,5.000000000000000000e-01
5.646100000000004826e+01,5.000000000000000000e-01
5.646200000000005303e+01,5.000000000000000000e-01
5.646300000000005070e+01,5.000000000000000000e-01
5.646400000000004837e+01,5.000000000000000000e-01
5.646500000000005315e+01,5.000000000000000000e-01
5.646600000000005082e+01,5.000000000000000000e-01
5.646700000000004849e+01,5.000000000000000000e-01
5.646800000000005326e+01,5.000000000000000000e-01
5.646900000000005093e+01,5.000000000000000000e-01
5.647000000000004860e+01,5.000000000000000000e-01
5.647100000000005338e+01,5.000000000000000000e-01
5.647200000000005105e+01,5.000000000000000000e-01
5.647300000000004871e+01,5.000000000000000000e-01
5.647400000000005349e+01,5.000000000000000000e-01
5.647500000000005116e+01,5.000000000000000000e-01
5.647600000000004883e+01,5.000000000000000000e-01
5.647700000000005360e+01,5.000000000000000000e-01
5.647800000000005127e+01,5.000000000000000000e-01
5.647900000000004894e+01,5.000000000000000000e-01
5.648000000000005372e+01,5.000000000000000000e-01
5.648100000000005139e+01,5.000000000000000000e-01
5.648200000000004906e+01,5.000000000000000000e-01
5.648300000000005383e+01,5.000000000000000000e-01
5.648400000000005150e+01,5.000000000000000000e-01
5.648500000000004917e+01,5.000000000000000000e-01
5.648600000000005394e+01,5.000000000000000000e-01
5.648700000000005161e+01,5.000000000000000000e-01
5.648800000000004928e+01,5.000000000000000000e-01
5.648900000000005406e+01,5.000000000000000000e-01
5.649000000000005173e+01,5.000000000000000000e-01
5.649100000000004940e+01,5.000000000000000000e-01
5.649200000000005417e+01,5.000000000000000000e-01
5.649300000000005184e+01,5.000000000000000000e-01
5.649400000000004951e+01,5.000000000000000000e-01
5.649500000000005429e+01,5.000000000000000000e-01
5.649600000000005195e+01,5.000000000000000000e-01
5.649700000000004962e+01,5.000000000000000000e-01
5.649800000000005440e+01,5.000000000000000000e-01
5.649900000000005207e+01,5.000000000000000000e-01
5.650000000000004974e+01,5.000000000000000000e-01
5.650100000000005451e+01,5.000000000000000000e-01
5.650200000000005218e+01,5.000000000000000000e-01
5.650300000000004985e+01,5.000000000000000000e-01
5.650400000000005463e+01,5.000000000000000000e-01
5.650500000000005230e+01,5.000000000000000000e-01
5.650600000000004997e+01,5.000000000000000000e-01
5.650700000000005474e+01,5.000000000000000000e-01
5.650800000000005241e+01,5.000000000000000000e-01
5.650900000000005008e+01,5.000000000000000000e-01
5.651000000000005485e+01,5.000000000000000000e-01
5.651100000000005252e+01,5.000000000000000000e-01
5.651200000000005019e+01,5.000000000000000000e-01
5.651300000000005497e+01,5.000000000000000000e-01
5.651400000000005264e+01,5.000000000000000000e-01
5.651500000000005031e+01,5.000000000000000000e-01
5.651600000000005508e+01,5.000000000000000000e-01
5.651700000000005275e+01,5.000000000000000000e-01
5.651800000000005042e+01,5.000000000000000000e-01
5.651900000000005519e+01,5.000000000000000000e-01
5.652000000000005286e+01,5.000000000000000000e-01
5.652100000000005053e+01,5.000000000000000000e-01
5.652200000000005531e+01,5.000000000000000000e-01
5.652300000000005298e+01,5.000000000000000000e-01
5.652400000000005065e+01,5.000000000000000000e-01
5.652500000000005542e+01,5.000000000000000000e-01
5.652600000000005309e+01,5.000000000000000000e-01
5.652700000000005076e+01,5.000000000000000000e-01
5.652800000000004843e+01,5.000000000000000000e-01
5.652900000000005321e+01,5.000000000000000000e-01
5.653000000000005087e+01,5.000000000000000000e-01
5.653100000000004854e+01,5.000000000000000000e-01
5.653200000000005332e+01,5.000000000000000000e-01
5.653300000000005099e+01,5.000000000000000000e-01
5.653400000000004866e+01,5.000000000000000000e-01
5.653500000000005343e+01,5.000000000000000000e-01
5.653600000000005110e+01,5.000000000000000000e-01
5.653700000000004877e+01,5.000000000000000000e-01
5.653800000000005355e+01,5.000000000000000000e-01
5.653900000000005122e+01,5.000000000000000000e-01
5.654000000000004889e+01,5.000000000000000000e-01
5.654100000000005366e+01,5.000000000000000000e-01
5.654200000000005133e+01,5.000000000000000000e-01
5.654300000000004900e+01,5.000000000000000000e-01
5.654400000000005377e+01,5.000000000000000000e-01
5.654500000000005144e+01,5.000000000000000000e-01
5.654600000000004911e+01,5.000000000000000000e-01
5.654700000000005389e+01,5.000000000000000000e-01
5.654800000000005156e+01,5.000000000000000000e-01
5.654900000000004923e+01,5.000000000000000000e-01
5.655000000000005400e+01,5.000000000000000000e-01
5.655100000000005167e+01,5.000000000000000000e-01
5.655200000000004934e+01,5.000000000000000000e-01
5.655300000000005411e+01,5.000000000000000000e-01
5.655400000000005178e+01,5.000000000000000000e-01
5.655500000000004945e+01,5.000000000000000000e-01
5.655600000000005423e+01,5.000000000000000000e-01
5.655700000000005190e+01,5.000000000000000000e-01
5.655800000000004957e+01,5.000000000000000000e-01
5.655900000000005434e+01,5.000000000000000000e-01
5.656000000000005201e+01,5.000000000000000000e-01
5.656100000000004968e+01,5.000000000000000000e-01
5.656200000000005446e+01,5.000000000000000000e-01
5.656300000000005213e+01,5.000000000000000000e-01
5.656400000000004979e+01,5.000000000000000000e-01
5.656500000000005457e+01,5.000000000000000000e-01
5.656600000000005224e+01,5.000000000000000000e-01
5.656700000000004991e+01,5.000000000000000000e-01
5.656800000000005468e+01,5.000000000000000000e-01
5.656900000000005235e+01,5.000000000000000000e-01
5.657000000000005002e+01,5.000000000000000000e-01
5.657100000000005480e+01,5.000000000000000000e-01
5.657200000000005247e+01,5.000000000000000000e-01
5.657300000000005014e+01,5.000000000000000000e-01
5.657400000000005491e+01,5.000000000000000000e-01
5.657500000000005258e+01,5.000000000000000000e-01
5.657600000000005025e+01,5.000000000000000000e-01
5.657700000000005502e+01,5.000000000000000000e-01
5.657800000000005269e+01,5.000000000000000000e-01
5.657900000000005036e+01,5.000000000000000000e-01
5.658000000000005514e+01,5.000000000000000000e-01
5.658100000000005281e+01,5.000000000000000000e-01
5.658200000000005048e+01,5.000000000000000000e-01
5.658300000000005525e+01,5.000000000000000000e-01
5.658400000000005292e+01,5.000000000000000000e-01
5.658500000000005059e+01,5.000000000000000000e-01
5.658600000000005537e+01,5.000000000000000000e-01
5.658700000000005303e+01,5.000000000000000000e-01
5.658800000000005070e+01,5.000000000000000000e-01
5.658900000000004837e+01,5.000000000000000000e-01
5.659000000000005315e+01,5.000000000000000000e-01
5.659100000000005082e+01,5.000000000000000000e-01
5.659200000000004849e+01,5.000000000000000000e-01
5.659300000000005326e+01,5.000000000000000000e-01
5.659400000000005093e+01,5.000000000000000000e-01
5.659500000000004860e+01,5.000000000000000000e-01
5.659600000000005338e+01,5.000000000000000000e-01
5.659700000000005105e+01,5.000000000000000000e-01
5.659800000000004871e+01,5.000000000000000000e-01
5.659900000000005349e+01,5.000000000000000000e-01
5.660000000000005116e+01,5.000000000000000000e-01
5.660100000000004883e+01,5.000000000000000000e-01
5.660200000000005360e+01,5.000000000000000000e-01
5.660300000000005127e+01,5.000000000000000000e-01
5.660400000000004894e+01,5.000000000000000000e-01
5.660500000000005372e+01,5.000000000000000000e-01
5.660600000000005139e+01,5.000000000000000000e-01
5.660700000000004906e+01,5.000000000000000000e-01
5.660800000000005383e+01,5.000000000000000000e-01
5.660900000000005150e+01,5.000000000000000000e-01
5.661000000000004917e+01,5.000000000000000000e-01
5.661100000000005394e+01,5.000000000000000000e-01
5.661200000000005161e+01,5.000000000000000000e-01
5.661300000000004928e+01,5.000000000000000000e-01
5.661400000000005406e+01,5.000000000000000000e-01
5.661500000000005173e+01,5.000000000000000000e-01
5.661600000000004940e+01,5.000000000000000000e-01
5.661700000000005417e+01,5.000000000000000000e-01
5.661800000000005184e+01,5.000000000000000000e-01
5.661900000000004951e+01,5.000000000000000000e-01
5.662000000000005429e+01,5.000000000000000000e-01
5.662100000000005195e+01,5.000000000000000000e-01
5.662200000000004962e+01,5.000000000000000000e-01
5.662300000000005440e+01,5.000000000000000000e-01
5.662400000000005207e+01,5.000000000000000000e-01
5.662500000000004974e+01,5.000000000000000000e-01
5.662600000000005451e+01,5.000000000000000000e-01
5.662700000000005218e+01,5.000000000000000000e-01
5.662800000000004985e+01,5.000000000000000000e-01
5.662900000000005463e+01,5.000000000000000000e-01
5.663000000000005230e+01,5.000000000000000000e-01
5.663100000000004997e+01,5.000000000000000000e-01
5.663200000000005474e+01,5.000000000000000000e-01
5.663300000000005241e+01,5.000000000000000000e-01
5.663400000000005008e+01,5.000000000000000000e-01
5.663500000000005485e+01,5.000000000000000000e-01
5.663600000000005252e+01,5.000000000000000000e-01
5.663700000000005019e+01,5.000000000000000000e-01
5.663800000000005497e+01,5.000000000000000000e-01
5.663900000000005264e+01,5.000000000000000000e-01
5.664000000000005031e+01,5.000000000000000000e-01
5.664100000000005508e+01,5.000000000000000000e-01
5.664200000000005275e+01,5.000000000000000000e-01
5.664300000000005042e+01,5.000000000000000000e-01
5.664400000000005519e+01,5.000000000000000000e-01
5.664500000000005286e+01,5.000000000000000000e-01
5.664600000000005053e+01,5.000000000000000000e-01
5.664700000000005531e+01,5.000000000000000000e-01
5.664800000000005298e+01,5.000000000000000000e-01
5.664900000000005065e+01,5.000000000000000000e-01
5.665000000000005542e+01,5.000000000000000000e-01
5.665100000000005309e+01,5.000000000000000000e-01
5.665200000000005076e+01,5.000000000000000000e-01
5.665300000000005554e+01,5.000000000000000000e-01
5.665400000000005321e+01,5.000000000000000000e-01
5.665500000000005087e+01,5.000000000000000000e-01
5.665600000000004854e+01,5.000000000000000000e-01
5.665700000000005332e+01,5.000000000000000000e-01
5.665800000000005099e+01,5.000000000000000000e-01
5.665900000000004866e+01,5.000000000000000000e-01
5.666000000000005343e+01,5.000000000000000000e-01
5.666100000000005110e+01,5.000000000000000000e-01
5.666200000000004877e+01,5.000000000000000000e-01
5.666300000000005355e+01,5.000000000000000000e-01
5.666400000000005122e+01,5.000000000000000000e-01
5.666500000000004889e+01,5.000000000000000000e-01
5.666600000000005366e+01,5.000000000000000000e-01
5.666700000000005133e+01,5.000000000000000000e-01
5.666800000000004900e+01,5.000000000000000000e-01
5.666900000000005377e+01,5.000000000000000000e-01
5.667000000000005144e+01,5.000000000000000000e-01
5.667100000000004911e+01,5.000000000000000000e-01
5.667200000000005389e+01,5.000000000000000000e-01
5.667300000000005156e+01,5.000000000000000000e-01
5.667400000000004923e+01,5.000000000000000000e-01
5.667500000000005400e+01,5.000000000000000000e-01
5.667600000000005167e+01,5.000000000000000000e-01
5.667700000000004934e+01,5.000000000000000000e-01
5.667800000000005411e+01,5.000000000000000000e-01
5.667900000000005178e+01,5.000000000000000000e-01
5.668000000000004945e+01,5.000000000000000000e-01
5.668100000000005423e+01,5.000000000000000000e-01
5.668200000000005190e+01,5.000000000000000000e-01
5.668300000000004957e+01,5.000000000000000000e-01
5.668400000000005434e+01,5.000000000000000000e-01
5.668500000000005201e+01,5.000000000000000000e-01
5.668600000000004968e+01,5.000000000000000000e-01
5.668700000000005446e+01,5.000000000000000000e-01
5.668800000000005213e+01,5.000000000000000000e-01
5.668900000000004979e+01,5.000000000000000000e-01
5.669000000000005457e+01,5.000000000000000000e-01
5.669100000000005224e+01,5.000000000000000000e-01
5.669200000000004991e+01,5.000000000000000000e-01
5.669300000000005468e+01,5.000000000000000000e-01
5.669400000000005235e+01,5.000000000000000000e-01
5.669500000000005002e+01,5.000000000000000000e-01
5.669600000000005480e+01,5.000000000000000000e-01
5.669700000000005247e+01,5.000000000000000000e-01
5.669800000000005014e+01,5.000000000000000000e-01
5.669900000000005491e+01,5.000000000000000000e-01
5.670000000000005258e+01,5.000000000000000000e-01
5.670100000000005025e+01,5.000000000000000000e-01
5.670200000000005502e+01,5.000000000000000000e-01
5.670300000000005269e+01,5.000000000000000000e-01
5.670400000000005036e+01,5.000000000000000000e-01
5.670500000000005514e+01,5.000000000000000000e-01
5.670600000000005281e+01,5.000000000000000000e-01
5.670700000000005048e+01,5.000000000000000000e-01
5.670800000000005525e+01,5.000000000000000000e-01
5.670900000000005292e+01,5.000000000000000000e-01
5.671000000000005059e+01,5.000000000000000000e-01
5.671100000000005537e+01,5.000000000000000000e-01
5.671200000000005303e+01,5.000000000000000000e-01
5.671300000000005070e+01,5.000000000000000000e-01
5.671400000000005548e+01,5.000000000000000000e-01
5.671500000000005315e+01,5.000000000000000000e-01
5.671600000000005082e+01,5.000000000000000000e-01
5.671700000000004849e+01,5.000000000000000000e-01
5.671800000000005326e+01,5.000000000000000000e-01
5.671900000000005093e+01,5.000000000000000000e-01
5.672000000000004860e+01,5.000000000000000000e-01
5.672100000000005338e+01,5.000000000000000000e-01
5.672200000000005105e+01,5.000000000000000000e-01
5.672300000000004871e+01,5.000000000000000000e-01
5.672400000000005349e+01,5.000000000000000000e-01
5.672500000000005116e+01,5.000000000000000000e-01
5.672600000000004883e+01,5.000000000000000000e-01
5.672700000000005360e+01,5.000000000000000000e-01
5.672800000000005127e+01,5.000000000000000000e-01
5.672900000000004894e+01,5.000000000000000000e-01
5.673000000000005372e+01,5.000000000000000000e-01
5.673100000000005139e+01,5.000000000000000000e-01
5.673200000000004906e+01,5.000000000000000000e-01
5.673300000000005383e+01,5.000000000000000000e-01
5.673400000000005150e+01,5.000000000000000000e-01
5.673500000000004917e+01,5.000000000000000000e-01
5.673600000000005394e+01,5.000000000000000000e-01
5.673700000000005161e+01,5.000000000000000000e-01
5.673800000000004928e+01,5.000000000000000000e-01
5.673900000000005406e+01,5.000000000000000000e-01
5.674000000000005173e+01,5.000000000000000000e-01
5.674100000000004940e+01,5.000000000000000000e-01
5.674200000000005417e+01,5.000000000000000000e-01
5.674300000000005184e+01,5.000000000000000000e-01
5.674400000000004951e+01,5.000000000000000000e-01
5.674500000000005429e+01,5.000000000000000000e-01
5.674600000000005195e+01,5.000000000000000000e-01
5.674700000000004962e+01,5.000000000000000000e-01
5.674800000000005440e+01,5.000000000000000000e-01
5.674900000000005207e+01,5.000000000000000000e-01
5.675000000000004974e+01,5.000000000000000000e-01
5.675100000000005451e+01,5.000000000000000000e-01
5.675200000000005218e+01,5.000000000000000000e-01
5.675300000000004985e+01,5.000000000000000000e-01
5.675400000000005463e+01,5.000000000000000000e-01
5.675500000000005230e+01,5.000000000000000000e-01
5.675600000000004997e+01,5.000000000000000000e-01
5.675700000000005474e+01,5.000000000000000000e-01
5.675800000000005241e+01,5.000000000000000000e-01
5.675900000000005008e+01,5.000000000000000000e-01
5.676000000000005485e+01,5.000000000000000000e-01
5.676100000000005252e+01,5.000000000000000000e-01
5.676200000000005019e+01,5.000000000000000000e-01
5.676300000000005497e+01,5.000000000000000000e-01
5.676400000000005264e+01,5.000000000000000000e-01
5.676500000000005031e+01,5.000000000000000000e-01
5.676600000000005508e+01,5.000000000000000000e-01
5.676700000000005275e+01,5.000000000000000000e-01
5.676800000000005042e+01,5.000000000000000000e-01
5.676900000000005519e+01,5.000000000000000000e-01
5.677000000000005286e+01,5.000000000000000000e-01
5.677100000000005053e+01,5.000000000000000000e-01
5.677200000000005531e+01,5.000000000000000000e-01
5.677300000000005298e+01,5.000000000000000000e-01
5.677400000000005065e+01,5.000000000000000000e-01
5.677500000000005542e+01,5.000000000000000000e-01
5.677600000000005309e+01,5.000000000000000000e-01
5.677700000000005076e+01,5.000000000000000000e-01
5.677800000000005554e+01,5.000000000000000000e-01
5.677900000000005321e+01,5.000000000000000000e-01
5.678000000000005087e+01,5.000000000000000000e-01
5.678100000000005565e+01,5.000000000000000000e-01
5.678200000000005332e+01,5.000000000000000000e-01
5.678300000000005099e+01,5.000000000000000000e-01
5.678400000000004866e+01,5.000000000000000000e-01
5.678500000000005343e+01,5.000000000000000000e-01
5.678600000000005110e+01,5.000000000000000000e-01
5.678700000000004877e+01,5.000000000000000000e-01
5.678800000000005355e+01,5.000000000000000000e-01
5.678900000000005122e+01,5.000000000000000000e-01
5.679000000000004889e+01,5.000000000000000000e-01
5.679100000000005366e+01,5.000000000000000000e-01
5.679200000000005133e+01,5.000000000000000000e-01
5.679300000000004900e+01,5.000000000000000000e-01
5.679400000000005377e+01,5.000000000000000000e-01
5.679500000000005144e+01,5.000000000000000000e-01
5.679600000000004911e+01,5.000000000000000000e-01
5.679700000000005389e+01,5.000000000000000000e-01
5.679800000000005156e+01,5.000000000000000000e-01
5.679900000000004923e+01,5.000000000000000000e-01
5.680000000000005400e+01,5.000000000000000000e-01
5.680100000000005167e+01,5.000000000000000000e-01
5.680200000000004934e+01,5.000000000000000000e-01
5.680300000000005411e+01,5.000000000000000000e-01
5.680400000000005178e+01,5.000000000000000000e-01
5.680500000000004945e+01,5.000000000000000000e-01
5.680600000000005423e+01,5.000000000000000000e-01
5.680700000000005190e+01,5.000000000000000000e-01
5.680800000000004957e+01,5.000000000000000000e-01
5.680900000000005434e+01,5.000000000000000000e-01
5.681000000000005201e+01,5.000000000000000000e-01
5.681100000000004968e+01,5.000000000000000000e-01
5.681200000000005446e+01,5.000000000000000000e-01
5.681300000000005213e+01,5.000000000000000000e-01
5.681400000000004979e+01,5.000000000000000000e-01
5.681500000000005457e+01,5.000000000000000000e-01
5.681600000000005224e+01,5.000000000000000000e-01
5.681700000000004991e+01,5.000000000000000000e-01
5.681800000000005468e+01,5.000000000000000000e-01
5.681900000000005235e+01,5.000000000000000000e-01
5.682000000000005002e+01,5.000000000000000000e-01
5.682100000000005480e+01,5.000000000000000000e-01
5.682200000000005247e+01,5.000000000000000000e-01
5.682300000000005014e+01,5.000000000000000000e-01
5.682400000000005491e+01,5.000000000000000000e-01
5.682500000000005258e+01,5.000000000000000000e-01
5.682600000000005025e+01,5.000000000000000000e-01
5.682700000000005502e+01,5.000000000000000000e-01
5.682800000000005269e+01,5.000000000000000000e-01
5.682900000000005036e+01,5.000000000000000000e-01
5.683000000000005514e+01,5.000000000000000000e-01
5.683100000000005281e+01,5.000000000000000000e-01
5.683200000000005048e+01,5.000000000000000000e-01
5.683300000000005525e+01,5.000000000000000000e-01
5.683400000000005292e+01,5.000000000000000000e-01
5.683500000000005059e+01,5.000000000000000000e-01
5.683600000000005537e+01,5.000000000000000000e-01
5.683700000000005303e+01,5.000000000000000000e-01
5.683800000000005070e+01,5.000000000000000000e-01
5.683900000000005548e+01,5.000000000000000000e-01
5.684000000000005315e+01,5.000000000000000000e-01
5.684100000000005082e+01,5.000000000000000000e-01
5.684200000000005559e+01,5.000000000000000000e-01
5.684300000000005326e+01,5.000000000000000000e-01
5.684400000000005093e+01,5.000000000000000000e-01
5.684500000000004860e+01,5.000000000000000000e-01
5.684600000000005338e+01,5.000000000000000000e-01
5.684700000000005105e+01,5.000000000000000000e-01
5.684800000000004871e+01,5.000000000000000000e-01
5.684900000000005349e+01,5.000000000000000000e-01
5.685000000000005116e+01,5.000000000000000000e-01
5.685100000000004883e+01,5.000000000000000000e-01
5.685200000000005360e+01,5.000000000000000000e-01
5.685300000000005127e+01,5.000000000000000000e-01
5.685400000000004894e+01,5.000000000000000000e-01
5.685500000000005372e+01,5.000000000000000000e-01
5.685600000000005139e+01,5.000000000000000000e-01
5.685700000000004906e+01,5.000000000000000000e-01
5.685800000000005383e+01,5.000000000000000000e-01
5.685900000000005150e+01,5.000000000000000000e-01
5.686000000000004917e+01,5.000000000000000000e-01
5.686100000000005394e+01,5.000000000000000000e-01
5.686200000000005161e+01,5.000000000000000000e-01
5.686300000000004928e+01,5.000000000000000000e-01
5.686400000000005406e+01,5.000000000000000000e-01
5.686500000000005173e+01,5.000000000000000000e-01
5.686600000000004940e+01,5.000000000000000000e-01
5.686700000000005417e+01,5.000000000000000000e-01
5.686800000000005184e+01,5.000000000000000000e-01
5.686900000000004951e+01,5.000000000000000000e-01
5.687000000000005429e+01,5.000000000000000000e-01
5.687100000000005195e+01,5.000000000000000000e-01
5.687200000000004962e+01,5.000000000000000000e-01
5.687300000000005440e+01,5.000000000000000000e-01
5.687400000000005207e+01,5.000000000000000000e-01
5.687500000000004974e+01,5.000000000000000000e-01
5.687600000000005451e+01,5.000000000000000000e-01
5.687700000000005218e+01,5.000000000000000000e-01
5.687800000000004985e+01,5.000000000000000000e-01
5.687900000000005463e+01,5.000000000000000000e-01
5.688000000000005230e+01,5.000000000000000000e-01
5.688100000000004997e+01,5.000000000000000000e-01
5.688200000000005474e+01,5.000000000000000000e-01
5.688300000000005241e+01,5.000000000000000000e-01
5.688400000000005008e+01,5.000000000000000000e-01
5.688500000000005485e+01,5.000000000000000000e-01
5.688600000000005252e+01,5.000000000000000000e-01
5.688700000000005019e+01,5.000000000000000000e-01
5.688800000000005497e+01,5.000000000000000000e-01
5.688900000000005264e+01,5.000000000000000000e-01
5.689000000000005031e+01,5.000000000000000000e-01
5.689100000000005508e+01,5.000000000000000000e-01
5.689200000000005275e+01,5.000000000000000000e-01
5.689300000000005042e+01,5.000000000000000000e-01
5.689400000000005519e+01,5.000000000000000000e-01
5.689500000000005286e+01,5.000000000000000000e-01
5.689600000000005053e+01,5.000000000000000000e-01
5.689700000000005531e+01,5.000000000000000000e-01
5.689800000000005298e+01,5.000000000000000000e-01
5.689900000000005065e+01,5.000000000000000000e-01
5.690000000000005542e+01,5.000000000000000000e-01
5.690100000000005309e+01,5.000000000000000000e-01
5.690200000000005076e+01,5.000000000000000000e-01
5.690300000000005554e+01,5.000000000000000000e-01
5.690400000000005321e+01,5.000000000000000000e-01
5.690500000000005087e+01,5.000000000000000000e-01
5.690600000000005565e+01,5.000000000000000000e-01
5.690700000000005332e+01,5.000000000000000000e-01
5.690800000000005099e+01,5.000000000000000000e-01
5.690900000000005576e+01,5.000000000000000000e-01
5.691000000000005343e+01,5.000000000000000000e-01
5.691100000000005110e+01,5.000000000000000000e-01
5.691200000000004877e+01,5.000000000000000000e-01
5.691300000000005355e+01,5.000000000000000000e-01
5.691400000000005122e+01,5.000000000000000000e-01
5.691500000000004889e+01,5.000000000000000000e-01
5.691600000000005366e+01,5.000000000000000000e-01
5.691700000000005133e+01,5.000000000000000000e-01
5.691800000000004900e+01,5.000000000000000000e-01
5.691900000000005377e+01,5.000000000000000000e-01
5.692000000000005144e+01,5.000000000000000000e-01
5.692100000000004911e+01,5.000000000000000000e-01
5.692200000000005389e+01,5.000000000000000000e-01
5.692300000000005156e+01,5.000000000000000000e-01
5.692400000000004923e+01,5.000000000000000000e-01
5.692500000000005400e+01,5.000000000000000000e-01
5.692600000000005167e+01,5.000000000000000000e-01
5.692700000000004934e+01,5.000000000000000000e-01
5.692800000000005411e+01,5.000000000000000000e-01
5.692900000000005178e+01,5.000000000000000000e-01
5.693000000000004945e+01,5.000000000000000000e-01
5.693100000000005423e+01,5.000000000000000000e-01
5.693200000000005190e+01,5.000000000000000000e-01
5.693300000000004957e+01,5.000000000000000000e-01
5.693400000000005434e+01,5.000000000000000000e-01
5.693500000000005201e+01,5.000000000000000000e-01
5.693600000000004968e+01,5.000000000000000000e-01
5.693700000000005446e+01,5.000000000000000000e-01
5.693800000000005213e+01,5.000000000000000000e-01
5.693900000000004979e+01,5.000000000000000000e-01
5.694000000000005457e+01,5.000000000000000000e-01
5.694100000000005224e+01,5.000000000000000000e-01
5.694200000000004991e+01,5.000000000000000000e-01
5.694300000000005468e+01,5.000000000000000000e-01
5.694400000000005235e+01,5.000000000000000000e-01
5.694500000000005002e+01,5.000000000000000000e-01
5.694600000000005480e+01,5.000000000000000000e-01
5.694700000000005247e+01,5.000000000000000000e-01
5.694800000000005014e+01,5.000000000000000000e-01
5.694900000000005491e+01,5.000000000000000000e-01
5.695000000000005258e+01,5.000000000000000000e-01
5.695100000000005025e+01,5.000000000000000000e-01
5.695200000000005502e+01,5.000000000000000000e-01
5.695300000000005269e+01,5.000000000000000000e-01
5.695400000000005036e+01,5.000000000000000000e-01
5.695500000000005514e+01,5.000000000000000000e-01
5.695600000000005281e+01,5.000000000000000000e-01
5.695700000000005048e+01,5.000000000000000000e-01
5.695800000000005525e+01,5.000000000000000000e-01
5.695900000000005292e+01,5.000000000000000000e-01
5.696000000000005059e+01,5.000000000000000000e-01
5.696100000000005537e+01,5.000000000000000000e-01
5.696200000000005303e+01,5.000000000000000000e-01
5.696300000000005070e+01,5.000000000000000000e-01
5.696400000000005548e+01,5.000000000000000000e-01
5.696500000000005315e+01,5.000000000000000000e-01
5.696600000000005082e+01,5.000000000000000000e-01
5.696700000000005559e+01,5.000000000000000000e-01
5.696800000000005326e+01,5.000000000000000000e-01
5.696900000000005093e+01,5.000000000000000000e-01
5.697000000000005571e+01,5.000000000000000000e-01
5.697100000000005338e+01,5.000000000000000000e-01
5.697200000000005105e+01,5.000000000000000000e-01
5.697300000000004871e+01,5.000000000000000000e-01
5.697400000000005349e+01,5.000000000000000000e-01
5.697500000000005116e+01,5.000000000000000000e-01
5.697600000000004883e+01,5.000000000000000000e-01
5.697700000000005360e+01,5.000000000000000000e-01
5.697800000000005127e+01,5.000000000000000000e-01
5.697900000000004894e+01,5.000000000000000000e-01
5.698000000000005372e+01,5.000000000000000000e-01
5.698100000000005139e+01,5.000000000000000000e-01
5.698200000000004906e+01,5.000000000000000000e-01
5.698300000000005383e+01,5.000000000000000000e-01
5.698400000000005150e+01,5.000000000000000000e-01
5.698500000000004917e+01,5.000000000000000000e-01
5.698600000000005394e+01,5.000000000000000000e-01
5.698700000000005161e+01,5.000000000000000000e-01
5.698800000000004928e+01,5.000000000000000000e-01
5.698900000000005406e+01,5.000000000000000000e-01
5.699000000000005173e+01,5.000000000000000000e-01
5.699100000000004940e+01,5.000000000000000000e-01
5.699200000000005417e+01,5.000000000000000000e-01
5.699300000000005184e+01,5.000000000000000000e-01
5.699400000000004951e+01,5.000000000000000000e-01
5.699500000000005429e+01,5.000000000000000000e-01
5.699600000000005195e+01,5.000000000000000000e-01
5.699700000000004962e+01,5.000000000000000000e-01
5.699800000000005440e+01,5.000000000000000000e-01
5.699900000000005207e+01,5.000000000000000000e-01
5.700000000000004974e+01,5.000000000000000000e-01
5.700100000000005451e+01,5.000000000000000000e-01
5.700200000000005218e+01,5.000000000000000000e-01
5.700300000000004985e+01,5.000000000000000000e-01
5.700400000000005463e+01,5.000000000000000000e-01
5.700500000000005230e+01,5.000000000000000000e-01
5.700600000000004997e+01,5.000000000000000000e-01
5.700700000000005474e+01,5.000000000000000000e-01
5.700800000000005241e+01,5.000000000000000000e-01
5.700900000000005008e+01,5.000000000000000000e-01
5.701000000000005485e+01,5.000000000000000000e-01
5.701100000000005252e+01,5.000000000000000000e-01
5.701200000000005019e+01,5.000000000000000000e-01
5.701300000000005497e+01,5.000000000000000000e-01
5.701400000000005264e+01,5.000000000000000000e-01
5.701500000000005031e+01,5.000000000000000000e-01
5.701600000000005508e+01,5.000000000000000000e-01
5.701700000000005275e+01,5.000000000000000000e-01
5.701800000000005042e+01,5.000000000000000000e-01
5.701900000000005519e+01,5.000000000000000000e-01
5.702000000000005286e+01,5.000000000000000000e-01
5.702100000000005053e+01,5.000000000000000000e-01
5.702200000000005531e+01,5.000000000000000000e-01
5.702300000000005298e+01,5.000000000000000000e-01
5.702400000000005065e+01,5.000000000000000000e-01
5.702500000000005542e+01,5.000000000000000000e-01
5.702600000000005309e+01,5.000000000000000000e-01
5.702700000000005076e+01,5.000000000000000000e-01
5.702800000000005554e+01,5.000000000000000000e-01
5.702900000000005321e+01,5.000000000000000000e-01
5.703000000000005087e+01,5.000000000000000000e-01
5.703100000000005565e+01,5.000000000000000000e-01
5.703200000000005332e+01,5.000000000000000000e-01
5.703300000000005099e+01,5.000000000000000000e-01
5.703400000000005576e+01,5.000000000000000000e-01
5.703500000000005343e+01,5.000000000000000000e-01
5.703600000000005110e+01,5.000000000000000000e-01
5.703700000000005588e+01,5.000000000000000000e-01
5.703800000000005355e+01,5.000000000000000000e-01
5.703900000000005122e+01,5.000000000000000000e-01
5.704000000000004889e+01,5.000000000000000000e-01
5.704100000000005366e+01,5.000000000000000000e-01
5.704200000000005133e+01,5.000000000000000000e-01
5.704300000000004900e+01,5.000000000000000000e-01
5.704400000000005377e+01,5.000000000000000000e-01
5.704500000000005144e+01,5.000000000000000000e-01
5.704600000000004911e+01,5.000000000000000000e-01
5.704700000000005389e+01,5.000000000000000000e-01
5.704800000000005156e+01,5.000000000000000000e-01
5.704900000000004923e+01,5.000000000000000000e-01
5.705000000000005400e+01,5.000000000000000000e-01
5.705100000000005167e+01,5.000000000000000000e-01
5.705200000000004934e+01,5.000000000000000000e-01
5.705300000000005411e+01,5.000000000000000000e-01
5.705400000000005178e+01,5.000000000000000000e-01
5.705500000000004945e+01,5.000000000000000000e-01
5.705600000000005423e+01,5.000000000000000000e-01
5.705700000000005190e+01,5.000000000000000000e-01
5.705800000000004957e+01,5.000000000000000000e-01
5.705900000000005434e+01,5.000000000000000000e-01
5.706000000000005201e+01,5.000000000000000000e-01
5.706100000000004968e+01,5.000000000000000000e-01
5.706200000000005446e+01,5.000000000000000000e-01
5.706300000000005213e+01,5.000000000000000000e-01
5.706400000000004979e+01,5.000000000000000000e-01
5.706500000000005457e+01,5.000000000000000000e-01
5.706600000000005224e+01,5.000000000000000000e-01
5.706700000000004991e+01,5.000000000000000000e-01
5.706800000000005468e+01,5.000000000000000000e-01
5.706900000000005235e+01,5.000000000000000000e-01
5.707000000000005002e+01,5.000000000000000000e-01
5.707100000000005480e+01,5.000000000000000000e-01
5.707200000000005247e+01,5.000000000000000000e-01
5.707300000000005014e+01,5.000000000000000000e-01
5.707400000000005491e+01,5.000000000000000000e-01
5.707500000000005258e+01,5.000000000000000000e-01
5.707600000000005025e+01,5.000000000000000000e-01
5.707700000000005502e+01,5.000000000000000000e-01
5.707800000000005269e+01,5.000000000000000000e-01
5.707900000000005036e+01,5.000000000000000000e-01
5.708000000000005514e+01,5.000000000000000000e-01
5.708100000000005281e+01,5.000000000000000000e-01
5.708200000000005048e+01,5.000000000000000000e-01
5.708300000000005525e+01,5.000000000000000000e-01
5.708400000000005292e+01,5.000000000000000000e-01
5.708500000000005059e+01,5.000000000000000000e-01
5.708600000000005537e+01,5.000000000000000000e-01
5.708700000000005303e+01,5.000000000000000000e-01
5.708800000000005070e+01,5.000000000000000000e-01
5.708900000000005548e+01,5.000000000000000000e-01
5.709000000000005315e+01,5.000000000000000000e-01
5.709100000000005082e+01,5.000000000000000000e-01
5.709200000000005559e+01,5.000000000000000000e-01
5.709300000000005326e+01,5.000000000000000000e-01
5.709400000000005093e+01,5.000000000000000000e-01
5.709500000000005571e+01,5.000000000000000000e-01
5.709600000000005338e+01,5.000000000000000000e-01
5.709700000000005105e+01,5.000000000000000000e-01
5.709800000000005582e+01,5.000000000000000000e-01
5.709900000000005349e+01,5.000000000000000000e-01
5.710000000000005116e+01,5.000000000000000000e-01
5.710100000000004883e+01,5.000000000000000000e-01
5.710200000000005360e+01,5.000000000000000000e-01
5.710300000000005127e+01,5.000000000000000000e-01
5.710400000000004894e+01,5.000000000000000000e-01
5.710500000000005372e+01,5.000000000000000000e-01
5.710600000000005139e+01,5.000000000000000000e-01
5.710700000000004906e+01,5.000000000000000000e-01
5.710800000000005383e+01,5.000000000000000000e-01
5.710900000000005150e+01,5.000000000000000000e-01
5.711000000000004917e+01,5.000000000000000000e-01
5.711100000000005394e+01,5.000000000000000000e-01
5.711200000000005161e+01,5.000000000000000000e-01
5.711300000000004928e+01,5.000000000000000000e-01
5.711400000000005406e+01,5.000000000000000000e-01
5.711500000000005173e+01,5.000000000000000000e-01
5.711600000000004940e+01,5.000000000000000000e-01
5.711700000000005417e+01,5.000000000000000000e-01
5.711800000000005184e+01,5.000000000000000000e-01
5.711900000000004951e+01,5.000000000000000000e-01
5.712000000000005429e+01,5.000000000000000000e-01
5.712100000000005195e+01,5.000000000000000000e-01
5.712200000000004962e+01,5.000000000000000000e-01
5.712300000000005440e+01,5.000000000000000000e-01
5.712400000000005207e+01,5.000000000000000000e-01
5.712500000000004974e+01,5.000000000000000000e-01
5.712600000000005451e+01,5.000000000000000000e-01
5.712700000000005218e+01,5.000000000000000000e-01
5.712800000000004985e+01,5.000000000000000000e-01
5.712900000000005463e+01,5.000000000000000000e-01
5.713000000000005230e+01,5.000000000000000000e-01
5.713100000000004997e+01,5.000000000000000000e-01
5.713200000000005474e+01,5.000000000000000000e-01
5.713300000000005241e+01,5.000000000000000000e-01
5.713400000000005008e+01,5.000000000000000000e-01
5.713500000000005485e+01,5.000000000000000000e-01
5.713600000000005252e+01,5.000000000000000000e-01
5.713700000000005019e+01,5.000000000000000000e-01
5.713800000000005497e+01,5.000000000000000000e-01
5.713900000000005264e+01,5.000000000000000000e-01
5.714000000000005031e+01,5.000000000000000000e-01
5.714100000000005508e+01,5.000000000000000000e-01
5.714200000000005275e+01,5.000000000000000000e-01
5.714300000000005042e+01,5.000000000000000000e-01
5.714400000000005519e+01,5.000000000000000000e-01
5.714500000000005286e+01,5.000000000000000000e-01
5.714600000000005053e+01,5.000000000000000000e-01
5.714700000000005531e+01,5.000000000000000000e-01
5.714800000000005298e+01,5.000000000000000000e-01
5.714900000000005065e+01,5.000000000000000000e-01
5.715000000000005542e+01,5.000000000000000000e-01
5.715100000000005309e+01,5.000000000000000000e-01
5.715200000000005076e+01,5.000000000000000000e-01
5.715300000000005554e+01,5.000000000000000000e-01
5.715400000000005321e+01,5.000000000000000000e-01
5.715500000000005087e+01,5.000000000000000000e-01
5.715600000000005565e+01,5.000000000000000000e-01
5.715700000000005332e+01,5.000000000000000000e-01
5.715800000000005099e+01,5.000000000000000000e-01
5.715900000000005576e+01,5.000000000000000000e-01
5.716000000000005343e+01,5.000000000000000000e-01
5.716100000000005110e+01,5.000000000000000000e-01
5.716200000000005588e+01,5.000000000000000000e-01
5.716300000000005355e+01,5.000000000000000000e-01
5.716400000000005122e+01,5.000000000000000000e-01
5.716500000000005599e+01,5.000000000000000000e-01
5.716600000000005366e+01,5.000000000000000000e-01
5.716700000000005133e+01,5.000000000000000000e-01
5.716800000000004900e+01,5.000000000000000000e-01
5.716900000000005377e+01,5.000000000000000000e-01
5.717000000000005144e+01,5.000000000000000000e-01
5.717100000000004911e+01,5.000000000000000000e-01
5.717200000000005389e+01,5.000000000000000000e-01
5.717300000000005156e+01,5.000000000000000000e-01
5.717400000000004923e+01,5.000000000000000000e-01
5.717500000000005400e+01,5.000000000000000000e-01
5.717600000000005167e+01,5.000000000000000000e-01
5.717700000000004934e+01,5.000000000000000000e-01
5.717800000000005411e+01,5.000000000000000000e-01
5.717900000000005178e+01,5.000000000000000000e-01
5.718000000000004945e+01,5.000000000000000000e-01
5.718100000000005423e+01,5.000000000000000000e-01
5.718200000000005190e+01,5.000000000000000000e-01
5.718300000000004957e+01,5.000000000000000000e-01
5.718400000000005434e+01,5.000000000000000000e-01
5.718500000000005201e+01,5.000000000000000000e-01
5.718600000000004968e+01,5.000000000000000000e-01
5.718700000000005446e+01,5.000000000000000000e-01
5.718800000000005213e+01,5.000000000000000000e-01
5.718900000000004979e+01,5.000000000000000000e-01
5.719000000000005457e+01,5.000000000000000000e-01
5.719100000000005224e+01,5.000000000000000000e-01
5.719200000000004991e+01,5.000000000000000000e-01
5.719300000000005468e+01,5.000000000000000000e-01
5.719400000000005235e+01,5.000000000000000000e-01
5.719500000000005002e+01,5.000000000000000000e-01
5.719600000000005480e+01,5.000000000000000000e-01
5.719700000000005247e+01,5.000000000000000000e-01
5.719800000000005014e+01,5.000000000000000000e-01
5.719900000000005491e+01,5.000000000000000000e-01
5.720000000000005258e+01,5.000000000000000000e-01
5.720100000000005025e+01,5.000000000000000000e-01
5.720200000000005502e+01,5.000000000000000000e-01
5.720300000000005269e+01,5.000000000000000000e-01
5.720400000000005036e+01,5.000000000000000000e-01
5.720500000000005514e+01,5.000000000000000000e-01
5.720600000000005281e+01,5.000000000000000000e-01
5.720700000000005048e+01,5.000000000000000000e-01
5.720800000000005525e+01,5.000000000000000000e-01
5.720900000000005292e+01,5.000000000000000000e-01
5.721000000000005059e+01,5.000000000000000000e-01
5.721100000000005537e+01,5.000000000000000000e-01
5.721200000000005303e+01,5.000000000000000000e-01
5.721300000000005070e+01,5.000000000000000000e-01
5.721400000000005548e+01,5.000000000000000000e-01
5.721500000000005315e+01,5.000000000000000000e-01
5.721600000000005082e+01,5.000000000000000000e-01
5.721700000000005559e+01,5.000000000000000000e-01
5.721800000000005326e+01,5.000000000000000000e-01
5.721900000000005093e+01,5.000000000000000000e-01
5.722000000000005571e+01,5.000000000000000000e-01
5.722100000000005338e+01,5.000000000000000000e-01
5.722200000000005105e+01,5.000000000000000000e-01
5.722300000000005582e+01,5.000000000000000000e-01
5.722400000000005349e+01,5.000000000000000000e-01
5.722500000000005116e+01,5.000000000000000000e-01
5.722600000000005593e+01,5.000000000000000000e-01
5.722700000000005360e+01,5.000000000000000000e-01
5.722800000000005127e+01,5.000000000000000000e-01
5.722900000000004894e+01,5.000000000000000000e-01
5.723000000000005372e+01,5.000000000000000000e-01
5.723100000000005139e+01,5.000000000000000000e-01
5.723200000000004906e+01,5.000000000000000000e-01
5.723300000000005383e+01,5.000000000000000000e-01
5.723400000000005150e+01,5.000000000000000000e-01
5.723500000000004917e+01,5.000000000000000000e-01
5.723600000000005394e+01,5.000000000000000000e-01
5.723700000000005161e+01,5.000000000000000000e-01
5.723800000000004928e+01,5.000000000000000000e-01
5.723900000000005406e+01,5.000000000000000000e-01
5.724000000000005173e+01,5.000000000000000000e-01
5.724100000000004940e+01,5.000000000000000000e-01
5.724200000000005417e+01,5.000000000000000000e-01
5.724300000000005184e+01,5.000000000000000000e-01
5.724400000000004951e+01,5.000000000000000000e-01
5.724500000000005429e+01,5.000000000000000000e-01
5.724600000000005195e+01,5.000000000000000000e-01
5.724700000000004962e+01,5.000000000000000000e-01
5.724800000000005440e+01,5.000000000000000000e-01
5.724900000000005207e+01,5.000000000000000000e-01
5.725000000000004974e+01,5.000000000000000000e-01
5.725100000000005451e+01,5.000000000000000000e-01
5.725200000000005218e+01,5.000000000000000000e-01
5.725300000000004985e+01,5.000000000000000000e-01
5.725400000000005463e+01,5.000000000000000000e-01
5.725500000000005230e+01,5.000000000000000000e-01
5.725600000000004997e+01,5.000000000000000000e-01
5.725700000000005474e+01,5.000000000000000000e-01
5.725800000000005241e+01,5.000000000000000000e-01
5.725900000000005008e+01,5.000000000000000000e-01
5.726000000000005485e+01,5.000000000000000000e-01
5.726100000000005252e+01,5.000000000000000000e-01
5.726200000000005019e+01,5.000000000000000000e-01
5.726300000000005497e+01,5.000000000000000000e-01
5.726400000000005264e+01,5.000000000000000000e-01
5.726500000000005031e+01,5.000000000000000000e-01
5.726600000000005508e+01,5.000000000000000000e-01
5.726700000000005275e+01,5.000000000000000000e-01
5.726800000000005042e+01,5.000000000000000000e-01
5.726900000000005519e+01,5.000000000000000000e-01
5.727000000000005286e+01,5.000000000000000000e-01
5.727100000000005053e+01,5.000000000000000000e-01
5.727200000000005531e+01,5.000000000000000000e-01
5.727300000000005298e+01,5.000000000000000000e-01
5.727400000000005065e+01,5.000000000000000000e-01
5.727500000000005542e+01,5.000000000000000000e-01
5.727600000000005309e+01,5.000000000000000000e-01
5.727700000000005076e+01,5.000000000000000000e-01
5.727800000000005554e+01,5.000000000000000000e-01
5.727900000000005321e+01,5.000000000000000000e-01
5.728000000000005087e+01,5.000000000000000000e-01
5.728100000000005565e+01,5.000000000000000000e-01
5.728200000000005332e+01,5.000000000000000000e-01
5.728300000000005099e+01,5.000000000000000000e-01
5.728400000000005576e+01,5.000000000000000000e-01
5.728500000000005343e+01,5.000000000000000000e-01
5.728600000000005110e+01,5.000000000000000000e-01
5.728700000000005588e+01,5.000000000000000000e-01
5.728800000000005355e+01,5.000000000000000000e-01
5.728900000000005122e+01,5.000000000000000000e-01
5.729000000000005599e+01,5.000000000000000000e-01
5.729100000000005366e+01,5.000000000000000000e-01
5.729200000000005133e+01,5.000000000000000000e-01
5.729300000000005610e+01,5.000000000000000000e-01
5.729400000000005377e+01,5.000000000000000000e-01
5.729500000000005144e+01,5.000000000000000000e-01
5.729600000000004911e+01,5.000000000000000000e-01
5.729700000000005389e+01,5.000000000000000000e-01
5.729800000000005156e+01,5.000000000000000000e-01
5.729900000000004923e+01,5.000000000000000000e-01
5.730000000000005400e+01,5.000000000000000000e-01
5.730100000000005167e+01,5.000000000000000000e-01
5.730200000000004934e+01,5.000000000000000000e-01
5.730300000000005411e+01,5.000000000000000000e-01
5.730400000000005178e+01,5.000000000000000000e-01
5.730500000000004945e+01,5.000000000000000000e-01
5.730600000000005423e+01,5.000000000000000000e-01
5.730700000000005190e+01,5.000000000000000000e-01
5.730800000000004957e+01,5.000000000000000000e-01
5.730900000000005434e+01,5.000000000000000000e-01
5.731000000000005201e+01,5.000000000000000000e-01
5.731100000000004968e+01,5.000000000000000000e-01
5.731200000000005446e+01,5.000000000000000000e-01
5.731300000000005213e+01,5.000000000000000000e-01
5.731400000000004979e+01,5.000000000000000000e-01
5.731500000000005457e+01,5.000000000000000000e-01
5.731600000000005224e+01,5.000000000000000000e-01
5.731700000000004991e+01,5.000000000000000000e-01
5.731800000000005468e+01,5.000000000000000000e-01
5.731900000000005235e+01,5.000000000000000000e-01
5.732000000000005002e+01,5.000000000000000000e-01
5.732100000000005480e+01,5.000000000000000000e-01
5.732200000000005247e+01,5.000000000000000000e-01
5.732300000000005014e+01,5.000000000000000000e-01
5.732400000000005491e+01,5.000000000000000000e-01
5.732500000000005258e+01,5.000000000000000000e-01
5.732600000000005025e+01,5.000000000000000000e-01
5.732700000000005502e+01,5.000000000000000000e-01
5.732800000000005269e+01,5.000000000000000000e-01
5.732900000000005036e+01,5.000000000000000000e-01
5.733000000000005514e+01,5.000000000000000000e-01
5.733100000000005281e+01,5.000000000000000000e-01
5.733200000000005048e+01,5.000000000000000000e-01
5.733300000000005525e+01,5.000000000000000000e-01
5.733400000000005292e+01,5.000000000000000000e-01
5.733500000000005059e+01,5.000000000000000000e-01
5.733600000000005537e+01,5.000000000000000000e-01
5.733700000000005303e+01,5.000000000000000000e-01
5.733800000000005070e+01,5.000000000000000000e-01
5.733900000000005548e+01,5.000000000000000000e-01
5.734000000000005315e+01,5.000000000000000000e-01
5.734100000000005082e+01,5.000000000000000000e-01
5.734200000000005559e+01,5.000000000000000000e-01
5.734300000000005326e+01,5.000000000000000000e-01
5.734400000000005093e+01,5.000000000000000000e-01
5.734500000000005571e+01,5.000000000000000000e-01
5.734600000000005338e+01,5.000000000000000000e-01
5.734700000000005105e+01,5.000000000000000000e-01
5.734800000000005582e+01,5.000000000000000000e-01
5.734900000000005349e+01,5.000000000000000000e-01
5.735000000000005116e+01,5.000000000000000000e-01
5.735100000000005593e+01,5.000000000000000000e-01
5.735200000000005360e+01,5.000000000000000000e-01
5.735300000000005127e+01,5.000000000000000000e-01
5.735400000000005605e+01,5.000000000000000000e-01
5.735500000000005372e+01,5.000000000000000000e-01
5.735600000000005139e+01,5.000000000000000000e-01
5.735700000000004906e+01,5.000000000000000000e-01
5.735800000000005383e+01,5.000000000000000000e-01
5.735900000000005150e+01,5.000000000000000000e-01
5.736000000000004917e+01,5.000000000000000000e-01
5.736100000000005394e+01,5.000000000000000000e-01
5.736200000000005161e+01,5.000000000000000000e-01
5.736300000000004928e+01,5.000000000000000000e-01
5.736400000000005406e+01,5.000000000000000000e-01
5.736500000000005173e+01,5.000000000000000000e-01
5.736600000000004940e+01,5.000000000000000000e-01
5.736700000000005417e+01,5.000000000000000000e-01
5.736800000000005184e+01,5.000000000000000000e-01
5.736900000000004951e+01,5.000000000000000000e-01
5.737000000000005429e+01,5.000000000000000000e-01
5.737100000000005195e+01,5.000000000000000000e-01
5.737200000000004962e+01,5.000000000000000000e-01
5.737300000000005440e+01,5.000000000000000000e-01
5.737400000000005207e+01,5.000000000000000000e-01
5.737500000000004974e+01,5.000000000000000000e-01
5.737600000000005451e+01,5.000000000000000000e-01
5.737700000000005218e+01,5.000000000000000000e-01
5.737800000000004985e+01,5.000000000000000000e-01
5.737900000000005463e+01,5.000000000000000000e-01
5.738000000000005230e+01,5.000000000000000000e-01
5.738100000000004997e+01,5.000000000000000000e-01
5.738200000000005474e+01,5.000000000000000000e-01
5.738300000000005241e+01,5.000000000000000000e-01
5.738400000000005008e+01,5.000000000000000000e-01
5.738500000000005485e+01,5.000000000000000000e-01
5.738600000000005252e+01,5.000000000000000000e-01
5.738700000000005019e+01,5.000000000000000000e-01
5.738800000000005497e+01,5.000000000000000000e-01
5.738900000000005264e+01,5.000000000000000000e-01
5.739000000000005031e+01,5.000000000000000000e-01
5.739100000000005508e+01,5.000000000000000000e-01
5.739200000000005275e+01,5.000000000000000000e-01
5.739300000000005042e+01,5.000000000000000000e-01
5.739400000000005519e+01,5.000000000000000000e-01
5.739500000000005286e+01,5.000000000000000000e-01
5.739600000000005053e+01,5.000000000000000000e-01
5.739700000000005531e+01,5.000000000000000000e-01
5.739800000000005298e+01,5.000000000000000000e-01
5.739900000000005065e+01,5.000000000000000000e-01
5.740000000000005542e+01,5.000000000000000000e-01
5.740100000000005309e+01,5.000000000000000000e-01
5.740200000000005076e+01,5.000000000000000000e-01
5.740300000000005554e+01,5.000000000000000000e-01
5.740400000000005321e+01,5.000000000000000000e-01
5.740500000000005087e+01,5.000000000000000000e-01
5.740600000000005565e+01,5.000000000000000000e-01
5.740700000000005332e+01,5.000000000000000000e-01
5.740800000000005099e+01,5.000000000000000000e-01
5.740900000000005576e+01,5.000000000000000000e-01
5.741000000000005343e+01,5.000000000000000000e-01
5.741100000000005110e+01,5.000000000000000000e-01
5.741200000000005588e+01,5.000000000000000000e-01
5.741300000000005355e+01,5.000000000000000000e-01
5.741400000000005122e+01,5.000000000000000000e-01
5.741500000000005599e+01,5.000000000000000000e-01
5.741600000000005366e+01,5.000000000000000000e-01
5.741700000000005133e+01,5.000000000000000000e-01
5.741800000000005610e+01,5.000000000000000000e-01
5.741900000000005377e+01,5.000000000000000000e-01
5.742000000000005144e+01,5.000000000000000000e-01
5.742100000000005622e+01,5.000000000000000000e-01
5.742200000000005389e+01,5.000000000000000000e-01
5.742300000000005156e+01,5.000000000000000000e-01
5.742400000000004923e+01,5.000000000000000000e-01
5.742500000000005400e+01,5.000000000000000000e-01
5.742600000000005167e+01,5.000000000000000000e-01
5.742700000000004934e+01,5.000000000000000000e-01
5.742800000000005411e+01,5.000000000000000000e-01
5.742900000000005178e+01,5.000000000000000000e-01
5.743000000000004945e+01,5.000000000000000000e-01
5.743100000000005423e+01,5.000000000000000000e-01
5.743200000000005190e+01,5.000000000000000000e-01
5.743300000000004957e+01,5.000000000000000000e-01
5.743400000000005434e+01,5.000000000000000000e-01
5.743500000000005201e+01,5.000000000000000000e-01
5.743600000000004968e+01,5.000000000000000000e-01
5.743700000000005446e+01,5.000000000000000000e-01
5.743800000000005213e+01,5.000000000000000000e-01
5.743900000000004979e+01,5.000000000000000000e-01
5.744000000000005457e+01,5.000000000000000000e-01
5.744100000000005224e+01,5.000000000000000000e-01
5.744200000000004991e+01,5.000000000000000000e-01
5.744300000000005468e+01,5.000000000000000000e-01
5.744400000000005235e+01,5.000000000000000000e-01
5.744500000000005002e+01,5.000000000000000000e-01
5.744600000000005480e+01,5.000000000000000000e-01
5.744700000000005247e+01,5.000000000000000000e-01
5.744800000000005014e+01,5.000000000000000000e-01
5.744900000000005491e+01,5.000000000000000000e-01
5.745000000000005258e+01,5.000000000000000000e-01
5.745100000000005025e+01,5.000000000000000000e-01
5.745200000000005502e+01,5.000000000000000000e-01
5.745300000000005269e+01,5.000000000000000000e-01
5.745400000000005036e+01,5.000000000000000000e-01
5.745500000000005514e+01,5.000000000000000000e-01
5.745600000000005281e+01,5.000000000000000000e-01
5.745700000000005048e+01,5.000000000000000000e-01
5.745800000000005525e+01,5.000000000000000000e-01
5.745900000000005292e+01,5.000000000000000000e-01
5.746000000000005059e+01,5.000000000000000000e-01
5.746100000000005537e+01,5.000000000000000000e-01
5.746200000000005303e+01,5.000000000000000000e-01
5.746300000000005070e+01,5.000000000000000000e-01
5.746400000000005548e+01,5.000000000000000000e-01
5.746500000000005315e+01,5.000000000000000000e-01
5.746600000000005082e+01,5.000000000000000000e-01
5.746700000000005559e+01,5.000000000000000000e-01
5.746800000000005326e+01,5.000000000000000000e-01
5.746900000000005093e+01,5.000000000000000000e-01
5.747000000000005571e+01,5.000000000000000000e-01
5.747100000000005338e+01,5.000000000000000000e-01
5.747200000000005105e+01,5.000000000000000000e-01
5.747300000000005582e+01,5.000000000000000000e-01
5.747400000000005349e+01,5.000000000000000000e-01
5.747500000000005116e+01,5.000000000000000000e-01
5.747600000000005593e+01,5.000000000000000000e-01
5.747700000000005360e+01,5.000000000000000000e-01
5.747800000000005127e+01,5.000000000000000000e-01
5.747900000000005605e+01,5.000000000000000000e-01
5.748000000000005372e+01,5.000000000000000000e-01
5.748100000000005139e+01,5.000000000000000000e-01
5.748200000000005616e+01,5.000000000000000000e-01
5.748300000000005383e+01,5.000000000000000000e-01
5.748400000000005150e+01,5.000000000000000000e-01
5.748500000000004917e+01,5.000000000000000000e-01
5.748600000000005394e+01,5.000000000000000000e-01
5.748700000000005161e+01,5.000000000000000000e-01
5.748800000000004928e+01,5.000000000000000000e-01
5.748900000000005406e+01,5.000000000000000000e-01
5.749000000000005173e+01,5.000000000000000000e-01
5.749100000000004940e+01,5.000000000000000000e-01
5.749200000000005417e+01,5.000000000000000000e-01
5.749300000000005184e+01,5.000000000000000000e-01
5.749400000000004951e+01,5.000000000000000000e-01
5.749500000000005429e+01,5.000000000000000000e-01
5.749600000000005195e+01,5.000000000000000000e-01
5.749700000000004962e+01,5.000000000000000000e-01
5.749800000000005440e+01,5.000000000000000000e-01
5.749900000000005207e+01,5.000000000000000000e-01
5.750000000000004974e+01,5.000000000000000000e-01
5.750100000000005451e+01,5.000000000000000000e-01
5.750200000000005218e+01,5.000000000000000000e-01
5.750300000000004985e+01,5.000000000000000000e-01
5.750400000000005463e+01,5.000000000000000000e-01
5.750500000000005230e+01,5.000000000000000000e-01
5.750600000000004997e+01,5.000000000000000000e-01
5.750700000000005474e+01,5.000000000000000000e-01
5.750800000000005241e+01,5.000000000000000000e-01
5.750900000000005008e+01,5.000000000000000000e-01
5.751000000000005485e+01,5.000000000000000000e-01
5.751100000000005252e+01,5.000000000000000000e-01
5.751200000000005019e+01,5.000000000000000000e-01
5.751300000000005497e+01,5.000000000000000000e-01
5.751400000000005264e+01,5.000000000000000000e-01
5.751500000000005031e+01,5.000000000000000000e-01
5.751600000000005508e+01,5.000000000000000000e-01
5.751700000000005275e+01,5.000000000000000000e-01
5.751800000000005042e+01,5.000000000000000000e-01
5.751900000000005519e+01,5.000000000000000000e-01
5.752000000000005286e+01,5.000000000000000000e-01
5.752100000000005053e+01,5.000000000000000000e-01
5.752200000000005531e+01,5.000000000000000000e-01
5.752300000000005298e+01,5.000000000000000000e-01
5.752400000000005065e+01,5.000000000000000000e-01
5.752500000000005542e+01,5.000000000000000000e-01
5.752600000000005309e+01,5.000000000000000000e-01
5.752700000000005076e+01,5.000000000000000000e-01
5.752800000000005554e+01,5.000000000000000000e-01
5.752900000000005321e+01,5.000000000000000000e-01
5.753000000000005087e+01,5.000000000000000000e-01
5.753100000000005565e+01,5.000000000000000000e-01
5.753200000000005332e+01,5.000000000000000000e-01
5.753300000000005099e+01,5.000000000000000000e-01
5.753400000000005576e+01,5.000000000000000000e-01
5.753500000000005343e+01,5.000000000000000000e-01
5.753600000000005110e+01,5.000000000000000000e-01
5.753700000000005588e+01,5.000000000000000000e-01
5.753800000000005355e+01,5.000000000000000000e-01
5.753900000000005122e+01,5.000000000000000000e-01
5.754000000000005599e+01,5.000000000000000000e-01
5.754100000000005366e+01,5.000000000000000000e-01
5.754200000000005133e+01,5.000000000000000000e-01
5.754300000000005610e+01,5.000000000000000000e-01
5.754400000000005377e+01,5.000000000000000000e-01
5.754500000000005144e+01,5.000000000000000000e-01
5.754600000000005622e+01,5.000000000000000000e-01
5.754700000000005389e+01,5.000000000000000000e-01
5.754800000000005156e+01,5.000000000000000000e-01
5.754900000000005633e+01,5.000000000000000000e-01
5.755000000000005400e+01,5.000000000000000000e-01
5.755100000000005167e+01,5.000000000000000000e-01
5.755200000000004934e+01,5.000000000000000000e-01
5.755300000000005411e+01,5.000000000000000000e-01
5.755400000000005178e+01,5.000000000000000000e-01
5.755500000000004945e+01,5.000000000000000000e-01
5.755600000000005423e+01,5.000000000000000000e-01
5.755700000000005190e+01,5.000000000000000000e-01
5.755800000000004957e+01,5.000000000000000000e-01
5.755900000000005434e+01,5.000000000000000000e-01
5.756000000000005201e+01,5.000000000000000000e-01
5.756100000000004968e+01,5.000000000000000000e-01
5.756200000000005446e+01,5.000000000000000000e-01
5.756300000000005213e+01,5.000000000000000000e-01
5.756400000000004979e+01,5.000000000000000000e-01
5.756500000000005457e+01,5.000000000000000000e-01
5.756600000000005224e+01,5.000000000000000000e-01
5.756700000000004991e+01,5.000000000000000000e-01
5.756800000000005468e+01,5.000000000000000000e-01
5.756900000000005235e+01,5.000000000000000000e-01
5.757000000000005002e+01,5.000000000000000000e-01
5.757100000000005480e+01,5.000000000000000000e-01
5.757200000000005247e+01,5.000000000000000000e-01
5.757300000000005014e+01,5.000000000000000000e-01
5.757400000000005491e+01,5.000000000000000000e-01
5.757500000000005258e+01,5.000000000000000000e-01
5.757600000000005025e+01,5.000000000000000000e-01
5.757700000000005502e+01,5.000000000000000000e-01
5.757800000000005269e+01,5.000000000000000000e-01
5.757900000000005036e+01,5.000000000000000000e-01
5.758000000000005514e+01,5.000000000000000000e-01
5.758100000000005281e+01,5.000000000000000000e-01
5.758200000000005048e+01,5.000000000000000000e-01
5.758300000000005525e+01,5.000000000000000000e-01
5.758400000000005292e+01,5.000000000000000000e-01
5.758500000000005059e+01,5.000000000000000000e-01
5.758600000000005537e+01,5.000000000000000000e-01
5.758700000000005303e+01,5.000000000000000000e-01
5.758800000000005070e+01,5.000000000000000000e-01
5.758900000000005548e+01,5.000000000000000000e-01
5.759000000000005315e+01,5.000000000000000000e-01
5.759100000000005082e+01,5.000000000000000000e-01
5.759200000000005559e+01,5.000000000000000000e-01
5.759300000000005326e+01,5.000000000000000000e-01
5.759400000000005093e+01,5.000000000000000000e-01
5.759500000000005571e+01,5.000000000000000000e-01
5.759600000000005338e+01,5.000000000000000000e-01
5.759700000000005105e+01,5.000000000000000000e-01
5.759800000000005582e+01,5.000000000000000000e-01
5.759900000000005349e+01,5.000000000000000000e-01
5.760000000000005116e+01,5.000000000000000000e-01
5.760100000000005593e+01,5.000000000000000000e-01
5.760200000000005360e+01,5.000000000000000000e-01
5.760300000000005127e+01,5.000000000000000000e-01
5.760400000000005605e+01,5.000000000000000000e-01
5.760500000000005372e+01,5.000000000000000000e-01
5.760600000000005139e+01,5.000000000000000000e-01
5.760700000000005616e+01,5.000000000000000000e-01
5.760800000000005383e+01,5.000000000000000000e-01
5.760900000000005150e+01,5.000000000000000000e-01
5.761000000000005627e+01,5.000000000000000000e-01
5.761100000000005394e+01,5.000000000000000000e-01
5.761200000000005161e+01,5.000000000000000000e-01
5.761300000000004928e+01,5.000000000000000000e-01
5.761400000000005406e+01,5.000000000000000000e-01
5.761500000000005173e+01,5.000000000000000000e-01
5.761600000000004940e+01,5.000000000000000000e-01
5.761700000000005417e+01,5.000000000000000000e-01
5.761800000000005184e+01,5.000000000000000000e-01
5.761900000000004951e+01,5.000000000000000000e-01
5.762000000000005429e+01,5.000000000000000000e-01
5.762100000000005195e+01,5.000000000000000000e-01
5.762200000000004962e+01,5.000000000000000000e-01
5.762300000000005440e+01,5.000000000000000000e-01
5.762400000000005207e+01,5.000000000000000000e-01
5.762500000000004974e+01,5.000000000000000000e-01
5.762600000000005451e+01,5.000000000000000000e-01
5.762700000000005218e+01,5.000000000000000000e-01
5.762800000000004985e+01,5.000000000000000000e-01
5.762900000000005463e+01,5.000000000000000000e-01
5.763000000000005230e+01,5.000000000000000000e-01
5.763100000000004997e+01,5.000000000000000000e-01
5.763200000000005474e+01,5.000000000000000000e-01
5.763300000000005241e+01,5.000000000000000000e-01
5.763400000000005008e+01,5.000000000000000000e-01
5.763500000000005485e+01,5.000000000000000000e-01
5.763600000000005252e+01,5.000000000000000000e-01
5.763700000000005019e+01,5.000000000000000000e-01
5.763800000000005497e+01,5.000000000000000000e-01
5.763900000000005264e+01,5.000000000000000000e-01
5.764000000000005031e+01,5.000000000000000000e-01
5.764100000000005508e+01,5.000000000000000000e-01
5.764200000000005275e+01,5.000000000000000000e-01
5.764300000000005042e+01,5.000000000000000000e-01
5.764400000000005519e+01,5.000000000000000000e-01
5.764500000000005286e+01,5.000000000000000000e-01
5.764600000000005053e+01,5.000000000000000000e-01
5.764700000000005531e+01,5.000000000000000000e-01
5.764800000000005298e+01,5.000000000000000000e-01
5.764900000000005065e+01,5.000000000000000000e-01
5.765000000000005542e+01,5.000000000000000000e-01
5.765100000000005309e+01,5.000000000000000000e-01
5.765200000000005076e+01,5.000000000000000000e-01
5.765300000000005554e+01,5.000000000000000000e-01
5.765400000000005321e+01,5.000000000000000000e-01
5.765500000000005087e+01,5.000000000000000000e-01
5.765600000000005565e+01,5.000000000000000000e-01
5.765700000000005332e+01,5.000000000000000000e-01
5.765800000000005099e+01,5.000000000000000000e-01
5.765900000000005576e+01,5.000000000000000000e-01
5.766000000000005343e+01,5.000000000000000000e-01
5.766100000000005110e+01,5.000000000000000000e-01
5.766200000000005588e+01,5.000000000000000000e-01
5.766300000000005355e+01,5.000000000000000000e-01
5.766400000000005122e+01,5.000000000000000000e-01
5.766500000000005599e+01,5.000000000000000000e-01
5.766600000000005366e+01,5.000000000000000000e-01
5.766700000000005133e+01,5.000000000000000000e-01
5.766800000000005610e+01,5.000000000000000000e-01
5.766900000000005377e+01,5.000000000000000000e-01
5.767000000000005144e+01,5.000000000000000000e-01
5.767100000000005622e+01,5.000000000000000000e-01
5.767200000000005389e+01,5.000000000000000000e-01
5.767300000000005156e+01,5.000000000000000000e-01
5.767400000000005633e+01,5.000000000000000000e-01
5.767500000000005400e+01,5.000000000000000000e-01
5.767600000000005167e+01,5.000000000000000000e-01
5.767700000000005645e+01,5.000000000000000000e-01
5.767800000000005411e+01,5.000000000000000000e-01
5.767900000000005178e+01,5.000000000000000000e-01
5.768000000000004945e+01,5.000000000000000000e-01
5.768100000000005423e+01,5.000000000000000000e-01
5.768200000000005190e+01,5.000000000000000000e-01
5.768300000000004957e+01,5.000000000000000000e-01
5.768400000000005434e+01,5.000000000000000000e-01
5.768500000000005201e+01,5.000000000000000000e-01
5.768600000000004968e+01,5.000000000000000000e-01
5.768700000000005446e+01,5.000000000000000000e-01
5.768800000000005213e+01,5.000000000000000000e-01
5.768900000000004979e+01,5.000000000000000000e-01
5.769000000000005457e+01,5.000000000000000000e-01
5.769100000000005224e+01,5.000000000000000000e-01
5.769200000000004991e+01,5.000000000000000000e-01
5.769300000000005468e+01,5.000000000000000000e-01
5.769400000000005235e+01,5.000000000000000000e-01
5.769500000000005002e+01,5.000000000000000000e-01
5.769600000000005480e+01,5.000000000000000000e-01
5.769700000000005247e+01,5.000000000000000000e-01
5.769800000000005014e+01,5.000000000000000000e-01
5.769900000000005491e+01,5.000000000000000000e-01
5.770000000000005258e+01,5.000000000000000000e-01
5.770100000000005025e+01,5.000000000000000000e-01
5.770200000000005502e+01,5.000000000000000000e-01
5.770300000000005269e+01,5.000000000000000000e-01
5.770400000000005036e+01,5.000000000000000000e-01
5.770500000000005514e+01,5.000000000000000000e-01
5.770600000000005281e+01,5.000000000000000000e-01
5.770700000000005048e+01,5.000000000000000000e-01
5.770800000000005525e+01,5.000000000000000000e-01
5.770900000000005292e+01,5.000000000000000000e-01
5.771000000000005059e+01,5.000000000000000000e-01
5.771100000000005537e+01,5.000000000000000000e-01
5.771200000000005303e+01,5.000000000000000000e-01
5.771300000000005070e+01,5.000000000000000000e-01
5.771400000000005548e+01,5.000000000000000000e-01
5.771500000000005315e+01,5.000000000000000000e-01
5.771600000000005082e+01,5.000000000000000000e-01
5.771700000000005559e+01,5.000000000000000000e-01
5.771800000000005326e+01,5.000000000000000000e-01
5.771900000000005093e+01,5.000000000000000000e-01
5.772000000000005571e+01,5.000000000000000000e-01
5.772100000000005338e+01,5.000000000000000000e-01
5.772200000000005105e+01,5.000000000000000000e-01
5.772300000000005582e+01,5.000000000000000000e-01
5.772400000000005349e+01,5.000000000000000000e-01
5.772500000000005116e+01,5.000000000000000000e-01
5.772600000000005593e+01,5.000000000000000000e-01
5.772700000000005360e+01,5.000000000000000000e-01
5.772800000000005127e+01,5.000000000000000000e-01
5.772900000000005605e+01,5.000000000000000000e-01
5.773000000000005372e+01,5.000000000000000000e-01
5.773100000000005139e+01,5.000000000000000000e-01
5.773200000000005616e+01,5.000000000000000000e-01
5.773300000000005383e+01,5.000000000000000000e-01
5.773400000000005150e+01,5.000000000000000000e-01
5.773500000000005627e+01,5.000000000000000000e-01
5.773600000000005394e+01,5.000000000000000000e-01
5.773700000000005161e+01,5.000000000000000000e-01
5.773800000000005639e+01,5.000000000000000000e-01
5.773900000000005406e+01,5.000000000000000000e-01
5.774000000000005173e+01,5.000000000000000000e-01
5.774100000000004940e+01,5.000000000000000000e-01
5.774200000000005417e+01,5.000000000000000000e-01
5.774300000000005184e+01,5.000000000000000000e-01
5.774400000000004951e+01,5.000000000000000000e-01
5.774500000000005429e+01,5.000000000000000000e-01
5.774600000000005195e+01,5.000000000000000000e-01
5.774700000000004962e+01,5.000000000000000000e-01
5.774800000000005440e+01,5.000000000000000000e-01
5.774900000000005207e+01,5.000000000000000000e-01
5.775000000000004974e+01,5.000000000000000000e-01
5.775100000000005451e+01,5.000000000000000000e-01
5.775200000000005218e+01,5.000000000000000000e-01
5.775300000000004985e+01,5.000000000000000000e-01
5.775400000000005463e+01,5.000000000000000000e-01
5.775500000000005230e+01,5.000000000000000000e-01
5.775600000000004997e+01,5.000000000000000000e-01
5.775700000000005474e+01,5.000000000000000000e-01
5.775800000000005241e+01,5.000000000000000000e-01
5.775900000000005008e+01,5.000000000000000000e-01
5.776000000000005485e+01,5.000000000000000000e-01
5.776100000000005252e+01,5.000000000000000000e-01
5.776200000000005019e+01,5.000000000000000000e-01
5.776300000000005497e+01,5.000000000000000000e-01
5.776400000000005264e+01,5.000000000000000000e-01
5.776500000000005031e+01,5.000000000000000000e-01
5.776600000000005508e+01,5.000000000000000000e-01
5.776700000000005275e+01,5.000000000000000000e-01
5.776800000000005042e+01,5.000000000000000000e-01
5.776900000000005519e+01,5.000000000000000000e-01
5.777000000000005286e+01,5.000000000000000000e-01
5.777100000000005053e+01,5.000000000000000000e-01
5.777200000000005531e+01,5.000000000000000000e-01
5.777300000000005298e+01,5.000000000000000000e-01
5.777400000000005065e+01,5.000000000000000000e-01
5.777500000000005542e+01,5.000000000000000000e-01
5.777600000000005309e+01,5.000000000000000000e-01
5.777700000000005076e+01,5.000000000000000000e-01
5.777800000000005554e+01,5.000000000000000000e-01
5.777900000000005321e+01,5.000000000000000000e-01
5.778000000000005087e+01,5.000000000000000000e-01
5.778100000000005565e+01,5.000000000000000000e-01
5.778200000000005332e+01,5.000000000000000000e-01
5.778300000000005099e+01,5.000000000000000000e-01
5.778400000000005576e+01,5.000000000000000000e-01
5.778500000000005343e+01,5.000000000000000000e-01
5.778600000000005110e+01,5.000000000000000000e-01
5.778700000000005588e+01,5.000000000000000000e-01
5.778800000000005355e+01,5.000000000000000000e-01
5.778900000000005122e+01,5.000000000000000000e-01
5.779000000000005599e+01,5.000000000000000000e-01
5.779100000000005366e+01,5.000000000000000000e-01
5.779200000000005133e+01,5.000000000000000000e-01
5.779300000000005610e+01,5.000000000000000000e-01
5.779400000000005377e+01,5.000000000000000000e-01
5.779500000000005144e+01,5.000000000000000000e-01
5.779600000000005622e+01,5.000000000000000000e-01
5.779700000000005389e+01,5.000000000000000000e-01
5.779800000000005156e+01,5.000000000000000000e-01
5.779900000000005633e+01,5.000000000000000000e-01
5.780000000000005400e+01,5.000000000000000000e-01
5.780100000000005167e+01,5.000000000000000000e-01
5.780200000000005645e+01,5.000000000000000000e-01
5.780300000000005411e+01,5.000000000000000000e-01
5.780400000000005178e+01,5.000000000000000000e-01
5.780500000000005656e+01,5.000000000000000000e-01
5.780600000000005423e+01,5.000000000000000000e-01
5.780700000000005190e+01,5.000000000000000000e-01
5.780800000000004957e+01,5.000000000000000000e-01
5.780900000000005434e+01,5.000000000000000000e-01
5.781000000000005201e+01,5.000000000000000000e-01
5.781100000000004968e+01,5.000000000000000000e-01
5.781200000000005446e+01,5.000000000000000000e-01
5.781300000000005213e+01,5.000000000000000000e-01
5.781400000000004979e+01,5.000000000000000000e-01
5.781500000000005457e+01,5.000000000000000000e-01
5.781600000000005224e+01,5.000000000000000000e-01
5.781700000000004991e+01,5.000000000000000000e-01
5.781800000000005468e+01,5.000000000000000000e-01
5.781900000000005235e+01,5.000000000000000000e-01
5.782000000000005002e+01,5.000000000000000000e-01
5.782100000000005480e+01,5.000000000000000000e-01
5.782200000000005247e+01,5.000000000000000000e-01
5.782300000000005014e+01,5.000000000000000000e-01
5.782400000000005491e+01,5.000000000000000000e-01
5.782500000000005258e+01,5.000000000000000000e-01
5.782600000000005025e+01,5.000000000000000000e-01
5.782700000000005502e+01,5.000000000000000000e-01
5.782800000000005269e+01,5.000000000000000000e-01
5.782900000000005036e+01,5.000000000000000000e-01
5.783000000000005514e+01,5.000000000000000000e-01
5.783100000000005281e+01,5.000000000000000000e-01
5.783200000000005048e+01,5.000000000000000000e-01
5.783300000000005525e+01,5.000000000000000000e-01
5.783400000000005292e+01,5.000000000000000000e-01
5.783500000000005059e+01,5.000000000000000000e-01
5.783600000000005537e+01,5.000000000000000000e-01
5.783700000000005303e+01,5.000000000000000000e-01
5.783800000000005070e+01,5.000000000000000000e-01
5.783900000000005548e+01,5.000000000000000000e-01
5.784000000000005315e+01,5.000000000000000000e-01
5.784100000000005082e+01,5.000000000000000000e-01
5.784200000000005559e+01,5.000000000000000000e-01
5.784300000000005326e+01,5.000000000000000000e-01
5.784400000000005093e+01,5.000000000000000000e-01
5.784500000000005571e+01,5.000000000000000000e-01
5.784600000000005338e+01,5.000000000000000000e-01
5.784700000000005105e+01,5.000000000000000000e-01
5.784800000000005582e+01,5.000000000000000000e-01
5.784900000000005349e+01,5.000000000000000000e-01
5.785000000000005116e+01,5.000000000000000000e-01
5.785100000000005593e+01,5.000000000000000000e-01
5.785200000000005360e+01,5.000000000000000000e-01
5.785300000000005127e+01,5.000000000000000000e-01
5.785400000000005605e+01,5.000000000000000000e-01
5.785500000000005372e+01,5.000000000000000000e-01
5.785600000000005139e+01,5.000000000000000000e-01
5.785700000000005616e+01,5.000000000000000000e-01
5.785800000000005383e+01,5.000000000000000000e-01
5.785900000000005150e+01,5.000000000000000000e-01
5.786000000000005627e+01,5.000000000000000000e-01
5.786100000000005394e+01,5.000000000000000000e-01
5.786200000000005161e+01,5.000000000000000000e-01
5.786300000000005639e+01,5.000000000000000000e-01
5.786400000000005406e+01,5.000000000000000000e-01
5.786500000000005173e+01,5.000000000000000000e-01
5.786600000000005650e+01,5.000000000000000000e-01
5.786700000000005417e+01,5.000000000000000000e-01
5.786800000000005184e+01,5.000000000000000000e-01
5.786900000000004951e+01,5.000000000000000000e-01
5.787000000000005429e+01,5.000000000000000000e-01
5.787100000000005195e+01,5.000000000000000000e-01
5.787200000000004962e+01,5.000000000000000000e-01
5.787300000000005440e+01,5.000000000000000000e-01
5.787400000000005207e+01,5.000000000000000000e-01
5.787500000000004974e+01,5.000000000000000000e-01
5.787600000000005451e+01,5.000000000000000000e-01
5.787700000000005218e+01,5.000000000000000000e-01
5.787800000000004985e+01,5.000000000000000000e-01
5.787900000000005463e+01,5.000000000000000000e-01
5.788000000000005230e+01,5.000000000000000000e-01
5.788100000000004997e+01,5.000000000000000000e-01
5.788200000000005474e+01,5.000000000000000000e-01
5.788300000000005241e+01,5.000000000000000000e-01
5.788400000000005008e+01,5.000000000000000000e-01
5.788500000000005485e+01,5.000000000000000000e-01
5.788600000000005252e+01,5.000000000000000000e-01
5.788700000000005019e+01,5.000000000000000000e-01
5.788800000000005497e+01,5.000000000000000000e-01
5.788900000000005264e+01,5.000000000000000000e-01
5.789000000000005031e+01,5.000000000000000000e-01
5.789100000000005508e+01,5.000000000000000000e-01
5.789200000000005275e+01,5.000000000000000000e-01
5.789300000000005042e+01,5.000000000000000000e-01
5.789400000000005519e+01,5.000000000000000000e-01
5.789500000000005286e+01,5.000000000000000000e-01
5.789600000000005053e+01,5.000000000000000000e-01
5.789700000000005531e+01,5.000000000000000000e-01
5.789800000000005298e+01,5.000000000000000000e-01
5.789900000000005065e+01,5.000000000000000000e-01
5.790000000000005542e+01,5.000000000000000000e-01
5.790100000000005309e+01,5.000000000000000000e-01
5.790200000000005076e+01,5.000000000000000000e-01
5.790300000000005554e+01,5.000000000000000000e-01
5.790400000000005321e+01,5.000000000000000000e-01
5.790500000000005087e+01,5.000000000000000000e-01
5.790600000000005565e+01,5.000000000000000000e-01
5.790700000000005332e+01,5.000000000000000000e-01
5.790800000000005099e+01,5.000000000000000000e-01
5.790900000000005576e+01,5.000000000000000000e-01
5.791000000000005343e+01,5.000000000000000000e-01
5.791100000000005110e+01,5.000000000000000000e-01
5.791200000000005588e+01,5.000000000000000000e-01
5.791300000000005355e+01,5.000000000000000000e-01
5.791400000000005122e+01,5.000000000000000000e-01
5.791500000000005599e+01,5.000000000000000000e-01
5.791600000000005366e+01,5.000000000000000000e-01
5.791700000000005133e+01,5.000000000000000000e-01
5.791800000000005610e+01,5.000000000000000000e-01
5.791900000000005377e+01,5.000000000000000000e-01
5.792000000000005144e+01,5.000000000000000000e-01
5.792100000000005622e+01,5.000000000000000000e-01
5.792200000000005389e+01,5.000000000000000000e-01
5.792300000000005156e+01,5.000000000000000000e-01
5.792400000000005633e+01,5.000000000000000000e-01
5.792500000000005400e+01,5.000000000000000000e-01
5.792600000000005167e+01,5.000000000000000000e-01
5.792700000000005645e+01,5.000000000000000000e-01
5.792800000000005411e+01,5.000000000000000000e-01
5.792900000000005178e+01,5.000000000000000000e-01
5.793000000000005656e+01,5.000000000000000000e-01
5.793100000000005423e+01,5.000000000000000000e-01
5.793200000000005190e+01,5.000000000000000000e-01
5.793300000000005667e+01,5.000000000000000000e-01
5.793400000000005434e+01,5.000000000000000000e-01
5.793500000000005201e+01,5.000000000000000000e-01
5.793600000000004968e+01,5.000000000000000000e-01
5.793700000000005446e+01,5.000000000000000000e-01
5.793800000000005213e+01,5.000000000000000000e-01
5.793900000000004979e+01,5.000000000000000000e-01
5.794000000000005457e+01,5.000000000000000000e-01
5.794100000000005224e+01,5.000000000000000000e-01
5.794200000000004991e+01,5.000000000000000000e-01
5.794300000000005468e+01,5.000000000000000000e-01
5.794400000000005235e+01,5.000000000000000000e-01
5.794500000000005002e+01,5.000000000000000000e-01
5.794600000000005480e+01,5.000000000000000000e-01
5.794700000000005247e+01,5.000000000000000000e-01
5.794800000000005014e+01,5.000000000000000000e-01
5.794900000000005491e+01,5.000000000000000000e-01
5.795000000000005258e+01,5.000000000000000000e-01
5.795100000000005025e+01,5.000000000000000000e-01
5.795200000000005502e+01,5.000000000000000000e-01
5.795300000000005269e+01,5.000000000000000000e-01
5.795400000000005036e+01,5.000000000000000000e-01
5.795500000000005514e+01,5.000000000000000000e-01
5.795600000000005281e+01,5.000000000000000000e-01
5.795700000000005048e+01,5.000000000000000000e-01
5.795800000000005525e+01,5.000000000000000000e-01
5.795900000000005292e+01,5.000000000000000000e-01
5.796000000000005059e+01,5.000000000000000000e-01
5.796100000000005537e+01,5.000000000000000000e-01
5.796200000000005303e+01,5.000000000000000000e-01
5.796300000000005070e+01,5.000000000000000000e-01
5.796400000000005548e+01,5.000000000000000000e-01
5.796500000000005315e+01,5.000000000000000000e-01
5.796600000000005082e+01,5.000000000000000000e-01
5.796700000000005559e+01,5.000000000000000000e-01
5.796800000000005326e+01,5.000000000000000000e-01
5.796900000000005093e+01,5.000000000000000000e-01
5.797000000000005571e+01,5.000000000000000000e-01
5.797100000000005338e+01,5.000000000000000000e-01
5.797200000000005105e+01,5.000000000000000000e-01
5.797300000000005582e+01,5.000000000000000000e-01
5.797400000000005349e+01,5.000000000000000000e-01
5.797500000000005116e+01,5.000000000000000000e-01
5.797600000000005593e+01,5.000000000000000000e-01
5.797700000000005360e+01,5.000000000000000000e-01
5.797800000000005127e+01,5.000000000000000000e-01
5.797900000000005605e+01,5.000000000000000000e-01
5.798000000000005372e+01,5.000000000000000000e-01
5.798100000000005139e+01,5.000000000000000000e-01
5.798200000000005616e+01,5.000000000000000000e-01
5.798300000000005383e+01,5.000000000000000000e-01
5.798400000000005150e+01,5.000000000000000000e-01
5.798500000000005627e+01,5.000000000000000000e-01
5.798600000000005394e+01,5.000000000000000000e-01
5.798700000000005161e+01,5.000000000000000000e-01
5.798800000000005639e+01,5.000000000000000000e-01
5.798900000000005406e+01,5.000000000000000000e-01
5.799000000000005173e+01,5.000000000000000000e-01
5.799100000000005650e+01,5.000000000000000000e-01
5.799200000000005417e+01,5.000000000000000000e-01
5.799300000000005184e+01,5.000000000000000000e-01
5.799400000000005662e+01,5.000000000000000000e-01
5.799500000000005429e+01,5.000000000000000000e-01
5.799600000000005195e+01,5.000000000000000000e-01
5.799700000000004962e+01,5.000000000000000000e-01
5.799800000000005440e+01,5.000000000000000000e-01
5.799900000000005207e+01,5.000000000000000000e-01
5.800000000000004974e+01,5.000000000000000000e-01
5.800100000000005451e+01,5.000000000000000000e-01
5.800200000000005218e+01,5.000000000000000000e-01
5.800300000000004985e+01,5.000000000000000000e-01
5.800400000000005463e+01,5.000000000000000000e-01
5.800500000000005230e+01,5.000000000000000000e-01
5.800600000000004997e+01,5.000000000000000000e-01
5.800700000000005474e+01,5.000000000000000000e-01
5.800800000000005241e+01,5.000000000000000000e-01
5.800900000000005008e+01,5.000000000000000000e-01
5.801000000000005485e+01,5.000000000000000000e-01
5.801100000000005252e+01,5.000000000000000000e-01
5.801200000000005019e+01,5.000000000000000000e-01
5.801300000000005497e+01,5.000000000000000000e-01
5.801400000000005264e+01,5.000000000000000000e-01
5.801500000000005031e+01,5.000000000000000000e-01
5.801600000000005508e+01,5.000000000000000000e-01
5.801700000000005275e+01,5.000000000000000000e-01
5.801800000000005042e+01,5.000000000000000000e-01
5.801900000000005519e+01,5.000000000000000000e-01
5.802000000000005286e+01,5.000000000000000000e-01
5.802100000000005053e+01,5.000000000000000000e-01
5.802200000000005531e+01,5.000000000000000000e-01
5.802300000000005298e+01,5.000000000000000000e-01
5.802400000000005065e+01,5.000000000000000000e-01
5.802500000000005542e+01,5.000000000000000000e-01
5.802600000000005309e+01,5.000000000000000000e-01
5.802700000000005076e+01,5.000000000000000000e-01
5.802800000000005554e+01,5.000000000000000000e-01
5.802900000000005321e+01,5.000000000000000000e-01
5.803000000000005087e+01,5.000000000000000000e-01
5.803100000000005565e+01,5.000000000000000000e-01
5.803200000000005332e+01,5.000000000000000000e-01
5.803300000000005099e+01,5.000000000000000000e-01
5.803400000000005576e+01,5.000000000000000000e-01
5.803500000000005343e+01,5.000000000000000000e-01
5.803600000000005110e+01,5.000000000000000000e-01
5.803700000000005588e+01,5.000000000000000000e-01
5.803800000000005355e+01,5.000000000000000000e-01
5.803900000000005122e+01,5.000000000000000000e-01
5.804000000000005599e+01,5.000000000000000000e-01
5.804100000000005366e+01,5.000000000000000000e-01
5.804200000000005133e+01,5.000000000000000000e-01
5.804300000000005610e+01,5.000000000000000000e-01
5.804400000000005377e+01,5.000000000000000000e-01
5.804500000000005144e+01,5.000000000000000000e-01
5.804600000000005622e+01,5.000000000000000000e-01
5.804700000000005389e+01,5.000000000000000000e-01
5.804800000000005156e+01,5.000000000000000000e-01
5.804900000000005633e+01,5.000000000000000000e-01
5.805000000000005400e+01,5.000000000000000000e-01
5.805100000000005167e+01,5.000000000000000000e-01
5.805200000000005645e+01,5.000000000000000000e-01
5.805300000000005411e+01,5.000000000000000000e-01
5.805400000000005178e+01,5.000000000000000000e-01
5.805500000000005656e+01,5.000000000000000000e-01
5.805600000000005423e+01,5.000000000000000000e-01
5.805700000000005190e+01,5.000000000000000000e-01
5.805800000000005667e+01,5.000000000000000000e-01
5.805900000000005434e+01,5.000000000000000000e-01
5.806000000000005201e+01,5.000000000000000000e-01
5.806100000000005679e+01,5.000000000000000000e-01
5.806200000000005446e+01,5.000000000000000000e-01
5.806300000000005213e+01,5.000000000000000000e-01
5.806400000000004979e+01,5.000000000000000000e-01
5.806500000000005457e+01,5.000000000000000000e-01
5.806600000000005224e+01,5.000000000000000000e-01
5.806700000000004991e+01,5.000000000000000000e-01
5.806800000000005468e+01,5.000000000000000000e-01
5.806900000000005235e+01,5.000000000000000000e-01
5.807000000000005002e+01,5.000000000000000000e-01
5.807100000000005480e+01,5.000000000000000000e-01
5.807200000000005247e+01,5.000000000000000000e-01
5.807300000000005014e+01,5.000000000000000000e-01
5.807400000000005491e+01,5.000000000000000000e-01
5.807500000000005258e+01,5.000000000000000000e-01
5.807600000000005025e+01,5.000000000000000000e-01
5.807700000000005502e+01,5.000000000000000000e-01
5.807800000000005269e+01,5.000000000000000000e-01
5.807900000000005036e+01,5.000000000000000000e-01
5.808000000000005514e+01,5.000000000000000000e-01
5.808100000000005281e+01,5.000000000000000000e-01
5.808200000000005048e+01,5.000000000000000000e-01
5.808300000000005525e+01,5.000000000000000000e-01
5.808400000000005292e+01,5.000000000000000000e-01
5.808500000000005059e+01,5.000000000000000000e-01
5.808600000000005537e+01,5.000000000000000000e-01
5.808700000000005303e+01,5.000000000000000000e-01
5.808800000000005070e+01,5.000000000000000000e-01
5.808900000000005548e+01,5.000000000000000000e-01
5.809000000000005315e+01,5.000000000000000000e-01
5.809100000000005082e+01,5.000000000000000000e-01
5.809200000000005559e+01,5.000000000000000000e-01
5.809300000000005326e+01,5.000000000000000000e-01
5.809400000000005093e+01,5.000000000000000000e-01
5.809500000000005571e+01,5.000000000000000000e-01
5.809600000000005338e+01,5.000000000000000000e-01
5.809700000000005105e+01,5.000000000000000000e-01
5.809800000000005582e+01,5.000000000000000000e-01
5.809900000000005349e+01,5.000000000000000000e-01
5.810000000000005116e+01,5.000000000000000000e-01
5.810100000000005593e+01,5.000000000000000000e-01
5.810200000000005360e+01,5.000000000000000000e-01
5.810300000000005127e+01,5.000000000000000000e-01
5.810400000000005605e+01,5.000000000000000000e-01
5.810500000000005372e+01,5.000000000000000000e-01
5.810600000000005139e+01,5.000000000000000000e-01
5.810700000000005616e+01,5.000000000000000000e-01
5.810800000000005383e+01,5.000000000000000000e-01
5.810900000000005150e+01,5.000000000000000000e-01
5.811000000000005627e+01,5.000000000000000000e-01
5.811100000000005394e+01,5.000000000000000000e-01
5.811200000000005161e+01,5.000000000000000000e-01
5.811300000000005639e+01,5.000000000000000000e-01
5.811400000000005406e+01,5.000000000000000000e-01
5.811500000000005173e+01,5.000000000000000000e-01
5.811600000000005650e+01,5.000000000000000000e-01
5.811700000000005417e+01,5.000000000000000000e-01
5.811800000000005184e+01,5.000000000000000000e-01
5.811900000000005662e+01,5.000000000000000000e-01
5.812000000000005429e+01,5.000000000000000000e-01
5.812100000000005195e+01,5.000000000000000000e-01
5.812200000000005673e+01,5.000000000000000000e-01
5.812300000000005440e+01,5.000000000000000000e-01
5.812400000000005207e+01,5.000000000000000000e-01
5.812500000000004974e+01,5.000000000000000000e-01
5.812600000000005451e+01,5.000000000000000000e-01
5.812700000000005218e+01,5.000000000000000000e-01
5.812800000000004985e+01,5.000000000000000000e-01
5.812900000000005463e+01,5.000000000000000000e-01
5.813000000000005230e+01,5.000000000000000000e-01
5.813100000000004997e+01,5.000000000000000000e-01
5.813200000000005474e+01,5.000000000000000000e-01
5.813300000000005241e+01,5.000000000000000000e-01
5.813400000000005008e+01,5.000000000000000000e-01
5.813500000000005485e+01,5.000000000000000000e-01
5.813600000000005252e+01,5.000000000000000000e-01
5.813700000000005019e+01,5.000000000000000000e-01
5.813800000000005497e+01,5.000000000000000000e-01
5.813900000000005264e+01,5.000000000000000000e-01
5.814000000000005031e+01,5.000000000000000000e-01
5.814100000000005508e+01,5.000000000000000000e-01
5.814200000000005275e+01,5.000000000000000000e-01
5.814300000000005042e+01,5.000000000000000000e-01
5.814400000000005519e+01,5.000000000000000000e-01
5.814500000000005286e+01,5.000000000000000000e-01
5.814600000000005053e+01,5.000000000000000000e-01
5.814700000000005531e+01,5.000000000000000000e-01
5.814800000000005298e+01,5.000000000000000000e-01
5.814900000000005065e+01,5.000000000000000000e-01
5.815000000000005542e+01,5.000000000000000000e-01
5.815100000000005309e+01,5.000000000000000000e-01
5.815200000000005076e+01,5.000000000000000000e-01
5.815300000000005554e+01,5.000000000000000000e-01
5.815400000000005321e+01,5.000000000000000000e-01
5.815500000000005087e+01,5.000000000000000000e-01
5.815600000000005565e+01,5.000000000000000000e-01
5.815700000000005332e+01,5.000000000000000000e-01
5.815800000000005099e+01,5.000000000000000000e-01
5.815900000000005576e+01,5.000000000000000000e-01
5.816000000000005343e+01,5.000000000000000000e-01
5.816100000000005110e+01,5.000000000000000000e-01
5.816200000000005588e+01,5.000000000000000000e-01
5.816300000000005355e+01,5.000000000000000000e-01
5.816400000000005122e+01,5.000000000000000000e-01
5.816500000000005599e+01,5.000000000000000000e-01
5.816600000000005366e+01,5.000000000000000000e-01
5.816700000000005133e+01,5.000000000000000000e-01
5.816800000000005610e+01,5.000000000000000000e-01
5.816900000000005377e+01,5.000000000000000000e-01
5.817000000000005144e+01,5.000000000000000000e-01
5.817100000000005622e+01,5.000000000000000000e-01
5.817200000000005389e+01,5.000000000000000000e-01
5.817300000000005156e+01,5.000000000000000000e-01
5.817400000000005633e+01,5.000000000000000000e-01
5.817500000000005400e+01,5.000000000000000000e-01
5.817600000000005167e+01,5.000000000000000000e-01
5.817700000000005645e+01,5.000000000000000000e-01
5.817800000000005411e+01,5.000000000000000000e-01
5.817900000000005178e+01,5.000000000000000000e-01
5.818000000000005656e+01,5.000000000000000000e-01
5.818100000000005423e+01,5.000000000000000000e-01
5.818200000000005190e+01,5.000000000000000000e-01
5.818300000000005667e+01,5.000000000000000000e-01
5.818400000000005434e+01,5.000000000000000000e-01
5.818500000000005201e+01,5.000000000000000000e-01
5.818600000000005679e+01,5.000000000000000000e-01
5.818700000000005446e+01,5.000000000000000000e-01
5.818800000000005213e+01,5.000000000000000000e-01
5.818900000000005690e+01,5.000000000000000000e-01
5.819000000000005457e+01,5.000000000000000000e-01
5.819100000000005224e+01,5.000000000000000000e-01
5.819200000000004991e+01,5.000000000000000000e-01
5.819300000000005468e+01,5.000000000000000000e-01
5.819400000000005235e+01,5.000000000000000000e-01
5.819500000000005002e+01,5.000000000000000000e-01
5.819600000000005480e+01,5.000000000000000000e-01
5.819700000000005247e+01,5.000000000000000000e-01
5.819800000000005014e+01,5.000000000000000000e-01
5.819900000000005491e+01,5.000000000000000000e-01
5.820000000000005258e+01,5.000000000000000000e-01
5.820100000000005025e+01,5.000000000000000000e-01
5.820200000000005502e+01,5.000000000000000000e-01
5.820300000000005269e+01,5.000000000000000000e-01
5.820400000000005036e+01,5.000000000000000000e-01
5.820500000000005514e+01,5.000000000000000000e-01
5.820600000000005281e+01,5.000000000000000000e-01
5.820700000000005048e+01,5.000000000000000000e-01
5.820800000000005525e+01,5.000000000000000000e-01
5.820900000000005292e+01,5.000000000000000000e-01
5.821000000000005059e+01,5.000000000000000000e-01
5.821100000000005537e+01,5.000000000000000000e-01
5.821200000000005303e+01,5.000000000000000000e-01
5.821300000000005070e+01,5.000000000000000000e-01
5.821400000000005548e+01,5.000000000000000000e-01
5.821500000000005315e+01,5.000000000000000000e-01
5.821600000000005082e+01,5.000000000000000000e-01
5.821700000000005559e+01,5.000000000000000000e-01
5.821800000000005326e+01,5.000000000000000000e-01
5.821900000000005093e+01,5.000000000000000000e-01
5.822000000000005571e+01,5.000000000000000000e-01
5.822100000000005338e+01,5.000000000000000000e-01
5.822200000000005105e+01,5.000000000000000000e-01
5.822300000000005582e+01,5.000000000000000000e-01
5.822400000000005349e+01,5.000000000000000000e-01
5.822500000000005116e+01,5.000000000000000000e-01
5.822600000000005593e+01,5.000000000000000000e-01
5.822700000000005360e+01,5.000000000000000000e-01
5.822800000000005127e+01,5.000000000000000000e-01
5.822900000000005605e+01,5.000000000000000000e-01
5.823000000000005372e+01,5.000000000000000000e-01
5.823100000000005139e+01,5.000000000000000000e-01
5.823200000000005616e+01,5.000000000000000000e-01
5.823300000000005383e+01,5.000000000000000000e-01
5.823400000000005150e+01,5.000000000000000000e-01
5.823500000000005627e+01,5.000000000000000000e-01
5.823600000000005394e+01,5.000000000000000000e-01
5.823700000000005161e+01,5.000000000000000000e-01
5.823800000000005639e+01,5.000000000000000000e-01
5.823900000000005406e+01,5.000000000000000000e-01
5.824000000000005173e+01,5.000000000000000000e-01
5.824100000000005650e+01,5.000000000000000000e-01
5.824200000000005417e+01,5.000000000000000000e-01
5.824300000000005184e+01,5.000000000000000000e-01
5.824400000000005662e+01,5.000000000000000000e-01
5.824500000000005429e+01,5.000000000000000000e-01
5.824600000000005195e+01,5.000000000000000000e-01
5.824700000000005673e+01,5.000000000000000000e-01
5.824800000000005440e+01,5.000000000000000000e-01
5.824900000000005207e+01,5.000000000000000000e-01
5.825000000000005684e+01,5.000000000000000000e-01
5.825100000000005451e+01,5.000000000000000000e-01
5.825200000000005218e+01,5.000000000000000000e-01
5.825300000000004985e+01,5.000000000000000000e-01
5.825400000000005463e+01,5.000000000000000000e-01
5.825500000000005230e+01,5.000000000000000000e-01
5.825600000000004997e+01,5.000000000000000000e-01
5.825700000000005474e+01,5.000000000000000000e-01
5.825800000000005241e+01,5.000000000000000000e-01
5.825900000000005008e+01,5.000000000000000000e-01
5.826000000000005485e+01,5.000000000000000000e-01
5.826100000000005252e+01,5.000000000000000000e-01
5.826200000000005019e+01,5.000000000000000000e-01
5.826300000000005497e+01,5.000000000000000000e-01
5.826400000000005264e+01,5.000000000000000000e-01
5.826500000000005031e+01,5.000000000000000000e-01
5.826600000000005508e+01,5.000000000000000000e-01
5.826700000000005275e+01,5.000000000000000000e-01
5.826800000000005042e+01,5.000000000000000000e-01
5.826900000000005519e+01,5.000000000000000000e-01
5.827000000000005286e+01,5.000000000000000000e-01
5.827100000000005053e+01,5.000000000000000000e-01
5.827200000000005531e+01,5.000000000000000000e-01
5.827300000000005298e+01,5.000000000000000000e-01
5.827400000000005065e+01,5.000000000000000000e-01
5.827500000000005542e+01,5.000000000000000000e-01
5.827600000000005309e+01,5.000000000000000000e-01
5.827700000000005076e+01,5.000000000000000000e-01
5.827800000000005554e+01,5.000000000000000000e-01
5.827900000000005321e+01,5.000000000000000000e-01
5.828000000000005087e+01,5.000000000000000000e-01
5.828100000000005565e+01,5.000000000000000000e-01
5.828200000000005332e+01,5.000000000000000000e-01
5.828300000000005099e+01,5.000000000000000000e-01
5.828400000000005576e+01,5.000000000000000000e-01
5.828500000000005343e+01,5.000000000000000000e-01
5.828600000000005110e+01,5.000000000000000000e-01
5.828700000000005588e+01,5.000000000000000000e-01
5.828800000000005355e+01,5.000000000000000000e-01
5.828900000000005122e+01,5.000000000000000000e-01
5.829000000000005599e+01,5.000000000000000000e-01
5.829100000000005366e+01,5.000000000000000000e-01
5.829200000000005133e+01,5.000000000000000000e-01
5.829300000000005610e+01,5.000000000000000000e-01
5.829400000000005377e+01,5.000000000000000000e-01
5.829500000000005144e+01,5.000000000000000000e-01
5.829600000000005622e+01,5.000000000000000000e-01
5.829700000000005389e+01,5.000000000000000000e-01
5.829800000000005156e+01,5.000000000000000000e-01
5.829900000000005633e+01,5.000000000000000000e-01
5.830000000000005400e+01,5.000000000000000000e-01
5.830100000000005167e+01,5.000000000000000000e-01
5.830200000000005645e+01,5.000000000000000000e-01
5.830300000000005411e+01,5.000000000000000000e-01
5.830400000000005178e+01,5.000000000000000000e-01
5.830500000000005656e+01,5.000000000000000000e-01
5.830600000000005423e+01,5.000000000000000000e-01
5.830700000000005190e+01,5.000000000000000000e-01
5.830800000000005667e+01,5.000000000000000000e-01
5.830900000000005434e+01,5.000000000000000000e-01
5.831000000000005201e+01,5.000000000000000000e-01
5.831100000000005679e+01,5.000000000000000000e-01
5.831200000000005446e+01,5.000000000000000000e-01
5.831300000000005213e+01,5.000000000000000000e-01
5.831400000000005690e+01,5.000000000000000000e-01
5.831500000000005457e+01,5.000000000000000000e-01
5.831600000000005224e+01,5.000000000000000000e-01
5.831700000000005701e+01,5.000000000000000000e-01
5.831800000000005468e+01,5.000000000000000000e-01
5.831900000000005235e+01,5.000000000000000000e-01
5.832000000000005002e+01,5.000000000000000000e-01
5.832100000000005480e+01,5.000000000000000000e-01
5.832200000000005247e+01,5.000000000000000000e-01
5.832300000000005014e+01,5.000000000000000000e-01
5.832400000000005491e+01,5.000000000000000000e-01
5.832500000000005258e+01,5.000000000000000000e-01
5.832600000000005025e+01,5.000000000000000000e-01
5.832700000000005502e+01,5.000000000000000000e-01
5.832800000000005269e+01,5.000000000000000000e-01
5.832900000000005036e+01,5.000000000000000000e-01
5.833000000000005514e+01,5.000000000000000000e-01
5.833100000000005281e+01,5.000000000000000000e-01
5.833200000000005048e+01,5.000000000000000000e-01
5.833300000000005525e+01,5.000000000000000000e-01
5.833400000000005292e+01,5.000000000000000000e-01
5.833500000000005059e+01,5.000000000000000000e-01
5.833600000000005537e+01,5.000000000000000000e-01
5.833700000000005303e+01,5.000000000000000000e-01
5.833800000000005070e+01,5.000000000000000000e-01
5.833900000000005548e+01,5.000000000000000000e-01
5.834000000000005315e+01,5.000000000000000000e-01
5.834100000000005082e+01,5.000000000000000000e-01
5.834200000000005559e+01,5.000000000000000000e-01
5.834300000000005326e+01,5.000000000000000000e-01
5.834400000000005093e+01,5.000000000000000000e-01
5.834500000000005571e+01,5.000000000000000000e-01
5.834600000000005338e+01,5.000000000000000000e-01
5.834700000000005105e+01,5.000000000000000000e-01
5.834800000000005582e+01,5.000000000000000000e-01
5.834900000000005349e+01,5.000000000000000000e-01
5.835000000000005116e+01,5.000000000000000000e-01
5.835100000000005593e+01,5.000000000000000000e-01
5.835200000000005360e+01,5.000000000000000000e-01
5.835300000000005127e+01,5.000000000000000000e-01
5.835400000000005605e+01,5.000000000000000000e-01
5.835500000000005372e+01,5.000000000000000000e-01
5.835600000000005139e+01,5.000000000000000000e-01
5.835700000000005616e+01,5.000000000000000000e-01
5.835800000000005383e+01,5.000000000000000000e-01
5.835900000000005150e+01,5.000000000000000000e-01
5.836000000000005627e+01,5.000000000000000000e-01
5.836100000000005394e+01,5.000000000000000000e-01
5.836200000000005161e+01,5.000000000000000000e-01
5.836300000000005639e+01,5.000000000000000000e-01
5.836400000000005406e+01,5.000000000000000000e-01
5.836500000000005173e+01,5.000000000000000000e-01
5.836600000000005650e+01,5.000000000000000000e-01
5.836700000000005417e+01,5.000000000000000000e-01
5.836800000000005184e+01,5.000000000000000000e-01
5.836900000000005662e+01,5.000000000000000000e-01
5.837000000000005429e+01,5.000000000000000000e-01
5.837100000000005195e+01,5.000000000000000000e-01
5.837200000000005673e+01,5.000000000000000000e-01
5.837300000000005440e+01,5.000000000000000000e-01
5.837400000000005207e+01,5.000000000000000000e-01
5.837500000000005684e+01,5.000000000000000000e-01
5.837600000000005451e+01,5.000000000000000000e-01
5.837700000000005218e+01,5.000000000000000000e-01
5.837800000000005696e+01,5.000000000000000000e-01
5.837900000000005463e+01,5.000000000000000000e-01
5.838000000000005230e+01,5.000000000000000000e-01
5.838100000000004997e+01,5.000000000000000000e-01
5.838200000000005474e+01,5.000000000000000000e-01
5.838300000000005241e+01,5.000000000000000000e-01
5.838400000000005008e+01,5.000000000000000000e-01
5.838500000000005485e+01,5.000000000000000000e-01
5.838600000000005252e+01,5.000000000000000000e-01
5.838700000000005019e+01,5.000000000000000000e-01
5.838800000000005497e+01,5.000000000000000000e-01
5.838900000000005264e+01,5.000000000000000000e-01
5.839000000000005031e+01,5.000000000000000000e-01
5.839100000000005508e+01,5.000000000000000000e-01
5.839200000000005275e+01,5.000000000000000000e-01
5.839300000000005042e+01,5.000000000000000000e-01
5.839400000000005519e+01,5.000000000000000000e-01
5.839500000000005286e+01,5.000000000000000000e-01
5.839600000000005053e+01,5.000000000000000000e-01
5.839700000000005531e+01,5.000000000000000000e-01
5.839800000000005298e+01,5.000000000000000000e-01
5.839900000000005065e+01,5.000000000000000000e-01
5.840000000000005542e+01,5.000000000000000000e-01
5.840100000000005309e+01,5.000000000000000000e-01
5.840200000000005076e+01,5.000000000000000000e-01
5.840300000000005554e+01,5.000000000000000000e-01
5.840400000000005321e+01,5.000000000000000000e-01
5.840500000000005087e+01,5.000000000000000000e-01
5.840600000000005565e+01,5.000000000000000000e-01
5.840700000000005332e+01,5.000000000000000000e-01
5.840800000000005099e+01,5.000000000000000000e-01
5.840900000000005576e+01,5.000000000000000000e-01
5.841000000000005343e+01,5.000000000000000000e-01
5.841100000000005110e+01,5.000000000000000000e-01
5.841200000000005588e+01,5.000000000000000000e-01
5.841300000000005355e+01,5.000000000000000000e-01
5.841400000000005122e+01,5.000000000000000000e-01
5.841500000000005599e+01,5.000000000000000000e-01
5.841600000000005366e+01,5.000000000000000000e-01
5.841700000000005133e+01,5.000000000000000000e-01
5.841800000000005610e+01,5.000000000000000000e-01
5.841900000000005377e+01,5.000000000000000000e-01
5.842000000000005144e+01,5.000000000000000000e-01
5.842100000000005622e+01,5.000000000000000000e-01
5.842200000000005389e+01,5.000000000000000000e-01
5.842300000000005156e+01,5.000000000000000000e-01
5.842400000000005633e+01,5.000000000000000000e-01
5.842500000000005400e+01,5.000000000000000000e-01
5.842600000000005167e+01,5.000000000000000000e-01
5.842700000000005645e+01,5.000000000000000000e-01
5.842800000000005411e+01,5.000000000000000000e-01
5.842900000000005178e+01,5.000000000000000000e-01
5.843000000000005656e+01,5.000000000000000000e-01
5.843100000000005423e+01,5.000000000000000000e-01
5.843200000000005190e+01,5.000000000000000000e-01
5.843300000000005667e+01,5.000000000000000000e-01
5.843400000000005434e+01,5.000000000000000000e-01
5.843500000000005201e+01,5.000000000000000000e-01
5.843600000000005679e+01,5.000000000000000000e-01
5.843700000000005446e+01,5.000000000000000000e-01
5.843800000000005213e+01,5.000000000000000000e-01
5.843900000000005690e+01,5.000000000000000000e-01
5.844000000000005457e+01,5.000000000000000000e-01
5.844100000000005224e+01,5.000000000000000000e-01
5.844200000000005701e+01,5.000000000000000000e-01
5.844300000000005468e+01,5.000000000000000000e-01
5.844400000000005235e+01,5.000000000000000000e-01
5.844500000000005713e+01,5.000000000000000000e-01
5.844600000000005480e+01,5.000000000000000000e-01
5.844700000000005247e+01,5.000000000000000000e-01
5.844800000000005014e+01,5.000000000000000000e-01
5.844900000000005491e+01,5.000000000000000000e-01
5.845000000000005258e+01,5.000000000000000000e-01
5.845100000000005025e+01,5.000000000000000000e-01
5.845200000000005502e+01,5.000000000000000000e-01
5.845300000000005269e+01,5.000000000000000000e-01
5.845400000000005036e+01,5.000000000000000000e-01
5.845500000000005514e+01,5.000000000000000000e-01
5.845600000000005281e+01,5.000000000000000000e-01
5.845700000000005048e+01,5.000000000000000000e-01
5.845800000000005525e+01,5.000000000000000000e-01
5.845900000000005292e+01,5.000000000000000000e-01
5.846000000000005059e+01,5.000000000000000000e-01
5.846100000000005537e+01,5.000000000000000000e-01
5.846200000000005303e+01,5.000000000000000000e-01
5.846300000000005070e+01,5.000000000000000000e-01
5.846400000000005548e+01,5.000000000000000000e-01
5.846500000000005315e+01,5.000000000000000000e-01
5.846600000000005082e+01,5.000000000000000000e-01
5.846700000000005559e+01,5.000000000000000000e-01
5.846800000000005326e+01,5.000000000000000000e-01
5.846900000000005093e+01,5.000000000000000000e-01
5.847000000000005571e+01,5.000000000000000000e-01
5.847100000000005338e+01,5.000000000000000000e-01
5.847200000000005105e+01,5.000000000000000000e-01
5.847300000000005582e+01,5.000000000000000000e-01
5.847400000000005349e+01,5.000000000000000000e-01
5.847500000000005116e+01,5.000000000000000000e-01
5.847600000000005593e+01,5.000000000000000000e-01
5.847700000000005360e+01,5.000000000000000000e-01
5.847800000000005127e+01,5.000000000000000000e-01
5.847900000000005605e+01,5.000000000000000000e-01
5.848000000000005372e+01,5.000000000000000000e-01
5.848100000000005139e+01,5.000000000000000000e-01
5.848200000000005616e+01,5.000000000000000000e-01
5.848300000000005383e+01,5.000000000000000000e-01
5.848400000000005150e+01,5.000000000000000000e-01
5.848500000000005627e+01,5.000000000000000000e-01
5.848600000000005394e+01,5.000000000000000000e-01
5.848700000000005161e+01,5.000000000000000000e-01
5.848800000000005639e+01,5.000000000000000000e-01
5.848900000000005406e+01,5.000000000000000000e-01
5.849000000000005173e+01,5.000000000000000000e-01
5.849100000000005650e+01,5.000000000000000000e-01
5.849200000000005417e+01,5.000000000000000000e-01
5.849300000000005184e+01,5.000000000000000000e-01
5.849400000000005662e+01,5.000000000000000000e-01
5.849500000000005429e+01,5.000000000000000000e-01
5.849600000000005195e+01,5.000000000000000000e-01
5.849700000000005673e+01,5.000000000000000000e-01
5.849800000000005440e+01,5.000000000000000000e-01
5.849900000000005207e+01,5.000000000000000000e-01
5.850000000000005684e+01,5.000000000000000000e-01
5.850100000000005451e+01,5.000000000000000000e-01
5.850200000000005218e+01,5.000000000000000000e-01
5.850300000000005696e+01,5.000000000000000000e-01
5.850400000000005463e+01,5.000000000000000000e-01
5.850500000000005230e+01,5.000000000000000000e-01
5.850600000000005707e+01,5.000000000000000000e-01
5.850700000000005474e+01,5.000000000000000000e-01
5.850800000000005241e+01,5.000000000000000000e-01
5.850900000000005008e+01,5.000000000000000000e-01
5.851000000000005485e+01,5.000000000000000000e-01
5.851100000000005252e+01,5.000000000000000000e-01
5.851200000000005019e+01,5.000000000000000000e-01
5.851300000000005497e+01,5.000000000000000000e-01
5.851400000000005264e+01,5.000000000000000000e-01
5.851500000000005031e+01,5.000000000000000000e-01
5.851600000000005508e+01,5.000000000000000000e-01
5.851700000000005275e+01,5.000000000000000000e-01
5.851800000000005042e+01,5.000000000000000000e-01
5.851900000000005519e+01,5.000000000000000000e-01
5.852000000000005286e+01,5.000000000000000000e-01
5.852100000000005053e+01,5.000000000000000000e-01
5.852200000000005531e+01,5.000000000000000000e-01
5.852300000000005298e+01,5.000000000000000000e-01
5.852400000000005065e+01,5.000000000000000000e-01
5.852500000000005542e+01,5.000000000000000000e-01
5.852600000000005309e+01,5.000000000000000000e-01
5.852700000000005076e+01,5.000000000000000000e-01
5.852800000000005554e+01,5.000000000000000000e-01
5.852900000000005321e+01,5.000000000000000000e-01
5.853000000000005087e+01,5.000000000000000000e-01
5.853100000000005565e+01,5.000000000000000000e-01
5.853200000000005332e+01,5.000000000000000000e-01
5.853300000000005099e+01,5.000000000000000000e-01
5.853400000000005576e+01,5.000000000000000000e-01
5.853500000000005343e+01,5.000000000000000000e-01
5.853600000000005110e+01,5.000000000000000000e-01
5.853700000000005588e+01,5.000000000000000000e-01
5.853800000000005355e+01,5.000000000000000000e-01
5.853900000000005122e+01,5.000000000000000000e-01
5.854000000000005599e+01,5.000000000000000000e-01
5.854100000000005366e+01,5.000000000000000000e-01
5.854200000000005133e+01,5.000000000000000000e-01
5.854300000000005610e+01,5.000000000000000000e-01
5.854400000000005377e+01,5.000000000000000000e-01
5.854500000000005144e+01,5.000000000000000000e-01
5.854600000000005622e+01,5.000000000000000000e-01
5.854700000000005389e+01,5.000000000000000000e-01
5.854800000000005156e+01,5.000000000000000000e-01
5.854900000000005633e+01,5.000000000000000000e-01
5.855000000000005400e+01,5.000000000000000000e-01
5.855100000000005167e+01,5.000000000000000000e-01
5.855200000000005645e+01,5.000000000000000000e-01
5.855300000000005411e+01,5.000000000000000000e-01
5.855400000000005178e+01,5.000000000000000000e-01
5.855500000000005656e+01,5.000000000000000000e-01
5.855600000000005423e+01,5.000000000000000000e-01
5.855700000000005190e+01,5.000000000000000000e-01
5.855800000000005667e+01,5.000000000000000000e-01
5.855900000000005434e+01,5.000000000000000000e-01
5.856000000000005201e+01,5.000000000000000000e-01
5.856100000000005679e+01,5.000000000000000000e-01
5.856200000000005446e+01,5.000000000000000000e-01
5.856300000000005213e+01,5.000000000000000000e-01
5.856400000000005690e+01,5.000000000000000000e-01
5.856500000000005457e+01,5.000000000000000000e-01
5.856600000000005224e+01,5.000000000000000000e-01
5.856700000000005701e+01,5.000000000000000000e-01
5.856800000000005468e+01,5.000000000000000000e-01
5.856900000000005235e+01,5.000000000000000000e-01
5.857000000000005713e+01,5.000000000000000000e-01
5.857100000000005480e+01,5.000000000000000000e-01
5.857200000000005247e+01,5.000000000000000000e-01
5.857300000000005724e+01,5.000000000000000000e-01
5.857400000000005491e+01,5.000000000000000000e-01
5.857500000000005258e+01,5.000000000000000000e-01
5.857600000000005025e+01,5.000000000000000000e-01
5.857700000000005502e+01,5.000000000000000000e-01
5.857800000000005269e+01,5.000000000000000000e-01
5.857900000000005036e+01,5.000000000000000000e-01
5.858000000000005514e+01,5.000000000000000000e-01
5.858100000000005281e+01,5.000000000000000000e-01
5.858200000000005048e+01,5.000000000000000000e-01
5.858300000000005525e+01,5.000000000000000000e-01
5.858400000000005292e+01,5.000000000000000000e-01
5.858500000000005059e+01,5.000000000000000000e-01
5.858600000000005537e+01,5.000000000000000000e-01
5.858700000000005303e+01,5.000000000000000000e-01
5.858800000000005070e+01,5.000000000000000000e-01
5.858900000000005548e+01,5.000000000000000000e-01
5.859000000000005315e+01,5.000000000000000000e-01
5.859100000000005082e+01,5.000000000000000000e-01
5.859200000000005559e+01,5.000000000000000000e-01
5.859300000000005326e+01,5.000000000000000000e-01
5.859400000000005093e+01,5.000000000000000000e-01
5.859500000000005571e+01,5.000000000000000000e-01
5.859600000000005338e+01,5.000000000000000000e-01
5.859700000000005105e+01,5.000000000000000000e-01
5.859800000000005582e+01,5.000000000000000000e-01
5.859900000000005349e+01,5.000000000000000000e-01
5.860000000000005116e+01,5.000000000000000000e-01
5.860100000000005593e+01,5.000000000000000000e-01
5.860200000000005360e+01,5.000000000000000000e-01
5.860300000000005127e+01,5.000000000000000000e-01
5.860400000000005605e+01,5.000000000000000000e-01
5.860500000000005372e+01,5.000000000000000000e-01
5.860600000000005139e+01,5.000000000000000000e-01
5.860700000000005616e+01,5.000000000000000000e-01
5.860800000000005383e+01,5.000000000000000000e-01
5.860900000000005150e+01,5.000000000000000000e-01
5.861000000000005627e+01,5.000000000000000000e-01
5.861100000000005394e+01,5.000000000000000000e-01
5.861200000000005161e+01,5.000000000000000000e-01
5.861300000000005639e+01,5.000000000000000000e-01
5.861400000000005406e+01,5.000000000000000000e-01
5.861500000000005173e+01,5.000000000000000000e-01
5.861600000000005650e+01,5.000000000000000000e-01
5.861700000000005417e+01,5.000000000000000000e-01
5.861800000000005184e+01,5.000000000000000000e-01
5.861900000000005662e+01,5.000000000000000000e-01
5.862000000000005429e+01,5.000000000000000000e-01
5.862100000000005195e+01,5.000000000000000000e-01
5.862200000000005673e+01,5.000000000000000000e-01
5.862300000000005440e+01,5.000000000000000000e-01
5.862400000000005207e+01,5.000000000000000000e-01
5.862500000000005684e+01,5.000000000000000000e-01
5.862600000000005451e+01,5.000000000000000000e-01
5.862700000000005218e+01,5.000000000000000000e-01
5.862800000000005696e+01,5.000000000000000000e-01
5.862900000000005463e+01,5.000000000000000000e-01
5.863000000000005230e+01,5.000000000000000000e-01
5.863100000000005707e+01,5.000000000000000000e-01
5.863200000000005474e+01,5.000000000000000000e-01
5.863300000000005241e+01,5.000000000000000000e-01
5.863400000000005718e+01,5.000000000000000000e-01
5.863500000000005485e+01,5.000000000000000000e-01
5.863600000000005252e+01,5.000000000000000000e-01
5.863700000000005019e+01,5.000000000000000000e-01
5.863800000000005497e+01,5.000000000000000000e-01
5.863900000000005264e+01,5.000000000000000000e-01
5.864000000000005031e+01,5.000000000000000000e-01
5.864100000000005508e+01,5.000000000000000000e-01
5.864200000000005275e+01,5.000000000000000000e-01
5.864300000000005042e+01,5.000000000000000000e-01
5.864400000000005519e+01,5.000000000000000000e-01
5.864500000000005286e+01,5.000000000000000000e-01
5.864600000000005053e+01,5.000000000000000000e-01
5.864700000000005531e+01,5.000000000000000000e-01
5.864800000000005298e+01,5.000000000000000000e-01
5.864900000000005065e+01,5.000000000000000000e-01
5.865000000000005542e+01,5.000000000000000000e-01
5.865100000000005309e+01,5.000000000000000000e-01
5.865200000000005076e+01,5.000000000000000000e-01
5.865300000000005554e+01,5.000000000000000000e-01
5.865400000000005321e+01,5.000000000000000000e-01
5.865500000000005087e+01,5.000000000000000000e-01
5.865600000000005565e+01,5.000000000000000000e-01
5.865700000000005332e+01,5.000000000000000000e-01
5.865800000000005099e+01,5.000000000000000000e-01
5.865900000000005576e+01,5.000000000000000000e-01
5.866000000000005343e+01,5.000000000000000000e-01
5.866100000000005110e+01,5.000000000000000000e-01
5.866200000000005588e+01,5.000000000000000000e-01
5.866300000000005355e+01,5.000000000000000000e-01
5.866400000000005122e+01,5.000000000000000000e-01
5.866500000000005599e+01,5.000000000000000000e-01
5.866600000000005366e+01,5.000000000000000000e-01
5.866700000000005133e+01,5.000000000000000000e-01
5.866800000000005610e+01,5.000000000000000000e-01
5.866900000000005377e+01,5.000000000000000000e-01
5.867000000000005144e+01,5.000000000000000000e-01
5.867100000000005622e+01,5.000000000000000000e-01
5.867200000000005389e+01,5.000000000000000000e-01
5.867300000000005156e+01,5.000000000000000000e-01
5.867400000000005633e+01,5.000000000000000000e-01
5.867500000000005400e+01,5.000000000000000000e-01
5.867600000000005167e+01,5.000000000000000000e-01
5.867700000000005645e+01,5.000000000000000000e-01
5.867800000000005411e+01,5.000000000000000000e-01
5.867900000000005178e+01,5.000000000000000000e-01
5.868000000000005656e+01,5.000000000000000000e-01
5.868100000000005423e+01,5.000000000000000000e-01
5.868200000000005190e+01,5.000000000000000000e-01
5.868300000000005667e+01,5.000000000000000000e-01
5.868400000000005434e+01,5.000000000000000000e-01
5.868500000000005201e+01,5.000000000000000000e-01
5.868600000000005679e+01,5.000000000000000000e-01
5.868700000000005446e+01,5.000000000000000000e-01
5.868800000000005213e+01,5.000000000000000000e-01
5.868900000000005690e+01,5.000000000000000000e-01
5.869000000000005457e+01,5.000000000000000000e-01
5.869100000000005224e+01,5.000000000000000000e-01
5.869200000000005701e+01,5.000000000000000000e-01
5.869300000000005468e+01,5.000000000000000000e-01
5.869400000000005235e+01,5.000000000000000000e-01
5.869500000000005713e+01,5.000000000000000000e-01
5.869600000000005480e+01,5.000000000000000000e-01
5.869700000000005247e+01,5.000000000000000000e-01
5.869800000000005724e+01,5.000000000000000000e-01
5.869900000000005491e+01,5.000000000000000000e-01
5.870000000000005258e+01,5.000000000000000000e-01
5.870100000000005736e+01,5.000000000000000000e-01
5.870200000000005502e+01,5.000000000000000000e-01
5.870300000000005269e+01,5.000000000000000000e-01
5.870400000000005036e+01,5.000000000000000000e-01
5.870500000000005514e+01,5.000000000000000000e-01
5.870600000000005281e+01,5.000000000000000000e-01
5.870700000000005048e+01,5.000000000000000000e-01
5.870800000000005525e+01,5.000000000000000000e-01
5.870900000000005292e+01,5.000000000000000000e-01
5.871000000000005059e+01,5.000000000000000000e-01
5.871100000000005537e+01,5.000000000000000000e-01
5.871200000000005303e+01,5.000000000000000000e-01
5.871300000000005070e+01,5.000000000000000000e-01
5.871400000000005548e+01,5.000000000000000000e-01
5.871500000000005315e+01,5.000000000000000000e-01
5.871600000000005082e+01,5.000000000000000000e-01
5.871700000000005559e+01,5.000000000000000000e-01
5.871800000000005326e+01,5.000000000000000000e-01
5.871900000000005093e+01,5.000000000000000000e-01
5.872000000000005571e+01,5.000000000000000000e-01
5.872100000000005338e+01,5.000000000000000000e-01
5.872200000000005105e+01,5.000000000000000000e-01
5.872300000000005582e+01,5.000000000000000000e-01
5.872400000000005349e+01,5.000000000000000000e-01
5.872500000000005116e+01,5.000000000000000000e-01
5.872600000000005593e+01,5.000000000000000000e-01
5.872700000000005360e+01,5.000000000000000000e-01
5.872800000000005127e+01,5.000000000000000000e-01
5.872900000000005605e+01,5.000000000000000000e-01
5.873000000000005372e+01,5.000000000000000000e-01
5.873100000000005139e+01,5.000000000000000000e-01
5.873200000000005616e+01,5.000000000000000000e-01
5.873300000000005383e+01,5.000000000000000000e-01
5.873400000000005150e+01,5.000000000000000000e-01
5.873500000000005627e+01,5.000000000000000000e-01
5.873600000000005394e+01,5.000000000000000000e-01
5.873700000000005161e+01,5.000000000000000000e-01
5.873800000000005639e+01,5.000000000000000000e-01
5.873900000000005406e+01,5.000000000000000000e-01
5.874000000000005173e+01,5.000000000000000000e-01
5.874100000000005650e+01,5.000000000000000000e-01
5.874200000000005417e+01,5.000000000000000000e-01
5.874300000000005184e+01,5.000000000000000000e-01
5.874400000000005662e+01,5.000000000000000000e-01
5.874500000000005429e+01,5.000000000000000000e-01
5.874600000000005195e+01,5.000000000000000000e-01
5.874700000000005673e+01,5.000000000000000000e-01
5.874800000000005440e+01,5.000000000000000000e-01
5.874900000000005207e+01,5.000000000000000000e-01
5.875000000000005684e+01,5.000000000000000000e-01
5.875100000000005451e+01,5.000000000000000000e-01
5.875200000000005218e+01,5.000000000000000000e-01
5.875300000000005696e+01,5.000000000000000000e-01
5.875400000000005463e+01,5.000000000000000000e-01
5.875500000000005230e+01,5.000000000000000000e-01
5.875600000000005707e+01,5.000000000000000000e-01
5.875700000000005474e+01,5.000000000000000000e-01
5.875800000000005241e+01,5.000000000000000000e-01
5.875900000000005718e+01,5.000000000000000000e-01
5.876000000000005485e+01,5.000000000000000000e-01
5.876100000000005252e+01,5.000000000000000000e-01
5.876200000000005730e+01,5.000000000000000000e-01
5.876300000000005497e+01,5.000000000000000000e-01
5.876400000000005264e+01,5.000000000000000000e-01
5.876500000000005031e+01,5.000000000000000000e-01
5.876600000000005508e+01,5.000000000000000000e-01
5.876700000000005275e+01,5.000000000000000000e-01
5.876800000000005042e+01,5.000000000000000000e-01
5.876900000000005519e+01,5.000000000000000000e-01
5.877000000000005286e+01,5.000000000000000000e-01
5.877100000000005053e+01,5.000000000000000000e-01
5.877200000000005531e+01,5.000000000000000000e-01
5.877300000000005298e+01,5.000000000000000000e-01
5.877400000000005065e+01,5.000000000000000000e-01
5.877500000000005542e+01,5.000000000000000000e-01
5.877600000000005309e+01,5.000000000000000000e-01
5.877700000000005076e+01,5.000000000000000000e-01
5.877800000000005554e+01,5.000000000000000000e-01
5.877900000000005321e+01,5.000000000000000000e-01
5.878000000000005087e+01,5.000000000000000000e-01
5.878100000000005565e+01,5.000000000000000000e-01
5.878200000000005332e+01,5.000000000000000000e-01
5.878300000000005099e+01,5.000000000000000000e-01
5.878400000000005576e+01,5.000000000000000000e-01
5.878500000000005343e+01,5.000000000000000000e-01
5.878600000000005110e+01,5.000000000000000000e-01
5.878700000000005588e+01,5.000000000000000000e-01
5.878800000000005355e+01,5.000000000000000000e-01
5.878900000000005122e+01,5.000000000000000000e-01
5.879000000000005599e+01,5.000000000000000000e-01
5.879100000000005366e+01,5.000000000000000000e-01
5.879200000000005133e+01,5.000000000000000000e-01
5.879300000000005610e+01,5.000000000000000000e-01
5.879400000000005377e+01,5.000000000000000000e-01
5.879500000000005144e+01,5.000000000000000000e-01
5.879600000000005622e+01,5.000000000000000000e-01
5.879700000000005389e+01,5.000000000000000000e-01
5.879800000000005156e+01,5.000000000000000000e-01
5.879900000000005633e+01,5.000000000000000000e-01
5.880000000000005400e+01,5.000000000000000000e-01
5.880100000000005167e+01,5.000000000000000000e-01
5.880200000000005645e+01,5.000000000000000000e-01
5.880300000000005411e+01,5.000000000000000000e-01
5.880400000000005178e+01,5.000000000000000000e-01
5.880500000000005656e+01,5.000000000000000000e-01
5.880600000000005423e+01,5.000000000000000000e-01
5.880700000000005190e+01,5.000000000000000000e-01
5.880800000000005667e+01,5.000000000000000000e-01
5.880900000000005434e+01,5.000000000000000000e-01
5.881000000000005201e+01,5.000000000000000000e-01
5.881100000000005679e+01,5.000000000000000000e-01
5.881200000000005446e+01,5.000000000000000000e-01
5.881300000000005213e+01,5.000000000000000000e-01
5.881400000000005690e+01,5.000000000000000000e-01
5.881500000000005457e+01,5.000000000000000000e-01
5.881600000000005224e+01,5.000000000000000000e-01
5.881700000000005701e+01,5.000000000000000000e-01
5.881800000000005468e+01,5.000000000000000000e-01
5.881900000000005235e+01,5.000000000000000000e-01
5.882000000000005713e+01,5.000000000000000000e-01
5.882100000000005480e+01,5.000000000000000000e-01
5.882200000000005247e+01,5.000000000000000000e-01
5.882300000000005724e+01,5.000000000000000000e-01
5.882400000000005491e+01,5.000000000000000000e-01
5.882500000000005258e+01,5.000000000000000000e-01
5.882600000000005736e+01,5.000000000000000000e-01
5.882700000000005502e+01,5.000000000000000000e-01
5.882800000000005269e+01,5.000000000000000000e-01
5.882900000000005747e+01,5.000000000000000000e-01
5.883000000000005514e+01,5.000000000000000000e-01
5.883100000000005281e+01,5.000000000000000000e-01
5.883200000000005048e+01,5.000000000000000000e-01
5.883300000000005525e+01,5.000000000000000000e-01
5.883400000000005292e+01,5.000000000000000000e-01
5.883500000000005059e+01,5.000000000000000000e-01
5.883600000000005537e+01,5.000000000000000000e-01
5.883700000000005303e+01,5.000000000000000000e-01
5.883800000000005070e+01,5.000000000000000000e-01
5.883900000000005548e+01,5.000000000000000000e-01
5.884000000000005315e+01,5.000000000000000000e-01
5.884100000000005082e+01,5.000000000000000000e-01
5.884200000000005559e+01,5.000000000000000000e-01
5.884300000000005326e+01,5.000000000000000000e-01
5.884400000000005093e+01,5.000000000000000000e-01
5.884500000000005571e+01,5.000000000000000000e-01
5.884600000000005338e+01,5.000000000000000000e-01
5.884700000000005105e+01,5.000000000000000000e-01
5.884800000000005582e+01,5.000000000000000000e-01
5.884900000000005349e+01,5.000000000000000000e-01
5.885000000000005116e+01,5.000000000000000000e-01
5.885100000000005593e+01,5.000000000000000000e-01
5.885200000000005360e+01,5.000000000000000000e-01
5.885300000000005127e+01,5.000000000000000000e-01
5.885400000000005605e+01,5.000000000000000000e-01
5.885500000000005372e+01,5.000000000000000000e-01
5.885600000000005139e+01,5.000000000000000000e-01
5.885700000000005616e+01,5.000000000000000000e-01
5.885800000000005383e+01,5.000000000000000000e-01
5.885900000000005150e+01,5.000000000000000000e-01
5.886000000000005627e+01,5.000000000000000000e-01
5.886100000000005394e+01,5.000000000000000000e-01
5.886200000000005161e+01,5.000000000000000000e-01
5.886300000000005639e+01,5.000000000000000000e-01
5.886400000000005406e+01,5.000000000000000000e-01
5.886500000000005173e+01,5.000000000000000000e-01
5.886600000000005650e+01,5.000000000000000000e-01
5.886700000000005417e+01,5.000000000000000000e-01
5.886800000000005184e+01,5.000000000000000000e-01
5.886900000000005662e+01,5.000000000000000000e-01
5.887000000000005429e+01,5.000000000000000000e-01
5.887100000000005195e+01,5.000000000000000000e-01
5.887200000000005673e+01,5.000000000000000000e-01
5.887300000000005440e+01,5.000000000000000000e-01
5.887400000000005207e+01,5.000000000000000000e-01
5.887500000000005684e+01,5.000000000000000000e-01
5.887600000000005451e+01,5.000000000000000000e-01
5.887700000000005218e+01,5.000000000000000000e-01
5.887800000000005696e+01,5.000000000000000000e-01
5.887900000000005463e+01,5.000000000000000000e-01
5.888000000000005230e+01,5.000000000000000000e-01
5.888100000000005707e+01,5.000000000000000000e-01
5.888200000000005474e+01,5.000000000000000000e-01
5.888300000000005241e+01,5.000000000000000000e-01
5.888400000000005718e+01,5.000000000000000000e-01
5.888500000000005485e+01,5.000000000000000000e-01
5.888600000000005252e+01,5.000000000000000000e-01
5.888700000000005730e+01,5.000000000000000000e-01
5.888800000000005497e+01,5.000000000000000000e-01
5.888900000000005264e+01,5.000000000000000000e-01
5.889000000000005741e+01,5.000000000000000000e-01
5.889100000000005508e+01,5.000000000000000000e-01
5.889200000000005275e+01,5.000000000000000000e-01
5.889300000000005042e+01,5.000000000000000000e-01
5.889400000000005519e+01,5.000000000000000000e-01
5.889500000000005286e+01,5.000000000000000000e-01
5.889600000000005053e+01,5.000000000000000000e-01
5.889700000000005531e+01,5.000000000000000000e-01
5.889800000000005298e+01,5.000000000000000000e-01
5.889900000000005065e+01,5.000000000000000000e-01
5.890000000000005542e+01,5.000000000000000000e-01
5.890100000000005309e+01,5.000000000000000000e-01
5.890200000000005076e+01,5.000000000000000000e-01
5.890300000000005554e+01,5.000000000000000000e-01
5.890400000000005321e+01,5.000000000000000000e-01
5.890500000000005087e+01,5.000000000000000000e-01
5.890600000000005565e+01,5.000000000000000000e-01
5.890700000000005332e+01,5.000000000000000000e-01
5.890800000000005099e+01,5.000000000000000000e-01
5.890900000000005576e+01,5.000000000000000000e-01
5.891000000000005343e+01,5.000000000000000000e-01
5.891100000000005110e+01,5.000000000000000000e-01
5.891200000000005588e+01,5.000000000000000000e-01
5.891300000000005355e+01,5.000000000000000000e-01
5.891400000000005122e+01,5.000000000000000000e-01
5.891500000000005599e+01,5.000000000000000000e-01
5.891600000000005366e+01,5.000000000000000000e-01
5.891700000000005133e+01,5.000000000000000000e-01
5.891800000000005610e+01,5.000000000000000000e-01
5.891900000000005377e+01,5.000000000000000000e-01
5.892000000000005144e+01,5.000000000000000000e-01
5.892100000000005622e+01,5.000000000000000000e-01
5.892200000000005389e+01,5.000000000000000000e-01
5.892300000000005156e+01,5.000000000000000000e-01
5.892400000000005633e+01,5.000000000000000000e-01
5.892500000000005400e+01,5.000000000000000000e-01
5.892600000000005167e+01,5.000000000000000000e-01
5.892700000000005645e+01,5.000000000000000000e-01
5.892800000000005411e+01,5.000000000000000000e-01
5.892900000000005178e+01,5.000000000000000000e-01
5.893000000000005656e+01,5.000000000000000000e-01
5.893100000000005423e+01,5.000000000000000000e-01
5.893200000000005190e+01,5.000000000000000000e-01
5.893300000000005667e+01,5.000000000000000000e-01
5.893400000000005434e+01,5.000000000000000000e-01
5.893500000000005201e+01,5.000000000000000000e-01
5.893600000000005679e+01,5.000000000000000000e-01
5.893700000000005446e+01,5.000000000000000000e-01
5.893800000000005213e+01,5.000000000000000000e-01
5.893900000000005690e+01,5.000000000000000000e-01
5.894000000000005457e+01,5.000000000000000000e-01
5.894100000000005224e+01,5.000000000000000000e-01
5.894200000000005701e+01,5.000000000000000000e-01
5.894300000000005468e+01,5.000000000000000000e-01
5.894400000000005235e+01,5.000000000000000000e-01
5.894500000000005713e+01,5.000000000000000000e-01
5.894600000000005480e+01,5.000000000000000000e-01
5.894700000000005247e+01,5.000000000000000000e-01
5.894800000000005724e+01,5.000000000000000000e-01
5.894900000000005491e+01,5.000000000000000000e-01
5.895000000000005258e+01,5.000000000000000000e-01
5.895100000000005736e+01,5.000000000000000000e-01
5.895200000000005502e+01,5.000000000000000000e-01
5.895300000000005269e+01,5.000000000000000000e-01
5.895400000000005747e+01,5.000000000000000000e-01
5.895500000000005514e+01,5.000000000000000000e-01
5.895600000000005281e+01,5.000000000000000000e-01
5.895700000000005758e+01,5.000000000000000000e-01
5.895800000000005525e+01,5.000000000000000000e-01
5.895900000000005292e+01,5.000000000000000000e-01
5.896000000000005059e+01,5.000000000000000000e-01
5.896100000000005537e+01,5.000000000000000000e-01
5.896200000000005303e+01,5.000000000000000000e-01
5.896300000000005070e+01,5.000000000000000000e-01
5.896400000000005548e+01,5.000000000000000000e-01
5.896500000000005315e+01,5.000000000000000000e-01
5.896600000000005082e+01,5.000000000000000000e-01
5.896700000000005559e+01,5.000000000000000000e-01
5.896800000000005326e+01,5.000000000000000000e-01
5.896900000000005093e+01,5.000000000000000000e-01
5.897000000000005571e+01,5.000000000000000000e-01
5.897100000000005338e+01,5.000000000000000000e-01
5.897200000000005105e+01,5.000000000000000000e-01
5.897300000000005582e+01,5.000000000000000000e-01
5.897400000000005349e+01,5.000000000000000000e-01
5.897500000000005116e+01,5.000000000000000000e-01
5.897600000000005593e+01,5.000000000000000000e-01
5.897700000000005360e+01,5.000000000000000000e-01
5.897800000000005127e+01,5.000000000000000000e-01
5.897900000000005605e+01,5.000000000000000000e-01
5.898000000000005372e+01,5.000000000000000000e-01
5.898100000000005139e+01,5.000000000000000000e-01
5.898200000000005616e+01,5.000000000000000000e-01
5.898300000000005383e+01,5.000000000000000000e-01
5.898400000000005150e+01,5.000000000000000000e-01
5.898500000000005627e+01,5.000000000000000000e-01
5.898600000000005394e+01,5.000000000000000000e-01
5.898700000000005161e+01,5.000000000000000000e-01
5.898800000000005639e+01,5.000000000000000000e-01
5.898900000000005406e+01,5.000000000000000000e-01
5.899000000000005173e+01,5.000000000000000000e-01
5.899100000000005650e+01,5.000000000000000000e-01
5.899200000000005417e+01,5.000000000000000000e-01
5.899300000000005184e+01,5.000000000000000000e-01
5.899400000000005662e+01,5.000000000000000000e-01
5.899500000000005429e+01,5.000000000000000000e-01
5.899600000000005195e+01,5.000000000000000000e-01
5.899700000000005673e+01,5.000000000000000000e-01
5.899800000000005440e+01,5.000000000000000000e-01
5.899900000000005207e+01,5.000000000000000000e-01
5.900000000000005684e+01,5.000000000000000000e-01
5.900100000000005451e+01,5.000000000000000000e-01
5.900200000000005218e+01,5.000000000000000000e-01
5.900300000000005696e+01,5.000000000000000000e-01
5.900400000000005463e+01,5.000000000000000000e-01
5.900500000000005230e+01,5.000000000000000000e-01
5.900600000000005707e+01,5.000000000000000000e-01
5.900700000000005474e+01,5.000000000000000000e-01
5.900800000000005241e+01,5.000000000000000000e-01
5.900900000000005718e+01,5.000000000000000000e-01
5.901000000000005485e+01,5.000000000000000000e-01
5.901100000000005252e+01,5.000000000000000000e-01
5.901200000000005730e+01,5.000000000000000000e-01
5.901300000000005497e+01,5.000000000000000000e-01
5.901400000000005264e+01,5.000000000000000000e-01
5.901500000000005741e+01,5.000000000000000000e-01
5.901600000000005508e+01,5.000000000000000000e-01
5.901700000000005275e+01,5.000000000000000000e-01
5.901800000000005753e+01,5.000000000000000000e-01
5.901900000000005519e+01,5.000000000000000000e-01
5.902000000000005286e+01,5.000000000000000000e-01
5.902100000000005053e+01,5.000000000000000000e-01
5.902200000000005531e+01,5.000000000000000000e-01
5.902300000000005298e+01,5.000000000000000000e-01
5.902400000000005065e+01,5.000000000000000000e-01
5.902500000000005542e+01,5.000000000000000000e-01
5.902600000000005309e+01,5.000000000000000000e-01
5.902700000000005076e+01,5.000000000000000000e-01
5.902800000000005554e+01,5.000000000000000000e-01
5.902900000000005321e+01,5.000000000000000000e-01
5.903000000000005087e+01,5.000000000000000000e-01
5.903100000000005565e+01,5.000000000000000000e-01
5.903200000000005332e+01,5.000000000000000000e-01
5.903300000000005099e+01,5.000000000000000000e-01
5.903400000000005576e+01,5.000000000000000000e-01
5.903500000000005343e+01,5.000000000000000000e-01
5.903600000000005110e+01,5.000000000000000000e-01
5.903700000000005588e+01,5.000000000000000000e-01
5.903800000000005355e+01,5.000000000000000000e-01
5.903900000000005122e+01,5.000000000000000000e-01
5.904000000000005599e+01,5.000000000000000000e-01
5.904100000000005366e+01,5.000000000000000000e-01
5.904200000000005133e+01,5.000000000000000000e-01
5.904300000000005610e+01,5.000000000000000000e-01
5.904400000000005377e+01,5.000000000000000000e-01
5.904500000000005144e+01,5.000000000000000000e-01
5.904600000000005622e+01,5.000000000000000000e-01
5.904700000000005389e+01,5.000000000000000000e-01
5.904800000000005156e+01,5.000000000000000000e-01
5.904900000000005633e+01,5.000000000000000000e-01
5.905000000000005400e+01,5.000000000000000000e-01
5.905100000000005167e+01,5.000000000000000000e-01
5.905200000000005645e+01,5.000000000000000000e-01
5.905300000000005411e+01,5.000000000000000000e-01
5.905400000000005178e+01,5.000000000000000000e-01
5.905500000000005656e+01,5.000000000000000000e-01
5.905600000000005423e+01,5.000000000000000000e-01
5.905700000000005190e+01,5.000000000000000000e-01
5.905800000000005667e+01,5.000000000000000000e-01
5.905900000000005434e+01,5.000000000000000000e-01
5.906000000000005201e+01,5.000000000000000000e-01
5.906100000000005679e+01,5.000000000000000000e-01
5.906200000000005446e+01,5.000000000000000000e-01
5.906300000000005213e+01,5.000000000000000000e-01
5.906400000000005690e+01,5.000000000000000000e-01
5.906500000000005457e+01,5.000000000000000000e-01
5.906600000000005224e+01,5.000000000000000000e-01
5.906700000000005701e+01,5.000000000000000000e-01
5.906800000000005468e+01,5.000000000000000000e-01
5.906900000000005235e+01,5.000000000000000000e-01
5.907000000000005713e+01,5.000000000000000000e-01
5.907100000000005480e+01,5.000000000000000000e-01
5.907200000000005247e+01,5.000000000000000000e-01
5.907300000000005724e+01,5.000000000000000000e-01
5.907400000000005491e+01,5.000000000000000000e-01
5.907500000000005258e+01,5.000000000000000000e-01
5.907600000000005736e+01,5.000000000000000000e-01
5.907700000000005502e+01,5.000000000000000000e-01
5.907800000000005269e+01,5.000000000000000000e-01
5.907900000000005747e+01,5.000000000000000000e-01
5.908000000000005514e+01,5.000000000000000000e-01
5.908100000000005281e+01,5.000000000000000000e-01
5.908200000000005758e+01,5.000000000000000000e-01
5.908300000000005525e+01,5.000000000000000000e-01
5.908400000000005292e+01,5.000000000000000000e-01
5.908500000000005770e+01,5.000000000000000000e-01
5.908600000000005537e+01,5.000000000000000000e-01
5.908700000000005303e+01,5.000000000000000000e-01
5.908800000000005070e+01,5.000000000000000000e-01
5.908900000000005548e+01,5.000000000000000000e-01
5.909000000000005315e+01,5.000000000000000000e-01
5.909100000000005082e+01,5.000000000000000000e-01
5.909200000000005559e+01,5.000000000000000000e-01
5.909300000000005326e+01,5.000000000000000000e-01
5.909400000000005093e+01,5.000000000000000000e-01
5.909500000000005571e+01,5.000000000000000000e-01
5.909600000000005338e+01,5.000000000000000000e-01
5.909700000000005105e+01,5.000000000000000000e-01
5.909800000000005582e+01,5.000000000000000000e-01
5.909900000000005349e+01,5.000000000000000000e-01
5.910000000000005116e+01,5.000000000000000000e-01
5.910100000000005593e+01,5.000000000000000000e-01
5.910200000000005360e+01,5.000000000000000000e-01
5.910300000000005127e+01,5.000000000000000000e-01
5.910400000000005605e+01,5.000000000000000000e-01
5.910500000000005372e+01,5.000000000000000000e-01
5.910600000000005139e+01,5.000000000000000000e-01
5.910700000000005616e+01,5.000000000000000000e-01
5.910800000000005383e+01,5.000000000000000000e-01
5.910900000000005150e+01,5.000000000000000000e-01
5.911000000000005627e+01,5.000000000000000000e-01
5.911100000000005394e+01,5.000000000000000000e-01
5.911200000000005161e+01,5.000000000000000000e-01
5.911300000000005639e+01,5.000000000000000000e-01
5.911400000000005406e+01,5.000000000000000000e-01
5.911500000000005173e+01,5.000000000000000000e-01
5.911600000000005650e+01,5.000000000000000000e-01
5.911700000000005417e+01,5.000000000000000000e-01
5.911800000000005184e+01,5.000000000000000000e-01
5.911900000000005662e+01,5.000000000000000000e-01
5.912000000000005429e+01,5.000000000000000000e-01
5.912100000000005195e+01,5.000000000000000000e-01
5.912200000000005673e+01,5.000000000000000000e-01
5.912300000000005440e+01,5.000000000000000000e-01
5.912400000000005207e+01,5.000000000000000000e-01
5.912500000000005684e+01,5.000000000000000000e-01
5.912600000000005451e+01,5.000000000000000000e-01
5.912700000000005218e+01,5.000000000000000000e-01
5.912800000000005696e+01,5.000000000000000000e-01
5.912900000000005463e+01,5.000000000000000000e-01
5.913000000000005230e+01,5.000000000000000000e-01
5.913100000000005707e+01,5.000000000000000000e-01
5.913200000000005474e+01,5.000000000000000000e-01
5.913300000000005241e+01,5.000000000000000000e-01
5.913400000000005718e+01,5.000000000000000000e-01
5.913500000000005485e+01,5.000000000000000000e-01
5.913600000000005252e+01,5.000000000000000000e-01
5.913700000000005730e+01,5.000000000000000000e-01
5.913800000000005497e+01,5.000000000000000000e-01
5.913900000000005264e+01,5.000000000000000000e-01
5.914000000000005741e+01,5.000000000000000000e-01
5.914100000000005508e+01,5.000000000000000000e-01
5.914200000000005275e+01,5.000000000000000000e-01
5.914300000000005753e+01,5.000000000000000000e-01
5.914400000000005519e+01,5.000000000000000000e-01
5.914500000000005286e+01,5.000000000000000000e-01
5.914600000000005764e+01,5.000000000000000000e-01
5.914700000000005531e+01,5.000000000000000000e-01
5.914800000000005298e+01,5.000000000000000000e-01
5.914900000000005065e+01,5.000000000000000000e-01
5.915000000000005542e+01,5.000000000000000000e-01
5.915100000000005309e+01,5.000000000000000000e-01
5.915200000000005076e+01,5.000000000000000000e-01
5.915300000000005554e+01,5.000000000000000000e-01
5.915400000000005321e+01,5.000000000000000000e-01
5.915500000000005087e+01,5.000000000000000000e-01
5.915600000000005565e+01,5.000000000000000000e-01
5.915700000000005332e+01,5.000000000000000000e-01
5.915800000000005099e+01,5.000000000000000000e-01
5.915900000000005576e+01,5.000000000000000000e-01
5.916000000000005343e+01,5.000000000000000000e-01
5.916100000000005110e+01,5.000000000000000000e-01
5.916200000000005588e+01,5.000000000000000000e-01
5.916300000000005355e+01,5.000000000000000000e-01
5.916400000000005122e+01,5.000000000000000000e-01
5.916500000000005599e+01,5.000000000000000000e-01
5.916600000000005366e+01,5.000000000000000000e-01
5.916700000000005133e+01,5.000000000000000000e-01
5.916800000000005610e+01,5.000000000000000000e-01
5.916900000000005377e+01,5.000000000000000000e-01
5.917000000000005144e+01,5.000000000000000000e-01
5.917100000000005622e+01,5.000000000000000000e-01
5.917200000000005389e+01,5.000000000000000000e-01
5.917300000000005156e+01,5.000000000000000000e-01
5.917400000000005633e+01,5.000000000000000000e-01
5.917500000000005400e+01,5.000000000000000000e-01
5.917600000000005167e+01,5.000000000000000000e-01
5.917700000000005645e+01,5.000000000000000000e-01
5.917800000000005411e+01,5.000000000000000000e-01
5.917900000000005178e+01,5.000000000000000000e-01
5.918000000000005656e+01,5.000000000000000000e-01
5.918100000000005423e+01,5.000000000000000000e-01
5.918200000000005190e+01,5.000000000000000000e-01
5.918300000000005667e+01,5.000000000000000000e-01
5.918400000000005434e+01,5.000000000000000000e-01
5.918500000000005201e+01,5.000000000000000000e-01
5.918600000000005679e+01,5.000000000000000000e-01
5.918700000000005446e+01,5.000000000000000000e-01
5.918800000000005213e+01,5.000000000000000000e-01
5.918900000000005690e+01,5.000000000000000000e-01
5.919000000000005457e+01,5.000000000000000000e-01
5.919100000000005224e+01,5.000000000000000000e-01
5.919200000000005701e+01,5.000000000000000000e-01
5.919300000000005468e+01,5.000000000000000000e-01
5.919400000000005235e+01,5.000000000000000000e-01
5.919500000000005713e+01,5.000000000000000000e-01
5.919600000000005480e+01,5.000000000000000000e-01
5.919700000000005247e+01,5.000000000000000000e-01
5.919800000000005724e+01,5.000000000000000000e-01
5.919900000000005491e+01,5.000000000000000000e-01
5.920000000000005258e+01,5.000000000000000000e-01
5.920100000000005736e+01,5.000000000000000000e-01
5.920200000000005502e+01,5.000000000000000000e-01
5.920300000000005269e+01,5.000000000000000000e-01
5.920400000000005747e+01,5.000000000000000000e-01
5.920500000000005514e+01,5.000000000000000000e-01
5.920600000000005281e+01,5.000000000000000000e-01
5.920700000000005758e+01,5.000000000000000000e-01
5.920800000000005525e+01,5.000000000000000000e-01
5.920900000000005292e+01,5.000000000000000000e-01
5.921000000000005770e+01,5.000000000000000000e-01
5.921100000000005537e+01,5.000000000000000000e-01
5.921200000000005303e+01,5.000000000000000000e-01
5.921300000000005781e+01,5.000000000000000000e-01
5.921400000000005548e+01,5.000000000000000000e-01
5.921500000000005315e+01,5.000000000000000000e-01
5.921600000000005082e+01,5.000000000000000000e-01
5.921700000000005559e+01,5.000000000000000000e-01
5.921800000000005326e+01,5.000000000000000000e-01
5.921900000000005093e+01,5.000000000000000000e-01
5.922000000000005571e+01,5.000000000000000000e-01
5.922100000000005338e+01,5.000000000000000000e-01
5.922200000000005105e+01,5.000000000000000000e-01
5.922300000000005582e+01,5.000000000000000000e-01
5.922400000000005349e+01,5.000000000000000000e-01
5.922500000000005116e+01,5.000000000000000000e-01
5.922600000000005593e+01,5.000000000000000000e-01
5.922700000000005360e+01,5.000000000000000000e-01
5.922800000000005127e+01,5.000000000000000000e-01
5.922900000000005605e+01,5.000000000000000000e-01
5.923000000000005372e+01,5.000000000000000000e-01
5.923100000000005139e+01,5.000000000000000000e-01
5.923200000000005616e+01,5.000000000000000000e-01
5.923300000000005383e+01,5.000000000000000000e-01
5.923400000000005150e+01,5.000000000000000000e-01
5.923500000000005627e+01,5.000000000000000000e-01
5.923600000000005394e+01,5.000000000000000000e-01
5.923700000000005161e+01,5.000000000000000000e-01
5.923800000000005639e+01,5.000000000000000000e-01
5.923900000000005406e+01,5.000000000000000000e-01
5.924000000000005173e+01,5.000000000000000000e-01
5.924100000000005650e+01,5.000000000000000000e-01
5.924200000000005417e+01,5.000000000000000000e-01
5.924300000000005184e+01,5.000000000000000000e-01
5.924400000000005662e+01,5.000000000000000000e-01
5.924500000000005429e+01,5.000000000000000000e-01
5.924600000000005195e+01,5.000000000000000000e-01
5.924700000000005673e+01,5.000000000000000000e-01
5.924800000000005440e+01,5.000000000000000000e-01
5.924900000000005207e+01,5.000000000000000000e-01
5.925000000000005684e+01,5.000000000000000000e-01
5.925100000000005451e+01,5.000000000000000000e-01
5.925200000000005218e+01,5.000000000000000000e-01
5.925300000000005696e+01,5.000000000000000000e-01
5.925400000000005463e+01,5.000000000000000000e-01
5.925500000000005230e+01,5.000000000000000000e-01
5.925600000000005707e+01,5.000000000000000000e-01
5.925700000000005474e+01,5.000000000000000000e-01
5.925800000000005241e+01,5.000000000000000000e-01
5.925900000000005718e+01,5.000000000000000000e-01
5.926000000000005485e+01,5.000000000000000000e-01
5.926100000000005252e+01,5.000000000000000000e-01
5.926200000000005730e+01,5.000000000000000000e-01
5.926300000000005497e+01,5.000000000000000000e-01
5.926400000000005264e+01,5.000000000000000000e-01
5.926500000000005741e+01,5.000000000000000000e-01
5.926600000000005508e+01,5.000000000000000000e-01
5.926700000000005275e+01,5.000000000000000000e-01
5.926800000000005753e+01,5.000000000000000000e-01
5.926900000000005519e+01,5.000000000000000000e-01
5.927000000000005286e+01,5.000000000000000000e-01
5.927100000000005764e+01,5.000000000000000000e-01
5.927200000000005531e+01,5.000000000000000000e-01
5.927300000000005298e+01,5.000000000000000000e-01
5.927400000000005775e+01,5.000000000000000000e-01
5.927500000000005542e+01,5.000000000000000000e-01
5.927600000000005309e+01,5.000000000000000000e-01
5.927700000000005076e+01,5.000000000000000000e-01
5.927800000000005554e+01,5.000000000000000000e-01
5.927900000000005321e+01,5.000000000000000000e-01
5.928000000000005087e+01,5.000000000000000000e-01
5.928100000000005565e+01,5.000000000000000000e-01
5.928200000000005332e+01,5.000000000000000000e-01
5.928300000000005099e+01,5.000000000000000000e-01
5.928400000000005576e+01,5.000000000000000000e-01
5.928500000000005343e+01,5.000000000000000000e-01
5.928600000000005110e+01,5.000000000000000000e-01
5.928700000000005588e+01,5.000000000000000000e-01
5.928800000000005355e+01,5.000000000000000000e-01
5.928900000000005122e+01,5.000000000000000000e-01
5.929000000000005599e+01,5.000000000000000000e-01
5.929100000000005366e+01,5.000000000000000000e-01
5.929200000000005133e+01,5.000000000000000000e-01
5.929300000000005610e+01,5.000000000000000000e-01
5.929400000000005377e+01,5.000000000000000000e-01
5.929500000000005144e+01,5.000000000000000000e-01
5.929600000000005622e+01,5.000000000000000000e-01
5.929700000000005389e+01,5.000000000000000000e-01
5.929800000000005156e+01,5.000000000000000000e-01
5.929900000000005633e+01,5.000000000000000000e-01
5.930000000000005400e+01,5.000000000000000000e-01
5.930100000000005167e+01,5.000000000000000000e-01
5.930200000000005645e+01,5.000000000000000000e-01
5.930300000000005411e+01,5.000000000000000000e-01
5.930400000000005178e+01,5.000000000000000000e-01
5.930500000000005656e+01,5.000000000000000000e-01
5.930600000000005423e+01,5.000000000000000000e-01
5.930700000000005190e+01,5.000000000000000000e-01
5.930800000000005667e+01,5.000000000000000000e-01
5.930900000000005434e+01,5.000000000000000000e-01
5.931000000000005201e+01,5.000000000000000000e-01
5.931100000000005679e+01,5.000000000000000000e-01
5.931200000000005446e+01,5.000000000000000000e-01
5.931300000000005213e+01,5.000000000000000000e-01
5.931400000000005690e+01,5.000000000000000000e-01
5.931500000000005457e+01,5.000000000000000000e-01
5.931600000000005224e+01,5.000000000000000000e-01
5.931700000000005701e+01,5.000000000000000000e-01
5.931800000000005468e+01,5.000000000000000000e-01
5.931900000000005235e+01,5.000000000000000000e-01
5.932000000000005713e+01,5.000000000000000000e-01
5.932100000000005480e+01,5.000000000000000000e-01
5.932200000000005247e+01,5.000000000000000000e-01
5.932300000000005724e+01,5.000000000000000000e-01
5.932400000000005491e+01,5.000000000000000000e-01
5.932500000000005258e+01,5.000000000000000000e-01
5.932600000000005736e+01,5.000000000000000000e-01
5.932700000000005502e+01,5.000000000000000000e-01
5.932800000000005269e+01,5.000000000000000000e-01
5.932900000000005747e+01,5.000000000000000000e-01
5.933000000000005514e+01,5.000000000000000000e-01
5.933100000000005281e+01,5.000000000000000000e-01
5.933200000000005758e+01,5.000000000000000000e-01
5.933300000000005525e+01,5.000000000000000000e-01
5.933400000000005292e+01,5.000000000000000000e-01
5.933500000000005770e+01,5.000000000000000000e-01
5.933600000000005537e+01,5.000000000000000000e-01
5.933700000000005303e+01,5.000000000000000000e-01
5.933800000000005781e+01,5.000000000000000000e-01
5.933900000000005548e+01,5.000000000000000000e-01
5.934000000000005315e+01,5.000000000000000000e-01
5.934100000000005792e+01,5.000000000000000000e-01
5.934200000000005559e+01,5.000000000000000000e-01
5.934300000000005326e+01,5.000000000000000000e-01
5.934400000000005093e+01,5.000000000000000000e-01
5.934500000000005571e+01,5.000000000000000000e-01
5.934600000000005338e+01,5.000000000000000000e-01
5.934700000000005105e+01,5.000000000000000000e-01
5.934800000000005582e+01,5.000000000000000000e-01
5.934900000000005349e+01,5.000000000000000000e-01
5.935000000000005116e+01,5.000000000000000000e-01
5.935100000000005593e+01,5.000000000000000000e-01
5.935200000000005360e+01,5.000000000000000000e-01
5.935300000000005127e+01,5.000000000000000000e-01
5.935400000000005605e+01,5.000000000000000000e-01
5.935500000000005372e+01,5.000000000000000000e-01
5.935600000000005139e+01,5.000000000000000000e-01
5.935700000000005616e+01,5.000000000000000000e-01
5.935800000000005383e+01,5.000000000000000000e-01
5.935900000000005150e+01,5.000000000000000000e-01
5.936000000000005627e+01,5.000000000000000000e-01
5.936100000000005394e+01,5.000000000000000000e-01
5.936200000000005161e+01,5.000000000000000000e-01
5.936300000000005639e+01,5.000000000000000000e-01
5.936400000000005406e+01,5.000000000000000000e-01
5.936500000000005173e+01,5.000000000000000000e-01
5.936600000000005650e+01,5.000000000000000000e-01
5.936700000000005417e+01,5.000000000000000000e-01
5.936800000000005184e+01,5.000000000000000000e-01
5.936900000000005662e+01,5.000000000000000000e-01
5.937000000000005429e+01,5.000000000000000000e-01
5.937100000000005195e+01,5.000000000000000000e-01
5.937200000000005673e+01,5.000000000000000000e-01
5.937300000000005440e+01,5.000000000000000000e-01
5.937400000000005207e+01,5.000000000000000000e-01
5.937500000000005684e+01,5.000000000000000000e-01
5.937600000000005451e+01,5.000000000000000000e-01
5.937700000000005218e+01,5.000000000000000000e-01
5.937800000000005696e+01,5.000000000000000000e-01
5.937900000000005463e+01,5.000000000000000000e-01
5.938000000000005230e+01,5.000000000000000000e-01
5.938100000000005707e+01,5.000000000000000000e-01
5.938200000000005474e+01,5.000000000000000000e-01
5.938300000000005241e+01,5.000000000000000000e-01
5.938400000000005718e+01,5.000000000000000000e-01
5.938500000000005485e+01,5.000000000000000000e-01
5.938600000000005252e+01,5.000000000000000000e-01
5.938700000000005730e+01,5.000000000000000000e-01
5.938800000000005497e+01,5.000000000000000000e-01
5.938900000000005264e+01,5.000000000000000000e-01
5.939000000000005741e+01,5.000000000000000000e-01
5.939100000000005508e+01,5.000000000000000000e-01
5.939200000000005275e+01,5.000000000000000000e-01
5.939300000000005753e+01,5.000000000000000000e-01
5.939400000000005519e+01,5.000000000000000000e-01
5.939500000000005286e+01,5.000000000000000000e-01
5.939600000000005764e+01,5.000000000000000000e-01
5.939700000000005531e+01,5.000000000000000000e-01
5.939800000000005298e+01,5.000000000000000000e-01
5.939900000000005775e+01,5.000000000000000000e-01
5.940000000000005542e+01,5.000000000000000000e-01
5.940100000000005309e+01,5.000000000000000000e-01
5.940200000000005787e+01,5.000000000000000000e-01
5.940300000000005554e+01,5.000000000000000000e-01
5.940400000000005321e+01,5.000000000000000000e-01
5.940500000000005087e+01,5.000000000000000000e-01
5.940600000000005565e+01,5.000000000000000000e-01
5.940700000000005332e+01,5.000000000000000000e-01
5.940800000000005099e+01,5.000000000000000000e-01
5.940900000000005576e+01,5.000000000000000000e-01
5.941000000000005343e+01,5.000000000000000000e-01
5.941100000000005110e+01,5.000000000000000000e-01
5.941200000000005588e+01,5.000000000000000000e-01
5.941300000000005355e+01,5.000000000000000000e-01
5.941400000000005122e+01,5.000000000000000000e-01
5.941500000000005599e+01,5.000000000000000000e-01
5.941600000000005366e+01,5.000000000000000000e-01
5.941700000000005133e+01,5.000000000000000000e-01
5.941800000000005610e+01,5.000000000000000000e-01
5.941900000000005377e+01,5.000000000000000000e-01
5.942000000000005144e+01,5.000000000000000000e-01
5.942100000000005622e+01,5.000000000000000000e-01
5.942200000000005389e+01,5.000000000000000000e-01
5.942300000000005156e+01,5.000000000000000000e-01
5.942400000000005633e+01,5.000000000000000000e-01
5.942500000000005400e+01,5.000000000000000000e-01
5.942600000000005167e+01,5.000000000000000000e-01
5.942700000000005645e+01,5.000000000000000000e-01
5.942800000000005411e+01,5.000000000000000000e-01
5.942900000000005178e+01,5.000000000000000000e-01
5.943000000000005656e+01,5.000000000000000000e-01
5.943100000000005423e+01,5.000000000000000000e-01
5.943200000000005190e+01,5.000000000000000000e-01
5.943300000000005667e+01,5.000000000000000000e-01
5.943400000000005434e+01,5.000000000000000000e-01
5.943500000000005201e+01,5.000000000000000000e-01
5.943600000000005679e+01,5.000000000000000000e-01
5.943700000000005446e+01,5.000000000000000000e-01
5.943800000000005213e+01,5.000000000000000000e-01
5.943900000000005690e+01,5.000000000000000000e-01
5.944000000000005457e+01,5.000000000000000000e-01
5.944100000000005224e+01,5.000000000000000000e-01
5.944200000000005701e+01,5.000000000000000000e-01
5.944300000000005468e+01,5.000000000000000000e-01
5.944400000000005235e+01,5.000000000000000000e-01
5.944500000000005713e+01,5.000000000000000000e-01
5.944600000000005480e+01,5.000000000000000000e-01
5.944700000000005247e+01,5.000000000000000000e-01
5.944800000000005724e+01,5.000000000000000000e-01
5.944900000000005491e+01,5.000000000000000000e-01
5.945000000000005258e+01,5.000000000000000000e-01
5.945100000000005736e+01,5.000000000000000000e-01
5.945200000000005502e+01,5.000000000000000000e-01
5.945300000000005269e+01,5.000000000000000000e-01
5.945400000000005747e+01,5.000000000000000000e-01
5.945500000000005514e+01,5.000000000000000000e-01
5.945600000000005281e+01,5.000000000000000000e-01
5.945700000000005758e+01,5.000000000000000000e-01
5.945800000000005525e+01,5.000000000000000000e-01
5.945900000000005292e+01,5.000000000000000000e-01
5.946000000000005770e+01,5.000000000000000000e-01
5.946100000000005537e+01,5.000000000000000000e-01
5.946200000000005303e+01,5.000000000000000000e-01
5.946300000000005781e+01,5.000000000000000000e-01
5.946400000000005548e+01,5.000000000000000000e-01
5.946500000000005315e+01,5.000000000000000000e-01
5.946600000000005792e+01,5.000000000000000000e-01
5.946700000000005559e+01,5.000000000000000000e-01
5.946800000000005326e+01,5.000000000000000000e-01
5.946900000000005804e+01,5.000000000000000000e-01
5.947000000000005571e+01,5.000000000000000000e-01
5.947100000000005338e+01,5.000000000000000000e-01
5.947200000000005105e+01,5.000000000000000000e-01
5.947300000000005582e+01,5.000000000000000000e-01
5.947400000000005349e+01,5.000000000000000000e-01
5.947500000000005116e+01,5.000000000000000000e-01
5.947600000000005593e+01,5.000000000000000000e-01
5.947700000000005360e+01,5.000000000000000000e-01
5.947800000000005127e+01,5.000000000000000000e-01
5.947900000000005605e+01,5.000000000000000000e-01
5.948000000000005372e+01,5.000000000000000000e-01
5.948100000000005139e+01,5.000000000000000000e-01
5.948200000000005616e+01,5.000000000000000000e-01
5.948300000000005383e+01,5.000000000000000000e-01
5.948400000000005150e+01,5.000000000000000000e-01
5.948500000000005627e+01,5.000000000000000000e-01
5.948600000000005394e+01,5.000000000000000000e-01
5.948700000000005161e+01,5.000000000000000000e-01
5.948800000000005639e+01,5.000000000000000000e-01
5.948900000000005406e+01,5.000000000000000000e-01
5.949000000000005173e+01,5.000000000000000000e-01
5.949100000000005650e+01,5.000000000000000000e-01
5.949200000000005417e+01,5.000000000000000000e-01
5.949300000000005184e+01,5.000000000000000000e-01
5.949400000000005662e+01,5.000000000000000000e-01
5.949500000000005429e+01,5.000000000000000000e-01
5.949600000000005195e+01,5.000000000000000000e-01
5.949700000000005673e+01,5.000000000000000000e-01
5.949800000000005440e+01,5.000000000000000000e-01
5.949900000000005207e+01,5.000000000000000000e-01
5.950000000000005684e+01,5.000000000000000000e-01
5.950100000000005451e+01,5.000000000000000000e-01
5.950200000000005218e+01,5.000000000000000000e-01
5.950300000000005696e+01,5.000000000000000000e-01
5.950400000000005463e+01,5.000000000000000000e-01
5.950500000000005230e+01,5.000000000000000000e-01
5.950600000000005707e+01,5.000000000000000000e-01
5.950700000000005474e+01,5.000000000000000000e-01
5.950800000000005241e+01,5.000000000000000000e-01
5.950900000000005718e+01,5.000000000000000000e-01
5.951000000000005485e+01,5.000000000000000000e-01
5.951100000000005252e+01,5.000000000000000000e-01
5.951200000000005730e+01,5.000000000000000000e-01
5.951300000000005497e+01,5.000000000000000000e-01
5.951400000000005264e+01,5.000000000000000000e-01
5.951500000000005741e+01,5.000000000000000000e-01
5.951600000000005508e+01,5.000000000000000000e-01
5.951700000000005275e+01,5.000000000000000000e-01
5.951800000000005753e+01,5.000000000000000000e-01
5.951900000000005519e+01,5.000000000000000000e-01
5.952000000000005286e+01,5.000000000000000000e-01
5.952100000000005764e+01,5.000000000000000000e-01
5.952200000000005531e+01,5.000000000000000000e-01
5.952300000000005298e+01,5.000000000000000000e-01
5.952400000000005775e+01,5.000000000000000000e-01
5.952500000000005542e+01,5.000000000000000000e-01
5.952600000000005309e+01,5.000000000000000000e-01
5.952700000000005787e+01,5.000000000000000000e-01
5.952800000000005554e+01,5.000000000000000000e-01
5.952900000000005321e+01,5.000000000000000000e-01
5.953000000000005798e+01,5.000000000000000000e-01
5.953100000000005565e+01,5.000000000000000000e-01
5.953200000000005332e+01,5.000000000000000000e-01
5.953300000000005099e+01,5.000000000000000000e-01
5.953400000000005576e+01,5.000000000000000000e-01
5.953500000000005343e+01,5.000000000000000000e-01
5.953600000000005110e+01,5.000000000000000000e-01
5.953700000000005588e+01,5.000000000000000000e-01
5.953800000000005355e+01,5.000000000000000000e-01
5.953900000000005122e+01,5.000000000000000000e-01
5.954000000000005599e+01,5.000000000000000000e-01
5.954100000000005366e+01,5.000000000000000000e-01
5.954200000000005133e+01,5.000000000000000000e-01
5.954300000000005610e+01,5.000000000000000000e-01
5.954400000000005377e+01,5.000000000000000000e-01
5.954500000000005144e+01,5.000000000000000000e-01
5.954600000000005622e+01,5.000000000000000000e-01
5.954700000000005389e+01,5.000000000000000000e-01
5.954800000000005156e+01,5.000000000000000000e-01
5.954900000000005633e+01,5.000000000000000000e-01
5.955000000000005400e+01,5.000000000000000000e-01
5.955100000000005167e+01,5.000000000000000000e-01
5.955200000000005645e+01,5.000000000000000000e-01
5.955300000000005411e+01,5.000000000000000000e-01
5.955400000000005178e+01,5.000000000000000000e-01
5.955500000000005656e+01,5.000000000000000000e-01
5.955600000000005423e+01,5.000000000000000000e-01
5.955700000000005190e+01,5.000000000000000000e-01
5.955800000000005667e+01,5.000000000000000000e-01
5.955900000000005434e+01,5.000000000000000000e-01
5.956000000000005201e+01,5.000000000000000000e-01
5.956100000000005679e+01,5.000000000000000000e-01
5.956200000000005446e+01,5.000000000000000000e-01
5.956300000000005213e+01,5.000000000000000000e-01
5.956400000000005690e+01,5.000000000000000000e-01
5.956500000000005457e+01,5.000000000000000000e-01
5.956600000000005224e+01,5.000000000000000000e-01
5.956700000000005701e+01,5.000000000000000000e-01
5.956800000000005468e+01,5.000000000000000000e-01
5.956900000000005235e+01,5.000000000000000000e-01
5.957000000000005713e+01,5.000000000000000000e-01
5.957100000000005480e+01,5.000000000000000000e-01
5.957200000000005247e+01,5.000000000000000000e-01
5.957300000000005724e+01,5.000000000000000000e-01
5.957400000000005491e+01,5.000000000000000000e-01
5.957500000000005258e+01,5.000000000000000000e-01
5.957600000000005736e+01,5.000000000000000000e-01
5.957700000000005502e+01,5.000000000000000000e-01
5.957800000000005269e+01,5.000000000000000000e-01
5.957900000000005747e+01,5.000000000000000000e-01
5.958000000000005514e+01,5.000000000000000000e-01
5.958100000000005281e+01,5.000000000000000000e-01
5.958200000000005758e+01,5.000000000000000000e-01
5.958300000000005525e+01,5.000000000000000000e-01
5.958400000000005292e+01,5.000000000000000000e-01
5.958500000000005770e+01,5.000000000000000000e-01
5.958600000000005537e+01,5.000000000000000000e-01
5.958700000000005303e+01,5.000000000000000000e-01
5.958800000000005781e+01,5.000000000000000000e-01
5.958900000000005548e+01,5.000000000000000000e-01
5.959000000000005315e+01,5.000000000000000000e-01
5.959100000000005792e+01,5.000000000000000000e-01
5.959200000000005559e+01,5.000000000000000000e-01
5.959300000000005326e+01,5.000000000000000000e-01
5.959400000000005804e+01,5.000000000000000000e-01
5.959500000000005571e+01,5.000000000000000000e-01
5.959600000000005338e+01,5.000000000000000000e-01
5.959700000000005815e+01,5.000000000000000000e-01
5.959800000000005582e+01,5.000000000000000000e-01
5.959900000000005349e+01,5.000000000000000000e-01
5.960000000000005116e+01,5.000000000000000000e-01
5.960100000000005593e+01,5.000000000000000000e-01
5.960200000000005360e+01,5.000000000000000000e-01
5.960300000000005127e+01,5.000000000000000000e-01
5.960400000000005605e+01,5.000000000000000000e-01
5.960500000000005372e+01,5.000000000000000000e-01
5.960600000000005139e+01,5.000000000000000000e-01
5.960700000000005616e+01,5.000000000000000000e-01
5.960800000000005383e+01,5.000000000000000000e-01
5.960900000000005150e+01,5.000000000000000000e-01
5.961000000000005627e+01,5.000000000000000000e-01
5.961100000000005394e+01,5.000000000000000000e-01
5.961200000000005161e+01,5.000000000000000000e-01
5.961300000000005639e+01,5.000000000000000000e-01
5.961400000000005406e+01,5.000000000000000000e-01
5.961500000000005173e+01,5.000000000000000000e-01
5.961600000000005650e+01,5.000000000000000000e-01
5.961700000000005417e+01,5.000000000000000000e-01
5.961800000000005184e+01,5.000000000000000000e-01
5.961900000000005662e+01,5.000000000000000000e-01
5.962000000000005429e+01,5.000000000000000000e-01
5.962100000000005195e+01,5.000000000000000000e-01
5.962200000000005673e+01,5.000000000000000000e-01
5.962300000000005440e+01,5.000000000000000000e-01
5.962400000000005207e+01,5.000000000000000000e-01
5.962500000000005684e+01,5.000000000000000000e-01
5.962600000000005451e+01,5.000000000000000000e-01
5.962700000000005218e+01,5.000000000000000000e-01
5.962800000000005696e+01,5.000000000000000000e-01
5.962900000000005463e+01,5.000000000000000000e-01
5.963000000000005230e+01,5.000000000000000000e-01
5.963100000000005707e+01,5.000000000000000000e-01
5.963200000000005474e+01,5.000000000000000000e-01
5.963300000000005241e+01,5.000000000000000000e-01
5.963400000000005718e+01,5.000000000000000000e-01
5.963500000000005485e+01,5.000000000000000000e-01
5.963600000000005252e+01,5.000000000000000000e-01
5.963700000000005730e+01,5.000000000000000000e-01
5.963800000000005497e+01,5.000000000000000000e-01
5.963900000000005264e+01,5.000000000000000000e-01
5.964000000000005741e+01,5.000000000000000000e-01
5.964100000000005508e+01,5.000000000000000000e-01
5.964200000000005275e+01,5.000000000000000000e-01
5.964300000000005753e+01,5.000000000000000000e-01
5.964400000000005519e+01,5.000000000000000000e-01
5.964500000000005286e+01,5.000000000000000000e-01
5.964600000000005764e+01,5.000000000000000000e-01
5.964700000000005531e+01,5.000000000000000000e-01
5.964800000000005298e+01,5.000000000000000000e-01
5.964900000000005775e+01,5.000000000000000000e-01
5.965000000000005542e+01,5.000000000000000000e-01
5.965100000000005309e+01,5.000000000000000000e-01
5.965200000000005787e+01,5.000000000000000000e-01
5.965300000000005554e+01,5.000000000000000000e-01
5.965400000000005321e+01,5.000000000000000000e-01
5.965500000000005798e+01,5.000000000000000000e-01
5.965600000000005565e+01,5.000000000000000000e-01
5.965700000000005332e+01,5.000000000000000000e-01
5.965800000000005809e+01,5.000000000000000000e-01
5.965900000000005576e+01,5.000000000000000000e-01
5.966000000000005343e+01,5.000000000000000000e-01
5.966100000000005110e+01,5.000000000000000000e-01
5.966200000000005588e+01,5.000000000000000000e-01
5.966300000000005355e+01,5.000000000000000000e-01
5.966400000000005122e+01,5.000000000000000000e-01
5.966500000000005599e+01,5.000000000000000000e-01
5.966600000000005366e+01,5.000000000000000000e-01
5.966700000000005133e+01,5.000000000000000000e-01
5.966800000000005610e+01,5.000000000000000000e-01
5.966900000000005377e+01,5.000000000000000000e-01
5.967000000000005144e+01,5.000000000000000000e-01
5.967100000000005622e+01,5.000000000000000000e-01
5.967200000000005389e+01,5.000000000000000000e-01
5.967300000000005156e+01,5.000000000000000000e-01
5.967400000000005633e+01,5.000000000000000000e-01
5.967500000000005400e+01,5.000000000000000000e-01
5.967600000000005167e+01,5.000000000000000000e-01
5.967700000000005645e+01,5.000000000000000000e-01
5.967800000000005411e+01,5.000000000000000000e-01
5.967900000000005178e+01,5.000000000000000000e-01
5.968000000000005656e+01,5.000000000000000000e-01
5.968100000000005423e+01,5.000000000000000000e-01
5.968200000000005190e+01,5.000000000000000000e-01
5.968300000000005667e+01,5.000000000000000000e-01
5.968400000000005434e+01,5.000000000000000000e-01
5.968500000000005201e+01,5.000000000000000000e-01
5.968600000000005679e+01,5.000000000000000000e-01
5.968700000000005446e+01,5.000000000000000000e-01
5.968800000000005213e+01,5.000000000000000000e-01
5.968900000000005690e+01,5.000000000000000000e-01
5.969000000000005457e+01,5.000000000000000000e-01
5.969100000000005224e+01,5.000000000000000000e-01
5.969200000000005701e+01,5.000000000000000000e-01
5.969300000000005468e+01,5.000000000000000000e-01
5.969400000000005235e+01,5.000000000000000000e-01
5.969500000000005713e+01,5.000000000000000000e-01
5.969600000000005480e+01,5.000000000000000000e-01
5.969700000000005247e+01,5.000000000000000000e-01
5.969800000000005724e+01,5.000000000000000000e-01
5.969900000000005491e+01,5.000000000000000000e-01
5.970000000000005258e+01,5.000000000000000000e-01
5.970100000000005736e+01,5.000000000000000000e-01
5.970200000000005502e+01,5.000000000000000000e-01
5.970300000000005269e+01,5.000000000000000000e-01
5.970400000000005747e+01,5.000000000000000000e-01
5.970500000000005514e+01,5.000000000000000000e-01
5.970600000000005281e+01,5.000000000000000000e-01
5.970700000000005758e+01,5.000000000000000000e-01
5.970800000000005525e+01,5.000000000000000000e-01
5.970900000000005292e+01,5.000000000000000000e-01
5.971000000000005770e+01,5.000000000000000000e-01
5.971100000000005537e+01,5.000000000000000000e-01
5.971200000000005303e+01,5.000000000000000000e-01
5.971300000000005781e+01,5.000000000000000000e-01
5.971400000000005548e+01,5.000000000000000000e-01
5.971500000000005315e+01,5.000000000000000000e-01
5.971600000000005792e+01,5.000000000000000000e-01
5.971700000000005559e+01,5.000000000000000000e-01
5.971800000000005326e+01,5.000000000000000000e-01
5.971900000000005804e+01,5.000000000000000000e-01
5.972000000000005571e+01,5.000000000000000000e-01
5.972100000000005338e+01,5.000000000000000000e-01
5.972200000000005815e+01,5.000000000000000000e-01
5.972300000000005582e+01,5.000000000000000000e-01
5.972400000000005349e+01,5.000000000000000000e-01
5.972500000000005826e+01,5.000000000000000000e-01
5.972600000000005593e+01,5.000000000000000000e-01
5.972700000000005360e+01,5.000000000000000000e-01
5.972800000000005127e+01,5.000000000000000000e-01
5.972900000000005605e+01,5.000000000000000000e-01
5.973000000000005372e+01,5.000000000000000000e-01
5.973100000000005139e+01,5.000000000000000000e-01
5.973200000000005616e+01,5.000000000000000000e-01
5.973300000000005383e+01,5.000000000000000000e-01
5.973400000000005150e+01,5.000000000000000000e-01
5.973500000000005627e+01,5.000000000000000000e-01
5.973600000000005394e+01,5.000000000000000000e-01
5.973700000000005161e+01,5.000000000000000000e-01
5.973800000000005639e+01,5.000000000000000000e-01
5.973900000000005406e+01,5.000000000000000000e-01
5.974000000000005173e+01,5.000000000000000000e-01
5.974100000000005650e+01,5.000000000000000000e-01
5.974200000000005417e+01,5.000000000000000000e-01
5.974300000000005184e+01,5.000000000000000000e-01
5.974400000000005662e+01,5.000000000000000000e-01
5.974500000000005429e+01,5.000000000000000000e-01
5.974600000000005195e+01,5.000000000000000000e-01
5.974700000000005673e+01,5.000000000000000000e-01
5.974800000000005440e+01,5.000000000000000000e-01
5.974900000000005207e+01,5.000000000000000000e-01
5.975000000000005684e+01,5.000000000000000000e-01
5.975100000000005451e+01,5.000000000000000000e-01
5.975200000000005218e+01,5.000000000000000000e-01
5.975300000000005696e+01,5.000000000000000000e-01
5.975400000000005463e+01,5.000000000000000000e-01
5.975500000000005230e+01,5.000000000000000000e-01
5.975600000000005707e+01,5.000000000000000000e-01
5.975700000000005474e+01,5.000000000000000000e-01
5.975800000000005241e+01,5.000000000000000000e-01
5.975900000000005718e+01,5.000000000000000000e-01
5.976000000000005485e+01,5.000000000000000000e-01
5.976100000000005252e+01,5.000000000000000000e-01
5.976200000000005730e+01,5.000000000000000000e-01
5.976300000000005497e+01,5.000000000000000000e-01
5.976400000000005264e+01,5.000000000000000000e-01
5.976500000000005741e+01,5.000000000000000000e-01
5.976600000000005508e+01,5.000000000000000000e-01
5.976700000000005275e+01,5.000000000000000000e-01
5.976800000000005753e+01,5.000000000000000000e-01
5.976900000000005519e+01,5.000000000000000000e-01
5.977000000000005286e+01,5.000000000000000000e-01
5.977100000000005764e+01,5.000000000000000000e-01
5.977200000000005531e+01,5.000000000000000000e-01
5.977300000000005298e+01,5.000000000000000000e-01
5.977400000000005775e+01,5.000000000000000000e-01
5.977500000000005542e+01,5.000000000000000000e-01
5.977600000000005309e+01,5.000000000000000000e-01
5.977700000000005787e+01,5.000000000000000000e-01
5.977800000000005554e+01,5.000000000000000000e-01
5.977900000000005321e+01,5.000000000000000000e-01
5.978000000000005798e+01,5.000000000000000000e-01
5.978100000000005565e+01,5.000000000000000000e-01
5.978200000000005332e+01,5.000000000000000000e-01
5.978300000000005809e+01,5.000000000000000000e-01
5.978400000000005576e+01,5.000000000000000000e-01
5.978500000000005343e+01,5.000000000000000000e-01
5.978600000000005821e+01,5.000000000000000000e-01
5.978700000000005588e+01,5.000000000000000000e-01
5.978800000000005355e+01,5.000000000000000000e-01
5.978900000000005122e+01,5.000000000000000000e-01
5.979000000000005599e+01,5.000000000000000000e-01
5.979100000000005366e+01,5.000000000000000000e-01
5.979200000000005133e+01,5.000000000000000000e-01
5.979300000000005610e+01,5.000000000000000000e-01
5.979400000000005377e+01,5.000000000000000000e-01
5.979500000000005144e+01,5.000000000000000000e-01
5.979600000000005622e+01,5.000000000000000000e-01
5.979700000000005389e+01,5.000000000000000000e-01
5.979800000000005156e+01,5.000000000000000000e-01
5.979900000000005633e+01,5.000000000000000000e-01
5.980000000000005400e+01,5.000000000000000000e-01
5.980100000000005167e+01,5.000000000000000000e-01
5.980200000000005645e+01,5.000000000000000000e-01
5.980300000000005411e+01,5.000000000000000000e-01
5.980400000000005178e+01,5.000000000000000000e-01
5.980500000000005656e+01,5.000000000000000000e-01
5.980600000000005423e+01,5.000000000000000000e-01
5.980700000000005190e+01,5.000000000000000000e-01
5.980800000000005667e+01,5.000000000000000000e-01
5.980900000000005434e+01,5.000000000000000000e-01
5.981000000000005201e+01,5.000000000000000000e-01
5.981100000000005679e+01,5.000000000000000000e-01
5.981200000000005446e+01,5.000000000000000000e-01
5.981300000000005213e+01,5.000000000000000000e-01
5.981400000000005690e+01,5.000000000000000000e-01
5.981500000000005457e+01,5.000000000000000000e-01
5.981600000000005224e+01,5.000000000000000000e-01
5.981700000000005701e+01,5.000000000000000000e-01
5.981800000000005468e+01,5.000000000000000000e-01
5.981900000000005235e+01,5.000000000000000000e-01
5.982000000000005713e+01,5.000000000000000000e-01
5.982100000000005480e+01,5.000000000000000000e-01
5.982200000000005247e+01,5.000000000000000000e-01
5.982300000000005724e+01,5.000000000000000000e-01
5.982400000000005491e+01,5.000000000000000000e-01
5.982500000000005258e+01,5.000000000000000000e-01
5.982600000000005736e+01,5.000000000000000000e-01
5.982700000000005502e+01,5.000000000000000000e-01
5.982800000000005269e+01,5.000000000000000000e-01
5.982900000000005747e+01,5.000000000000000000e-01
5.983000000000005514e+01,5.000000000000000000e-01
5.983100000000005281e+01,5.000000000000000000e-01
5.983200000000005758e+01,5.000000000000000000e-01
5.983300000000005525e+01,5.000000000000000000e-01
5.983400000000005292e+01,5.000000000000000000e-01
5.983500000000005770e+01,5.000000000000000000e-01
5.983600000000005537e+01,5.000000000000000000e-01
5.983700000000005303e+01,5.000000000000000000e-01
5.983800000000005781e+01,5.000000000000000000e-01
5.983900000000005548e+01,5.000000000000000000e-01
5.984000000000005315e+01,5.000000000000000000e-01
5.984100000000005792e+01,5.000000000000000000e-01
5.984200000000005559e+01,5.000000000000000000e-01
5.984300000000005326e+01,5.000000000000000000e-01
5.984400000000005804e+01,5.000000000000000000e-01
5.984500000000005571e+01,5.000000000000000000e-01
5.984600000000005338e+01,5.000000000000000000e-01
5.984700000000005815e+01,5.000000000000000000e-01
5.984800000000005582e+01,5.000000000000000000e-01
5.984900000000005349e+01,5.000000000000000000e-01
5.985000000000005826e+01,5.000000000000000000e-01
5.985100000000005593e+01,5.000000000000000000e-01
5.985200000000005360e+01,5.000000000000000000e-01
5.985300000000005838e+01,5.000000000000000000e-01
5.985400000000005605e+01,5.000000000000000000e-01
5.985500000000005372e+01,5.000000000000000000e-01
5.985600000000005139e+01,5.000000000000000000e-01
5.985700000000005616e+01,5.000000000000000000e-01
5.985800000000005383e+01,5.000000000000000000e-01
5.985900000000005150e+01,5.000000000000000000e-01
5.986000000000005627e+01,5.000000000000000000e-01
5.986100000000005394e+01,5.000000000000000000e-01
5.986200000000005161e+01,5.000000000000000000e-01
5.986300000000005639e+01,5.000000000000000000e-01
5.986400000000005406e+01,5.000000000000000000e-01
5.986500000000005173e+01,5.000000000000000000e-01
5.986600000000005650e+01,5.000000000000000000e-01
5.986700000000005417e+01,5.000000000000000000e-01
5.986800000000005184e+01,5.000000000000000000e-01
5.986900000000005662e+01,5.000000000000000000e-01
5.987000000000005429e+01,5.000000000000000000e-01
5.987100000000005195e+01,5.000000000000000000e-01
5.987200000000005673e+01,5.000000000000000000e-01
5.987300000000005440e+01,5.000000000000000000e-01
5.987400000000005207e+01,5.000000000000000000e-01
5.987500000000005684e+01,5.000000000000000000e-01
5.987600000000005451e+01,5.000000000000000000e-01
5.987700000000005218e+01,5.000000000000000000e-01
5.987800000000005696e+01,5.000000000000000000e-01
5.987900000000005463e+01,5.000000000000000000e-01
5.988000000000005230e+01,5.000000000000000000e-01
5.988100000000005707e+01,5.000000000000000000e-01
5.988200000000005474e+01,5.000000000000000000e-01
5.988300000000005241e+01,5.000000000000000000e-01
5.988400000000005718e+01,5.000000000000000000e-01
5.988500000000005485e+01,5.000000000000000000e-01
5.988600000000005252e+01,5.000000000000000000e-01
5.988700000000005730e+01,5.000000000000000000e-01
5.988800000000005497e+01,5.000000000000000000e-01
5.988900000000005264e+01,5.000000000000000000e-01
5.989000000000005741e+01,5.000000000000000000e-01
5.989100000000005508e+01,5.000000000000000000e-01
5.989200000000005275e+01,5.000000000000000000e-01
5.989300000000005753e+01,5.000000000000000000e-01
5.989400000000005519e+01,5.000000000000000000e-01
5.989500000000005286e+01,5.000000000000000000e-01
5.989600000000005764e+01,5.000000000000000000e-01
5.989700000000005531e+01,5.000000000000000000e-01
5.989800000000005298e+01,5.000000000000000000e-01
5.989900000000005775e+01,5.000000000000000000e-01
5.990000000000005542e+01,5.000000000000000000e-01
5.990100000000005309e+01,5.000000000000000000e-01
5.990200000000005787e+01,5.000000000000000000e-01
5.990300000000005554e+01,5.000000000000000000e-01
5.990400000000005321e+01,5.000000000000000000e-01
5.990500000000005798e+01,5.000000000000000000e-01
5.990600000000005565e+01,5.000000000000000000e-01
5.990700000000005332e+01,5.000000000000000000e-01
5.990800000000005809e+01,5.000000000000000000e-01
5.990900000000005576e+01,5.000000000000000000e-01
5.991000000000005343e+01,5.000000000000000000e-01
5.991100000000005821e+01,5.000000000000000000e-01
5.991200000000005588e+01,5.000000000000000000e-01
5.991300000000005355e+01,5.000000000000000000e-01
5.991400000000005832e+01,5.000000000000000000e-01
5.991500000000005599e+01,5.000000000000000000e-01
5.991600000000005366e+01,5.000000000000000000e-01
5.991700000000005133e+01,5.000000000000000000e-01
5.991800000000005610e+01,5.000000000000000000e-01
5.991900000000005377e+01,5.000000000000000000e-01
5.992000000000005144e+01,5.000000000000000000e-01
5.992100000000005622e+01,5.000000000000000000e-01
5.992200000000005389e+01,5.000000000000000000e-01
5.992300000000005156e+01,5.000000000000000000e-01
5.992400000000005633e+01,5.000000000000000000e-01
5.992500000000005400e+01,5.000000000000000000e-01
5.992600000000005167e+01,5.000000000000000000e-01
5.992700000000005645e+01,5.000000000000000000e-01
5.992800000000005411e+01,5.000000000000000000e-01
5.992900000000005178e+01,5.000000000000000000e-01
5.993000000000005656e+01,5.000000000000000000e-01
5.993100000000005423e+01,5.000000000000000000e-01
5.993200000000005190e+01,5.000000000000000000e-01
5.993300000000005667e+01,5.000000000000000000e-01
5.993400000000005434e+01,5.000000000000000000e-01
5.993500000000005201e+01,5.000000000000000000e-01
5.993600000000005679e+01,5.000000000000000000e-01
5.993700000000005446e+01,5.000000000000000000e-01
5.993800000000005213e+01,5.000000000000000000e-01
5.993900000000005690e+01,5.000000000000000000e-01
5.994000000000005457e+01,5.000000000000000000e-01
5.994100000000005224e+01,5.000000000000000000e-01
5.994200000000005701e+01,5.000000000000000000e-01
5.994300000000005468e+01,5.000000000000000000e-01
5.994400000000005235e+01,5.000000000000000000e-01
5.994500000000005713e+01,5.000000000000000000e-01
5.994600000000005480e+01,5.000000000000000000e-01
5.994700000000005247e+01,5.000000000000000000e-01
5.994800000000005724e+01,5.000000000000000000e-01
5.994900000000005491e+01,5.000000000000000000e-01
5.995000000000005258e+01,5.000000000000000000e-01
5.995100000000005736e+01,5.000000000000000000e-01
5.995200000000005502e+01,5.000000000000000000e-01
5.995300000000005269e+01,5.000000000000000000e-01
5.995400000000005747e+01,5.000000000000000000e-01
5.995500000000005514e+01,5.000000000000000000e-01
5.995600000000005281e+01,5.000000000000000000e-01
5.995700000000005758e+01,5.000000000000000000e-01
5.995800000000005525e+01,5.000000000000000000e-01
5.995900000000005292e+01,5.000000000000000000e-01
5.996000000000005770e+01,5.000000000000000000e-01
5.996100000000005537e+01,5.000000000000000000e-01
5.996200000000005303e+01,5.000000000000000000e-01
5.996300000000005781e+01,5.000000000000000000e-01
5.996400000000005548e+01,5.000000000000000000e-01
5.996500000000005315e+01,5.000000000000000000e-01
5.996600000000005792e+01,5.000000000000000000e-01
5.996700000000005559e+01,5.000000000000000000e-01
5.996800000000005326e+01,5.000000000000000000e-01
5.996900000000005804e+01,5.000000000000000000e-01
5.997000000000005571e+01,5.000000000000000000e-01
5.997100000000005338e+01,5.000000000000000000e-01
5.997200000000005815e+01,5.000000000000000000e-01
5.997300000000005582e+01,5.000000000000000000e-01
5.997400000000005349e+01,5.000000000000000000e-01
5.997500000000005826e+01,5.000000000000000000e-01
5.997600000000005593e+01,5.000000000000000000e-01
5.997700000000005360e+01,5.000000000000000000e-01
5.997800000000005838e+01,5.000000000000000000e-01
5.997900000000005605e+01,5.000000000000000000e-01
5.998000000000005372e+01,5.000000000000000000e-01
5.998100000000005849e+01,5.000000000000000000e-01
5.998200000000005616e+01,5.000000000000000000e-01
5.998300000000005383e+01,5.000000000000000000e-01
5.998400000000005150e+01,5.000000000000000000e-01
5.998500000000005627e+01,5.000000000000000000e-01
5.998600000000005394e+01,5.000000000000000000e-01
5.998700000000005161e+01,5.000000000000000000e-01
5.998800000000005639e+01,5.000000000000000000e-01
5.998900000000005406e+01,5.000000000000000000e-01
5.999000000000005173e+01,5.000000000000000000e-01
5.999100000000005650e+01,5.000000000000000000e-01
5.999200000000005417e+01,5.000000000000000000e-01
5.999300000000005184e+01,5.000000000000000000e-01
5.999400000000005662e+01,5.000000000000000000e-01
5.999500000000005429e+01,5.000000000000000000e-01
5.999600000000005195e+01,5.000000000000000000e-01
5.999700000000005673e+01,5.000000000000000000e-01
5.999800000000005440e+01,5.000000000000000000e-01
5.999900000000005207e+01,5.000000000000000000e-01
6.000000000000005684e+01,5.000000000000000000e-01
6.000100000000005451e+01,5.000000000000000000e-01
6.000200000000005218e+01,5.000000000000000000e-01
6.000300000000005696e+01,5.000000000000000000e-01
6.000400000000005463e+01,5.000000000000000000e-01
6.000500000000005230e+01,5.000000000000000000e-01
6.000600000000005707e+01,5.000000000000000000e-01
6.000700000000005474e+01,5.000000000000000000e-01
6.000800000000005241e+01,5.000000000000000000e-01
6.000900000000005718e+01,5.000000000000000000e-01
6.001000000000005485e+01,5.000000000000000000e-01
6.001100000000005252e+01,5.000000000000000000e-01
6.001200000000005730e+01,5.000000000000000000e-01
6.001300000000005497e+01,5.000000000000000000e-01
6.001400000000005264e+01,5.000000000000000000e-01
6.001500000000005741e+01,5.000000000000000000e-01
6.001600000000005508e+01,5.000000000000000000e-01
6.001700000000005275e+01,5.000000000000000000e-01
6.001800000000005753e+01,5.000000000000000000e-01
6.001900000000005519e+01,5.000000000000000000e-01
6.002000000000005286e+01,5.000000000000000000e-01
6.002100000000005764e+01,5.000000000000000000e-01
6.002200000000005531e+01,5.000000000000000000e-01
6.002300000000005298e+01,5.000000000000000000e-01
6.002400000000005775e+01,5.000000000000000000e-01
6.002500000000005542e+01,5.000000000000000000e-01
6.002600000000005309e+01,5.000000000000000000e-01
6.002700000000005787e+01,5.000000000000000000e-01
6.002800000000005554e+01,5.000000000000000000e-01
6.002900000000005321e+01,5.000000000000000000e-01
6.003000000000005798e+01,5.000000000000000000e-01
6.003100000000005565e+01,5.000000000000000000e-01
6.003200000000005332e+01,5.000000000000000000e-01
6.003300000000005809e+01,5.000000000000000000e-01
6.003400000000005576e+01,5.000000000000000000e-01
6.003500000000005343e+01,5.000000000000000000e-01
6.003600000000005821e+01,5.000000000000000000e-01
6.003700000000005588e+01,5.000000000000000000e-01
6.003800000000005355e+01,5.000000000000000000e-01
6.003900000000005832e+01,5.000000000000000000e-01
6.004000000000005599e+01,5.000000000000000000e-01
6.004100000000005366e+01,5.000000000000000000e-01
6.004200000000005844e+01,5.000000000000000000e-01
6.004300000000005610e+01,5.000000000000000000e-01
6.004400000000005377e+01,5.000000000000000000e-01
6.004500000000005144e+01,5.000000000000000000e-01
6.004600000000005622e+01,5.000000000000000000e-01
6.004700000000005389e+01,5.000000000000000000e-01
6.004800000000005156e+01,5.000000000000000000e-01
6.004900000000005633e+01,5.000000000000000000e-01
6.005000000000005400e+01,5.000000000000000000e-01
6.005100000000005167e+01,5.000000000000000000e-01
6.005200000000005645e+01,5.000000000000000000e-01
6.005300000000005411e+01,5.000000000000000000e-01
6.005400000000005178e+01,5.000000000000000000e-01
6.005500000000005656e+01,5.000000000000000000e-01
6.005600000000005423e+01,5.000000000000000000e-01
6.005700000000005190e+01,5.000000000000000000e-01
6.005800000000005667e+01,5.000000000000000000e-01
6.005900000000005434e+01,5.000000000000000000e-01
6.006000000000005201e+01,5.000000000000000000e-01
6.006100000000005679e+01,5.000000000000000000e-01
6.006200000000005446e+01,5.000000000000000000e-01
6.006300000000005213e+01,5.000000000000000000e-01
6.006400000000005690e+01,5.000000000000000000e-01
6.006500000000005457e+01,5.000000000000000000e-01
6.006600000000005224e+01,5.000000000000000000e-01
6.006700000000005701e+01,5.000000000000000000e-01
6.006800000000005468e+01,5.000000000000000000e-01
6.006900000000005235e+01,5.000000000000000000e-01
6.007000000000005713e+01,5.000000000000000000e-01
6.007100000000005480e+01,5.000000000000000000e-01
6.007200000000005247e+01,5.000000000000000000e-01
6.007300000000005724e+01,5.000000000000000000e-01
6.007400000000005491e+01,5.000000000000000000e-01
6.007500000000005258e+01,5.000000000000000000e-01
6.007600000000005736e+01,5.000000000000000000e-01
6.007700000000005502e+01,5.000000000000000000e-01
6.007800000000005269e+01,5.000000000000000000e-01
6.007900000000005747e+01,5.000000000000000000e-01
6.008000000000005514e+01,5.000000000000000000e-01
6.008100000000005281e+01,5.000000000000000000e-01
6.008200000000005758e+01,5.000000000000000000e-01
6.008300000000005525e+01,5.000000000000000000e-01
6.008400000000005292e+01,5.000000000000000000e-01
6.008500000000005770e+01,5.000000000000000000e-01
6.008600000000005537e+01,5.000000000000000000e-01
6.008700000000005303e+01,5.000000000000000000e-01
6.008800000000005781e+01,5.000000000000000000e-01
6.008900000000005548e+01,5.000000000000000000e-01
6.009000000000005315e+01,5.000000000000000000e-01
6.009100000000005792e+01,5.000000000000000000e-01
6.009200000000005559e+01,5.000000000000000000e-01
6.009300000000005326e+01,5.000000000000000000e-01
6.009400000000005804e+01,5.000000000000000000e-01
6.009500000000005571e+01,5.000000000000000000e-01
6.009600000000005338e+01,5.000000000000000000e-01
6.009700000000005815e+01,5.000000000000000000e-01
6.009800000000005582e+01,5.000000000000000000e-01
6.009900000000005349e+01,5.000000000000000000e-01
6.010000000000005826e+01,5.000000000000000000e-01
6.010100000000005593e+01,5.000000000000000000e-01
6.010200000000005360e+01,5.000000000000000000e-01
6.010300000000005838e+01,5.000000000000000000e-01
6.010400000000005605e+01,5.000000000000000000e-01
6.010500000000005372e+01,5.000000000000000000e-01
6.010600000000005849e+01,5.000000000000000000e-01
6.010700000000005616e+01,5.000000000000000000e-01
6.010800000000005383e+01,5.000000000000000000e-01
6.010900000000005861e+01,5.000000000000000000e-01
6.011000000000005627e+01,5.000000000000000000e-01
6.011100000000005394e+01,5.000000000000000000e-01
6.011200000000005161e+01,5.000000000000000000e-01
6.011300000000005639e+01,5.000000000000000000e-01
6.011400000000005406e+01,5.000000000000000000e-01
6.011500000000005173e+01,5.000000000000000000e-01
6.011600000000005650e+01,5.000000000000000000e-01
6.011700000000005417e+01,5.000000000000000000e-01
6.011800000000005184e+01,5.000000000000000000e-01
6.011900000000005662e+01,5.000000000000000000e-01
6.012000000000005429e+01,5.000000000000000000e-01
6.012100000000005195e+01,5.000000000000000000e-01
6.012200000000005673e+01,5.000000000000000000e-01
6.012300000000005440e+01,5.000000000000000000e-01
6.012400000000005207e+01,5.000000000000000000e-01
6.012500000000005684e+01,5.000000000000000000e-01
6.012600000000005451e+01,5.000000000000000000e-01
6.012700000000005218e+01,5.000000000000000000e-01
6.012800000000005696e+01,5.000000000000000000e-01
6.012900000000005463e+01,5.000000000000000000e-01
6.013000000000005230e+01,5.000000000000000000e-01
6.013100000000005707e+01,5.000000000000000000e-01
6.013200000000005474e+01,5.000000000000000000e-01
6.013300000000005241e+01,5.000000000000000000e-01
6.013400000000005718e+01,5.000000000000000000e-01
6.013500000000005485e+01,5.000000000000000000e-01
6.013600000000005252e+01,5.000000000000000000e-01
6.013700000000005730e+01,5.000000000000000000e-01
6.013800000000005497e+01,5.000000000000000000e-01
6.013900000000005264e+01,5.000000000000000000e-01
6.014000000000005741e+01,5.000000000000000000e-01
6.014100000000005508e+01,5.000000000000000000e-01
6.014200000000005275e+01,5.000000000000000000e-01
6.014300000000005753e+01,5.000000000000000000e-01
6.014400000000005519e+01,5.000000000000000000e-01
6.014500000000005286e+01,5.000000000000000000e-01
6.014600000000005764e+01,5.000000000000000000e-01
6.014700000000005531e+01,5.000000000000000000e-01
6.014800000000005298e+01,5.000000000000000000e-01
6.014900000000005775e+01,5.000000000000000000e-01
6.015000000000005542e+01,5.000000000000000000e-01
6.015100000000005309e+01,5.000000000000000000e-01
6.015200000000005787e+01,5.000000000000000000e-01
6.015300000000005554e+01,5.000000000000000000e-01
6.015400000000005321e+01,5.000000000000000000e-01
6.015500000000005798e+01,5.000000000000000000e-01
6.015600000000005565e+01,5.000000000000000000e-01
6.015700000000005332e+01,5.000000000000000000e-01
6.015800000000005809e+01,5.000000000000000000e-01
6.015900000000005576e+01,5.000000000000000000e-01
6.016000000000005343e+01,5.000000000000000000e-01
6.016100000000005821e+01,5.000000000000000000e-01
6.016200000000005588e+01,5.000000000000000000e-01
6.016300000000005355e+01,5.000000000000000000e-01
6.016400000000005832e+01,5.000000000000000000e-01
6.016500000000005599e+01,5.000000000000000000e-01
6.016600000000005366e+01,5.000000000000000000e-01
6.016700000000005844e+01,5.000000000000000000e-01
6.016800000000005610e+01,5.000000000000000000e-01
6.016900000000005377e+01,5.000000000000000000e-01
6.017000000000005855e+01,5.000000000000000000e-01
6.017100000000005622e+01,5.000000000000000000e-01
6.017200000000005389e+01,5.000000000000000000e-01
6.017300000000005156e+01,5.000000000000000000e-01
6.017400000000005633e+01,5.000000000000000000e-01
6.017500000000005400e+01,5.000000000000000000e-01
6.017600000000005167e+01,5.000000000000000000e-01
6.017700000000005645e+01,5.000000000000000000e-01
6.017800000000005411e+01,5.000000000000000000e-01
6.017900000000005178e+01,5.000000000000000000e-01
6.018000000000005656e+01,5.000000000000000000e-01
6.018100000000005423e+01,5.000000000000000000e-01
6.018200000000005190e+01,5.000000000000000000e-01
6.018300000000005667e+01,5.000000000000000000e-01
6.018400000000005434e+01,5.000000000000000000e-01
6.018500000000005201e+01,5.000000000000000000e-01
6.018600000000005679e+01,5.000000000000000000e-01
6.018700000000005446e+01,5.000000000000000000e-01
6.018800000000005213e+01,5.000000000000000000e-01
6.018900000000005690e+01,5.000000000000000000e-01
6.019000000000005457e+01,5.000000000000000000e-01
6.019100000000005224e+01,5.000000000000000000e-01
6.019200000000005701e+01,5.000000000000000000e-01
6.019300000000005468e+01,5.000000000000000000e-01
6.019400000000005235e+01,5.000000000000000000e-01
6.019500000000005713e+01,5.000000000000000000e-01
6.019600000000005480e+01,5.000000000000000000e-01
6.019700000000005247e+01,5.000000000000000000e-01
6.019800000000005724e+01,5.000000000000000000e-01
6.019900000000005491e+01,5.000000000000000000e-01
6.020000000000005258e+01,5.000000000000000000e-01
6.020100000000005736e+01,5.000000000000000000e-01
6.020200000000005502e+01,5.000000000000000000e-01
6.020300000000005269e+01,5.000000000000000000e-01
6.020400000000005747e+01,5.000000000000000000e-01
6.020500000000005514e+01,5.000000000000000000e-01
6.020600000000005281e+01,5.000000000000000000e-01
6.020700000000005758e+01,5.000000000000000000e-01
6.020800000000005525e+01,5.000000000000000000e-01
6.020900000000005292e+01,5.000000000000000000e-01
6.021000000000005770e+01,5.000000000000000000e-01
6.021100000000005537e+01,5.000000000000000000e-01
6.021200000000005303e+01,5.000000000000000000e-01
6.021300000000005781e+01,5.000000000000000000e-01
6.021400000000005548e+01,5.000000000000000000e-01
6.021500000000005315e+01,5.000000000000000000e-01
6.021600000000005792e+01,5.000000000000000000e-01
6.021700000000005559e+01,5.000000000000000000e-01
6.021800000000005326e+01,5.000000000000000000e-01
6.021900000000005804e+01,5.000000000000000000e-01
6.022000000000005571e+01,5.000000000000000000e-01
6.022100000000005338e+01,5.000000000000000000e-01
6.022200000000005815e+01,5.000000000000000000e-01
6.022300000000005582e+01,5.000000000000000000e-01
6.022400000000005349e+01,5.000000000000000000e-01
6.022500000000005826e+01,5.000000000000000000e-01
6.022600000000005593e+01,5.000000000000000000e-01
6.022700000000005360e+01,5.000000000000000000e-01
6.022800000000005838e+01,5.000000000000000000e-01
6.022900000000005605e+01,5.000000000000000000e-01
6.023000000000005372e+01,5.000000000000000000e-01
6.023100000000005849e+01,5.000000000000000000e-01
6.023200000000005616e+01,5.000000000000000000e-01
6.023300000000005383e+01,5.000000000000000000e-01
6.023400000000005861e+01,5.000000000000000000e-01
6.023500000000005627e+01,5.000000000000000000e-01
6.023600000000005394e+01,5.000000000000000000e-01
6.023700000000005872e+01,5.000000000000000000e-01
6.023800000000005639e+01,5.000000000000000000e-01
6.023900000000005406e+01,5.000000000000000000e-01
6.024000000000005173e+01,5.000000000000000000e-01
6.024100000000005650e+01,5.000000000000000000e-01
6.024200000000005417e+01,5.000000000000000000e-01
6.024300000000005184e+01,5.000000000000000000e-01
6.024400000000005662e+01,5.000000000000000000e-01
6.024500000000005429e+01,5.000000000000000000e-01
6.024600000000005195e+01,5.000000000000000000e-01
6.024700000000005673e+01,5.000000000000000000e-01
6.024800000000005440e+01,5.000000000000000000e-01
6.024900000000005207e+01,5.000000000000000000e-01
6.025000000000005684e+01,5.000000000000000000e-01
6.025100000000005451e+01,5.000000000000000000e-01
6.025200000000005218e+01,5.000000000000000000e-01
6.025300000000005696e+01,5.000000000000000000e-01
6.025400000000005463e+01,5.000000000000000000e-01
6.025500000000005230e+01,5.000000000000000000e-01
6.025600000000005707e+01,5.000000000000000000e-01
6.025700000000005474e+01,5.000000000000000000e-01
6.025800000000005241e+01,5.000000000000000000e-01
6.025900000000005718e+01,5.000000000000000000e-01
6.026000000000005485e+01,5.000000000000000000e-01
6.026100000000005252e+01,5.000000000000000000e-01
6.026200000000005730e+01,5.000000000000000000e-01
6.026300000000005497e+01,5.000000000000000000e-01
6.026400000000005264e+01,5.000000000000000000e-01
6.026500000000005741e+01,5.000000000000000000e-01
6.026600000000005508e+01,5.000000000000000000e-01
6.026700000000005275e+01,5.000000000000000000e-01
6.026800000000005753e+01,5.000000000000000000e-01
6.026900000000005519e+01,5.000000000000000000e-01
6.027000000000005286e+01,5.000000000000000000e-01
6.027100000000005764e+01,5.000000000000000000e-01
6.027200000000005531e+01,5.000000000000000000e-01
6.027300000000005298e+01,5.000000000000000000e-01
6.027400000000005775e+01,5.000000000000000000e-01
6.027500000000005542e+01,5.000000000000000000e-01
6.027600000000005309e+01,5.000000000000000000e-01
6.027700000000005787e+01,5.000000000000000000e-01
6.027800000000005554e+01,5.000000000000000000e-01
6.027900000000005321e+01,5.000000000000000000e-01
6.028000000000005798e+01,5.000000000000000000e-01
6.028100000000005565e+01,5.000000000000000000e-01
6.028200000000005332e+01,5.000000000000000000e-01
6.028300000000005809e+01,5.000000000000000000e-01
6.028400000000005576e+01,5.000000000000000000e-01
6.028500000000005343e+01,5.000000000000000000e-01
6.028600000000005821e+01,5.000000000000000000e-01
6.028700000000005588e+01,5.000000000000000000e-01
6.028800000000005355e+01,5.000000000000000000e-01
6.028900000000005832e+01,5.000000000000000000e-01
6.029000000000005599e+01,5.000000000000000000e-01
6.029100000000005366e+01,5.000000000000000000e-01
6.029200000000005844e+01,5.000000000000000000e-01
6.029300000000005610e+01,5.000000000000000000e-01
6.029400000000005377e+01,5.000000000000000000e-01
6.029500000000005855e+01,5.000000000000000000e-01
6.029600000000005622e+01,5.000000000000000000e-01
6.029700000000005389e+01,5.000000000000000000e-01
6.029800000000005866e+01,5.000000000000000000e-01
6.029900000000005633e+01,5.000000000000000000e-01
6.030000000000005400e+01,5.000000000000000000e-01
6.030100000000005167e+01,5.000000000000000000e-01
6.030200000000005645e+01,5.000000000000000000e-01
6.030300000000005411e+01,5.000000000000000000e-01
6.030400000000005178e+01,5.000000000000000000e-01
6.030500000000005656e+01,5.000000000000000000e-01
6.030600000000005423e+01,5.000000000000000000e-01
6.030700000000005190e+01,5.000000000000000000e-01
6.030800000000005667e+01,5.000000000000000000e-01
6.030900000000005434e+01,5.000000000000000000e-01
6.031000000000005201e+01,5.000000000000000000e-01
6.031100000000005679e+01,5.000000000000000000e-01
6.031200000000005446e+01,5.000000000000000000e-01
6.031300000000005213e+01,5.000000000000000000e-01
6.031400000000005690e+01,5.000000000000000000e-01
6.031500000000005457e+01,5.000000000000000000e-01
6.031600000000005224e+01,5.000000000000000000e-01
6.031700000000005701e+01,5.000000000000000000e-01
6.031800000000005468e+01,5.000000000000000000e-01
6.031900000000005235e+01,5.000000000000000000e-01
6.032000000000005713e+01,5.000000000000000000e-01
6.032100000000005480e+01,5.000000000000000000e-01
6.032200000000005247e+01,5.000000000000000000e-01
6.032300000000005724e+01,5.000000000000000000e-01
6.032400000000005491e+01,5.000000000000000000e-01
6.032500000000005258e+01,5.000000000000000000e-01
6.032600000000005736e+01,5.000000000000000000e-01
6.032700000000005502e+01,5.000000000000000000e-01
6.032800000000005269e+01,5.000000000000000000e-01
6.032900000000005747e+01,5.000000000000000000e-01
6.033000000000005514e+01,5.000000000000000000e-01
6.033100000000005281e+01,5.000000000000000000e-01
6.033200000000005758e+01,5.000000000000000000e-01
6.033300000000005525e+01,5.000000000000000000e-01
6.033400000000005292e+01,5.000000000000000000e-01
6.033500000000005770e+01,5.000000000000000000e-01
6.033600000000005537e+01,5.000000000000000000e-01
6.033700000000005303e+01,5.000000000000000000e-01
6.033800000000005781e+01,5.000000000000000000e-01
6.033900000000005548e+01,5.000000000000000000e-01
6.034000000000005315e+01,5.000000000000000000e-01
6.034100000000005792e+01,5.000000000000000000e-01
6.034200000000005559e+01,5.000000000000000000e-01
6.034300000000005326e+01,5.000000000000000000e-01
6.034400000000005804e+01,5.000000000000000000e-01
6.034500000000005571e+01,5.000000000000000000e-01
6.034600000000005338e+01,5.000000000000000000e-01
6.034700000000005815e+01,5.000000000000000000e-01
6.034800000000005582e+01,5.000000000000000000e-01
6.034900000000005349e+01,5.000000000000000000e-01
6.035000000000005826e+01,5.000000000000000000e-01
6.035100000000005593e+01,5.000000000000000000e-01
6.035200000000005360e+01,5.000000000000000000e-01
6.035300000000005838e+01,5.000000000000000000e-01
6.035400000000005605e+01,5.000000000000000000e-01
6.035500000000005372e+01,5.000000000000000000e-01
6.035600000000005849e+01,5.000000000000000000e-01
6.035700000000005616e+01,5.000000000000000000e-01
6.035800000000005383e+01,5.000000000000000000e-01
6.035900000000005861e+01,5.000000000000000000e-01
6.036000000000005627e+01,5.000000000000000000e-01
6.036100000000005394e+01,5.000000000000000000e-01
6.036200000000005872e+01,5.000000000000000000e-01
6.036300000000005639e+01,5.000000000000000000e-01
6.036400000000005406e+01,5.000000000000000000e-01
6.036500000000005883e+01,5.000000000000000000e-01
6.036600000000005650e+01,5.000000000000000000e-01
6.036700000000005417e+01,5.000000000000000000e-01
6.036800000000005184e+01,5.000000000000000000e-01
6.036900000000005662e+01,5.000000000000000000e-01
6.037000000000005429e+01,5.000000000000000000e-01
6.037100000000005195e+01,5.000000000000000000e-01
6.037200000000005673e+01,5.000000000000000000e-01
6.037300000000005440e+01,5.000000000000000000e-01
6.037400000000005207e+01,5.000000000000000000e-01
6.037500000000005684e+01,5.000000000000000000e-01
6.037600000000005451e+01,5.000000000000000000e-01
6.037700000000005218e+01,5.000000000000000000e-01
6.037800000000005696e+01,5.000000000000000000e-01
6.037900000000005463e+01,5.000000000000000000e-01
6.038000000000005230e+01,5.000000000000000000e-01
6.038100000000005707e+01,5.000000000000000000e-01
6.038200000000005474e+01,5.000000000000000000e-01
6.038300000000005241e+01,5.000000000000000000e-01
6.038400000000005718e+01,5.000000000000000000e-01
6.038500000000005485e+01,5.000000000000000000e-01
6.038600000000005252e+01,5.000000000000000000e-01
6.038700000000005730e+01,5.000000000000000000e-01
6.038800000000005497e+01,5.000000000000000000e-01
6.038900000000005264e+01,5.000000000000000000e-01
6.039000000000005741e+01,5.000000000000000000e-01
6.039100000000005508e+01,5.000000000000000000e-01
6.039200000000005275e+01,5.000000000000000000e-01
6.039300000000005753e+01,5.000000000000000000e-01
6.039400000000005519e+01,5.000000000000000000e-01
6.039500000000005286e+01,5.000000000000000000e-01
6.039600000000005764e+01,5.000000000000000000e-01
6.039700000000005531e+01,5.000000000000000000e-01
6.039800000000005298e+01,5.000000000000000000e-01
6.039900000000005775e+01,5.000000000000000000e-01
6.040000000000005542e+01,5.000000000000000000e-01
6.040100000000005309e+01,5.000000000000000000e-01
6.040200000000005787e+01,5.000000000000000000e-01
6.040300000000005554e+01,5.000000000000000000e-01
6.040400000000005321e+01,5.000000000000000000e-01
6.040500000000005798e+01,5.000000000000000000e-01
6.040600000000005565e+01,5.000000000000000000e-01
6.040700000000005332e+01,5.000000000000000000e-01
6.040800000000005809e+01,5.000000000000000000e-01
6.040900000000005576e+01,5.000000000000000000e-01
6.041000000000005343e+01,5.000000000000000000e-01
6.041100000000005821e+01,5.000000000000000000e-01
6.041200000000005588e+01,5.000000000000000000e-01
6.041300000000005355e+01,5.000000000000000000e-01
6.041400000000005832e+01,5.000000000000000000e-01
6.041500000000005599e+01,5.000000000000000000e-01
6.041600000000005366e+01,5.000000000000000000e-01
6.041700000000005844e+01,5.000000000000000000e-01
6.041800000000005610e+01,5.000000000000000000e-01
6.041900000000005377e+01,5.000000000000000000e-01
6.042000000000005855e+01,5.000000000000000000e-01
6.042100000000005622e+01,5.000000000000000000e-01
6.042200000000005389e+01,5.000000000000000000e-01
6.042300000000005866e+01,5.000000000000000000e-01
6.042400000000005633e+01,5.000000000000000000e-01
6.042500000000005400e+01,5.000000000000000000e-01
6.042600000000005878e+01,5.000000000000000000e-01
6.042700000000005645e+01,5.000000000000000000e-01
6.042800000000005411e+01,5.000000000000000000e-01
6.042900000000005178e+01,5.000000000000000000e-01
6.043000000000005656e+01,5.000000000000000000e-01
6.043100000000005423e+01,5.000000000000000000e-01
6.043200000000005190e+01,5.000000000000000000e-01
6.043300000000005667e+01,5.000000000000000000e-01
6.043400000000005434e+01,5.000000000000000000e-01
6.043500000000005201e+01,5.000000000000000000e-01
6.043600000000005679e+01,5.000000000000000000e-01
6.043700000000005446e+01,5.000000000000000000e-01
6.043800000000005213e+01,5.000000000000000000e-01
6.043900000000005690e+01,5.000000000000000000e-01
6.044000000000005457e+01,5.000000000000000000e-01
6.044100000000005224e+01,5.000000000000000000e-01
6.044200000000005701e+01,5.000000000000000000e-01
6.044300000000005468e+01,5.000000000000000000e-01
6.044400000000005235e+01,5.000000000000000000e-01
6.044500000000005713e+01,5.000000000000000000e-01
6.044600000000005480e+01,5.000000000000000000e-01
6.044700000000005247e+01,5.000000000000000000e-01
6.044800000000005724e+01,5.000000000000000000e-01
6.044900000000005491e+01,5.000000000000000000e-01
6.045000000000005258e+01,5.000000000000000000e-01
6.045100000000005736e+01,5.000000000000000000e-01
6.045200000000005502e+01,5.000000000000000000e-01
6.045300000000005269e+01,5.000000000000000000e-01
6.045400000000005747e+01,5.000000000000000000e-01
6.045500000000005514e+01,5.000000000000000000e-01
6.045600000000005281e+01,5.000000000000000000e-01
6.045700000000005758e+01,5.000000000000000000e-01
6.045800000000005525e+01,5.000000000000000000e-01
6.045900000000005292e+01,5.000000000000000000e-01
6.046000000000005770e+01,5.000000000000000000e-01
6.046100000000005537e+01,5.000000000000000000e-01
6.046200000000005303e+01,5.000000000000000000e-01
6.046300000000005781e+01,5.000000000000000000e-01
6.046400000000005548e+01,5.000000000000000000e-01
6.046500000000005315e+01,5.000000000000000000e-01
6.046600000000005792e+01,5.000000000000000000e-01
6.046700000000005559e+01,5.000000000000000000e-01
6.046800000000005326e+01,5.000000000000000000e-01
6.046900000000005804e+01,5.000000000000000000e-01
6.047000000000005571e+01,5.000000000000000000e-01
6.047100000000005338e+01,5.000000000000000000e-01
6.047200000000005815e+01,5.000000000000000000e-01
6.047300000000005582e+01,5.000000000000000000e-01
6.047400000000005349e+01,5.000000000000000000e-01
6.047500000000005826e+01,5.000000000000000000e-01
6.047600000000005593e+01,5.000000000000000000e-01
6.047700000000005360e+01,5.000000000000000000e-01
6.047800000000005838e+01,5.000000000000000000e-01
6.047900000000005605e+01,5.000000000000000000e-01
6.048000000000005372e+01,5.000000000000000000e-01
6.048100000000005849e+01,5.000000000000000000e-01
6.048200000000005616e+01,5.000000000000000000e-01
6.048300000000005383e+01,5.000000000000000000e-01
6.048400000000005861e+01,5.000000000000000000e-01
6.048500000000005627e+01,5.000000000000000000e-01
6.048600000000005394e+01,5.000000000000000000e-01
6.048700000000005872e+01,5.000000000000000000e-01
6.048800000000005639e+01,5.000000000000000000e-01
6.048900000000005406e+01,5.000000000000000000e-01
6.049000000000005883e+01,5.000000000000000000e-01
6.049100000000005650e+01,5.000000000000000000e-01
6.049200000000005417e+01,5.000000000000000000e-01
6.049300000000005895e+01,5.000000000000000000e-01
6.049400000000005662e+01,5.000000000000000000e-01
6.049500000000005429e+01,5.000000000000000000e-01
6.049600000000005195e+01,5.000000000000000000e-01
6.049700000000005673e+01,5.000000000000000000e-01
6.049800000000005440e+01,5.000000000000000000e-01
6.049900000000005207e+01,5.000000000000000000e-01
6.050000000000005684e+01,5.000000000000000000e-01
6.050100000000005451e+01,5.000000000000000000e-01
6.050200000000005218e+01,5.000000000000000000e-01
6.050300000000005696e+01,5.000000000000000000e-01
6.050400000000005463e+01,5.000000000000000000e-01
6.050500000000005230e+01,5.000000000000000000e-01
6.050600000000005707e+01,5.000000000000000000e-01
6.050700000000005474e+01,5.000000000000000000e-01
6.050800000000005241e+01,5.000000000000000000e-01
6.050900000000005718e+01,5.000000000000000000e-01
6.051000000000005485e+01,5.000000000000000000e-01
6.051100000000005252e+01,5.000000000000000000e-01
6.051200000000005730e+01,5.000000000000000000e-01
6.051300000000005497e+01,5.000000000000000000e-01
6.051400000000005264e+01,5.000000000000000000e-01
6.051500000000005741e+01,5.000000000000000000e-01
6.051600000000005508e+01,5.000000000000000000e-01
6.051700000000005275e+01,5.000000000000000000e-01
6.051800000000005753e+01,5.000000000000000000e-01
6.051900000000005519e+01,5.000000000000000000e-01
6.052000000000005286e+01,5.000000000000000000e-01
6.052100000000005764e+01,5.000000000000000000e-01
6.052200000000005531e+01,5.000000000000000000e-01
6.052300000000005298e+01,5.000000000000000000e-01
6.052400000000005775e+01,5.000000000000000000e-01
6.052500000000005542e+01,5.000000000000000000e-01
6.052600000000005309e+01,5.000000000000000000e-01
6.052700000000005787e+01,5.000000000000000000e-01
6.052800000000005554e+01,5.000000000000000000e-01
6.052900000000005321e+01,5.000000000000000000e-01
6.053000000000005798e+01,5.000000000000000000e-01
6.053100000000005565e+01,5.000000000000000000e-01
6.053200000000005332e+01,5.000000000000000000e-01
6.053300000000005809e+01,5.000000000000000000e-01
6.053400000000005576e+01,5.000000000000000000e-01
6.053500000000005343e+01,5.000000000000000000e-01
6.053600000000005821e+01,5.000000000000000000e-01
6.053700000000005588e+01,5.000000000000000000e-01
6.053800000000005355e+01,5.000000000000000000e-01
6.053900000000005832e+01,5.000000000000000000e-01
6.054000000000005599e+01,5.000000000000000000e-01
6.054100000000005366e+01,5.000000000000000000e-01
6.054200000000005844e+01,5.000000000000000000e-01
6.054300000000005610e+01,5.000000000000000000e-01
6.054400000000005377e+01,5.000000000000000000e-01
6.054500000000005855e+01,5.000000000000000000e-01
6.054600000000005622e+01,5.000000000000000000e-01
6.054700000000005389e+01,5.000000000000000000e-01
6.054800000000005866e+01,5.000000000000000000e-01
6.054900000000005633e+01,5.000000000000000000e-01
6.055000000000005400e+01,5.000000000000000000e-01
6.055100000000005878e+01,5.000000000000000000e-01
6.055200000000005645e+01,5.000000000000000000e-01
6.055300000000005411e+01,5.000000000000000000e-01
6.055400000000005889e+01,5.000000000000000000e-01
6.055500000000005656e+01,5.000000000000000000e-01
6.055600000000005423e+01,5.000000000000000000e-01
6.055700000000005190e+01,5.000000000000000000e-01
6.055800000000005667e+01,5.000000000000000000e-01
6.055900000000005434e+01,5.000000000000000000e-01
6.056000000000005201e+01,5.000000000000000000e-01
6.056100000000005679e+01,5.000000000000000000e-01
6.056200000000005446e+01,5.000000000000000000e-01
6.056300000000005213e+01,5.000000000000000000e-01
6.056400000000005690e+01,5.000000000000000000e-01
6.056500000000005457e+01,5.000000000000000000e-01
6.056600000000005224e+01,5.000000000000000000e-01
6.056700000000005701e+01,5.000000000000000000e-01
6.056800000000005468e+01,5.000000000000000000e-01
6.056900000000005235e+01,5.000000000000000000e-01
6.057000000000005713e+01,5.000000000000000000e-01
6.057100000000005480e+01,5.000000000000000000e-01
6.057200000000005247e+01,5.000000000000000000e-01
6.057300000000005724e+01,5.000000000000000000e-01
6.057400000000005491e+01,5.000000000000000000e-01
6.057500000000005258e+01,5.000000000000000000e-01
6.057600000000005736e+01,5.000000000000000000e-01
6.057700000000005502e+01,5.000000000000000000e-01
6.057800000000005269e+01,5.000000000000000000e-01
6.057900000000005747e+01,5.000000000000000000e-01
6.058000000000005514e+01,5.000000000000000000e-01
6.058100000000005281e+01,5.000000000000000000e-01
6.058200000000005758e+01,5.000000000000000000e-01
6.058300000000005525e+01,5.000000000000000000e-01
6.058400000000005292e+01,5.000000000000000000e-01
6.058500000000005770e+01,5.000000000000000000e-01
6.058600000000005537e+01,5.000000000000000000e-01
6.058700000000005303e+01,5.000000000000000000e-01
6.058800000000005781e+01,5.000000000000000000e-01
6.058900000000005548e+01,5.000000000000000000e-01
6.059000000000005315e+01,5.000000000000000000e-01
6.059100000000005792e+01,5.000000000000000000e-01
6.059200000000005559e+01,5.000000000000000000e-01
6.059300000000005326e+01,5.000000000000000000e-01
6.059400000000005804e+01,5.000000000000000000e-01
6.059500000000005571e+01,5.000000000000000000e-01
6.059600000000005338e+01,5.000000000000000000e-01
6.059700000000005815e+01,5.000000000000000000e-01
6.059800000000005582e+01,5.000000000000000000e-01
6.059900000000005349e+01,5.000000000000000000e-01
6.060000000000005826e+01,5.000000000000000000e-01
6.060100000000005593e+01,5.000000000000000000e-01
6.060200000000005360e+01,5.000000000000000000e-01
6.060300000000005838e+01,5.000000000000000000e-01
6.060400000000005605e+01,5.000000000000000000e-01
6.060500000000005372e+01,5.000000000000000000e-01
6.060600000000005849e+01,5.000000000000000000e-01
6.060700000000005616e+01,5.000000000000000000e-01
6.060800000000005383e+01,5.000000000000000000e-01
6.060900000000005861e+01,5.000000000000000000e-01
6.061000000000005627e+01,5.000000000000000000e-01
6.061100000000005394e+01,5.000000000000000000e-01
6.061200000000005872e+01,5.000000000000000000e-01
6.061300000000005639e+01,5.000000000000000000e-01
6.061400000000005406e+01,5.000000000000000000e-01
6.061500000000005883e+01,5.000000000000000000e-01
6.061600000000005650e+01,5.000000000000000000e-01
6.061700000000005417e+01,5.000000000000000000e-01
6.061800000000005895e+01,5.000000000000000000e-01
6.061900000000005662e+01,5.000000000000000000e-01
6.062000000000005429e+01,5.000000000000000000e-01
6.062100000000005906e+01,5.000000000000000000e-01
6.062200000000005673e+01,5.000000000000000000e-01
6.062300000000005440e+01,5.000000000000000000e-01
6.062400000000005207e+01,5.000000000000000000e-01
6.062500000000005684e+01,5.000000000000000000e-01
6.062600000000005451e+01,5.000000000000000000e-01
6.062700000000005218e+01,5.000000000000000000e-01
6.062800000000005696e+01,5.000000000000000000e-01
6.062900000000005463e+01,5.000000000000000000e-01
6.063000000000005230e+01,5.000000000000000000e-01
6.063100000000005707e+01,5.000000000000000000e-01
6.063200000000005474e+01,5.000000000000000000e-01
6.063300000000005241e+01,5.000000000000000000e-01
6.063400000000005718e+01,5.000000000000000000e-01
6.063500000000005485e+01,5.000000000000000000e-01
6.063600000000005252e+01,5.000000000000000000e-01
6.063700000000005730e+01,5.000000000000000000e-01
6.063800000000005497e+01,5.000000000000000000e-01
6.063900000000005264e+01,5.000000000000000000e-01
6.064000000000005741e+01,5.000000000000000000e-01
6.064100000000005508e+01,5.000000000000000000e-01
6.064200000000005275e+01,5.000000000000000000e-01
6.064300000000005753e+01,5.000000000000000000e-01
6.064400000000005519e+01,5.000000000000000000e-01
6.064500000000005286e+01,5.000000000000000000e-01
6.064600000000005764e+01,5.000000000000000000e-01
6.064700000000005531e+01,5.000000000000000000e-01
6.064800000000005298e+01,5.000000000000000000e-01
6.064900000000005775e+01,5.000000000000000000e-01
6.065000000000005542e+01,5.000000000000000000e-01
6.065100000000005309e+01,5.000000000000000000e-01
6.065200000000005787e+01,5.000000000000000000e-01
6.065300000000005554e+01,5.000000000000000000e-01
6.065400000000005321e+01,5.000000000000000000e-01
6.065500000000005798e+01,5.000000000000000000e-01
6.065600000000005565e+01,5.000000000000000000e-01
6.065700000000005332e+01,5.000000000000000000e-01
6.065800000000005809e+01,5.000000000000000000e-01
6.065900000000005576e+01,5.000000000000000000e-01
6.066000000000005343e+01,5.000000000000000000e-01
6.066100000000005821e+01,5.000000000000000000e-01
6.066200000000005588e+01,5.000000000000000000e-01
6.066300000000005355e+01,5.000000000000000000e-01
6.066400000000005832e+01,5.000000000000000000e-01
6.066500000000005599e+01,5.000000000000000000e-01
6.066600000000005366e+01,5.000000000000000000e-01
6.066700000000005844e+01,5.000000000000000000e-01
6.066800000000005610e+01,5.000000000000000000e-01
6.066900000000005377e+01,5.000000000000000000e-01
6.067000000000005855e+01,5.000000000000000000e-01
6.067100000000005622e+01,5.000000000000000000e-01
6.067200000000005389e+01,5.000000000000000000e-01
6.067300000000005866e+01,5.000000000000000000e-01
6.067400000000005633e+01,5.000000000000000000e-01
6.067500000000005400e+01,5.000000000000000000e-01
6.067600000000005878e+01,5.000000000000000000e-01
6.067700000000005645e+01,5.000000000000000000e-01
6.067800000000005411e+01,5.000000000000000000e-01
6.067900000000005889e+01,5.000000000000000000e-01
6.068000000000005656e+01,5.000000000000000000e-01
6.068100000000005423e+01,5.000000000000000000e-01
6.068200000000005900e+01,5.000000000000000000e-01
6.068300000000005667e+01,5.000000000000000000e-01
6.068400000000005434e+01,5.000000000000000000e-01
6.068500000000005201e+01,5.000000000000000000e-01
6.068600000000005679e+01,5.000000000000000000e-01
6.068700000000005446e+01,5.000000000000000000e-01
6.068800000000005213e+01,5.000000000000000000e-01
6.068900000000005690e+01,5.000000000000000000e-01
6.069000000000005457e+01,5.000000000000000000e-01
6.069100000000005224e+01,5.000000000000000000e-01
6.069200000000005701e+01,5.000000000000000000e-01
6.069300000000005468e+01,5.000000000000000000e-01
6.069400000000005235e+01,5.000000000000000000e-01
6.069500000000005713e+01,5.000000000000000000e-01
6.069600000000005480e+01,5.000000000000000000e-01
6.069700000000005247e+01,5.000000000000000000e-01
6.069800000000005724e+01,5.000000000000000000e-01
6.069900000000005491e+01,5.000000000000000000e-01
6.070000000000005258e+01,5.000000000000000000e-01
6.070100000000005736e+01,5.000000000000000000e-01
6.070200000000005502e+01,5.000000000000000000e-01
6.070300000000005269e+01,5.000000000000000000e-01
6.070400000000005747e+01,5.000000000000000000e-01
6.070500000000005514e+01,5.000000000000000000e-01
6.070600000000005281e+01,5.000000000000000000e-01
6.070700000000005758e+01,5.000000000000000000e-01
6.070800000000005525e+01,5.000000000000000000e-01
6.070900000000005292e+01,5.000000000000000000e-01
6.071000000000005770e+01,5.000000000000000000e-01
6.071100000000005537e+01,5.000000000000000000e-01
6.071200000000005303e+01,5.000000000000000000e-01
6.071300000000005781e+01,5.000000000000000000e-01
6.071400000000005548e+01,5.000000000000000000e-01
6.071500000000005315e+01,5.000000000000000000e-01
6.071600000000005792e+01,5.000000000000000000e-01
6.071700000000005559e+01,5.000000000000000000e-01
6.071800000000005326e+01,5.000000000000000000e-01
6.071900000000005804e+01,5.000000000000000000e-01
6.072000000000005571e+01,5.000000000000000000e-01
6.072100000000005338e+01,5.000000000000000000e-01
6.072200000000005815e+01,5.000000000000000000e-01
6.072300000000005582e+01,5.000000000000000000e-01
6.072400000000005349e+01,5.000000000000000000e-01
6.072500000000005826e+01,5.000000000000000000e-01
6.072600000000005593e+01,5.000000000000000000e-01
6.072700000000005360e+01,5.000000000000000000e-01
6.072800000000005838e+01,5.000000000000000000e-01
6.072900000000005605e+01,5.000000000000000000e-01
6.073000000000005372e+01,5.000000000000000000e-01
6.073100000000005849e+01,5.000000000000000000e-01
6.073200000000005616e+01,5.000000000000000000e-01
6.073300000000005383e+01,5.000000000000000000e-01
6.073400000000005861e+01,5.000000000000000000e-01
6.073500000000005627e+01,5.000000000000000000e-01
6.073600000000005394e+01,5.000000000000000000e-01
6.073700000000005872e+01,5.000000000000000000e-01
6.073800000000005639e+01,5.000000000000000000e-01
6.073900000000005406e+01,5.000000000000000000e-01
6.074000000000005883e+01,5.000000000000000000e-01
6.074100000000005650e+01,5.000000000000000000e-01
6.074200000000005417e+01,5.000000000000000000e-01
6.074300000000005895e+01,5.000000000000000000e-01
6.074400000000005662e+01,5.000000000000000000e-01
6.074500000000005429e+01,5.000000000000000000e-01
6.074600000000005906e+01,5.000000000000000000e-01
6.074700000000005673e+01,5.000000000000000000e-01
6.074800000000005440e+01,5.000000000000000000e-01
6.074900000000005917e+01,5.000000000000000000e-01
6.075000000000005684e+01,5.000000000000000000e-01
6.075100000000005451e+01,5.000000000000000000e-01
6.075200000000005218e+01,5.000000000000000000e-01
6.075300000000005696e+01,5.000000000000000000e-01
6.075400000000005463e+01,5.000000000000000000e-01
6.075500000000005230e+01,5.000000000000000000e-01
6.075600000000005707e+01,5.000000000000000000e-01
6.075700000000005474e+01,5.000000000000000000e-01
6.075800000000005241e+01,5.000000000000000000e-01
6.075900000000005718e+01,5.000000000000000000e-01
6.076000000000005485e+01,5.000000000000000000e-01
6.076100000000005252e+01,5.000000000000000000e-01
6.076200000000005730e+01,5.000000000000000000e-01
6.076300000000005497e+01,5.000000000000000000e-01
6.076400000000005264e+01,5.000000000000000000e-01
6.076500000000005741e+01,5.000000000000000000e-01
6.076600000000005508e+01,5.000000000000000000e-01
6.076700000000005275e+01,5.000000000000000000e-01
6.076800000000005753e+01,5.000000000000000000e-01
6.076900000000005519e+01,5.000000000000000000e-01
6.077000000000005286e+01,5.000000000000000000e-01
6.077100000000005764e+01,5.000000000000000000e-01
6.077200000000005531e+01,5.000000000000000000e-01
6.077300000000005298e+01,5.000000000000000000e-01
6.077400000000005775e+01,5.000000000000000000e-01
6.077500000000005542e+01,5.000000000000000000e-01
6.077600000000005309e+01,5.000000000000000000e-01
6.077700000000005787e+01,5.000000000000000000e-01
6.077800000000005554e+01,5.000000000000000000e-01
6.077900000000005321e+01,5.000000000000000000e-01
6.078000000000005798e+01,5.000000000000000000e-01
6.078100000000005565e+01,5.000000000000000000e-01
6.078200000000005332e+01,5.000000000000000000e-01
6.078300000000005809e+01,5.000000000000000000e-01
6.078400000000005576e+01,5.000000000000000000e-01
6.078500000000005343e+01,5.000000000000000000e-01
6.078600000000005821e+01,5.000000000000000000e-01
6.078700000000005588e+01,5.000000000000000000e-01
6.078800000000005355e+01,5.000000000000000000e-01
6.078900000000005832e+01,5.000000000000000000e-01
6.079000000000005599e+01,5.000000000000000000e-01
6.079100000000005366e+01,5.000000000000000000e-01
6.079200000000005844e+01,5.000000000000000000e-01
6.079300000000005610e+01,5.000000000000000000e-01
6.079400000000005377e+01,5.000000000000000000e-01
6.079500000000005855e+01,5.000000000000000000e-01
6.079600000000005622e+01,5.000000000000000000e-01
6.079700000000005389e+01,5.000000000000000000e-01
6.079800000000005866e+01,5.000000000000000000e-01
6.079900000000005633e+01,5.000000000000000000e-01
6.080000000000005400e+01,5.000000000000000000e-01
6.080100000000005878e+01,5.000000000000000000e-01
6.080200000000005645e+01,5.000000000000000000e-01
6.080300000000005411e+01,5.000000000000000000e-01
6.080400000000005889e+01,5.000000000000000000e-01
6.080500000000005656e+01,5.000000000000000000e-01
6.080600000000005423e+01,5.000000000000000000e-01
6.080700000000005900e+01,5.000000000000000000e-01
6.080800000000005667e+01,5.000000000000000000e-01
6.080900000000005434e+01,5.000000000000000000e-01
6.081000000000005912e+01,5.000000000000000000e-01
6.081100000000005679e+01,5.000000000000000000e-01
6.081200000000005446e+01,5.000000000000000000e-01
6.081300000000005213e+01,5.000000000000000000e-01
6.081400000000005690e+01,5.000000000000000000e-01
6.081500000000005457e+01,5.000000000000000000e-01
6.081600000000005224e+01,5.000000000000000000e-01
6.081700000000005701e+01,5.000000000000000000e-01
6.081800000000005468e+01,5.000000000000000000e-01
6.081900000000005235e+01,5.000000000000000000e-01
6.082000000000005713e+01,5.000000000000000000e-01
6.082100000000005480e+01,5.000000000000000000e-01
6.082200000000005247e+01,5.000000000000000000e-01
6.082300000000005724e+01,5.000000000000000000e-01
6.082400000000005491e+01,5.000000000000000000e-01
6.082500000000005258e+01,5.000000000000000000e-01
6.082600000000005736e+01,5.000000000000000000e-01
6.082700000000005502e+01,5.000000000000000000e-01
6.082800000000005269e+01,5.000000000000000000e-01
6.082900000000005747e+01,5.000000000000000000e-01
6.083000000000005514e+01,5.000000000000000000e-01
6.083100000000005281e+01,5.000000000000000000e-01
6.083200000000005758e+01,5.000000000000000000e-01
6.083300000000005525e+01,5.000000000000000000e-01
6.083400000000005292e+01,5.000000000000000000e-01
6.083500000000005770e+01,5.000000000000000000e-01
6.083600000000005537e+01,5.000000000000000000e-01
6.083700000000005303e+01,5.000000000000000000e-01
6.083800000000005781e+01,5.000000000000000000e-01
6.083900000000005548e+01,5.000000000000000000e-01
6.084000000000005315e+01,5.000000000000000000e-01
6.084100000000005792e+01,5.000000000000000000e-01
6.084200000000005559e+01,5.000000000000000000e-01
6.084300000000005326e+01,5.000000000000000000e-01
6.084400000000005804e+01,5.000000000000000000e-01
6.084500000000005571e+01,5.000000000000000000e-01
6.084600000000005338e+01,5.000000000000000000e-01
6.084700000000005815e+01,5.000000000000000000e-01
6.084800000000005582e+01,5.000000000000000000e-01
6.084900000000005349e+01,5.000000000000000000e-01
6.085000000000005826e+01,5.000000000000000000e-01
6.085100000000005593e+01,5.000000000000000000e-01
6.085200000000005360e+01,5.000000000000000000e-01
6.085300000000005838e+01,5.000000000000000000e-01
6.085400000000005605e+01,5.000000000000000000e-01
6.085500000000005372e+01,5.000000000000000000e-01
6.085600000000005849e+01,5.000000000000000000e-01
6.085700000000005616e+01,5.000000000000000000e-01
6.085800000000005383e+01,5.000000000000000000e-01
6.085900000000005861e+01,5.000000000000000000e-01
6.086000000000005627e+01,5.000000000000000000e-01
6.086100000000005394e+01,5.000000000000000000e-01
6.086200000000005872e+01,5.000000000000000000e-01
6.086300000000005639e+01,5.000000000000000000e-01
6.086400000000005406e+01,5.000000000000000000e-01
6.086500000000005883e+01,5.000000000000000000e-01
6.086600000000005650e+01,5.000000000000000000e-01
6.086700000000005417e+01,5.000000000000000000e-01
6.086800000000005895e+01,5.000000000000000000e-01
6.086900000000005662e+01,5.000000000000000000e-01
6.087000000000005429e+01,5.000000000000000000e-01
6.087100000000005906e+01,5.000000000000000000e-01
6.087200000000005673e+01,5.000000000000000000e-01
6.087300000000005440e+01,5.000000000000000000e-01
6.087400000000005917e+01,5.000000000000000000e-01
6.087500000000005684e+01,5.000000000000000000e-01
6.087600000000005451e+01,5.000000000000000000e-01
6.087700000000005929e+01,5.000000000000000000e-01
6.087800000000005696e+01,5.000000000000000000e-01
6.087900000000005463e+01,5.000000000000000000e-01
6.088000000000005230e+01,5.000000000000000000e-01
6.088100000000005707e+01,5.000000000000000000e-01
6.088200000000005474e+01,5.000000000000000000e-01
6.088300000000005241e+01,5.000000000000000000e-01
6.088400000000005718e+01,5.000000000000000000e-01
6.088500000000005485e+01,5.000000000000000000e-01
6.088600000000005252e+01,5.000000000000000000e-01
6.088700000000005730e+01,5.000000000000000000e-01
6.088800000000005497e+01,5.000000000000000000e-01
6.088900000000005264e+01,5.000000000000000000e-01
6.089000000000005741e+01,5.000000000000000000e-01
6.089100000000005508e+01,5.000000000000000000e-01
6.089200000000005275e+01,5.000000000000000000e-01
6.089300000000005753e+01,5.000000000000000000e-01
6.089400000000005519e+01,5.000000000000000000e-01
6.089500000000005286e+01,5.000000000000000000e-01
6.089600000000005764e+01,5.000000000000000000e-01
6.089700000000005531e+01,5.000000000000000000e-01
6.089800000000005298e+01,5.000000000000000000e-01
6.089900000000005775e+01,5.000000000000000000e-01
6.090000000000005542e+01,5.000000000000000000e-01
6.090100000000005309e+01,5.000000000000000000e-01
6.090200000000005787e+01,5.000000000000000000e-01
6.090300000000005554e+01,5.000000000000000000e-01
6.090400000000005321e+01,5.000000000000000000e-01
6.090500000000005798e+01,5.000000000000000000e-01
6.090600000000005565e+01,5.000000000000000000e-01
6.090700000000005332e+01,5.000000000000000000e-01
6.090800000000005809e+01,5.000000000000000000e-01
6.090900000000005576e+01,5.000000000000000000e-01
6.091000000000005343e+01,5.000000000000000000e-01
6.091100000000005821e+01,5.000000000000000000e-01
6.091200000000005588e+01,5.000000000000000000e-01
6.091300000000005355e+01,5.000000000000000000e-01
6.091400000000005832e+01,5.000000000000000000e-01
6.091500000000005599e+01,5.000000000000000000e-01
6.091600000000005366e+01,5.000000000000000000e-01
6.091700000000005844e+01,5.000000000000000000e-01
6.091800000000005610e+01,5.000000000000000000e-01
6.091900000000005377e+01,5.000000000000000000e-01
6.092000000000005855e+01,5.000000000000000000e-01
6.092100000000005622e+01,5.000000000000000000e-01
6.092200000000005389e+01,5.000000000000000000e-01
6.092300000000005866e+01,5.000000000000000000e-01
6.092400000000005633e+01,5.000000000000000000e-01
6.092500000000005400e+01,5.000000000000000000e-01
6.092600000000005878e+01,5.000000000000000000e-01
6.092700000000005645e+01,5.000000000000000000e-01
6.092800000000005411e+01,5.000000000000000000e-01
6.092900000000005889e+01,5.000000000000000000e-01
6.093000000000005656e+01,5.000000000000000000e-01
6.093100000000005423e+01,5.000000000000000000e-01
6.093200000000005900e+01,5.000000000000000000e-01
6.093300000000005667e+01,5.000000000000000000e-01
6.093400000000005434e+01,5.000000000000000000e-01
6.093500000000005912e+01,5.000000000000000000e-01
6.093600000000005679e+01,5.000000000000000000e-01
6.093700000000005446e+01,5.000000000000000000e-01
6.093800000000005923e+01,5.000000000000000000e-01
6.093900000000005690e+01,5.000000000000000000e-01
6.094000000000005457e+01,5.000000000000000000e-01
6.094100000000005224e+01,5.000000000000000000e-01
6.094200000000005701e+01,5.000000000000000000e-01
6.094300000000005468e+01,5.000000000000000000e-01
6.094400000000005235e+01,5.000000000000000000e-01
6.094500000000005713e+01,5.000000000000000000e-01
6.094600000000005480e+01,5.000000000000000000e-01
6.094700000000005247e+01,5.000000000000000000e-01
6.094800000000005724e+01,5.000000000000000000e-01
6.094900000000005491e+01,5.000000000000000000e-01
6.095000000000005258e+01,5.000000000000000000e-01
6.095100000000005736e+01,5.000000000000000000e-01
6.095200000000005502e+01,5.000000000000000000e-01
6.095300000000005269e+01,5.000000000000000000e-01
6.095400000000005747e+01,5.000000000000000000e-01
6.095500000000005514e+01,5.000000000000000000e-01
6.095600000000005281e+01,5.000000000000000000e-01
6.095700000000005758e+01,5.000000000000000000e-01
6.095800000000005525e+01,5.000000000000000000e-01
6.095900000000005292e+01,5.000000000000000000e-01
6.096000000000005770e+01,5.000000000000000000e-01
6.096100000000005537e+01,5.000000000000000000e-01
6.096200000000005303e+01,5.000000000000000000e-01
6.096300000000005781e+01,5.000000000000000000e-01
6.096400000000005548e+01,5.000000000000000000e-01
6.096500000000005315e+01,5.000000000000000000e-01
6.096600000000005792e+01,5.000000000000000000e-01
6.096700000000005559e+01,5.000000000000000000e-01
6.096800000000005326e+01,5.000000000000000000e-01
6.096900000000005804e+01,5.000000000000000000e-01
6.097000000000005571e+01,5.000000000000000000e-01
6.097100000000005338e+01,5.000000000000000000e-01
6.097200000000005815e+01,5.000000000000000000e-01
6.097300000000005582e+01,5.000000000000000000e-01
6.097400000000005349e+01,5.000000000000000000e-01
6.097500000000005826e+01,5.000000000000000000e-01
6.097600000000005593e+01,5.000000000000000000e-01
6.097700000000005360e+01,5.000000000000000000e-01
6.097800000000005838e+01,5.000000000000000000e-01
6.097900000000005605e+01,5.000000000000000000e-01
6.098000000000005372e+01,5.000000000000000000e-01
6.098100000000005849e+01,5.000000000000000000e-01
6.098200000000005616e+01,5.000000000000000000e-01
6.098300000000005383e+01,5.000000000000000000e-01
6.098400000000005861e+01,5.000000000000000000e-01
6.098500000000005627e+01,5.000000000000000000e-01
6.098600000000005394e+01,5.000000000000000000e-01
6.098700000000005872e+01,5.000000000000000000e-01
6.098800000000005639e+01,5.000000000000000000e-01
6.098900000000005406e+01,5.000000000000000000e-01
6.099000000000005883e+01,5.000000000000000000e-01
6.099100000000005650e+01,5.000000000000000000e-01
6.099200000000005417e+01,5.000000000000000000e-01
6.099300000000005895e+01,5.000000000000000000e-01
6.099400000000005662e+01,5.000000000000000000e-01
6.099500000000005429e+01,5.000000000000000000e-01
6.099600000000005906e+01,5.000000000000000000e-01
6.099700000000005673e+01,5.000000000000000000e-01
6.099800000000005440e+01,5.000000000000000000e-01
6.099900000000005917e+01,5.000000000000000000e-01
6.100000000000005684e+01,5.000000000000000000e-01
6.100100000000005451e+01,5.000000000000000000e-01
6.100200000000005929e+01,5.000000000000000000e-01
6.100300000000005696e+01,5.000000000000000000e-01
6.100400000000005463e+01,5.000000000000000000e-01
6.100500000000005940e+01,5.000000000000000000e-01
6.100600000000005707e+01,5.000000000000000000e-01
6.100700000000005474e+01,5.000000000000000000e-01
6.100800000000005241e+01,5.000000000000000000e-01
6.100900000000005718e+01,5.000000000000000000e-01
6.101000000000005485e+01,5.000000000000000000e-01
6.101100000000005252e+01,5.000000000000000000e-01
6.101200000000005730e+01,5.000000000000000000e-01
6.101300000000005497e+01,5.000000000000000000e-01
6.101400000000005264e+01,5.000000000000000000e-01
6.101500000000005741e+01,5.000000000000000000e-01
6.101600000000005508e+01,5.000000000000000000e-01
6.101700000000005275e+01,5.000000000000000000e-01
6.101800000000005753e+01,5.000000000000000000e-01
6.101900000000005519e+01,5.000000000000000000e-01
6.102000000000005286e+01,5.000000000000000000e-01
6.102100000000005764e+01,5.000000000000000000e-01
6.102200000000005531e+01,5.000000000000000000e-01
6.102300000000005298e+01,5.000000000000000000e-01
6.102400000000005775e+01,5.000000000000000000e-01
6.102500000000005542e+01,5.000000000000000000e-01
6.102600000000005309e+01,5.000000000000000000e-01
6.102700000000005787e+01,5.000000000000000000e-01
6.102800000000005554e+01,5.000000000000000000e-01
6.102900000000005321e+01,5.000000000000000000e-01
6.103000000000005798e+01,5.000000000000000000e-01
6.103100000000005565e+01,5.000000000000000000e-01
6.103200000000005332e+01,5.000000000000000000e-01
6.103300000000005809e+01,5.000000000000000000e-01
6.103400000000005576e+01,5.000000000000000000e-01
6.103500000000005343e+01,5.000000000000000000e-01
6.103600000000005821e+01,5.000000000000000000e-01
6.103700000000005588e+01,5.000000000000000000e-01
6.103800000000005355e+01,5.000000000000000000e-01
6.103900000000005832e+01,5.000000000000000000e-01
6.104000000000005599e+01,5.000000000000000000e-01
6.104100000000005366e+01,5.000000000000000000e-01
6.104200000000005844e+01,5.000000000000000000e-01
6.104300000000005610e+01,5.000000000000000000e-01
6.104400000000005377e+01,5.000000000000000000e-01
6.104500000000005855e+01,5.000000000000000000e-01
6.104600000000005622e+01,5.000000000000000000e-01
6.104700000000005389e+01,5.000000000000000000e-01
6.104800000000005866e+01,5.000000000000000000e-01
6.104900000000005633e+01,5.000000000000000000e-01
6.105000000000005400e+01,5.000000000000000000e-01
6.105100000000005878e+01,5.000000000000000000e-01
6.105200000000005645e+01,5.000000000000000000e-01
6.105300000000005411e+01,5.000000000000000000e-01
6.105400000000005889e+01,5.000000000000000000e-01
6.105500000000005656e+01,5.000000000000000000e-01
6.105600000000005423e+01,5.000000000000000000e-01
6.105700000000005900e+01,5.000000000000000000e-01
6.105800000000005667e+01,5.000000000000000000e-01
6.105900000000005434e+01,5.000000000000000000e-01
6.106000000000005912e+01,5.000000000000000000e-01
6.106100000000005679e+01,5.000000000000000000e-01
6.106200000000005446e+01,5.000000000000000000e-01
6.106300000000005923e+01,5.000000000000000000e-01
6.106400000000005690e+01,5.000000000000000000e-01
6.106500000000005457e+01,5.000000000000000000e-01
6.106600000000005934e+01,5.000000000000000000e-01
6.106700000000005701e+01,5.000000000000000000e-01
6.106800000000005468e+01,5.000000000000000000e-01
6.106900000000005235e+01,5.000000000000000000e-01
6.107000000000005713e+01,5.000000000000000000e-01
6.107100000000005480e+01,5.000000000000000000e-01
6.107200000000005247e+01,5.000000000000000000e-01
6.107300000000005724e+01,5.000000000000000000e-01
6.107400000000005491e+01,5.000000000000000000e-01
6.107500000000005258e+01,5.000000000000000000e-01
6.107600000000005736e+01,5.000000000000000000e-01
6.107700000000005502e+01,5.000000000000000000e-01
6.107800000000005269e+01,5.000000000000000000e-01
6.107900000000005747e+01,5.000000000000000000e-01
6.108000000000005514e+01,5.000000000000000000e-01
6.108100000000005281e+01,5.000000000000000000e-01
6.108200000000005758e+01,5.000000000000000000e-01
6.108300000000005525e+01,5.000000000000000000e-01
6.108400000000005292e+01,5.000000000000000000e-01
6.108500000000005770e+01,5.000000000000000000e-01
6.108600000000005537e+01,5.000000000000000000e-01
6.108700000000005303e+01,5.000000000000000000e-01
6.108800000000005781e+01,5.000000000000000000e-01
6.108900000000005548e+01,5.000000000000000000e-01
6.109000000000005315e+01,5.000000000000000000e-01
6.109100000000005792e+01,5.000000000000000000e-01
6.109200000000005559e+01,5.000000000000000000e-01
6.109300000000005326e+01,5.000000000000000000e-01
6.109400000000005804e+01,5.000000000000000000e-01
6.109500000000005571e+01,5.000000000000000000e-01
6.109600000000005338e+01,5.000000000000000000e-01
6.109700000000005815e+01,5.000000000000000000e-01
6.109800000000005582e+01,5.000000000000000000e-01
6.109900000000005349e+01,5.000000000000000000e-01
6.110000000000005826e+01,5.000000000000000000e-01
6.110100000000005593e+01,5.000000000000000000e-01
6.110200000000005360e+01,5.000000000000000000e-01
6.110300000000005838e+01,5.000000000000000000e-01
6.110400000000005605e+01,5.000000000000000000e-01
6.110500000000005372e+01,5.000000000000000000e-01
6.110600000000005849e+01,5.000000000000000000e-01
6.110700000000005616e+01,5.000000000000000000e-01
6.110800000000005383e+01,5.000000000000000000e-01
6.110900000000005861e+01,5.000000000000000000e-01
6.111000000000005627e+01,5.000000000000000000e-01
6.111100000000005394e+01,5.000000000000000000e-01
6.111200000000005872e+01,5.000000000000000000e-01
6.111300000000005639e+01,5.000000000000000000e-01
6.111400000000005406e+01,5.000000000000000000e-01
6.111500000000005883e+01,5.000000000000000000e-01
6.111600000000005650e+01,5.000000000000000000e-01
6.111700000000005417e+01,5.000000000000000000e-01
6.111800000000005895e+01,5.000000000000000000e-01
6.111900000000005662e+01,5.000000000000000000e-01
6.112000000000005429e+01,5.000000000000000000e-01
6.112100000000005906e+01,5.000000000000000000e-01
6.112200000000005673e+01,5.000000000000000000e-01
6.112300000000005440e+01,5.000000000000000000e-01
6.112400000000005917e+01,5.000000000000000000e-01
6.112500000000005684e+01,5.000000000000000000e-01
6.112600000000005451e+01,5.000000000000000000e-01
6.112700000000005929e+01,5.000000000000000000e-01
6.112800000000005696e+01,5.000000000000000000e-01
6.112900000000005463e+01,5.000000000000000000e-01
6.113000000000005940e+01,5.000000000000000000e-01
6.113100000000005707e+01,5.000000000000000000e-01
6.113200000000005474e+01,5.000000000000000000e-01
6.113300000000005952e+01,5.000000000000000000e-01
6.113400000000005718e+01,5.000000000000000000e-01
6.113500000000005485e+01,5.000000000000000000e-01
6.113600000000005252e+01,5.000000000000000000e-01
6.113700000000005730e+01,5.000000000000000000e-01
6.113800000000005497e+01,5.000000000000000000e-01
6.113900000000005264e+01,5.000000000000000000e-01
6.114000000000005741e+01,5.000000000000000000e-01
6.114100000000005508e+01,5.000000000000000000e-01
6.114200000000005275e+01,5.000000000000000000e-01
6.114300000000005753e+01,5.000000000000000000e-01
6.114400000000005519e+01,5.000000000000000000e-01
6.114500000000005286e+01,5.000000000000000000e-01
6.114600000000005764e+01,5.000000000000000000e-01
6.114700000000005531e+01,5.000000000000000000e-01
6.114800000000005298e+01,5.000000000000000000e-01
6.114900000000005775e+01,5.000000000000000000e-01
6.115000000000005542e+01,5.000000000000000000e-01
6.115100000000005309e+01,5.000000000000000000e-01
6.115200000000005787e+01,5.000000000000000000e-01
6.115300000000005554e+01,5.000000000000000000e-01
6.115400000000005321e+01,5.000000000000000000e-01
6.115500000000005798e+01,5.000000000000000000e-01
6.115600000000005565e+01,5.000000000000000000e-01
6.115700000000005332e+01,5.000000000000000000e-01
6.115800000000005809e+01,5.000000000000000000e-01
6.115900000000005576e+01,5.000000000000000000e-01
6.116000000000005343e+01,5.000000000000000000e-01
6.116100000000005821e+01,5.000000000000000000e-01
6.116200000000005588e+01,5.000000000000000000e-01
6.116300000000005355e+01,5.000000000000000000e-01
6.116400000000005832e+01,5.000000000000000000e-01
6.116500000000005599e+01,5.000000000000000000e-01
6.116600000000005366e+01,5.000000000000000000e-01
6.116700000000005844e+01,5.000000000000000000e-01
6.116800000000005610e+01,5.000000000000000000e-01
6.116900000000005377e+01,5.000000000000000000e-01
6.117000000000005855e+01,5.000000000000000000e-01
6.117100000000005622e+01,5.000000000000000000e-01
6.117200000000005389e+01,5.000000000000000000e-01
6.117300000000005866e+01,5.000000000000000000e-01
6.117400000000005633e+01,5.000000000000000000e-01
6.117500000000005400e+01,5.000000000000000000e-01
6.117600000000005878e+01,5.000000000000000000e-01
6.117700000000005645e+01,5.000000000000000000e-01
6.117800000000005411e+01,5.000000000000000000e-01
6.117900000000005889e+01,5.000000000000000000e-01
6.118000000000005656e+01,5.000000000000000000e-01
6.118100000000005423e+01,5.000000000000000000e-01
6.118200000000005900e+01,5.000000000000000000e-01
6.118300000000005667e+01,5.000000000000000000e-01
6.118400000000005434e+01,5.000000000000000000e-01
6.118500000000005912e+01,5.000000000000000000e-01
6.118600000000005679e+01,5.000000000000000000e-01
6.118700000000005446e+01,5.000000000000000000e-01
6.118800000000005923e+01,5.000000000000000000e-01
6.118900000000005690e+01,5.000000000000000000e-01
6.119000000000005457e+01,5.000000000000000000e-01
6.119100000000005934e+01,5.000000000000000000e-01
6.119200000000005701e+01,5.000000000000000000e-01
6.119300000000005468e+01,5.000000000000000000e-01
6.119400000000005946e+01,5.000000000000000000e-01
6.119500000000005713e+01,5.000000000000000000e-01
6.119600000000005480e+01,5.000000000000000000e-01
6.119700000000005247e+01,5.000000000000000000e-01
6.119800000000005724e+01,5.000000000000000000e-01
6.119900000000005491e+01,5.000000000000000000e-01
6.120000000000005258e+01,5.000000000000000000e-01
6.120100000000005736e+01,5.000000000000000000e-01
6.120200000000005502e+01,5.000000000000000000e-01
6.120300000000005269e+01,5.000000000000000000e-01
6.120400000000005747e+01,5.000000000000000000e-01
6.120500000000005514e+01,5.000000000000000000e-01
6.120600000000005281e+01,5.000000000000000000e-01
6.120700000000005758e+01,5.000000000000000000e-01
6.120800000000005525e+01,5.000000000000000000e-01
6.120900000000005292e+01,5.000000000000000000e-01
6.121000000000005770e+01,5.000000000000000000e-01
6.121100000000005537e+01,5.000000000000000000e-01
6.121200000000005303e+01,5.000000000000000000e-01
6.121300000000005781e+01,5.000000000000000000e-01
6.121400000000005548e+01,5.000000000000000000e-01
6.121500000000005315e+01,5.000000000000000000e-01
6.121600000000005792e+01,5.000000000000000000e-01
6.121700000000005559e+01,5.000000000000000000e-01
6.121800000000005326e+01,5.000000000000000000e-01
6.121900000000005804e+01,5.000000000000000000e-01
6.122000000000005571e+01,5.000000000000000000e-01
6.122100000000005338e+01,5.000000000000000000e-01
6.122200000000005815e+01,5.000000000000000000e-01
6.122300000000005582e+01,5.000000000000000000e-01
6.122400000000005349e+01,5.000000000000000000e-01
6.122500000000005826e+01,5.000000000000000000e-01
6.122600000000005593e+01,5.000000000000000000e-01
6.122700000000005360e+01,5.000000000000000000e-01
6.122800000000005838e+01,5.000000000000000000e-01
6.122900000000005605e+01,5.000000000000000000e-01
6.123000000000005372e+01,5.000000000000000000e-01
6.123100000000005849e+01,5.000000000000000000e-01
6.123200000000005616e+01,5.000000000000000000e-01
6.123300000000005383e+01,5.000000000000000000e-01
6.123400000000005861e+01,5.000000000000000000e-01
6.123500000000005627e+01,5.000000000000000000e-01
6.123600000000005394e+01,5.000000000000000000e-01
6.123700000000005872e+01,5.000000000000000000e-01
6.123800000000005639e+01,5.000000000000000000e-01
6.123900000000005406e+01,5.000000000000000000e-01
6.124000000000005883e+01,5.000000000000000000e-01
6.124100000000005650e+01,5.000000000000000000e-01
6.124200000000005417e+01,5.000000000000000000e-01
6.124300000000005895e+01,5.000000000000000000e-01
6.124400000000005662e+01,5.000000000000000000e-01
6.124500000000005429e+01,5.000000000000000000e-01
6.124600000000005906e+01,5.000000000000000000e-01
6.124700000000005673e+01,5.000000000000000000e-01
6.124800000000005440e+01,5.000000000000000000e-01
6.124900000000005917e+01,5.000000000000000000e-01
6.125000000000005684e+01,5.000000000000000000e-01
6.125100000000005451e+01,5.000000000000000000e-01
6.125200000000005929e+01,5.000000000000000000e-01
6.125300000000005696e+01,5.000000000000000000e-01
6.125400000000005463e+01,5.000000000000000000e-01
6.125500000000005940e+01,5.000000000000000000e-01
6.125600000000005707e+01,5.000000000000000000e-01
6.125700000000005474e+01,5.000000000000000000e-01
6.125800000000005952e+01,5.000000000000000000e-01
6.125900000000005718e+01,5.000000000000000000e-01
6.126000000000005485e+01,5.000000000000000000e-01
6.126100000000005963e+01,5.000000000000000000e-01
6.126200000000005730e+01,5.000000000000000000e-01
6.126300000000005497e+01,5.000000000000000000e-01
6.126400000000005264e+01,5.000000000000000000e-01
6.126500000000005741e+01,5.000000000000000000e-01
6.126600000000005508e+01,5.000000000000000000e-01
6.126700000000005275e+01,5.000000000000000000e-01
6.126800000000005753e+01,5.000000000000000000e-01
6.126900000000005519e+01,5.000000000000000000e-01
6.127000000000005286e+01,5.000000000000000000e-01
6.127100000000005764e+01,5.000000000000000000e-01
6.127200000000005531e+01,5.000000000000000000e-01
6.127300000000005298e+01,5.000000000000000000e-01
6.127400000000005775e+01,5.000000000000000000e-01
6.127500000000005542e+01,5.000000000000000000e-01
6.127600000000005309e+01,5.000000000000000000e-01
6.127700000000005787e+01,5.000000000000000000e-01
6.127800000000005554e+01,5.000000000000000000e-01
6.127900000000005321e+01,5.000000000000000000e-01
6.128000000000005798e+01,5.000000000000000000e-01
6.128100000000005565e+01,5.000000000000000000e-01
6.128200000000005332e+01,5.000000000000000000e-01
6.128300000000005809e+01,5.000000000000000000e-01
6.128400000000005576e+01,5.000000000000000000e-01
6.128500000000005343e+01,5.000000000000000000e-01
6.128600000000005821e+01,5.000000000000000000e-01
6.128700000000005588e+01,5.000000000000000000e-01
6.128800000000005355e+01,5.000000000000000000e-01
6.128900000000005832e+01,5.000000000000000000e-01
6.129000000000005599e+01,5.000000000000000000e-01
6.129100000000005366e+01,5.000000000000000000e-01
6.129200000000005844e+01,5.000000000000000000e-01
6.129300000000005610e+01,5.000000000000000000e-01
6.129400000000005377e+01,5.000000000000000000e-01
6.129500000000005855e+01,5.000000000000000000e-01
6.129600000000005622e+01,5.000000000000000000e-01
6.129700000000005389e+01,5.000000000000000000e-01
6.129800000000005866e+01,5.000000000000000000e-01
6.129900000000005633e+01,5.000000000000000000e-01
6.130000000000005400e+01,5.000000000000000000e-01
6.130100000000005878e+01,5.000000000000000000e-01
6.130200000000005645e+01,5.000000000000000000e-01
6.130300000000005411e+01,5.000000000000000000e-01
6.130400000000005889e+01,5.000000000000000000e-01
6.130500000000005656e+01,5.000000000000000000e-01
6.130600000000005423e+01,5.000000000000000000e-01
6.130700000000005900e+01,5.000000000000000000e-01
6.130800000000005667e+01,5.000000000000000000e-01
6.130900000000005434e+01,5.000000000000000000e-01
6.131000000000005912e+01,5.000000000000000000e-01
6.131100000000005679e+01,5.000000000000000000e-01
6.131200000000005446e+01,5.000000000000000000e-01
6.131300000000005923e+01,5.000000000000000000e-01
6.131400000000005690e+01,5.000000000000000000e-01
6.131500000000005457e+01,5.000000000000000000e-01
6.131600000000005934e+01,5.000000000000000000e-01
6.131700000000005701e+01,5.000000000000000000e-01
6.131800000000005468e+01,5.000000000000000000e-01
6.131900000000005946e+01,5.000000000000000000e-01
6.132000000000005713e+01,5.000000000000000000e-01
6.132100000000005480e+01,5.000000000000000000e-01
6.132200000000005957e+01,5.000000000000000000e-01
6.132300000000005724e+01,5.000000000000000000e-01
6.132400000000005491e+01,5.000000000000000000e-01
6.132500000000005258e+01,5.000000000000000000e-01
6.132600000000005736e+01,5.000000000000000000e-01
6.132700000000005502e+01,5.000000000000000000e-01
6.132800000000005269e+01,5.000000000000000000e-01
6.132900000000005747e+01,5.000000000000000000e-01
6.133000000000005514e+01,5.000000000000000000e-01
6.133100000000005281e+01,5.000000000000000000e-01
6.133200000000005758e+01,5.000000000000000000e-01
6.133300000000005525e+01,5.000000000000000000e-01
6.133400000000005292e+01,5.000000000000000000e-01
6.133500000000005770e+01,5.000000000000000000e-01
6.133600000000005537e+01,5.000000000000000000e-01
6.133700000000005303e+01,5.000000000000000000e-01
6.133800000000005781e+01,5.000000000000000000e-01
6.133900000000005548e+01,5.000000000000000000e-01
6.134000000000005315e+01,5.000000000000000000e-01
6.134100000000005792e+01,5.000000000000000000e-01
6.134200000000005559e+01,5.000000000000000000e-01
6.134300000000005326e+01,5.000000000000000000e-01
6.134400000000005804e+01,5.000000000000000000e-01
6.134500000000005571e+01,5.000000000000000000e-01
6.134600000000005338e+01,5.000000000000000000e-01
6.134700000000005815e+01,5.000000000000000000e-01
6.134800000000005582e+01,5.000000000000000000e-01
6.134900000000005349e+01,5.000000000000000000e-01
6.135000000000005826e+01,5.000000000000000000e-01
6.135100000000005593e+01,5.000000000000000000e-01
6.135200000000005360e+01,5.000000000000000000e-01
6.135300000000005838e+01,5.000000000000000000e-01
6.135400000000005605e+01,5.000000000000000000e-01
6.135500000000005372e+01,5.000000000000000000e-01
6.135600000000005849e+01,5.000000000000000000e-01
6.135700000000005616e+01,5.000000000000000000e-01
6.135800000000005383e+01,5.000000000000000000e-01
6.135900000000005861e+01,5.000000000000000000e-01
6.136000000000005627e+01,5.000000000000000000e-01
6.136100000000005394e+01,5.000000000000000000e-01
6.136200000000005872e+01,5.000000000000000000e-01
6.136300000000005639e+01,5.000000000000000000e-01
6.136400000000005406e+01,5.000000000000000000e-01
6.136500000000005883e+01,5.000000000000000000e-01
6.136600000000005650e+01,5.000000000000000000e-01
6.136700000000005417e+01,5.000000000000000000e-01
6.136800000000005895e+01,5.000000000000000000e-01
6.136900000000005662e+01,5.000000000000000000e-01
6.137000000000005429e+01,5.000000000000000000e-01
6.137100000000005906e+01,5.000000000000000000e-01
6.137200000000005673e+01,5.000000000000000000e-01
6.137300000000005440e+01,5.000000000000000000e-01
6.137400000000005917e+01,5.000000000000000000e-01
6.137500000000005684e+01,5.000000000000000000e-01
6.137600000000005451e+01,5.000000000000000000e-01
6.137700000000005929e+01,5.000000000000000000e-01
6.137800000000005696e+01,5.000000000000000000e-01
6.137900000000005463e+01,5.000000000000000000e-01
6.138000000000005940e+01,5.000000000000000000e-01
6.138100000000005707e+01,5.000000000000000000e-01
6.138200000000005474e+01,5.000000000000000000e-01
6.138300000000005952e+01,5.000000000000000000e-01
6.138400000000005718e+01,5.000000000000000000e-01
6.138500000000005485e+01,5.000000000000000000e-01
6.138600000000005963e+01,5.000000000000000000e-01
6.138700000000005730e+01,5.000000000000000000e-01
6.138800000000005497e+01,5.000000000000000000e-01
6.138900000000005974e+01,5.000000000000000000e-01
6.139000000000005741e+01,5.000000000000000000e-01
6.139100000000005508e+01,5.000000000000000000e-01
6.139200000000005275e+01,5.000000000000000000e-01
6.139300000000005753e+01,5.000000000000000000e-01
6.139400000000005519e+01,5.000000000000000000e-01
6.139500000000005286e+01,5.000000000000000000e-01
6.139600000000005764e+01,5.000000000000000000e-01
6.139700000000005531e+01,5.000000000000000000e-01
6.139800000000005298e+01,5.000000000000000000e-01
6.139900000000005775e+01,5.000000000000000000e-01
6.140000000000005542e+01,5.000000000000000000e-01
6.140100000000005309e+01,5.000000000000000000e-01
6.140200000000005787e+01,5.000000000000000000e-01
6.140300000000005554e+01,5.000000000000000000e-01
6.140400000000005321e+01,5.000000000000000000e-01
6.140500000000005798e+01,5.000000000000000000e-01
6.140600000000005565e+01,5.000000000000000000e-01
6.140700000000005332e+01,5.000000000000000000e-01
6.140800000000005809e+01,5.000000000000000000e-01
6.140900000000005576e+01,5.000000000000000000e-01
6.141000000000005343e+01,5.000000000000000000e-01
6.141100000000005821e+01,5.000000000000000000e-01
6.141200000000005588e+01,5.000000000000000000e-01
6.141300000000005355e+01,5.000000000000000000e-01
6.141400000000005832e+01,5.000000000000000000e-01
6.141500000000005599e+01,5.000000000000000000e-01
6.141600000000005366e+01,5.000000000000000000e-01
6.141700000000005844e+01,5.000000000000000000e-01
6.141800000000005610e+01,5.000000000000000000e-01
6.141900000000005377e+01,5.000000000000000000e-01
6.142000000000005855e+01,5.000000000000000000e-01
6.142100000000005622e+01,5.000000000000000000e-01
6.142200000000005389e+01,5.000000000000000000e-01
6.142300000000005866e+01,5.000000000000000000e-01
6.142400000000005633e+01,5.000000000000000000e-01
6.142500000000005400e+01,5.000000000000000000e-01
6.142600000000005878e+01,5.000000000000000000e-01
6.142700000000005645e+01,5.000000000000000000e-01
6.142800000000005411e+01,5.000000000000000000e-01
6.142900000000005889e+01,5.000000000000000000e-01
6.143000000000005656e+01,5.000000000000000000e-01
6.143100000000005423e+01,5.000000000000000000e-01
6.143200000000005900e+01,5.000000000000000000e-01
6.143300000000005667e+01,5.000000000000000000e-01
6.143400000000005434e+01,5.000000000000000000e-01
6.143500000000005912e+01,5.000000000000000000e-01
6.143600000000005679e+01,5.000000000000000000e-01
6.143700000000005446e+01,5.000000000000000000e-01
6.143800000000005923e+01,5.000000000000000000e-01
6.143900000000005690e+01,5.000000000000000000e-01
6.144000000000005457e+01,5.000000000000000000e-01
6.144100000000005934e+01,5.000000000000000000e-01
6.144200000000005701e+01,5.000000000000000000e-01
6.144300000000005468e+01,5.000000000000000000e-01
6.144400000000005946e+01,5.000000000000000000e-01
6.144500000000005713e+01,5.000000000000000000e-01
6.144600000000005480e+01,5.000000000000000000e-01
6.144700000000005957e+01,5.000000000000000000e-01
6.144800000000005724e+01,5.000000000000000000e-01
6.144900000000005491e+01,5.000000000000000000e-01
6.145000000000005969e+01,5.000000000000000000e-01
6.145100000000005736e+01,5.000000000000000000e-01
6.145200000000005502e+01,5.000000000000000000e-01
6.145300000000005269e+01,5.000000000000000000e-01
6.145400000000005747e+01,5.000000000000000000e-01
6.145500000000005514e+01,5.000000000000000000e-01
6.145600000000005281e+01,5.000000000000000000e-01
6.145700000000005758e+01,5.000000000000000000e-01
6.145800000000005525e+01,5.000000000000000000e-01
6.145900000000005292e+01,5.000000000000000000e-01
6.146000000000005770e+01,5.000000000000000000e-01
6.146100000000005537e+01,5.000000000000000000e-01
6.146200000000005303e+01,5.000000000000000000e-01
6.146300000000005781e+01,5.000000000000000000e-01
6.146400000000005548e+01,5.000000000000000000e-01
6.146500000000005315e+01,5.000000000000000000e-01
6.146600000000005792e+01,5.000000000000000000e-01
6.146700000000005559e+01,5.000000000000000000e-01
6.146800000000005326e+01,5.000000000000000000e-01
6.146900000000005804e+01,5.000000000000000000e-01
6.147000000000005571e+01,5.000000000000000000e-01
6.147100000000005338e+01,5.000000000000000000e-01
6.147200000000005815e+01,5.000000000000000000e-01
6.147300000000005582e+01,5.000000000000000000e-01
6.147400000000005349e+01,5.000000000000000000e-01
6.147500000000005826e+01,5.000000000000000000e-01
6.147600000000005593e+01,5.000000000000000000e-01
6.147700000000005360e+01,5.000000000000000000e-01
6.147800000000005838e+01,5.000000000000000000e-01
6.147900000000005605e+01,5.000000000000000000e-01
6.148000000000005372e+01,5.000000000000000000e-01
6.148100000000005849e+01,5.000000000000000000e-01
6.148200000000005616e+01,5.000000000000000000e-01
6.148300000000005383e+01,5.000000000000000000e-01
6.148400000000005861e+01,5.000000000000000000e-01
6.148500000000005627e+01,5.000000000000000000e-01
6.148600000000005394e+01,5.000000000000000000e-01
6.148700000000005872e+01,5.000000000000000000e-01
6.148800000000005639e+01,5.000000000000000000e-01
6.148900000000005406e+01,5.000000000000000000e-01
6.149000000000005883e+01,5.000000000000000000e-01
6.149100000000005650e+01,5.000000000000000000e-01
6.149200000000005417e+01,5.000000000000000000e-01
6.149300000000005895e+01,5.000000000000000000e-01
6.149400000000005662e+01,5.000000000000000000e-01
6.149500000000005429e+01,5.000000000000000000e-01
6.149600000000005906e+01,5.000000000000000000e-01
6.149700000000005673e+01,5.000000000000000000e-01
6.149800000000005440e+01,5.000000000000000000e-01
6.149900000000005917e+01,5.000000000000000000e-01
6.150000000000005684e+01,5.000000000000000000e-01
6.150100000000005451e+01,5.000000000000000000e-01
6.150200000000005929e+01,5.000000000000000000e-01
6.150300000000005696e+01,5.000000000000000000e-01
6.150400000000005463e+01,5.000000000000000000e-01
6.150500000000005940e+01,5.000000000000000000e-01
6.150600000000005707e+01,5.000000000000000000e-01
6.150700000000005474e+01,5.000000000000000000e-01
6.150800000000005952e+01,5.000000000000000000e-01
6.150900000000005718e+01,5.000000000000000000e-01
6.151000000000005485e+01,5.000000000000000000e-01
6.151100000000005963e+01,5.000000000000000000e-01
6.151200000000005730e+01,5.000000000000000000e-01
6.151300000000005497e+01,5.000000000000000000e-01
6.151400000000005974e+01,5.000000000000000000e-01
6.151500000000005741e+01,5.000000000000000000e-01
6.151600000000005508e+01,5.000000000000000000e-01
6.151700000000005986e+01,5.000000000000000000e-01
6.151800000000005753e+01,5.000000000000000000e-01
6.151900000000005519e+01,5.000000000000000000e-01
6.152000000000005286e+01,5.000000000000000000e-01
6.152100000000005764e+01,5.000000000000000000e-01
6.152200000000005531e+01,5.000000000000000000e-01
6.152300000000005298e+01,5.000000000000000000e-01
6.152400000000005775e+01,5.000000000000000000e-01
6.152500000000005542e+01,5.000000000000000000e-01
6.152600000000005309e+01,5.000000000000000000e-01
6.152700000000005787e+01,5.000000000000000000e-01
6.152800000000005554e+01,5.000000000000000000e-01
6.152900000000005321e+01,5.000000000000000000e-01
6.153000000000005798e+01,5.000000000000000000e-01
6.153100000000005565e+01,5.000000000000000000e-01
6.153200000000005332e+01,5.000000000000000000e-01
6.153300000000005809e+01,5.000000000000000000e-01
6.153400000000005576e+01,5.000000000000000000e-01
6.153500000000005343e+01,5.000000000000000000e-01
6.153600000000005821e+01,5.000000000000000000e-01
6.153700000000005588e+01,5.000000000000000000e-01
6.153800000000005355e+01,5.000000000000000000e-01
6.153900000000005832e+01,5.000000000000000000e-01
6.154000000000005599e+01,5.000000000000000000e-01
6.154100000000005366e+01,5.000000000000000000e-01
6.154200000000005844e+01,5.000000000000000000e-01
6.154300000000005610e+01,5.000000000000000000e-01
6.154400000000005377e+01,5.000000000000000000e-01
6.154500000000005855e+01,5.000000000000000000e-01
6.154600000000005622e+01,5.000000000000000000e-01
6.154700000000005389e+01,5.000000000000000000e-01
6.154800000000005866e+01,5.000000000000000000e-01
6.154900000000005633e+01,5.000000000000000000e-01
6.155000000000005400e+01,5.000000000000000000e-01
6.155100000000005878e+01,5.000000000000000000e-01
6.155200000000005645e+01,5.000000000000000000e-01
6.155300000000005411e+01,5.000000000000000000e-01
6.155400000000005889e+01,5.000000000000000000e-01
6.155500000000005656e+01,5.000000000000000000e-01
6.155600000000005423e+01,5.000000000000000000e-01
6.155700000000005900e+01,5.000000000000000000e-01
6.155800000000005667e+01,5.000000000000000000e-01
6.155900000000005434e+01,5.000000000000000000e-01
6.156000000000005912e+01,5.000000000000000000e-01
6.156100000000005679e+01,5.000000000000000000e-01
6.156200000000005446e+01,5.000000000000000000e-01
6.156300000000005923e+01,5.000000000000000000e-01
6.156400000000005690e+01,5.000000000000000000e-01
6.156500000000005457e+01,5.000000000000000000e-01
6.156600000000005934e+01,5.000000000000000000e-01
6.156700000000005701e+01,5.000000000000000000e-01
6.156800000000005468e+01,5.000000000000000000e-01
6.156900000000005946e+01,5.000000000000000000e-01
6.157000000000005713e+01,5.000000000000000000e-01
6.157100000000005480e+01,5.000000000000000000e-01
6.157200000000005957e+01,5.000000000000000000e-01
6.157300000000005724e+01,5.000000000000000000e-01
6.157400000000005491e+01,5.000000000000000000e-01
6.157500000000005969e+01,5.000000000000000000e-01
6.157600000000005736e+01,5.000000000000000000e-01
6.157700000000005502e+01,5.000000000000000000e-01
6.157800000000005980e+01,5.000000000000000000e-01
6.157900000000005747e+01,5.000000000000000000e-01
6.158000000000005514e+01,5.000000000000000000e-01
6.158100000000005281e+01,5.000000000000000000e-01
6.158200000000005758e+01,5.000000000000000000e-01
6.158300000000005525e+01,5.000000000000000000e-01
6.158400000000005292e+01,5.000000000000000000e-01
6.158500000000005770e+01,5.000000000000000000e-01
6.158600000000005537e+01,5.000000000000000000e-01
6.158700000000005303e+01,5.000000000000000000e-01
6.158800000000005781e+01,5.000000000000000000e-01
6.158900000000005548e+01,5.000000000000000000e-01
6.159000000000005315e+01,5.000000000000000000e-01
6.159100000000005792e+01,5.000000000000000000e-01
6.159200000000005559e+01,5.000000000000000000e-01
6.159300000000005326e+01,5.000000000000000000e-01
6.159400000000005804e+01,5.000000000000000000e-01
6.159500000000005571e+01,5.000000000000000000e-01
6.159600000000005338e+01,5.000000000000000000e-01
6.159700000000005815e+01,5.000000000000000000e-01
6.159800000000005582e+01,5.000000000000000000e-01
6.159900000000005349e+01,5.000000000000000000e-01
6.160000000000005826e+01,5.000000000000000000e-01
6.160100000000005593e+01,5.000000000000000000e-01
6.160200000000005360e+01,5.000000000000000000e-01
6.160300000000005838e+01,5.000000000000000000e-01
6.160400000000005605e+01,5.000000000000000000e-01
6.160500000000005372e+01,5.000000000000000000e-01
6.160600000000005849e+01,5.000000000000000000e-01
6.160700000000005616e+01,5.000000000000000000e-01
6.160800000000005383e+01,5.000000000000000000e-01
6.160900000000005861e+01,5.000000000000000000e-01
6.161000000000005627e+01,5.000000000000000000e-01
6.161100000000005394e+01,5.000000000000000000e-01
6.161200000000005872e+01,5.000000000000000000e-01
6.161300000000005639e+01,5.000000000000000000e-01
6.161400000000005406e+01,5.000000000000000000e-01
6.161500000000005883e+01,5.000000000000000000e-01
6.161600000000005650e+01,5.000000000000000000e-01
6.161700000000005417e+01,5.000000000000000000e-01
6.161800000000005895e+01,5.000000000000000000e-01
6.161900000000005662e+01,5.000000000000000000e-01
6.162000000000005429e+01,5.000000000000000000e-01
6.162100000000005906e+01,5.000000000000000000e-01
6.162200000000005673e+01,5.000000000000000000e-01
6.162300000000005440e+01,5.000000000000000000e-01
6.162400000000005917e+01,5.000000000000000000e-01
6.162500000000005684e+01,5.000000000000000000e-01
6.162600000000005451e+01,5.000000000000000000e-01
6.162700000000005929e+01,5.000000000000000000e-01
6.162800000000005696e+01,5.000000000000000000e-01
6.162900000000005463e+01,5.000000000000000000e-01
6.163000000000005940e+01,5.000000000000000000e-01
6.163100000000005707e+01,5.000000000000000000e-01
6.163200000000005474e+01,5.000000000000000000e-01
6.163300000000005952e+01,5.000000000000000000e-01
6.163400000000005718e+01,5.000000000000000000e-01
6.163500000000005485e+01,5.000000000000000000e-01
6.163600000000005963e+01,5.000000000000000000e-01
6.163700000000005730e+01,5.000000000000000000e-01
6.163800000000005497e+01,5.000000000000000000e-01
6.163900000000005974e+01,5.000000000000000000e-01
6.164000000000005741e+01,5.000000000000000000e-01
6.164100000000005508e+01,5.000000000000000000e-01
6.164200000000005986e+01,5.000000000000000000e-01
6.164300000000005753e+01,5.000000000000000000e-01
6.164400000000005519e+01,5.000000000000000000e-01
6.164500000000005997e+01,5.000000000000000000e-01
6.164600000000005764e+01,5.000000000000000000e-01
6.164700000000005531e+01,5.000000000000000000e-01
6.164800000000005298e+01,5.000000000000000000e-01
6.164900000000005775e+01,5.000000000000000000e-01
6.165000000000005542e+01,5.000000000000000000e-01
6.165100000000005309e+01,5.000000000000000000e-01
6.165200000000005787e+01,5.000000000000000000e-01
6.165300000000005554e+01,5.000000000000000000e-01
6.165400000000005321e+01,5.000000000000000000e-01
6.165500000000005798e+01,5.000000000000000000e-01
6.165600000000005565e+01,5.000000000000000000e-01
6.165700000000005332e+01,5.000000000000000000e-01
6.165800000000005809e+01,5.000000000000000000e-01
6.165900000000005576e+01,5.000000000000000000e-01
6.166000000000005343e+01,5.000000000000000000e-01
6.166100000000005821e+01,5.000000000000000000e-01
6.166200000000005588e+01,5.000000000000000000e-01
6.166300000000005355e+01,5.000000000000000000e-01
6.166400000000005832e+01,5.000000000000000000e-01
6.166500000000005599e+01,5.000000000000000000e-01
6.166600000000005366e+01,5.000000000000000000e-01
6.166700000000005844e+01,5.000000000000000000e-01
6.166800000000005610e+01,5.000000000000000000e-01
6.166900000000005377e+01,5.000000000000000000e-01
6.167000000000005855e+01,5.000000000000000000e-01
6.167100000000005622e+01,5.000000000000000000e-01
6.167200000000005389e+01,5.000000000000000000e-01
6.167300000000005866e+01,5.000000000000000000e-01
6.167400000000005633e+01,5.000000000000000000e-01
6.167500000000005400e+01,5.000000000000000000e-01
6.167600000000005878e+01,5.000000000000000000e-01
6.167700000000005645e+01,5.000000000000000000e-01
6.167800000000005411e+01,5.000000000000000000e-01
6.167900000000005889e+01,5.000000000000000000e-01
6.168000000000005656e+01,5.000000000000000000e-01
6.168100000000005423e+01,5.000000000000000000e-01
6.168200000000005900e+01,5.000000000000000000e-01
6.168300000000005667e+01,5.000000000000000000e-01
6.168400000000005434e+01,5.000000000000000000e-01
6.168500000000005912e+01,5.000000000000000000e-01
6.168600000000005679e+01,5.000000000000000000e-01
6.168700000000005446e+01,5.000000000000000000e-01
6.168800000000005923e+01,5.000000000000000000e-01
6.168900000000005690e+01,5.000000000000000000e-01
6.169000000000005457e+01,5.000000000000000000e-01
6.169100000000005934e+01,5.000000000000000000e-01
6.169200000000005701e+01,5.000000000000000000e-01
6.169300000000005468e+01,5.000000000000000000e-01
6.169400000000005946e+01,5.000000000000000000e-01
6.169500000000005713e+01,5.000000000000000000e-01
6.169600000000005480e+01,5.000000000000000000e-01
6.169700000000005957e+01,5.000000000000000000e-01
6.169800000000005724e+01,5.000000000000000000e-01
6.169900000000005491e+01,5.000000000000000000e-01
6.170000000000005969e+01,5.000000000000000000e-01
6.170100000000005736e+01,5.000000000000000000e-01
6.170200000000005502e+01,5.000000000000000000e-01
6.170300000000005980e+01,5.000000000000000000e-01
6.170400000000005747e+01,5.000000000000000000e-01
6.170500000000005514e+01,5.000000000000000000e-01
6.170600000000005991e+01,5.000000000000000000e-01
6.170700000000005758e+01,5.000000000000000000e-01
6.170800000000005525e+01,5.000000000000000000e-01
6.170900000000005292e+01,5.000000000000000000e-01
6.171000000000005770e+01,5.000000000000000000e-01
6.171100000000005537e+01,5.000000000000000000e-01
6.171200000000005303e+01,5.000000000000000000e-01
6.171300000000005781e+01,5.000000000000000000e-01
6.171400000000005548e+01,5.000000000000000000e-01
6.171500000000005315e+01,5.000000000000000000e-01
6.171600000000005792e+01,5.000000000000000000e-01
6.171700000000005559e+01,5.000000000000000000e-01
6.171800000000005326e+01,5.000000000000000000e-01
6.171900000000005804e+01,5.000000000000000000e-01
6.172000000000005571e+01,5.000000000000000000e-01
6.172100000000005338e+01,5.000000000000000000e-01
6.172200000000005815e+01,5.000000000000000000e-01
6.172300000000005582e+01,5.000000000000000000e-01
6.172400000000005349e+01,5.000000000000000000e-01
6.172500000000005826e+01,5.000000000000000000e-01
6.172600000000005593e+01,5.000000000000000000e-01
6.172700000000005360e+01,5.000000000000000000e-01
6.172800000000005838e+01,5.000000000000000000e-01
6.172900000000005605e+01,5.000000000000000000e-01
6.173000000000005372e+01,5.000000000000000000e-01
6.173100000000005849e+01,5.000000000000000000e-01
6.173200000000005616e+01,5.000000000000000000e-01
6.173300000000005383e+01,5.000000000000000000e-01
6.173400000000005861e+01,5.000000000000000000e-01
6.173500000000005627e+01,5.000000000000000000e-01
6.173600000000005394e+01,5.000000000000000000e-01
6.173700000000005872e+01,5.000000000000000000e-01
6.173800000000005639e+01,5.000000000000000000e-01
6.173900000000005406e+01,5.000000000000000000e-01
6.174000000000005883e+01,5.000000000000000000e-01
6.174100000000005650e+01,5.000000000000000000e-01
6.174200000000005417e+01,5.000000000000000000e-01
6.174300000000005895e+01,5.000000000000000000e-01
6.174400000000005662e+01,5.000000000000000000e-01
6.174500000000005429e+01,5.000000000000000000e-01
6.174600000000005906e+01,5.000000000000000000e-01
6.174700000000005673e+01,5.000000000000000000e-01
6.174800000000005440e+01,5.000000000000000000e-01
6.174900000000005917e+01,5.000000000000000000e-01
6.175000000000005684e+01,5.000000000000000000e-01
6.175100000000005451e+01,5.000000000000000000e-01
6.175200000000005929e+01,5.000000000000000000e-01
6.175300000000005696e+01,5.000000000000000000e-01
6.175400000000005463e+01,5.000000000000000000e-01
6.175500000000005940e+01,5.000000000000000000e-01
6.175600000000005707e+01,5.000000000000000000e-01
6.175700000000005474e+01,5.000000000000000000e-01
6.175800000000005952e+01,5.000000000000000000e-01
6.175900000000005718e+01,5.000000000000000000e-01
6.176000000000005485e+01,5.000000000000000000e-01
6.176100000000005963e+01,5.000000000000000000e-01
6.176200000000005730e+01,5.000000000000000000e-01
6.176300000000005497e+01,5.000000000000000000e-01
6.176400000000005974e+01,5.000000000000000000e-01
6.176500000000005741e+01,5.000000000000000000e-01
6.176600000000005508e+01,5.000000000000000000e-01
6.176700000000005986e+01,5.000000000000000000e-01
6.176800000000005753e+01,5.000000000000000000e-01
6.176900000000005519e+01,5.000000000000000000e-01
6.177000000000005997e+01,5.000000000000000000e-01
6.177100000000005764e+01,5.000000000000000000e-01
6.177200000000005531e+01,5.000000000000000000e-01
6.177300000000006008e+01,5.000000000000000000e-01
6.177400000000005775e+01,5.000000000000000000e-01
6.177500000000005542e+01,5.000000000000000000e-01
6.177600000000005309e+01,5.000000000000000000e-01
6.177700000000005787e+01,5.000000000000000000e-01
6.177800000000005554e+01,5.000000000000000000e-01
6.177900000000005321e+01,5.000000000000000000e-01
6.178000000000005798e+01,5.000000000000000000e-01
6.178100000000005565e+01,5.000000000000000000e-01
6.178200000000005332e+01,5.000000000000000000e-01
6.178300000000005809e+01,5.000000000000000000e-01
6.178400000000005576e+01,5.000000000000000000e-01
6.178500000000005343e+01,5.000000000000000000e-01
6.178600000000005821e+01,5.000000000000000000e-01
6.178700000000005588e+01,5.000000000000000000e-01
6.178800000000005355e+01,5.000000000000000000e-01
6.178900000000005832e+01,5.000000000000000000e-01
6.179000000000005599e+01,5.000000000000000000e-01
6.179100000000005366e+01,5.000000000000000000e-01
6.179200000000005844e+01,5.000000000000000000e-01
6.179300000000005610e+01,5.000000000000000000e-01
6.179400000000005377e+01,5.000000000000000000e-01
6.179500000000005855e+01,5.000000000000000000e-01
6.179600000000005622e+01,5.000000000000000000e-01
6.179700000000005389e+01,5.000000000000000000e-01
6.179800000000005866e+01,5.000000000000000000e-01
6.179900000000005633e+01,5.000000000000000000e-01
6.180000000000005400e+01,5.000000000000000000e-01
6.180100000000005878e+01,5.000000000000000000e-01
6.180200000000005645e+01,5.000000000000000000e-01
6.180300000000005411e+01,5.000000000000000000e-01
6.180400000000005889e+01,5.000000000000000000e-01
6.180500000000005656e+01,5.000000000000000000e-01
6.180600000000005423e+01,5.000000000000000000e-01
6.180700000000005900e+01,5.000000000000000000e-01
6.180800000000005667e+01,5.000000000000000000e-01
6.180900000000005434e+01,5.000000000000000000e-01
6.181000000000005912e+01,5.000000000000000000e-01
6.181100000000005679e+01,5.000000000000000000e-01
6.181200000000005446e+01,5.000000000000000000e-01
6.181300000000005923e+01,5.000000000000000000e-01
6.181400000000005690e+01,5.000000000000000000e-01
6.181500000000005457e+01,5.000000000000000000e-01
6.181600000000005934e+01,5.000000000000000000e-01
6.181700000000005701e+01,5.000000000000000000e-01
6.181800000000005468e+01,5.000000000000000000e-01
6.181900000000005946e+01,5.000000000000000000e-01
6.182000000000005713e+01,5.000000000000000000e-01
6.182100000000005480e+01,5.000000000000000000e-01
6.182200000000005957e+01,5.000000000000000000e-01
6.182300000000005724e+01,5.000000000000000000e-01
6.182400000000005491e+01,5.000000000000000000e-01
6.182500000000005969e+01,5.000000000000000000e-01
6.182600000000005736e+01,5.000000000000000000e-01
6.182700000000005502e+01,5.000000000000000000e-01
6.182800000000005980e+01,5.000000000000000000e-01
6.182900000000005747e+01,5.000000000000000000e-01
6.183000000000005514e+01,5.000000000000000000e-01
6.183100000000005991e+01,5.000000000000000000e-01
6.183200000000005758e+01,5.000000000000000000e-01
6.183300000000005525e+01,5.000000000000000000e-01
6.183400000000006003e+01,5.000000000000000000e-01
6.183500000000005770e+01,5.000000000000000000e-01
6.183600000000005537e+01,5.000000000000000000e-01
6.183700000000005303e+01,5.000000000000000000e-01
6.183800000000005781e+01,5.000000000000000000e-01
6.183900000000005548e+01,5.000000000000000000e-01
6.184000000000005315e+01,5.000000000000000000e-01
6.184100000000005792e+01,5.000000000000000000e-01
6.184200000000005559e+01,5.000000000000000000e-01
6.184300000000005326e+01,5.000000000000000000e-01
6.184400000000005804e+01,5.000000000000000000e-01
6.184500000000005571e+01,5.000000000000000000e-01
6.184600000000005338e+01,5.000000000000000000e-01
6.184700000000005815e+01,5.000000000000000000e-01
6.184800000000005582e+01,5.000000000000000000e-01
6.184900000000005349e+01,5.000000000000000000e-01
6.185000000000005826e+01,5.000000000000000000e-01
6.185100000000005593e+01,5.000000000000000000e-01
6.185200000000005360e+01,5.000000000000000000e-01
6.185300000000005838e+01,5.000000000000000000e-01
6.185400000000005605e+01,5.000000000000000000e-01
6.185500000000005372e+01,5.000000000000000000e-01
6.185600000000005849e+01,5.000000000000000000e-01
6.185700000000005616e+01,5.000000000000000000e-01
6.185800000000005383e+01,5.000000000000000000e-01
6.185900000000005861e+01,5.000000000000000000e-01
6.186000000000005627e+01,5.000000000000000000e-01
6.186100000000005394e+01,5.000000000000000000e-01
6.186200000000005872e+01,5.000000000000000000e-01
6.186300000000005639e+01,5.000000000000000000e-01
6.186400000000005406e+01,5.000000000000000000e-01
6.186500000000005883e+01,5.000000000000000000e-01
6.186600000000005650e+01,5.000000000000000000e-01
6.186700000000005417e+01,5.000000000000000000e-01
6.186800000000005895e+01,5.000000000000000000e-01
6.186900000000005662e+01,5.000000000000000000e-01
6.187000000000005429e+01,5.000000000000000000e-01
6.187100000000005906e+01,5.000000000000000000e-01
6.187200000000005673e+01,5.000000000000000000e-01
6.187300000000005440e+01,5.000000000000000000e-01
6.187400000000005917e+01,5.000000000000000000e-01
6.187500000000005684e+01,5.000000000000000000e-01
6.187600000000005451e+01,5.000000000000000000e-01
6.187700000000005929e+01,5.000000000000000000e-01
6.187800000000005696e+01,5.000000000000000000e-01
6.187900000000005463e+01,5.000000000000000000e-01
6.188000000000005940e+01,5.000000000000000000e-01
6.188100000000005707e+01,5.000000000000000000e-01
6.188200000000005474e+01,5.000000000000000000e-01
6.188300000000005952e+01,5.000000000000000000e-01
6.188400000000005718e+01,5.000000000000000000e-01
6.188500000000005485e+01,5.000000000000000000e-01
6.188600000000005963e+01,5.000000000000000000e-01
6.188700000000005730e+01,5.000000000000000000e-01
6.188800000000005497e+01,5.000000000000000000e-01
6.188900000000005974e+01,5.000000000000000000e-01
6.189000000000005741e+01,5.000000000000000000e-01
6.189100000000005508e+01,5.000000000000000000e-01
6.189200000000005986e+01,5.000000000000000000e-01
6.189300000000005753e+01,5.000000000000000000e-01
6.189400000000005519e+01,5.000000000000000000e-01
6.189500000000005997e+01,5.000000000000000000e-01
6.189600000000005764e+01,5.000000000000000000e-01
6.189700000000005531e+01,5.000000000000000000e-01
6.189800000000006008e+01,5.000000000000000000e-01
6.189900000000005775e+01,5.000000000000000000e-01
6.190000000000005542e+01,5.000000000000000000e-01
6.190100000000006020e+01,5.000000000000000000e-01
6.190200000000005787e+01,5.000000000000000000e-01
6.190300000000005554e+01,5.000000000000000000e-01
6.190400000000005321e+01,5.000000000000000000e-01
6.190500000000005798e+01,5.000000000000000000e-01
6.190600000000005565e+01,5.000000000000000000e-01
6.190700000000005332e+01,5.000000000000000000e-01
6.190800000000005809e+01,5.000000000000000000e-01
6.190900000000005576e+01,5.000000000000000000e-01
6.191000000000005343e+01,5.000000000000000000e-01
6.191100000000005821e+01,5.000000000000000000e-01
6.191200000000005588e+01,5.000000000000000000e-01
6.191300000000005355e+01,5.000000000000000000e-01
6.191400000000005832e+01,5.000000000000000000e-01
6.191500000000005599e+01,5.000000000000000000e-01
6.191600000000005366e+01,5.000000000000000000e-01
6.191700000000005844e+01,5.000000000000000000e-01
6.191800000000005610e+01,5.000000000000000000e-01
6.191900000000005377e+01,5.000000000000000000e-01
6.192000000000005855e+01,5.000000000000000000e-01
6.192100000000005622e+01,5.000000000000000000e-01
6.192200000000005389e+01,5.000000000000000000e-01
6.192300000000005866e+01,5.000000000000000000e-01
6.192400000000005633e+01,5.000000000000000000e-01
6.192500000000005400e+01,5.000000000000000000e-01
6.192600000000005878e+01,5.000000000000000000e-01
6.192700000000005645e+01,5.000000000000000000e-01
6.192800000000005411e+01,5.000000000000000000e-01
6.192900000000005889e+01,5.000000000000000000e-01
6.193000000000005656e+01,5.000000000000000000e-01
6.193100000000005423e+01,5.000000000000000000e-01
6.193200000000005900e+01,5.000000000000000000e-01
6.193300000000005667e+01,5.000000000000000000e-01
6.193400000000005434e+01,5.000000000000000000e-01
6.193500000000005912e+01,5.000000000000000000e-01
6.193600000000005679e+01,5.000000000000000000e-01
6.193700000000005446e+01,5.000000000000000000e-01
6.193800000000005923e+01,5.000000000000000000e-01
6.193900000000005690e+01,5.000000000000000000e-01
6.194000000000005457e+01,5.000000000000000000e-01
6.194100000000005934e+01,5.000000000000000000e-01
6.194200000000005701e+01,5.000000000000000000e-01
6.194300000000005468e+01,5.000000000000000000e-01
6.194400000000005946e+01,5.000000000000000000e-01
6.194500000000005713e+01,5.000000000000000000e-01
6.194600000000005480e+01,5.000000000000000000e-01
6.194700000000005957e+01,5.000000000000000000e-01
6.194800000000005724e+01,5.000000000000000000e-01
6.194900000000005491e+01,5.000000000000000000e-01
6.195000000000005969e+01,5.000000000000000000e-01
6.195100000000005736e+01,5.000000000000000000e-01
6.195200000000005502e+01,5.000000000000000000e-01
6.195300000000005980e+01,5.000000000000000000e-01
6.195400000000005747e+01,5.000000000000000000e-01
6.195500000000005514e+01,5.000000000000000000e-01
6.195600000000005991e+01,5.000000000000000000e-01
6.195700000000005758e+01,5.000000000000000000e-01
6.195800000000005525e+01,5.000000000000000000e-01
6.195900000000006003e+01,5.000000000000000000e-01
6.196000000000005770e+01,5.000000000000000000e-01
6.196100000000005537e+01,5.000000000000000000e-01
6.196200000000006014e+01,5.000000000000000000e-01
6.196300000000005781e+01,5.000000000000000000e-01
6.196400000000005548e+01,5.000000000000000000e-01
6.196500000000005315e+01,5.000000000000000000e-01
6.196600000000005792e+01,5.000000000000000000e-01
6.196700000000005559e+01,5.000000000000000000e-01
6.196800000000005326e+01,5.000000000000000000e-01
6.196900000000005804e+01,5.000000000000000000e-01
6.197000000000005571e+01,5.000000000000000000e-01
6.197100000000005338e+01,5.000000000000000000e-01
6.197200000000005815e+01,5.000000000000000000e-01
6.197300000000005582e+01,5.000000000000000000e-01
6.197400000000005349e+01,5.000000000000000000e-01
6.197500000000005826e+01,5.000000000000000000e-01
6.197600000000005593e+01,5.000000000000000000e-01
6.197700000000005360e+01,5.000000000000000000e-01
6.197800000000005838e+01,5.000000000000000000e-01
6.197900000000005605e+01,5.000000000000000000e-01
6.198000000000005372e+01,5.000000000000000000e-01
6.198100000000005849e+01,5.000000000000000000e-01
6.198200000000005616e+01,5.000000000000000000e-01
6.198300000000005383e+01,5.000000000000000000e-01
6.198400000000005861e+01,5.000000000000000000e-01
6.198500000000005627e+01,5.000000000000000000e-01
6.198600000000005394e+01,5.000000000000000000e-01
6.198700000000005872e+01,5.000000000000000000e-01
6.198800000000005639e+01,5.000000000000000000e-01
6.198900000000005406e+01,5.000000000000000000e-01
6.199000000000005883e+01,5.000000000000000000e-01
6.199100000000005650e+01,5.000000000000000000e-01
6.199200000000005417e+01,5.000000000000000000e-01
6.199300000000005895e+01,5.000000000000000000e-01
6.199400000000005662e+01,5.000000000000000000e-01
6.199500000000005429e+01,5.000000000000000000e-01
6.199600000000005906e+01,5.000000000000000000e-01
6.199700000000005673e+01,5.000000000000000000e-01
6.199800000000005440e+01,5.000000000000000000e-01
6.199900000000005917e+01,5.000000000000000000e-01
6.200000000000005684e+01,5.000000000000000000e-01
6.200100000000005451e+01,5.000000000000000000e-01
6.200200000000005929e+01,5.000000000000000000e-01
6.200300000000005696e+01,5.000000000000000000e-01
6.200400000000005463e+01,5.000000000000000000e-01
6.200500000000005940e+01,5.000000000000000000e-01
6.200600000000005707e+01,5.000000000000000000e-01
6.200700000000005474e+01,5.000000000000000000e-01
6.200800000000005952e+01,5.000000000000000000e-01
6.200900000000005718e+01,5.000000000000000000e-01
6.201000000000005485e+01,5.000000000000000000e-01
6.201100000000005963e+01,5.000000000000000000e-01
6.201200000000005730e+01,5.000000000000000000e-01
6.201300000000005497e+01,5.000000000000000000e-01
6.201400000000005974e+01,5.000000000000000000e-01
6.201500000000005741e+01,5.000000000000000000e-01
6.201600000000005508e+01,5.000000000000000000e-01
6.201700000000005986e+01,5.000000000000000000e-01
6.201800000000005753e+01,5.000000000000000000e-01
6.201900000000005519e+01,5.000000000000000000e-01
6.202000000000005997e+01,5.000000000000000000e-01
6.202100000000005764e+01,5.000000000000000000e-01
6.202200000000005531e+01,5.000000000000000000e-01
6.202300000000006008e+01,5.000000000000000000e-01
6.202400000000005775e+01,5.000000000000000000e-01
6.202500000000005542e+01,5.000000000000000000e-01
6.202600000000006020e+01,5.000000000000000000e-01
6.202700000000005787e+01,5.000000000000000000e-01
6.202800000000005554e+01,5.000000000000000000e-01
6.202900000000006031e+01,5.000000000000000000e-01
6.203000000000005798e+01,5.000000000000000000e-01
6.203100000000005565e+01,5.000000000000000000e-01
6.203200000000005332e+01,5.000000000000000000e-01
6.203300000000005809e+01,5.000000000000000000e-01
6.203400000000005576e+01,5.000000000000000000e-01
6.203500000000005343e+01,5.000000000000000000e-01
6.203600000000005821e+01,5.000000000000000000e-01
6.203700000000005588e+01,5.000000000000000000e-01
6.203800000000005355e+01,5.000000000000000000e-01
6.203900000000005832e+01,5.000000000000000000e-01
6.204000000000005599e+01,5.000000000000000000e-01
6.204100000000005366e+01,5.000000000000000000e-01
6.204200000000005844e+01,5.000000000000000000e-01
6.204300000000005610e+01,5.000000000000000000e-01
6.204400000000005377e+01,5.000000000000000000e-01
6.204500000000005855e+01,5.000000000000000000e-01
6.204600000000005622e+01,5.000000000000000000e-01
6.204700000000005389e+01,5.000000000000000000e-01
6.204800000000005866e+01,5.000000000000000000e-01
6.204900000000005633e+01,5.000000000000000000e-01
6.205000000000005400e+01,5.000000000000000000e-01
6.205100000000005878e+01,5.000000000000000000e-01
6.205200000000005645e+01,5.000000000000000000e-01
6.205300000000005411e+01,5.000000000000000000e-01
6.205400000000005889e+01,5.000000000000000000e-01
6.205500000000005656e+01,5.000000000000000000e-01
6.205600000000005423e+01,5.000000000000000000e-01
6.205700000000005900e+01,5.000000000000000000e-01
6.205800000000005667e+01,5.000000000000000000e-01
6.205900000000005434e+01,5.000000000000000000e-01
6.206000000000005912e+01,5.000000000000000000e-01
6.206100000000005679e+01,5.000000000000000000e-01
6.206200000000005446e+01,5.000000000000000000e-01
6.206300000000005923e+01,5.000000000000000000e-01
6.206400000000005690e+01,5.000000000000000000e-01
6.206500000000005457e+01,5.000000000000000000e-01
6.206600000000005934e+01,5.000000000000000000e-01
6.206700000000005701e+01,5.000000000000000000e-01
6.206800000000005468e+01,5.000000000000000000e-01
6.206900000000005946e+01,5.000000000000000000e-01
6.207000000000005713e+01,5.000000000000000000e-01
6.207100000000005480e+01,5.000000000000000000e-01
6.207200000000005957e+01,5.000000000000000000e-01
6.207300000000005724e+01,5.000000000000000000e-01
6.207400000000005491e+01,5.000000000000000000e-01
6.207500000000005969e+01,5.000000000000000000e-01
6.207600000000005736e+01,5.000000000000000000e-01
6.207700000000005502e+01,5.000000000000000000e-01
6.207800000000005980e+01,5.000000000000000000e-01
6.207900000000005747e+01,5.000000000000000000e-01
6.208000000000005514e+01,5.000000000000000000e-01
6.208100000000005991e+01,5.000000000000000000e-01
6.208200000000005758e+01,5.000000000000000000e-01
6.208300000000005525e+01,5.000000000000000000e-01
6.208400000000006003e+01,5.000000000000000000e-01
6.208500000000005770e+01,5.000000000000000000e-01
6.208600000000005537e+01,5.000000000000000000e-01
6.208700000000006014e+01,5.000000000000000000e-01
6.208800000000005781e+01,5.000000000000000000e-01
6.208900000000005548e+01,5.000000000000000000e-01
6.209000000000006025e+01,5.000000000000000000e-01
6.209100000000005792e+01,5.000000000000000000e-01
6.209200000000005559e+01,5.000000000000000000e-01
6.209300000000005326e+01,5.000000000000000000e-01
6.209400000000005804e+01,5.000000000000000000e-01
6.209500000000005571e+01,5.000000000000000000e-01
6.209600000000005338e+01,5.000000000000000000e-01
6.209700000000005815e+01,5.000000000000000000e-01
6.209800000000005582e+01,5.000000000000000000e-01
6.209900000000005349e+01,5.000000000000000000e-01
6.210000000000005826e+01,5.000000000000000000e-01
6.210100000000005593e+01,5.000000000000000000e-01
6.210200000000005360e+01,5.000000000000000000e-01
6.210300000000005838e+01,5.000000000000000000e-01
6.210400000000005605e+01,5.000000000000000000e-01
6.210500000000005372e+01,5.000000000000000000e-01
6.210600000000005849e+01,5.000000000000000000e-01
6.210700000000005616e+01,5.000000000000000000e-01
6.210800000000005383e+01,5.000000000000000000e-01
6.210900000000005861e+01,5.000000000000000000e-01
6.211000000000005627e+01,5.000000000000000000e-01
6.211100000000005394e+01,5.000000000000000000e-01
6.211200000000005872e+01,5.000000000000000000e-01
6.211300000000005639e+01,5.000000000000000000e-01
6.211400000000005406e+01,5.000000000000000000e-01
6.211500000000005883e+01,5.000000000000000000e-01
6.211600000000005650e+01,5.000000000000000000e-01
6.211700000000005417e+01,5.000000000000000000e-01
6.211800000000005895e+01,5.000000000000000000e-01
6.211900000000005662e+01,5.000000000000000000e-01
6.212000000000005429e+01,5.000000000000000000e-01
6.212100000000005906e+01,5.000000000000000000e-01
6.212200000000005673e+01,5.000000000000000000e-01
6.212300000000005440e+01,5.000000000000000000e-01
6.212400000000005917e+01,5.000000000000000000e-01
6.212500000000005684e+01,5.000000000000000000e-01
6.212600000000005451e+01,5.000000000000000000e-01
6.212700000000005929e+01,5.000000000000000000e-01
6.212800000000005696e+01,5.000000000000000000e-01
6.212900000000005463e+01,5.000000000000000000e-01
6.213000000000005940e+01,5.000000000000000000e-01
6.213100000000005707e+01,5.000000000000000000e-01
6.213200000000005474e+01,5.000000000000000000e-01
6.213300000000005952e+01,5.000000000000000000e-01
6.213400000000005718e+01,5.000000000000000000e-01
6.213500000000005485e+01,5.000000000000000000e-01
6.213600000000005963e+01,5.000000000000000000e-01
6.213700000000005730e+01,5.000000000000000000e-01
6.213800000000005497e+01,5.000000000000000000e-01
6.213900000000005974e+01,5.000000000000000000e-01
6.214000000000005741e+01,5.000000000000000000e-01
6.214100000000005508e+01,5.000000000000000000e-01
6.214200000000005986e+01,5.000000000000000000e-01
6.214300000000005753e+01,5.000000000000000000e-01
6.214400000000005519e+01,5.000000000000000000e-01
6.214500000000005997e+01,5.000000000000000000e-01
6.214600000000005764e+01,5.000000000000000000e-01
6.214700000000005531e+01,5.000000000000000000e-01
6.214800000000006008e+01,5.000000000000000000e-01
6.214900000000005775e+01,5.000000000000000000e-01
6.215000000000005542e+01,5.000000000000000000e-01
6.215100000000006020e+01,5.000000000000000000e-01
6.215200000000005787e+01,5.000000000000000000e-01
6.215300000000005554e+01,5.000000000000000000e-01
6.215400000000006031e+01,5.000000000000000000e-01
6.215500000000005798e+01,5.000000000000000000e-01
6.215600000000005565e+01,5.000000000000000000e-01
6.215700000000006042e+01,5.000000000000000000e-01
6.215800000000005809e+01,5.000000000000000000e-01
6.215900000000005576e+01,5.000000000000000000e-01
6.216000000000005343e+01,5.000000000000000000e-01
6.216100000000005821e+01,5.000000000000000000e-01
6.216200000000005588e+01,5.000000000000000000e-01
6.216300000000005355e+01,5.000000000000000000e-01
6.216400000000005832e+01,5.000000000000000000e-01
6.216500000000005599e+01,5.000000000000000000e-01
6.216600000000005366e+01,5.000000000000000000e-01
6.216700000000005844e+01,5.000000000000000000e-01
6.216800000000005610e+01,5.000000000000000000e-01
6.216900000000005377e+01,5.000000000000000000e-01
6.217000000000005855e+01,5.000000000000000000e-01
6.217100000000005622e+01,5.000000000000000000e-01
6.217200000000005389e+01,5.000000000000000000e-01
6.217300000000005866e+01,5.000000000000000000e-01
6.217400000000005633e+01,5.000000000000000000e-01
6.217500000000005400e+01,5.000000000000000000e-01
6.217600000000005878e+01,5.000000000000000000e-01
6.217700000000005645e+01,5.000000000000000000e-01
6.217800000000005411e+01,5.000000000000000000e-01
6.217900000000005889e+01,5.000000000000000000e-01
6.218000000000005656e+01,5.000000000000000000e-01
6.218100000000005423e+01,5.000000000000000000e-01
6.218200000000005900e+01,5.000000000000000000e-01
6.218300000000005667e+01,5.000000000000000000e-01
6.218400000000005434e+01,5.000000000000000000e-01
6.218500000000005912e+01,5.000000000000000000e-01
6.218600000000005679e+01,5.000000000000000000e-01
6.218700000000005446e+01,5.000000000000000000e-01
6.218800000000005923e+01,5.000000000000000000e-01
6.218900000000005690e+01,5.000000000000000000e-01
6.219000000000005457e+01,5.000000000000000000e-01
6.219100000000005934e+01,5.000000000000000000e-01
6.219200000000005701e+01,5.000000000000000000e-01
6.219300000000005468e+01,5.000000000000000000e-01
6.219400000000005946e+01,5.000000000000000000e-01
6.219500000000005713e+01,5.000000000000000000e-01
6.219600000000005480e+01,5.000000000000000000e-01
6.219700000000005957e+01,5.000000000000000000e-01
6.219800000000005724e+01,5.000000000000000000e-01
6.219900000000005491e+01,5.000000000000000000e-01
6.220000000000005969e+01,5.000000000000000000e-01
6.220100000000005736e+01,5.000000000000000000e-01
6.220200000000005502e+01,5.000000000000000000e-01
6.220300000000005980e+01,5.000000000000000000e-01
6.220400000000005747e+01,5.000000000000000000e-01
6.220500000000005514e+01,5.000000000000000000e-01
6.220600000000005991e+01,5.000000000000000000e-01
6.220700000000005758e+01,5.000000000000000000e-01
6.220800000000005525e+01,5.000000000000000000e-01
6.220900000000006003e+01,5.000000000000000000e-01
6.221000000000005770e+01,5.000000000000000000e-01
6.221100000000005537e+01,5.000000000000000000e-01
6.221200000000006014e+01,5.000000000000000000e-01
6.221300000000005781e+01,5.000000000000000000e-01
6.221400000000005548e+01,5.000000000000000000e-01
6.221500000000006025e+01,5.000000000000000000e-01
6.221600000000005792e+01,5.000000000000000000e-01
6.221700000000005559e+01,5.000000000000000000e-01
6.221800000000006037e+01,5.000000000000000000e-01
6.221900000000005804e+01,5.000000000000000000e-01
6.222000000000005571e+01,5.000000000000000000e-01
6.222100000000005338e+01,5.000000000000000000e-01
6.222200000000005815e+01,5.000000000000000000e-01
6.222300000000005582e+01,5.000000000000000000e-01
6.222400000000005349e+01,5.000000000000000000e-01
6.222500000000005826e+01,5.000000000000000000e-01
6.222600000000005593e+01,5.000000000000000000e-01
6.222700000000005360e+01,5.000000000000000000e-01
6.222800000000005838e+01,5.000000000000000000e-01
6.222900000000005605e+01,5.000000000000000000e-01
6.223000000000005372e+01,5.000000000000000000e-01
6.223100000000005849e+01,5.000000000000000000e-01
6.223200000000005616e+01,5.000000000000000000e-01
6.223300000000005383e+01,5.000000000000000000e-01
6.223400000000005861e+01,5.000000000000000000e-01
6.223500000000005627e+01,5.000000000000000000e-01
6.223600000000005394e+01,5.000000000000000000e-01
6.223700000000005872e+01,5.000000000000000000e-01
6.223800000000005639e+01,5.000000000000000000e-01
6.223900000000005406e+01,5.000000000000000000e-01
6.224000000000005883e+01,5.000000000000000000e-01
6.224100000000005650e+01,5.000000000000000000e-01
6.224200000000005417e+01,5.000000000000000000e-01
6.224300000000005895e+01,5.000000000000000000e-01
6.224400000000005662e+01,5.000000000000000000e-01
6.224500000000005429e+01,5.000000000000000000e-01
6.224600000000005906e+01,5.000000000000000000e-01
6.224700000000005673e+01,5.000000000000000000e-01
6.224800000000005440e+01,5.000000000000000000e-01
6.224900000000005917e+01,5.000000000000000000e-01
6.225000000000005684e+01,5.000000000000000000e-01
6.225100000000005451e+01,5.000000000000000000e-01
6.225200000000005929e+01,5.000000000000000000e-01
6.225300000000005696e+01,5.000000000000000000e-01
6.225400000000005463e+01,5.000000000000000000e-01
6.225500000000005940e+01,5.000000000000000000e-01
6.225600000000005707e+01,5.000000000000000000e-01
6.225700000000005474e+01,5.000000000000000000e-01
6.225800000000005952e+01,5.000000000000000000e-01
6.225900000000005718e+01,5.000000000000000000e-01
6.226000000000005485e+01,5.000000000000000000e-01
6.226100000000005963e+01,5.000000000000000000e-01
6.226200000000005730e+01,5.000000000000000000e-01
6.226300000000005497e+01,5.000000000000000000e-01
6.226400000000005974e+01,5.000000000000000000e-01
6.226500000000005741e+01,5.000000000000000000e-01
6.226600000000005508e+01,5.000000000000000000e-01
6.226700000000005986e+01,5.000000000000000000e-01
6.226800000000005753e+01,5.000000000000000000e-01
6.226900000000005519e+01,5.000000000000000000e-01
6.227000000000005997e+01,5.000000000000000000e-01
6.227100000000005764e+01,5.000000000000000000e-01
6.227200000000005531e+01,5.000000000000000000e-01
6.227300000000006008e+01,5.000000000000000000e-01
6.227400000000005775e+01,5.000000000000000000e-01
6.227500000000005542e+01,5.000000000000000000e-01
6.227600000000006020e+01,5.000000000000000000e-01
6.227700000000005787e+01,5.000000000000000000e-01
6.227800000000005554e+01,5.000000000000000000e-01
6.227900000000006031e+01,5.000000000000000000e-01
6.228000000000005798e+01,5.000000000000000000e-01
6.228100000000005565e+01,5.000000000000000000e-01
6.228200000000006042e+01,5.000000000000000000e-01
6.228300000000005809e+01,5.000000000000000000e-01
6.228400000000005576e+01,5.000000000000000000e-01
6.228500000000006054e+01,5.000000000000000000e-01
6.228600000000005821e+01,5.000000000000000000e-01
6.228700000000005588e+01,5.000000000000000000e-01
6.228800000000005355e+01,5.000000000000000000e-01
6.228900000000005832e+01,5.000000000000000000e-01
6.229000000000005599e+01,5.000000000000000000e-01
6.229100000000005366e+01,5.000000000000000000e-01
6.229200000000005844e+01,5.000000000000000000e-01
6.229300000000005610e+01,5.000000000000000000e-01
6.229400000000005377e+01,5.000000000000000000e-01
6.229500000000005855e+01,5.000000000000000000e-01
6.229600000000005622e+01,5.000000000000000000e-01
6.229700000000005389e+01,5.000000000000000000e-01
6.229800000000005866e+01,5.000000000000000000e-01
6.229900000000005633e+01,5.000000000000000000e-01
6.230000000000005400e+01,5.000000000000000000e-01
6.230100000000005878e+01,5.000000000000000000e-01
6.230200000000005645e+01,5.000000000000000000e-01
6.230300000000005411e+01,5.000000000000000000e-01
6.230400000000005889e+01,5.000000000000000000e-01
6.230500000000005656e+01,5.000000000000000000e-01
6.230600000000005423e+01,5.000000000000000000e-01
6.230700000000005900e+01,5.000000000000000000e-01
6.230800000000005667e+01,5.000000000000000000e-01
6.230900000000005434e+01,5.000000000000000000e-01
6.231000000000005912e+01,5.000000000000000000e-01
6.231100000000005679e+01,5.000000000000000000e-01
6.231200000000005446e+01,5.000000000000000000e-01
6.231300000000005923e+01,5.000000000000000000e-01
6.231400000000005690e+01,5.000000000000000000e-01
6.231500000000005457e+01,5.000000000000000000e-01
6.231600000000005934e+01,5.000000000000000000e-01
6.231700000000005701e+01,5.000000000000000000e-01
6.231800000000005468e+01,5.000000000000000000e-01
6.231900000000005946e+01,5.000000000000000000e-01
6.232000000000005713e+01,5.000000000000000000e-01
6.232100000000005480e+01,5.000000000000000000e-01
6.232200000000005957e+01,5.000000000000000000e-01
6.232300000000005724e+01,5.000000000000000000e-01
6.232400000000005491e+01,5.000000000000000000e-01
6.232500000000005969e+01,5.000000000000000000e-01
6.232600000000005736e+01,5.000000000000000000e-01
6.232700000000005502e+01,5.000000000000000000e-01
6.232800000000005980e+01,5.000000000000000000e-01
6.232900000000005747e+01,5.000000000000000000e-01
6.233000000000005514e+01,5.000000000000000000e-01
6.233100000000005991e+01,5.000000000000000000e-01
6.233200000000005758e+01,5.000000000000000000e-01
6.233300000000005525e+01,5.000000000000000000e-01
6.233400000000006003e+01,5.000000000000000000e-01
6.233500000000005770e+01,5.000000000000000000e-01
6.233600000000005537e+01,5.000000000000000000e-01
6.233700000000006014e+01,5.000000000000000000e-01
6.233800000000005781e+01,5.000000000000000000e-01
6.233900000000005548e+01,5.000000000000000000e-01
6.234000000000006025e+01,5.000000000000000000e-01
6.234100000000005792e+01,5.000000000000000000e-01
6.234200000000005559e+01,5.000000000000000000e-01
6.234300000000006037e+01,5.000000000000000000e-01
6.234400000000005804e+01,5.000000000000000000e-01
6.234500000000005571e+01,5.000000000000000000e-01
6.234600000000006048e+01,5.000000000000000000e-01
6.234700000000005815e+01,5.000000000000000000e-01
6.234800000000005582e+01,5.000000000000000000e-01
6.234900000000005349e+01,5.000000000000000000e-01
6.235000000000005826e+01,5.000000000000000000e-01
6.235100000000005593e+01,5.000000000000000000e-01
6.235200000000005360e+01,5.000000000000000000e-01
6.235300000000005838e+01,5.000000000000000000e-01
6.235400000000005605e+01,5.000000000000000000e-01
6.235500000000005372e+01,5.000000000000000000e-01
6.235600000000005849e+01,5.000000000000000000e-01
6.235700000000005616e+01,5.000000000000000000e-01
6.235800000000005383e+01,5.000000000000000000e-01
6.235900000000005861e+01,5.000000000000000000e-01
6.236000000000005627e+01,5.000000000000000000e-01
6.236100000000005394e+01,5.000000000000000000e-01
6.236200000000005872e+01,5.000000000000000000e-01
6.236300000000005639e+01,5.000000000000000000e-01
6.236400000000005406e+01,5.000000000000000000e-01
6.236500000000005883e+01,5.000000000000000000e-01
6.236600000000005650e+01,5.000000000000000000e-01
6.236700000000005417e+01,5.000000000000000000e-01
6.236800000000005895e+01,5.000000000000000000e-01
6.236900000000005662e+01,5.000000000000000000e-01
6.237000000000005429e+01,5.000000000000000000e-01
6.237100000000005906e+01,5.000000000000000000e-01
6.237200000000005673e+01,5.000000000000000000e-01
6.237300000000005440e+01,5.000000000000000000e-01
6.237400000000005917e+01,5.000000000000000000e-01
6.237500000000005684e+01,5.000000000000000000e-01
6.237600000000005451e+01,5.000000000000000000e-01
6.237700000000005929e+01,5.000000000000000000e-01
6.237800000000005696e+01,5.000000000000000000e-01
6.237900000000005463e+01,5.000000000000000000e-01
6.238000000000005940e+01,5.000000000000000000e-01
6.238100000000005707e+01,5.000000000000000000e-01
6.238200000000005474e+01,5.000000000000000000e-01
6.238300000000005952e+01,5.000000000000000000e-01
6.238400000000005718e+01,5.000000000000000000e-01
6.238500000000005485e+01,5.000000000000000000e-01
6.238600000000005963e+01,5.000000000000000000e-01
6.238700000000005730e+01,5.000000000000000000e-01
6.238800000000005497e+01,5.000000000000000000e-01
6.238900000000005974e+01,5.000000000000000000e-01
6.239000000000005741e+01,5.000000000000000000e-01
6.239100000000005508e+01,5.000000000000000000e-01
6.239200000000005986e+01,5.000000000000000000e-01
6.239300000000005753e+01,5.000000000000000000e-01
6.239400000000005519e+01,5.000000000000000000e-01
6.239500000000005997e+01,5.000000000000000000e-01
6.239600000000005764e+01,5.000000000000000000e-01
6.239700000000005531e+01,5.000000000000000000e-01
6.239800000000006008e+01,5.000000000000000000e-01
6.239900000000005775e+01,5.000000000000000000e-01
6.240000000000005542e+01,5.000000000000000000e-01
6.240100000000006020e+01,5.000000000000000000e-01
6.240200000000005787e+01,5.000000000000000000e-01
6.240300000000005554e+01,5.000000000000000000e-01
6.240400000000006031e+01,5.000000000000000000e-01
6.240500000000005798e+01,5.000000000000000000e-01
6.240600000000005565e+01,5.000000000000000000e-01
6.240700000000006042e+01,5.000000000000000000e-01
6.240800000000005809e+01,5.000000000000000000e-01
6.240900000000005576e+01,5.000000000000000000e-01
6.241000000000006054e+01,5.000000000000000000e-01
6.241100000000005821e+01,5.000000000000000000e-01
6.241200000000005588e+01,5.000000000000000000e-01
6.241300000000006065e+01,5.000000000000000000e-01
6.241400000000005832e+01,5.000000000000000000e-01
6.241500000000005599e+01,5.000000000000000000e-01
6.241600000000005366e+01,5.000000000000000000e-01
6.241700000000005844e+01,5.000000000000000000e-01
6.241800000000005610e+01,5.000000000000000000e-01
6.241900000000005377e+01,5.000000000000000000e-01
6.242000000000005855e+01,5.000000000000000000e-01
6.242100000000005622e+01,5.000000000000000000e-01
6.242200000000005389e+01,5.000000000000000000e-01
6.242300000000005866e+01,5.000000000000000000e-01
6.242400000000005633e+01,5.000000000000000000e-01
6.242500000000005400e+01,5.000000000000000000e-01
6.242600000000005878e+01,5.000000000000000000e-01
6.242700000000005645e+01,5.000000000000000000e-01
6.242800000000005411e+01,5.000000000000000000e-01
6.242900000000005889e+01,5.000000000000000000e-01
6.243000000000005656e+01,5.000000000000000000e-01
6.243100000000005423e+01,5.000000000000000000e-01
6.243200000000005900e+01,5.000000000000000000e-01
6.243300000000005667e+01,5.000000000000000000e-01
6.243400000000005434e+01,5.000000000000000000e-01
6.243500000000005912e+01,5.000000000000000000e-01
6.243600000000005679e+01,5.000000000000000000e-01
6.243700000000005446e+01,5.000000000000000000e-01
6.243800000000005923e+01,5.000000000000000000e-01
6.243900000000005690e+01,5.000000000000000000e-01
6.244000000000005457e+01,5.000000000000000000e-01
6.244100000000005934e+01,5.000000000000000000e-01
6.244200000000005701e+01,5.000000000000000000e-01
6.244300000000005468e+01,5.000000000000000000e-01
6.244400000000005946e+01,5.000000000000000000e-01
6.244500000000005713e+01,5.000000000000000000e-01
6.244600000000005480e+01,5.000000000000000000e-01
6.244700000000005957e+01,5.000000000000000000e-01
6.244800000000005724e+01,5.000000000000000000e-01
6.244900000000005491e+01,5.000000000000000000e-01
6.245000000000005969e+01,5.000000000000000000e-01
6.245100000000005736e+01,5.000000000000000000e-01
6.245200000000005502e+01,5.000000000000000000e-01
6.245300000000005980e+01,5.000000000000000000e-01
6.245400000000005747e+01,5.000000000000000000e-01
6.245500000000005514e+01,5.000000000000000000e-01
6.245600000000005991e+01,5.000000000000000000e-01
6.245700000000005758e+01,5.000000000000000000e-01
6.245800000000005525e+01,5.000000000000000000e-01
6.245900000000006003e+01,5.000000000000000000e-01
6.246000000000005770e+01,5.000000000000000000e-01
6.246100000000005537e+01,5.000000000000000000e-01
6.246200000000006014e+01,5.000000000000000000e-01
6.246300000000005781e+01,5.000000000000000000e-01
6.246400000000005548e+01,5.000000000000000000e-01
6.246500000000006025e+01,5.000000000000000000e-01
6.246600000000005792e+01,5.000000000000000000e-01
6.246700000000005559e+01,5.000000000000000000e-01
6.246800000000006037e+01,5.000000000000000000e-01
6.246900000000005804e+01,5.000000000000000000e-01
6.247000000000005571e+01,5.000000000000000000e-01
6.247100000000006048e+01,5.000000000000000000e-01
6.247200000000005815e+01,5.000000000000000000e-01
6.247300000000005582e+01,5.000000000000000000e-01
6.247400000000006060e+01,5.000000000000000000e-01
6.247500000000005826e+01,5.000000000000000000e-01
6.247600000000005593e+01,5.000000000000000000e-01
6.247700000000005360e+01,5.000000000000000000e-01
6.247800000000005838e+01,5.000000000000000000e-01
6.247900000000005605e+01,5.000000000000000000e-01
6.248000000000005372e+01,5.000000000000000000e-01
6.248100000000005849e+01,5.000000000000000000e-01
6.248200000000005616e+01,5.000000000000000000e-01
6.248300000000005383e+01,5.000000000000000000e-01
6.248400000000005861e+01,5.000000000000000000e-01
6.248500000000005627e+01,5.000000000000000000e-01
6.248600000000005394e+01,5.000000000000000000e-01
6.248700000000005872e+01,5.000000000000000000e-01
6.248800000000005639e+01,5.000000000000000000e-01
6.248900000000005406e+01,5.000000000000000000e-01
6.249000000000005883e+01,5.000000000000000000e-01
6.249100000000005650e+01,5.000000000000000000e-01
6.249200000000005417e+01,5.000000000000000000e-01
6.249300000000005895e+01,5.000000000000000000e-01
6.249400000000005662e+01,5.000000000000000000e-01
6.249500000000005429e+01,5.000000000000000000e-01
6.249600000000005906e+01,5.000000000000000000e-01
6.249700000000005673e+01,5.000000000000000000e-01
6.249800000000005440e+01,5.000000000000000000e-01
6.249900000000005917e+01,5.000000000000000000e-01
6.250000000000005684e+01,5.000000000000000000e-01
6.250100000000005451e+01,5.000000000000000000e-01
6.250200000000005929e+01,5.000000000000000000e-01
6.250300000000005696e+01,5.000000000000000000e-01
6.250400000000005463e+01,5.000000000000000000e-01
6.250500000000005940e+01,5.000000000000000000e-01
6.250600000000005707e+01,5.000000000000000000e-01
6.250700000000005474e+01,5.000000000000000000e-01
6.250800000000005952e+01,5.000000000000000000e-01
6.250900000000005718e+01,5.000000000000000000e-01
6.251000000000005485e+01,5.000000000000000000e-01
6.251100000000005963e+01,5.000000000000000000e-01
6.251200000000005730e+01,5.000000000000000000e-01
6.251300000000005497e+01,5.000000000000000000e-01
6.251400000000005974e+01,5.000000000000000000e-01
6.251500000000005741e+01,5.000000000000000000e-01
6.251600000000005508e+01,5.000000000000000000e-01
6.251700000000005986e+01,5.000000000000000000e-01
6.251800000000005753e+01,5.000000000000000000e-01
6.251900000000005519e+01,5.000000000000000000e-01
6.252000000000005997e+01,5.000000000000000000e-01
6.252100000000005764e+01,5.000000000000000000e-01
6.252200000000005531e+01,5.000000000000000000e-01
6.252300000000006008e+01,5.000000000000000000e-01
6.252400000000005775e+01,5.000000000000000000e-01
6.252500000000005542e+01,5.000000000000000000e-01
6.252600000000006020e+01,5.000000000000000000e-01
6.252700000000005787e+01,5.000000000000000000e-01
6.252800000000005554e+01,5.000000000000000000e-01
6.252900000000006031e+01,5.000000000000000000e-01
6.253000000000005798e+01,5.000000000000000000e-01
6.253100000000005565e+01,5.000000000000000000e-01
6.253200000000006042e+01,5.000000000000000000e-01
6.253300000000005809e+01,5.000000000000000000e-01
6.253400000000005576e+01,5.000000000000000000e-01
6.253500000000006054e+01,5.000000000000000000e-01
6.253600000000005821e+01,5.000000000000000000e-01
6.253700000000005588e+01,5.000000000000000000e-01
6.253800000000006065e+01,5.000000000000000000e-01
6.253900000000005832e+01,5.000000000000000000e-01
6.254000000000005599e+01,5.000000000000000000e-01
6.254100000000006077e+01,5.000000000000000000e-01
6.254200000000005844e+01,5.000000000000000000e-01
6.254300000000005610e+01,5.000000000000000000e-01
6.254400000000005377e+01,5.000000000000000000e-01
6.254500000000005855e+01,5.000000000000000000e-01
6.254600000000005622e+01,5.000000000000000000e-01
6.254700000000005389e+01,5.000000000000000000e-01
6.254800000000005866e+01,5.000000000000000000e-01
6.254900000000005633e+01,5.000000000000000000e-01
6.255000000000005400e+01,5.000000000000000000e-01
6.255100000000005878e+01,5.000000000000000000e-01
6.255200000000005645e+01,5.000000000000000000e-01
6.255300000000005411e+01,5.000000000000000000e-01
6.255400000000005889e+01,5.000000000000000000e-01
6.255500000000005656e+01,5.000000000000000000e-01
6.255600000000005423e+01,5.000000000000000000e-01
6.255700000000005900e+01,5.000000000000000000e-01
6.255800000000005667e+01,5.000000000000000000e-01
6.255900000000005434e+01,5.000000000000000000e-01
6.256000000000005912e+01,5.000000000000000000e-01
6.256100000000005679e+01,5.000000000000000000e-01
6.256200000000005446e+01,5.000000000000000000e-01
6.256300000000005923e+01,5.000000000000000000e-01
6.256400000000005690e+01,5.000000000000000000e-01
6.256500000000005457e+01,5.000000000000000000e-01
6.256600000000005934e+01,5.000000000000000000e-01
6.256700000000005701e+01,5.000000000000000000e-01
6.256800000000005468e+01,5.000000000000000000e-01
6.256900000000005946e+01,5.000000000000000000e-01
6.257000000000005713e+01,5.000000000000000000e-01
6.257100000000005480e+01,5.000000000000000000e-01
6.257200000000005957e+01,5.000000000000000000e-01
6.257300000000005724e+01,5.000000000000000000e-01
6.257400000000005491e+01,5.000000000000000000e-01
6.257500000000005969e+01,5.000000000000000000e-01
6.257600000000005736e+01,5.000000000000000000e-01
6.257700000000005502e+01,5.000000000000000000e-01
6.257800000000005980e+01,5.000000000000000000e-01
6.257900000000005747e+01,5.000000000000000000e-01
6.258000000000005514e+01,5.000000000000000000e-01
6.258100000000005991e+01,5.000000000000000000e-01
6.258200000000005758e+01,5.000000000000000000e-01
6.258300000000005525e+01,5.000000000000000000e-01
6.258400000000006003e+01,5.000000000000000000e-01
6.258500000000005770e+01,5.000000000000000000e-01
6.258600000000005537e+01,5.000000000000000000e-01
6.258700000000006014e+01,5.000000000000000000e-01
6.258800000000005781e+01,5.000000000000000000e-01
6.258900000000005548e+01,5.000000000000000000e-01
6.259000000000006025e+01,5.000000000000000000e-01
6.259100000000005792e+01,5.000000000000000000e-01
6.259200000000005559e+01,5.000000000000000000e-01
6.259300000000006037e+01,5.000000000000000000e-01
6.259400000000005804e+01,5.000000000000000000e-01
6.259500000000005571e+01,5.000000000000000000e-01
6.259600000000006048e+01,5.000000000000000000e-01
6.259700000000005815e+01,5.000000000000000000e-01
6.259800000000005582e+01,5.000000000000000000e-01
6.259900000000006060e+01,5.000000000000000000e-01
6.260000000000005826e+01,5.000000000000000000e-01
6.260100000000005593e+01,5.000000000000000000e-01
6.260200000000006071e+01,5.000000000000000000e-01
6.260300000000005838e+01,5.000000000000000000e-01
6.260400000000005605e+01,5.000000000000000000e-01
6.260500000000005372e+01,5.000000000000000000e-01
6.260600000000005849e+01,5.000000000000000000e-01
6.260700000000005616e+01,5.000000000000000000e-01
6.260800000000005383e+01,5.000000000000000000e-01
6.260900000000005861e+01,5.000000000000000000e-01
6.261000000000005627e+01,5.000000000000000000e-01
6.261100000000005394e+01,5.000000000000000000e-01
6.261200000000005872e+01,5.000000000000000000e-01
6.261300000000005639e+01,5.000000000000000000e-01
6.261400000000005406e+01,5.000000000000000000e-01
6.261500000000005883e+01,5.000000000000000000e-01
6.261600000000005650e+01,5.000000000000000000e-01
6.261700000000005417e+01,5.000000000000000000e-01
6.261800000000005895e+01,5.000000000000000000e-01
6.261900000000005662e+01,5.000000000000000000e-01
6.262000000000005429e+01,5.000000000000000000e-01
6.262100000000005906e+01,5.000000000000000000e-01
6.262200000000005673e+01,5.000000000000000000e-01
6.262300000000005440e+01,5.000000000000000000e-01
6.262400000000005917e+01,5.000000000000000000e-01
6.262500000000005684e+01,5.000000000000000000e-01
6.262600000000005451e+01,5.000000000000000000e-01
6.262700000000005929e+01,5.000000000000000000e-01
6.262800000000005696e+01,5.000000000000000000e-01
6.262900000000005463e+01,5.000000000000000000e-01
6.263000000000005940e+01,5.000000000000000000e-01
6.263100000000005707e+01,5.000000000000000000e-01
6.263200000000005474e+01,5.000000000000000000e-01
6.263300000000005952e+01,5.000000000000000000e-01
6.263400000000005718e+01,5.000000000000000000e-01
6.263500000000005485e+01,5.000000000000000000e-01
6.263600000000005963e+01,5.000000000000000000e-01
6.263700000000005730e+01,5.000000000000000000e-01
6.263800000000005497e+01,5.000000000000000000e-01
6.263900000000005974e+01,5.000000000000000000e-01
6.264000000000005741e+01,5.000000000000000000e-01
6.264100000000005508e+01,5.000000000000000000e-01
6.264200000000005986e+01,5.000000000000000000e-01
6.264300000000005753e+01,5.000000000000000000e-01
6.264400000000005519e+01,5.000000000000000000e-01
6.264500000000005997e+01,5.000000000000000000e-01
6.264600000000005764e+01,5.000000000000000000e-01
6.264700000000005531e+01,5.000000000000000000e-01
6.264800000000006008e+01,5.000000000000000000e-01
6.264900000000005775e+01,5.000000000000000000e-01
6.265000000000005542e+01,5.000000000000000000e-01
6.265100000000006020e+01,5.000000000000000000e-01
6.265200000000005787e+01,5.000000000000000000e-01
6.265300000000005554e+01,5.000000000000000000e-01
6.265400000000006031e+01,5.000000000000000000e-01
6.265500000000005798e+01,5.000000000000000000e-01
6.265600000000005565e+01,5.000000000000000000e-01
6.265700000000006042e+01,5.000000000000000000e-01
6.265800000000005809e+01,5.000000000000000000e-01
6.265900000000005576e+01,5.000000000000000000e-01
6.266000000000006054e+01,5.000000000000000000e-01
6.266100000000005821e+01,5.000000000000000000e-01
6.266200000000005588e+01,5.000000000000000000e-01
6.266300000000006065e+01,5.000000000000000000e-01
6.266400000000005832e+01,5.000000000000000000e-01
6.266500000000005599e+01,5.000000000000000000e-01
6.266600000000006077e+01,5.000000000000000000e-01
6.266700000000005844e+01,5.000000000000000000e-01
6.266800000000005610e+01,5.000000000000000000e-01
6.266900000000006088e+01,5.000000000000000000e-01
6.267000000000005855e+01,5.000000000000000000e-01
6.267100000000005622e+01,5.000000000000000000e-01
6.267200000000005389e+01,5.000000000000000000e-01
6.267300000000005866e+01,5.000000000000000000e-01
6.267400000000005633e+01,5.000000000000000000e-01
6.267500000000005400e+01,5.000000000000000000e-01
6.267600000000005878e+01,5.000000000000000000e-01
6.267700000000005645e+01,5.000000000000000000e-01
6.267800000000005411e+01,5.000000000000000000e-01
6.267900000000005889e+01,5.000000000000000000e-01
6.268000000000005656e+01,5.000000000000000000e-01
6.268100000000005423e+01,5.000000000000000000e-01
6.268200000000005900e+01,5.000000000000000000e-01
6.268300000000005667e+01,5.000000000000000000e-01
6.268400000000005434e+01,5.000000000000000000e-01
6.268500000000005912e+01,5.000000000000000000e-01
6.268600000000005679e+01,5.000000000000000000e-01
6.268700000000005446e+01,5.000000000000000000e-01
6.268800000000005923e+01,5.000000000000000000e-01
6.268900000000005690e+01,5.000000000000000000e-01
6.269000000000005457e+01,5.000000000000000000e-01
6.269100000000005934e+01,5.000000000000000000e-01
6.269200000000005701e+01,5.000000000000000000e-01
6.269300000000005468e+01,5.000000000000000000e-01
6.269400000000005946e+01,5.000000000000000000e-01
6.269500000000005713e+01,5.000000000000000000e-01
6.269600000000005480e+01,5.000000000000000000e-01
6.269700000000005957e+01,5.000000000000000000e-01
6.269800000000005724e+01,5.000000000000000000e-01
6.269900000000005491e+01,5.000000000000000000e-01
6.270000000000005969e+01,5.000000000000000000e-01
6.270100000000005736e+01,5.000000000000000000e-01
6.270200000000005502e+01,5.000000000000000000e-01
6.270300000000005980e+01,5.000000000000000000e-01
6.270400000000005747e+01,5.000000000000000000e-01
6.270500000000005514e+01,5.000000000000000000e-01
6.270600000000005991e+01,5.000000000000000000e-01
6.270700000000005758e+01,5.000000000000000000e-01
6.270800000000005525e+01,5.000000000000000000e-01
6.270900000000006003e+01,5.000000000000000000e-01
6.271000000000005770e+01,5.000000000000000000e-01
6.271100000000005537e+01,5.000000000000000000e-01
6.271200000000006014e+01,5.000000000000000000e-01
6.271300000000005781e+01,5.000000000000000000e-01
6.271400000000005548e+01,5.000000000000000000e-01
6.271500000000006025e+01,5.000000000000000000e-01
6.271600000000005792e+01,5.000000000000000000e-01
6.271700000000005559e+01,5.000000000000000000e-01
6.271800000000006037e+01,5.000000000000000000e-01
6.271900000000005804e+01,5.000000000000000000e-01
6.272000000000005571e+01,5.000000000000000000e-01
6.272100000000006048e+01,5.000000000000000000e-01
6.272200000000005815e+01,5.000000000000000000e-01
6.272300000000005582e+01,5.000000000000000000e-01
6.272400000000006060e+01,5.000000000000000000e-01
6.272500000000005826e+01,5.000000000000000000e-01
6.272600000000005593e+01,5.000000000000000000e-01
6.272700000000006071e+01,5.000000000000000000e-01
6.272800000000005838e+01,5.000000000000000000e-01
6.272900000000005605e+01,5.000000000000000000e-01
6.273000000000006082e+01,5.000000000000000000e-01
6.273100000000005849e+01,5.000000000000000000e-01
6.273200000000005616e+01,5.000000000000000000e-01
6.273300000000005383e+01,5.000000000000000000e-01
6.273400000000005861e+01,5.000000000000000000e-01
6.273500000000005627e+01,5.000000000000000000e-01
6.273600000000005394e+01,5.000000000000000000e-01
6.273700000000005872e+01,5.000000000000000000e-01
6.273800000000005639e+01,5.000000000000000000e-01
6.273900000000005406e+01,5.000000000000000000e-01
6.274000000000005883e+01,5.000000000000000000e-01
6.274100000000005650e+01,5.000000000000000000e-01
6.274200000000005417e+01,5.000000000000000000e-01
6.274300000000005895e+01,5.000000000000000000e-01
6.274400000000005662e+01,5.000000000000000000e-01
6.274500000000005429e+01,5.000000000000000000e-01
6.274600000000005906e+01,5.000000000000000000e-01
6.274700000000005673e+01,5.000000000000000000e-01
6.274800000000005440e+01,5.000000000000000000e-01
6.274900000000005917e+01,5.000000000000000000e-01
6.275000000000005684e+01,5.000000000000000000e-01
6.275100000000005451e+01,5.000000000000000000e-01
6.275200000000005929e+01,5.000000000000000000e-01
6.275300000000005696e+01,5.000000000000000000e-01
6.275400000000005463e+01,5.000000000000000000e-01
6.275500000000005940e+01,5.000000000000000000e-01
6.275600000000005707e+01,5.000000000000000000e-01
6.275700000000005474e+01,5.000000000000000000e-01
6.275800000000005952e+01,5.000000000000000000e-01
6.275900000000005718e+01,5.000000000000000000e-01
6.276000000000005485e+01,5.000000000000000000e-01
6.276100000000005963e+01,5.000000000000000000e-01
6.276200000000005730e+01,5.000000000000000000e-01
6.276300000000005497e+01,5.000000000000000000e-01
6.276400000000005974e+01,5.000000000000000000e-01
6.276500000000005741e+01,5.000000000000000000e-01
6.276600000000005508e+01,5.000000000000000000e-01
6.276700000000005986e+01,5.000000000000000000e-01
6.276800000000005753e+01,5.000000000000000000e-01
6.276900000000005519e+01,5.000000000000000000e-01
6.277000000000005997e+01,5.000000000000000000e-01
6.277100000000005764e+01,5.000000000000000000e-01
6.277200000000005531e+01,5.000000000000000000e-01
6.277300000000006008e+01,5.000000000000000000e-01
6.277400000000005775e+01,5.000000000000000000e-01
6.277500000000005542e+01,5.000000000000000000e-01
6.277600000000006020e+01,5.000000000000000000e-01
6.277700000000005787e+01,5.000000000000000000e-01
6.277800000000005554e+01,5.000000000000000000e-01
6.277900000000006031e+01,5.000000000000000000e-01
6.278000000000005798e+01,5.000000000000000000e-01
6.278100000000005565e+01,5.000000000000000000e-01
6.278200000000006042e+01,5.000000000000000000e-01
6.278300000000005809e+01,5.000000000000000000e-01
6.278400000000005576e+01,5.000000000000000000e-01
6.278500000000006054e+01,5.000000000000000000e-01
6.278600000000005821e+01,5.000000000000000000e-01
6.278700000000005588e+01,5.000000000000000000e-01
6.278800000000006065e+01,5.000000000000000000e-01
6.278900000000005832e+01,5.000000000000000000e-01
6.279000000000005599e+01,5.000000000000000000e-01
6.279100000000006077e+01,5.000000000000000000e-01
6.279200000000005844e+01,5.000000000000000000e-01
6.279300000000005610e+01,5.000000000000000000e-01
6.279400000000006088e+01,5.000000000000000000e-01
6.279500000000005855e+01,5.000000000000000000e-01
6.279600000000005622e+01,5.000000000000000000e-01
6.279700000000006099e+01,5.000000000000000000e-01
6.279800000000005866e+01,5.000000000000000000e-01
6.279900000000005633e+01,5.000000000000000000e-01
6.280000000000005400e+01,5.000000000000000000e-01
6.280100000000005878e+01,5.000000000000000000e-01
6.280200000000005645e+01,5.000000000000000000e-01
6.280300000000005411e+01,5.000000000000000000e-01
6.280400000000005889e+01,5.000000000000000000e-01
6.280500000000005656e+01,5.000000000000000000e-01
6.280600000000005423e+01,5.000000000000000000e-01
6.280700000000005900e+01,5.000000000000000000e-01
6.280800000000005667e+01,5.000000000000000000e-01
6.280900000000005434e+01,5.000000000000000000e-01
6.281000000000005912e+01,5.000000000000000000e-01
6.281100000000005679e+01,5.000000000000000000e-01
6.281200000000005446e+01,5.000000000000000000e-01
6.281300000000005923e+01,5.000000000000000000e-01
6.281400000000005690e+01,5.000000000000000000e-01
6.281500000000005457e+01,5.000000000000000000e-01
6.281600000000005934e+01,5.000000000000000000e-01
6.281700000000005701e+01,5.000000000000000000e-01
6.281800000000005468e+01,5.000000000000000000e-01
6.281900000000005946e+01,5.000000000000000000e-01
6.282000000000005713e+01,5.000000000000000000e-01
6.282100000000005480e+01,5.000000000000000000e-01
6.282200000000005957e+01,5.000000000000000000e-01
6.282300000000005724e+01,5.000000000000000000e-01
6.282400000000005491e+01,5.000000000000000000e-01
6.282500000000005969e+01,5.000000000000000000e-01
6.282600000000005736e+01,5.000000000000000000e-01
6.282700000000005502e+01,5.000000000000000000e-01
6.282800000000005980e+01,5.000000000000000000e-01
6.282900000000005747e+01,5.000000000000000000e-01
6.283000000000005514e+01,5.000000000000000000e-01
6.283100000000005991e+01,5.000000000000000000e-01
6.283200000000005758e+01,5.000000000000000000e-01
6.283300000000005525e+01,5.000000000000000000e-01
6.283400000000006003e+01,5.000000000000000000e-01
6.283500000000005770e+01,5.000000000000000000e-01
6.283600000000005537e+01,5.000000000000000000e-01
6.283700000000006014e+01,5.000000000000000000e-01
6.283800000000005781e+01,5.000000000000000000e-01
6.283900000000005548e+01,5.000000000000000000e-01
6.284000000000006025e+01,5.000000000000000000e-01
6.284100000000005792e+01,5.000000000000000000e-01
6.284200000000005559e+01,5.000000000000000000e-01
6.284300000000006037e+01,5.000000000000000000e-01
6.284400000000005804e+01,5.000000000000000000e-01
6.284500000000005571e+01,5.000000000000000000e-01
6.284600000000006048e+01,5.000000000000000000e-01
6.284700000000005815e+01,5.000000000000000000e-01
6.284800000000005582e+01,5.000000000000000000e-01
6.284900000000006060e+01,5.000000000000000000e-01
6.285000000000005826e+01,5.000000000000000000e-01
6.285100000000005593e+01,5.000000000000000000e-01
6.285200000000006071e+01,5.000000000000000000e-01
6.285300000000005838e+01,5.000000000000000000e-01
6.285400000000005605e+01,5.000000000000000000e-01
6.285500000000006082e+01,5.000000000000000000e-01
6.285600000000005849e+01,5.000000000000000000e-01
6.285700000000005616e+01,5.000000000000000000e-01
6.285800000000006094e+01,5.000000000000000000e-01
6.285900000000005861e+01,5.000000000000000000e-01
6.286000000000005627e+01,5.000000000000000000e-01
6.286100000000005394e+01,5.000000000000000000e-01
6.286200000000005872e+01,5.000000000000000000e-01
6.286300000000005639e+01,5.000000000000000000e-01
6.286400000000005406e+01,5.000000000000000000e-01
6.286500000000005883e+01,5.000000000000000000e-01
6.286600000000005650e+01,5.000000000000000000e-01
6.286700000000005417e+01,5.000000000000000000e-01
6.286800000000005895e+01,5.000000000000000000e-01
6.286900000000005662e+01,5.000000000000000000e-01
6.287000000000005429e+01,5.000000000000000000e-01
6.287100000000005906e+01,5.000000000000000000e-01
6.287200000000005673e+01,5.000000000000000000e-01
6.287300000000005440e+01,5.000000000000000000e-01
6.287400000000005917e+01,5.000000000000000000e-01
6.287500000000005684e+01,5.000000000000000000e-01
6.287600000000005451e+01,5.000000000000000000e-01
6.287700000000005929e+01,5.000000000000000000e-01
6.287800000000005696e+01,5.000000000000000000e-01
6.287900000000005463e+01,5.000000000000000000e-01
6.288000000000005940e+01,5.000000000000000000e-01
6.288100000000005707e+01,5.000000000000000000e-01
6.288200000000005474e+01,5.000000000000000000e-01
6.288300000000005952e+01,5.000000000000000000e-01
6.288400000000005718e+01,5.000000000000000000e-01
6.288500000000005485e+01,5.000000000000000000e-01
6.288600000000005963e+01,5.000000000000000000e-01
6.288700000000005730e+01,5.000000000000000000e-01
6.288800000000005497e+01,5.000000000000000000e-01
6.288900000000005974e+01,5.000000000000000000e-01
6.289000000000005741e+01,5.000000000000000000e-01
6.289100000000005508e+01,5.000000000000000000e-01
6.289200000000005986e+01,5.000000000000000000e-01
6.289300000000005753e+01,5.000000000000000000e-01
6.289400000000005519e+01,5.000000000000000000e-01
6.289500000000005997e+01,5.000000000000000000e-01
6.289600000000005764e+01,5.000000000000000000e-01
6.289700000000005531e+01,5.000000000000000000e-01
6.289800000000006008e+01,5.000000000000000000e-01
6.289900000000005775e+01,5.000000000000000000e-01
6.290000000000005542e+01,5.000000000000000000e-01
6.290100000000006020e+01,5.000000000000000000e-01
6.290200000000005787e+01,5.000000000000000000e-01
6.290300000000005554e+01,5.000000000000000000e-01
6.290400000000006031e+01,5.000000000000000000e-01
6.290500000000005798e+01,5.000000000000000000e-01
6.290600000000005565e+01,5.000000000000000000e-01
6.290700000000006042e+01,5.000000000000000000e-01
6.290800000000005809e+01,5.000000000000000000e-01
6.290900000000005576e+01,5.000000000000000000e-01
6.291000000000006054e+01,5.000000000000000000e-01
6.291100000000005821e+01,5.000000000000000000e-01
6.291200000000005588e+01,5.000000000000000000e-01
6.291300000000006065e+01,5.000000000000000000e-01
6.291400000000005832e+01,5.000000000000000000e-01
6.291500000000005599e+01,5.000000000000000000e-01
6.291600000000006077e+01,5.000000000000000000e-01
6.291700000000005844e+01,5.000000000000000000e-01
6.291800000000005610e+01,5.000000000000000000e-01
6.291900000000006088e+01,5.000000000000000000e-01
6.292000000000005855e+01,5.000000000000000000e-01
6.292100000000005622e+01,5.000000000000000000e-01
6.292200000000006099e+01,5.000000000000000000e-01
6.292300000000005866e+01,5.000000000000000000e-01
6.292400000000005633e+01,5.000000000000000000e-01
6.292500000000006111e+01,5.000000000000000000e-01
6.292600000000005878e+01,5.000000000000000000e-01
6.292700000000005645e+01,5.000000000000000000e-01
6.292800000000005411e+01,5.000000000000000000e-01
6.292900000000005889e+01,5.000000000000000000e-01
6.293000000000005656e+01,5.000000000000000000e-01
6.293100000000005423e+01,5.000000000000000000e-01
6.293200000000005900e+01,5.000000000000000000e-01
6.293300000000005667e+01,5.000000000000000000e-01
6.293400000000005434e+01,5.000000000000000000e-01
6.293500000000005912e+01,5.000000000000000000e-01
6.293600000000005679e+01,5.000000000000000000e-01
6.293700000000005446e+01,5.000000000000000000e-01
6.293800000000005923e+01,5.000000000000000000e-01
6.293900000000005690e+01,5.000000000000000000e-01
6.294000000000005457e+01,5.000000000000000000e-01
6.294100000000005934e+01,5.000000000000000000e-01
6.294200000000005701e+01,5.000000000000000000e-01
6.294300000000005468e+01,5.000000000000000000e-01
6.294400000000005946e+01,5.000000000000000000e-01
6.294500000000005713e+01,5.000000000000000000e-01
6.294600000000005480e+01,5.000000000000000000e-01
6.294700000000005957e+01,5.000000000000000000e-01
6.294800000000005724e+01,5.000000000000000000e-01
6.294900000000005491e+01,5.000000000000000000e-01
6.295000000000005969e+01,5.000000000000000000e-01
6.295100000000005736e+01,5.000000000000000000e-01
6.295200000000005502e+01,5.000000000000000000e-01
6.295300000000005980e+01,5.000000000000000000e-01
6.295400000000005747e+01,5.000000000000000000e-01
6.295500000000005514e+01,5.000000000000000000e-01
6.295600000000005991e+01,5.000000000000000000e-01
6.295700000000005758e+01,5.000000000000000000e-01
6.295800000000005525e+01,5.000000000000000000e-01
6.295900000000006003e+01,5.000000000000000000e-01
6.296000000000005770e+01,5.000000000000000000e-01
6.296100000000005537e+01,5.000000000000000000e-01
6.296200000000006014e+01,5.000000000000000000e-01
6.296300000000005781e+01,5.000000000000000000e-01
6.296400000000005548e+01,5.000000000000000000e-01
6.296500000000006025e+01,5.000000000000000000e-01
6.296600000000005792e+01,5.000000000000000000e-01
6.296700000000005559e+01,5.000000000000000000e-01
6.296800000000006037e+01,5.000000000000000000e-01
6.296900000000005804e+01,5.000000000000000000e-01
6.297000000000005571e+01,5.000000000000000000e-01
6.297100000000006048e+01,5.000000000000000000e-01
6.297200000000005815e+01,5.000000000000000000e-01
6.297300000000005582e+01,5.000000000000000000e-01
6.297400000000006060e+01,5.000000000000000000e-01
6.297500000000005826e+01,5.000000000000000000e-01
6.297600000000005593e+01,5.000000000000000000e-01
6.297700000000006071e+01,5.000000000000000000e-01
6.297800000000005838e+01,5.000000000000000000e-01
6.297900000000005605e+01,5.000000000000000000e-01
6.298000000000006082e+01,5.000000000000000000e-01
6.298100000000005849e+01,5.000000000000000000e-01
6.298200000000005616e+01,5.000000000000000000e-01
6.298300000000006094e+01,5.000000000000000000e-01
6.298400000000005861e+01,5.000000000000000000e-01
6.298500000000005627e+01,5.000000000000000000e-01
6.298600000000006105e+01,5.000000000000000000e-01
6.298700000000005872e+01,5.000000000000000000e-01
6.298800000000005639e+01,5.000000000000000000e-01
6.298900000000005406e+01,5.000000000000000000e-01
6.299000000000005883e+01,5.000000000000000000e-01
6.299100000000005650e+01,5.000000000000000000e-01
6.299200000000005417e+01,5.000000000000000000e-01
6.299300000000005895e+01,5.000000000000000000e-01
6.299400000000005662e+01,5.000000000000000000e-01
6.299500000000005429e+01,5.000000000000000000e-01
6.299600000000005906e+01,5.000000000000000000e-01
6.299700000000005673e+01,5.000000000000000000e-01
6.299800000000005440e+01,5.000000000000000000e-01
6.299900000000005917e+01,5.000000000000000000e-01
6.300000000000005684e+01,5.000000000000000000e-01
6.300100000000005451e+01,5.000000000000000000e-01
6.300200000000005929e+01,5.000000000000000000e-01
6.300300000000005696e+01,5.000000000000000000e-01
6.300400000000005463e+01,5.000000000000000000e-01
6.300500000000005940e+01,5.000000000000000000e-01
6.300600000000005707e+01,5.000000000000000000e-01
6.300700000000005474e+01,5.000000000000000000e-01
6.300800000000005952e+01,5.000000000000000000e-01
6.300900000000005718e+01,5.000000000000000000e-01
6.301000000000005485e+01,5.000000000000000000e-01
6.301100000000005963e+01,5.000000000000000000e-01
6.301200000000005730e+01,5.000000000000000000e-01
6.301300000000005497e+01,5.000000000000000000e-01
6.301400000000005974e+01,5.000000000000000000e-01
6.301500000000005741e+01,5.000000000000000000e-01
6.301600000000005508e+01,5.000000000000000000e-01
6.301700000000005986e+01,5.000000000000000000e-01
6.301800000000005753e+01,5.000000000000000000e-01
6.301900000000005519e+01,5.000000000000000000e-01
6.302000000000005997e+01,5.000000000000000000e-01
6.302100000000005764e+01,5.000000000000000000e-01
6.302200000000005531e+01,5.000000000000000000e-01
6.302300000000006008e+01,5.000000000000000000e-01
6.302400000000005775e+01,5.000000000000000000e-01
6.302500000000005542e+01,5.000000000000000000e-01
6.302600000000006020e+01,5.000000000000000000e-01
6.302700000000005787e+01,5.000000000000000000e-01
6.302800000000005554e+01,5.000000000000000000e-01
6.302900000000006031e+01,5.000000000000000000e-01
6.303000000000005798e+01,5.000000000000000000e-01
6.303100000000005565e+01,5.000000000000000000e-01
6.303200000000006042e+01,5.000000000000000000e-01
6.303300000000005809e+01,5.000000000000000000e-01
6.303400000000005576e+01,5.000000000000000000e-01
6.303500000000006054e+01,5.000000000000000000e-01
6.303600000000005821e+01,5.000000000000000000e-01
6.303700000000005588e+01,5.000000000000000000e-01
6.303800000000006065e+01,5.000000000000000000e-01
6.303900000000005832e+01,5.000000000000000000e-01
6.304000000000005599e+01,5.000000000000000000e-01
6.304100000000006077e+01,5.000000000000000000e-01
6.304200000000005844e+01,5.000000000000000000e-01
6.304300000000005610e+01,5.000000000000000000e-01
6.304400000000006088e+01,5.000000000000000000e-01
6.304500000000005855e+01,5.000000000000000000e-01
6.304600000000005622e+01,5.000000000000000000e-01
6.304700000000006099e+01,5.000000000000000000e-01
6.304800000000005866e+01,5.000000000000000000e-01
6.304900000000005633e+01,5.000000000000000000e-01
6.305000000000006111e+01,5.000000000000000000e-01
6.305100000000005878e+01,5.000000000000000000e-01
6.305200000000005645e+01,5.000000000000000000e-01
6.305300000000006122e+01,5.000000000000000000e-01
6.305400000000005889e+01,5.000000000000000000e-01
6.305500000000005656e+01,5.000000000000000000e-01
6.305600000000005423e+01,5.000000000000000000e-01
6.305700000000005900e+01,5.000000000000000000e-01
6.305800000000005667e+01,5.000000000000000000e-01
6.305900000000005434e+01,5.000000000000000000e-01
6.306000000000005912e+01,5.000000000000000000e-01
6.306100000000005679e+01,5.000000000000000000e-01
6.306200000000005446e+01,5.000000000000000000e-01
6.306300000000005923e+01,5.000000000000000000e-01
6.306400000000005690e+01,5.000000000000000000e-01
6.306500000000005457e+01,5.000000000000000000e-01
6.306600000000005934e+01,5.000000000000000000e-01
6.306700000000005701e+01,5.000000000000000000e-01
6.306800000000005468e+01,5.000000000000000000e-01
6.306900000000005946e+01,5.000000000000000000e-01
6.307000000000005713e+01,5.000000000000000000e-01
6.307100000000005480e+01,5.000000000000000000e-01
6.307200000000005957e+01,5.000000000000000000e-01
6.307300000000005724e+01,5.000000000000000000e-01
6.307400000000005491e+01,5.000000000000000000e-01
6.307500000000005969e+01,5.000000000000000000e-01
6.307600000000005736e+01,5.000000000000000000e-01
6.307700000000005502e+01,5.000000000000000000e-01
6.307800000000005980e+01,5.000000000000000000e-01
6.307900000000005747e+01,5.000000000000000000e-01
6.308000000000005514e+01,5.000000000000000000e-01
6.308100000000005991e+01,5.000000000000000000e-01
6.308200000000005758e+01,5.000000000000000000e-01
6.308300000000005525e+01,5.000000000000000000e-01
6.308400000000006003e+01,5.000000000000000000e-01
6.308500000000005770e+01,5.000000000000000000e-01
6.308600000000005537e+01,5.000000000000000000e-01
6.308700000000006014e+01,5.000000000000000000e-01
6.308800000000005781e+01,5.000000000000000000e-01
6.308900000000005548e+01,5.000000000000000000e-01
6.309000000000006025e+01,5.000000000000000000e-01
6.309100000000005792e+01,5.000000000000000000e-01
6.309200000000005559e+01,5.000000000000000000e-01
6.309300000000006037e+01,5.000000000000000000e-01
6.309400000000005804e+01,5.000000000000000000e-01
6.309500000000005571e+01,5.000000000000000000e-01
6.309600000000006048e+01,5.000000000000000000e-01
6.309700000000005815e+01,5.000000000000000000e-01
6.309800000000005582e+01,5.000000000000000000e-01
6.309900000000006060e+01,5.000000000000000000e-01
6.310000000000005826e+01,5.000000000000000000e-01
6.310100000000005593e+01,5.000000000000000000e-01
6.310200000000006071e+01,5.000000000000000000e-01
6.310300000000005838e+01,5.000000000000000000e-01
6.310400000000005605e+01,5.000000000000000000e-01
6.310500000000006082e+01,5.000000000000000000e-01
6.310600000000005849e+01,5.000000000000000000e-01
6.310700000000005616e+01,5.000000000000000000e-01
6.310800000000006094e+01,5.000000000000000000e-01
6.310900000000005861e+01,5.000000000000000000e-01
6.311000000000005627e+01,5.000000000000000000e-01
6.311100000000006105e+01,5.000000000000000000e-01
6.311200000000005872e+01,5.000000000000000000e-01
6.311300000000005639e+01,5.000000000000000000e-01
6.311400000000006116e+01,5.000000000000000000e-01
6.311500000000005883e+01,5.000000000000000000e-01
6.311600000000005650e+01,5.000000000000000000e-01
6.311700000000005417e+01,5.000000000000000000e-01
6.311800000000005895e+01,5.000000000000000000e-01
6.311900000000005662e+01,5.000000000000000000e-01
6.312000000000005429e+01,5.000000000000000000e-01
6.312100000000005906e+01,5.000000000000000000e-01
6.312200000000005673e+01,5.000000000000000000e-01
6.312300000000005440e+01,5.000000000000000000e-01
6.312400000000005917e+01,5.000000000000000000e-01
6.312500000000005684e+01,5.000000000000000000e-01
6.312600000000005451e+01,5.000000000000000000e-01
6.312700000000005929e+01,5.000000000000000000e-01
6.312800000000005696e+01,5.000000000000000000e-01
6.312900000000005463e+01,5.000000000000000000e-01
6.313000000000005940e+01,5.000000000000000000e-01
6.313100000000005707e+01,5.000000000000000000e-01
6.313200000000005474e+01,5.000000000000000000e-01
6.313300000000005952e+01,5.000000000000000000e-01
6.313400000000005718e+01,5.000000000000000000e-01
6.313500000000005485e+01,5.000000000000000000e-01
6.313600000000005963e+01,5.000000000000000000e-01
6.313700000000005730e+01,5.000000000000000000e-01
6.313800000000005497e+01,5.000000000000000000e-01
6.313900000000005974e+01,5.000000000000000000e-01
6.314000000000005741e+01,5.000000000000000000e-01
6.314100000000005508e+01,5.000000000000000000e-01
6.314200000000005986e+01,5.000000000000000000e-01
6.314300000000005753e+01,5.000000000000000000e-01
6.314400000000005519e+01,5.000000000000000000e-01
6.314500000000005997e+01,5.000000000000000000e-01
6.314600000000005764e+01,5.000000000000000000e-01
6.314700000000005531e+01,5.000000000000000000e-01
6.314800000000006008e+01,5.000000000000000000e-01
6.314900000000005775e+01,5.000000000000000000e-01
6.315000000000005542e+01,5.000000000000000000e-01
6.315100000000006020e+01,5.000000000000000000e-01
6.315200000000005787e+01,5.000000000000000000e-01
6.315300000000005554e+01,5.000000000000000000e-01
6.315400000000006031e+01,5.000000000000000000e-01
6.315500000000005798e+01,5.000000000000000000e-01
6.315600000000005565e+01,5.000000000000000000e-01
6.315700000000006042e+01,5.000000000000000000e-01
6.315800000000005809e+01,5.000000000000000000e-01
6.315900000000005576e+01,5.000000000000000000e-01
6.316000000000006054e+01,5.000000000000000000e-01
6.316100000000005821e+01,5.000000000000000000e-01
6.316200000000005588e+01,5.000000000000000000e-01
6.316300000000006065e+01,5.000000000000000000e-01
6.316400000000005832e+01,5.000000000000000000e-01
6.316500000000005599e+01,5.000000000000000000e-01
6.316600000000006077e+01,5.000000000000000000e-01
6.316700000000005844e+01,5.000000000000000000e-01
6.316800000000005610e+01,5.000000000000000000e-01
6.316900000000006088e+01,5.000000000000000000e-01
6.317000000000005855e+01,5.000000000000000000e-01
6.317100000000005622e+01,5.000000000000000000e-01
6.317200000000006099e+01,5.000000000000000000e-01
6.317300000000005866e+01,5.000000000000000000e-01
6.317400000000005633e+01,5.000000000000000000e-01
6.317500000000006111e+01,5.000000000000000000e-01
6.317600000000005878e+01,5.000000000000000000e-01
6.317700000000005645e+01,5.000000000000000000e-01
6.317800000000006122e+01,5.000000000000000000e-01
6.317900000000005889e+01,5.000000000000000000e-01
6.318000000000005656e+01,5.000000000000000000e-01
6.318100000000006133e+01,5.000000000000000000e-01
6.318200000000005900e+01,5.000000000000000000e-01
6.318300000000005667e+01,5.000000000000000000e-01
6.318400000000005434e+01,5.000000000000000000e-01
6.318500000000005912e+01,5.000000000000000000e-01
6.318600000000005679e+01,5.000000000000000000e-01
6.318700000000005446e+01,5.000000000000000000e-01
6.318800000000005923e+01,5.000000000000000000e-01
6.318900000000005690e+01,5.000000000000000000e-01
6.319000000000005457e+01,5.000000000000000000e-01
6.319100000000005934e+01,5.000000000000000000e-01
6.319200000000005701e+01,5.000000000000000000e-01
6.319300000000005468e+01,5.000000000000000000e-01
6.319400000000005946e+01,5.000000000000000000e-01
6.319500000000005713e+01,5.000000000000000000e-01
6.319600000000005480e+01,5.000000000000000000e-01
6.319700000000005957e+01,5.000000000000000000e-01
6.319800000000005724e+01,5.000000000000000000e-01
6.319900000000005491e+01,5.000000000000000000e-01
6.320000000000005969e+01,5.000000000000000000e-01
6.320100000000005736e+01,5.000000000000000000e-01
6.320200000000005502e+01,5.000000000000000000e-01
6.320300000000005980e+01,5.000000000000000000e-01
6.320400000000005747e+01,5.000000000000000000e-01
6.320500000000005514e+01,5.000000000000000000e-01
6.320600000000005991e+01,5.000000000000000000e-01
6.320700000000005758e+01,5.000000000000000000e-01
6.320800000000005525e+01,5.000000000000000000e-01
6.320900000000006003e+01,5.000000000000000000e-01
6.321000000000005770e+01,5.000000000000000000e-01
6.321100000000005537e+01,5.000000000000000000e-01
6.321200000000006014e+01,5.000000000000000000e-01
6.321300000000005781e+01,5.000000000000000000e-01
6.321400000000005548e+01,5.000000000000000000e-01
6.321500000000006025e+01,5.000000000000000000e-01
6.321600000000005792e+01,5.000000000000000000e-01
6.321700000000005559e+01,5.000000000000000000e-01
6.321800000000006037e+01,5.000000000000000000e-01
6.321900000000005804e+01,5.000000000000000000e-01
6.322000000000005571e+01,5.000000000000000000e-01
6.322100000000006048e+01,5.000000000000000000e-01
6.322200000000005815e+01,5.000000000000000000e-01
6.322300000000005582e+01,5.000000000000000000e-01
6.322400000000006060e+01,5.000000000000000000e-01
6.322500000000005826e+01,5.000000000000000000e-01
6.322600000000005593e+01,5.000000000000000000e-01
6.322700000000006071e+01,5.000000000000000000e-01
6.322800000000005838e+01,5.000000000000000000e-01
6.322900000000005605e+01,5.000000000000000000e-01
6.323000000000006082e+01,5.000000000000000000e-01
6.323100000000005849e+01,5.000000000000000000e-01
6.323200000000005616e+01,5.000000000000000000e-01
6.323300000000006094e+01,5.000000000000000000e-01
6.323400000000005861e+01,5.000000000000000000e-01
6.323500000000005627e+01,5.000000000000000000e-01
6.323600000000006105e+01,5.000000000000000000e-01
6.323700000000005872e+01,5.000000000000000000e-01
6.323800000000005639e+01,5.000000000000000000e-01
6.323900000000006116e+01,5.000000000000000000e-01
6.324000000000005883e+01,5.000000000000000000e-01
6.324100000000005650e+01,5.000000000000000000e-01
6.324200000000006128e+01,5.000000000000000000e-01
6.324300000000005895e+01,5.000000000000000000e-01
6.324400000000005662e+01,5.000000000000000000e-01
6.324500000000005429e+01,5.000000000000000000e-01
6.324600000000005906e+01,5.000000000000000000e-01
6.324700000000005673e+01,5.000000000000000000e-01
6.324800000000005440e+01,5.000000000000000000e-01
6.324900000000005917e+01,5.000000000000000000e-01
6.325000000000005684e+01,5.000000000000000000e-01
6.325100000000005451e+01,5.000000000000000000e-01
6.325200000000005929e+01,5.000000000000000000e-01
6.325300000000005696e+01,5.000000000000000000e-01
6.325400000000005463e+01,5.000000000000000000e-01
6.325500000000005940e+01,5.000000000000000000e-01
6.325600000000005707e+01,5.000000000000000000e-01
6.325700000000005474e+01,5.000000000000000000e-01
6.325800000000005952e+01,5.000000000000000000e-01
6.325900000000005718e+01,5.000000000000000000e-01
6.326000000000005485e+01,5.000000000000000000e-01
6.326100000000005963e+01,5.000000000000000000e-01
6.326200000000005730e+01,5.000000000000000000e-01
6.326300000000005497e+01,5.000000000000000000e-01
6.326400000000005974e+01,5.000000000000000000e-01
6.326500000000005741e+01,5.000000000000000000e-01
6.326600000000005508e+01,5.000000000000000000e-01
6.326700000000005986e+01,5.000000000000000000e-01
6.326800000000005753e+01,5.000000000000000000e-01
6.326900000000005519e+01,5.000000000000000000e-01
6.327000000000005997e+01,5.000000000000000000e-01
6.327100000000005764e+01,5.000000000000000000e-01
6.327200000000005531e+01,5.000000000000000000e-01
6.327300000000006008e+01,5.000000000000000000e-01
6.327400000000005775e+01,5.000000000000000000e-01
6.327500000000005542e+01,5.000000000000000000e-01
6.327600000000006020e+01,5.000000000000000000e-01
6.327700000000005787e+01,5.000000000000000000e-01
6.327800000000005554e+01,5.000000000000000000e-01
6.327900000000006031e+01,5.000000000000000000e-01
6.328000000000005798e+01,5.000000000000000000e-01
6.328100000000005565e+01,5.000000000000000000e-01
6.328200000000006042e+01,5.000000000000000000e-01
6.328300000000005809e+01,5.000000000000000000e-01
6.328400000000005576e+01,5.000000000000000000e-01
6.328500000000006054e+01,5.000000000000000000e-01
6.328600000000005821e+01,5.000000000000000000e-01
6.328700000000005588e+01,5.000000000000000000e-01
6.328800000000006065e+01,5.000000000000000000e-01
6.328900000000005832e+01,5.000000000000000000e-01
6.329000000000005599e+01,5.000000000000000000e-01
6.329100000000006077e+01,5.000000000000000000e-01
6.329200000000005844e+01,5.000000000000000000e-01
6.329300000000005610e+01,5.000000000000000000e-01
6.329400000000006088e+01,5.000000000000000000e-01
6.329500000000005855e+01,5.000000000000000000e-01
6.329600000000005622e+01,5.000000000000000000e-01
6.329700000000006099e+01,5.000000000000000000e-01
6.329800000000005866e+01,5.000000000000000000e-01
6.329900000000005633e+01,5.000000000000000000e-01
6.330000000000006111e+01,5.000000000000000000e-01
6.330100000000005878e+01,5.000000000000000000e-01
6.330200000000005645e+01,5.000000000000000000e-01
6.330300000000006122e+01,5.000000000000000000e-01
6.330400000000005889e+01,5.000000000000000000e-01
6.330500000000005656e+01,5.000000000000000000e-01
6.330600000000006133e+01,5.000000000000000000e-01
6.330700000000005900e+01,5.000000000000000000e-01
6.330800000000005667e+01,5.000000000000000000e-01
6.330900000000006145e+01,5.000000000000000000e-01
6.331000000000005912e+01,5.000000000000000000e-01
6.331100000000005679e+01,5.000000000000000000e-01
6.331200000000005446e+01,5.000000000000000000e-01
6.331300000000005923e+01,5.000000000000000000e-01
6.331400000000005690e+01,5.000000000000000000e-01
6.331500000000005457e+01,5.000000000000000000e-01
6.331600000000005934e+01,5.000000000000000000e-01
6.331700000000005701e+01,5.000000000000000000e-01
6.331800000000005468e+01,5.000000000000000000e-01
6.331900000000005946e+01,5.000000000000000000e-01
6.332000000000005713e+01,5.000000000000000000e-01
6.332100000000005480e+01,5.000000000000000000e-01
6.332200000000005957e+01,5.000000000000000000e-01
6.332300000000005724e+01,5.000000000000000000e-01
6.332400000000005491e+01,5.000000000000000000e-01
6.332500000000005969e+01,5.000000000000000000e-01
6.332600000000005736e+01,5.000000000000000000e-01
6.332700000000005502e+01,5.000000000000000000e-01
6.332800000000005980e+01,5.000000000000000000e-01
6.332900000000005747e+01,5.000000000000000000e-01
6.333000000000005514e+01,5.000000000000000000e-01
6.333100000000005991e+01,5.000000000000000000e-01
6.333200000000005758e+01,5.000000000000000000e-01
6.333300000000005525e+01,5.000000000000000000e-01
6.333400000000006003e+01,5.000000000000000000e-01
6.333500000000005770e+01,5.000000000000000000e-01
6.333600000000005537e+01,5.000000000000000000e-01
6.333700000000006014e+01,5.000000000000000000e-01
6.333800000000005781e+01,5.000000000000000000e-01
6.333900000000005548e+01,5.000000000000000000e-01
6.334000000000006025e+01,5.000000000000000000e-01
6.334100000000005792e+01,5.000000000000000000e-01
6.334200000000005559e+01,5.000000000000000000e-01
6.334300000000006037e+01,5.000000000000000000e-01
6.334400000000005804e+01,5.000000000000000000e-01
6.334500000000005571e+01,5.000000000000000000e-01
6.334600000000006048e+01,5.000000000000000000e-01
6.334700000000005815e+01,5.000000000000000000e-01
6.334800000000005582e+01,5.000000000000000000e-01
6.334900000000006060e+01,5.000000000000000000e-01
6.335000000000005826e+01,5.000000000000000000e-01
6.335100000000005593e+01,5.000000000000000000e-01
6.335200000000006071e+01,5.000000000000000000e-01
6.335300000000005838e+01,5.000000000000000000e-01
6.335400000000005605e+01,5.000000000000000000e-01
6.335500000000006082e+01,5.000000000000000000e-01
6.335600000000005849e+01,5.000000000000000000e-01
6.335700000000005616e+01,5.000000000000000000e-01
6.335800000000006094e+01,5.000000000000000000e-01
6.335900000000005861e+01,5.000000000000000000e-01
6.336000000000005627e+01,5.000000000000000000e-01
6.336100000000006105e+01,5.000000000000000000e-01
6.336200000000005872e+01,5.000000000000000000e-01
6.336300000000005639e+01,5.000000000000000000e-01
6.336400000000006116e+01,5.000000000000000000e-01
6.336500000000005883e+01,5.000000000000000000e-01
6.336600000000005650e+01,5.000000000000000000e-01
6.336700000000006128e+01,5.000000000000000000e-01
6.336800000000005895e+01,5.000000000000000000e-01
6.336900000000005662e+01,5.000000000000000000e-01
6.337000000000006139e+01,5.000000000000000000e-01
6.337100000000005906e+01,5.000000000000000000e-01
6.337200000000005673e+01,5.000000000000000000e-01
6.337300000000005440e+01,5.000000000000000000e-01
6.337400000000005917e+01,5.000000000000000000e-01
6.337500000000005684e+01,5.000000000000000000e-01
6.337600000000005451e+01,5.000000000000000000e-01
6.337700000000005929e+01,5.000000000000000000e-01
6.337800000000005696e+01,5.000000000000000000e-01
6.337900000000005463e+01,5.000000000000000000e-01
6.338000000000005940e+01,5.000000000000000000e-01
6.338100000000005707e+01,5.000000000000000000e-01
6.338200000000005474e+01,5.000000000000000000e-01
6.338300000000005952e+01,5.000000000000000000e-01
6.338400000000005718e+01,5.000000000000000000e-01
6.338500000000005485e+01,5.000000000000000000e-01
6.338600000000005963e+01,5.000000000000000000e-01
6.338700000000005730e+01,5.000000000000000000e-01
6.338800000000005497e+01,5.000000000000000000e-01
6.338900000000005974e+01,5.000000000000000000e-01
6.339000000000005741e+01,5.000000000000000000e-01
6.339100000000005508e+01,5.000000000000000000e-01
6.339200000000005986e+01,5.000000000000000000e-01
6.339300000000005753e+01,5.000000000000000000e-01
6.339400000000005519e+01,5.000000000000000000e-01
6.339500000000005997e+01,5.000000000000000000e-01
6.339600000000005764e+01,5.000000000000000000e-01
6.339700000000005531e+01,5.000000000000000000e-01
6.339800000000006008e+01,5.000000000000000000e-01
6.339900000000005775e+01,5.000000000000000000e-01
6.340000000000005542e+01,5.000000000000000000e-01
6.340100000000006020e+01,5.000000000000000000e-01
6.340200000000005787e+01,5.000000000000000000e-01
6.340300000000005554e+01,5.000000000000000000e-01
6.340400000000006031e+01,5.000000000000000000e-01
6.340500000000005798e+01,5.000000000000000000e-01
6.340600000000005565e+01,5.000000000000000000e-01
6.340700000000006042e+01,5.000000000000000000e-01
6.340800000000005809e+01,5.000000000000000000e-01
6.340900000000005576e+01,5.000000000000000000e-01
6.341000000000006054e+01,5.000000000000000000e-01
6.341100000000005821e+01,5.000000000000000000e-01
6.341200000000005588e+01,5.000000000000000000e-01
6.341300000000006065e+01,5.000000000000000000e-01
6.341400000000005832e+01,5.000000000000000000e-01
6.341500000000005599e+01,5.000000000000000000e-01
6.341600000000006077e+01,5.000000000000000000e-01
6.341700000000005844e+01,5.000000000000000000e-01
6.341800000000005610e+01,5.000000000000000000e-01
6.341900000000006088e+01,5.000000000000000000e-01
6.342000000000005855e+01,5.000000000000000000e-01
6.342100000000005622e+01,5.000000000000000000e-01
6.342200000000006099e+01,5.000000000000000000e-01
6.342300000000005866e+01,5.000000000000000000e-01
6.342400000000005633e+01,5.000000000000000000e-01
6.342500000000006111e+01,5.000000000000000000e-01
6.342600000000005878e+01,5.000000000000000000e-01
6.342700000000005645e+01,5.000000000000000000e-01
6.342800000000006122e+01,5.000000000000000000e-01
6.342900000000005889e+01,5.000000000000000000e-01
6.343000000000005656e+01,5.000000000000000000e-01
6.343100000000006133e+01,5.000000000000000000e-01
6.343200000000005900e+01,5.000000000000000000e-01
6.343300000000005667e+01,5.000000000000000000e-01
6.343400000000006145e+01,5.000000000000000000e-01
6.343500000000005912e+01,5.000000000000000000e-01
6.343600000000005679e+01,5.000000000000000000e-01
6.343700000000006156e+01,5.000000000000000000e-01
6.343800000000005923e+01,5.000000000000000000e-01
6.343900000000005690e+01,5.000000000000000000e-01
6.344000000000005457e+01,5.000000000000000000e-01
6.344100000000005934e+01,5.000000000000000000e-01
6.344200000000005701e+01,5.000000000000000000e-01
6.344300000000005468e+01,5.000000000000000000e-01
6.344400000000005946e+01,5.000000000000000000e-01
6.344500000000005713e+01,5.000000000000000000e-01
6.344600000000005480e+01,5.000000000000000000e-01
6.344700000000005957e+01,5.000000000000000000e-01
6.344800000000005724e+01,5.000000000000000000e-01
6.344900000000005491e+01,5.000000000000000000e-01
6.345000000000005969e+01,5.000000000000000000e-01
6.345100000000005736e+01,5.000000000000000000e-01
6.345200000000005502e+01,5.000000000000000000e-01
6.345300000000005980e+01,5.000000000000000000e-01
6.345400000000005747e+01,5.000000000000000000e-01
6.345500000000005514e+01,5.000000000000000000e-01
6.345600000000005991e+01,5.000000000000000000e-01
6.345700000000005758e+01,5.000000000000000000e-01
6.345800000000005525e+01,5.000000000000000000e-01
6.345900000000006003e+01,5.000000000000000000e-01
6.346000000000005770e+01,5.000000000000000000e-01
6.346100000000005537e+01,5.000000000000000000e-01
6.346200000000006014e+01,5.000000000000000000e-01
6.346300000000005781e+01,5.000000000000000000e-01
6.346400000000005548e+01,5.000000000000000000e-01
6.346500000000006025e+01,5.000000000000000000e-01
6.346600000000005792e+01,5.000000000000000000e-01
6.346700000000005559e+01,5.000000000000000000e-01
6.346800000000006037e+01,5.000000000000000000e-01
6.346900000000005804e+01,5.000000000000000000e-01
6.347000000000005571e+01,5.000000000000000000e-01
6.347100000000006048e+01,5.000000000000000000e-01
6.347200000000005815e+01,5.000000000000000000e-01
6.347300000000005582e+01,5.000000000000000000e-01
6.347400000000006060e+01,5.000000000000000000e-01
6.347500000000005826e+01,5.000000000000000000e-01
6.347600000000005593e+01,5.000000000000000000e-01
6.347700000000006071e+01,5.000000000000000000e-01
6.347800000000005838e+01,5.000000000000000000e-01
6.347900000000005605e+01,5.000000000000000000e-01
6.348000000000006082e+01,5.000000000000000000e-01
6.348100000000005849e+01,5.000000000000000000e-01
6.348200000000005616e+01,5.000000000000000000e-01
6.348300000000006094e+01,5.000000000000000000e-01
6.348400000000005861e+01,5.000000000000000000e-01
6.348500000000005627e+01,5.000000000000000000e-01
6.348600000000006105e+01,5.000000000000000000e-01
6.348700000000005872e+01,5.000000000000000000e-01
6.348800000000005639e+01,5.000000000000000000e-01
6.348900000000006116e+01,5.000000000000000000e-01
6.349000000000005883e+01,5.000000000000000000e-01
6.349100000000005650e+01,5.000000000000000000e-01
6.349200000000006128e+01,5.000000000000000000e-01
6.349300000000005895e+01,5.000000000000000000e-01
6.349400000000005662e+01,5.000000000000000000e-01
6.349500000000006139e+01,5.000000000000000000e-01
6.349600000000005906e+01,5.000000000000000000e-01
6.349700000000005673e+01,5.000000000000000000e-01
6.349800000000006150e+01,5.000000000000000000e-01
6.349900000000005917e+01,5.000000000000000000e-01
6.350000000000005684e+01,5.000000000000000000e-01
6.350100000000005451e+01,5.000000000000000000e-01
6.350200000000005929e+01,5.000000000000000000e-01
6.350300000000005696e+01,5.000000000000000000e-01
6.350400000000005463e+01,5.000000000000000000e-01
6.350500000000005940e+01,5.000000000000000000e-01
6.350600000000005707e+01,5.000000000000000000e-01
6.350700000000005474e+01,5.000000000000000000e-01
6.350800000000005952e+01,5.000000000000000000e-01
6.350900000000005718e+01,5.000000000000000000e-01
6.351000000000005485e+01,5.000000000000000000e-01
6.351100000000005963e+01,5.000000000000000000e-01
6.351200000000005730e+01,5.000000000000000000e-01
6.351300000000005497e+01,5.000000000000000000e-01
6.351400000000005974e+01,5.000000000000000000e-01
6.351500000000005741e+01,5.000000000000000000e-01
6.351600000000005508e+01,5.000000000000000000e-01
6.351700000000005986e+01,5.000000000000000000e-01
6.351800000000005753e+01,5.000000000000000000e-01
6.351900000000005519e+01,5.000000000000000000e-01
6.352000000000005997e+01,5.000000000000000000e-01
6.352100000000005764e+01,5.000000000000000000e-01
6.352200000000005531e+01,5.000000000000000000e-01
6.352300000000006008e+01,5.000000000000000000e-01
6.352400000000005775e+01,5.000000000000000000e-01
6.352500000000005542e+01,5.000000000000000000e-01
6.352600000000006020e+01,5.000000000000000000e-01
6.352700000000005787e+01,5.000000000000000000e-01
6.352800000000005554e+01,5.000000000000000000e-01
6.352900000000006031e+01,5.000000000000000000e-01
6.353000000000005798e+01,5.000000000000000000e-01
6.353100000000005565e+01,5.000000000000000000e-01
6.353200000000006042e+01,5.000000000000000000e-01
6.353300000000005809e+01,5.000000000000000000e-01
6.353400000000005576e+01,5.000000000000000000e-01
6.353500000000006054e+01,5.000000000000000000e-01
6.353600000000005821e+01,5.000000000000000000e-01
6.353700000000005588e+01,5.000000000000000000e-01
6.353800000000006065e+01,5.000000000000000000e-01
6.353900000000005832e+01,5.000000000000000000e-01
6.354000000000005599e+01,5.000000000000000000e-01
6.354100000000006077e+01,5.000000000000000000e-01
6.354200000000005844e+01,5.000000000000000000e-01
6.354300000000005610e+01,5.000000000000000000e-01
6.354400000000006088e+01,5.000000000000000000e-01
6.354500000000005855e+01,5.000000000000000000e-01
6.354600000000005622e+01,5.000000000000000000e-01
6.354700000000006099e+01,5.000000000000000000e-01
6.354800000000005866e+01,5.000000000000000000e-01
6.354900000000005633e+01,5.000000000000000000e-01
6.355000000000006111e+01,5.000000000000000000e-01
6.355100000000005878e+01,5.000000000000000000e-01
6.355200000000005645e+01,5.000000000000000000e-01
6.355300000000006122e+01,5.000000000000000000e-01
6.355400000000005889e+01,5.000000000000000000e-01
6.355500000000005656e+01,5.000000000000000000e-01
6.355600000000006133e+01,5.000000000000000000e-01
6.355700000000005900e+01,5.000000000000000000e-01
6.355800000000005667e+01,5.000000000000000000e-01
6.355900000000006145e+01,5.000000000000000000e-01
6.356000000000005912e+01,5.000000000000000000e-01
6.356100000000005679e+01,5.000000000000000000e-01
6.356200000000006156e+01,5.000000000000000000e-01
6.356300000000005923e+01,5.000000000000000000e-01
6.356400000000005690e+01,5.000000000000000000e-01
6.356500000000006168e+01,5.000000000000000000e-01
6.356600000000005934e+01,5.000000000000000000e-01
6.356700000000005701e+01,5.000000000000000000e-01
6.356800000000005468e+01,5.000000000000000000e-01
6.356900000000005946e+01,5.000000000000000000e-01
6.357000000000005713e+01,5.000000000000000000e-01
6.357100000000005480e+01,5.000000000000000000e-01
6.357200000000005957e+01,5.000000000000000000e-01
6.357300000000005724e+01,5.000000000000000000e-01
6.357400000000005491e+01,5.000000000000000000e-01
6.357500000000005969e+01,5.000000000000000000e-01
6.357600000000005736e+01,5.000000000000000000e-01
6.357700000000005502e+01,5.000000000000000000e-01
6.357800000000005980e+01,5.000000000000000000e-01
6.357900000000005747e+01,5.000000000000000000e-01
6.358000000000005514e+01,5.000000000000000000e-01
6.358100000000005991e+01,5.000000000000000000e-01
6.358200000000005758e+01,5.000000000000000000e-01
6.358300000000005525e+01,5.000000000000000000e-01
6.358400000000006003e+01,5.000000000000000000e-01
6.358500000000005770e+01,5.000000000000000000e-01
6.358600000000005537e+01,5.000000000000000000e-01
6.358700000000006014e+01,5.000000000000000000e-01
6.358800000000005781e+01,5.000000000000000000e-01
6.358900000000005548e+01,5.000000000000000000e-01
6.359000000000006025e+01,5.000000000000000000e-01
6.359100000000005792e+01,5.000000000000000000e-01
6.359200000000005559e+01,5.000000000000000000e-01
6.359300000000006037e+01,5.000000000000000000e-01
6.359400000000005804e+01,5.000000000000000000e-01
6.359500000000005571e+01,5.000000000000000000e-01
6.359600000000006048e+01,5.000000000000000000e-01
6.359700000000005815e+01,5.000000000000000000e-01
6.359800000000005582e+01,5.000000000000000000e-01
6.359900000000006060e+01,5.000000000000000000e-01
6.360000000000005826e+01,5.000000000000000000e-01
6.360100000000005593e+01,5.000000000000000000e-01
6.360200000000006071e+01,5.000000000000000000e-01
6.360300000000005838e+01,5.000000000000000000e-01
6.360400000000005605e+01,5.000000000000000000e-01
6.360500000000006082e+01,5.000000000000000000e-01
6.360600000000005849e+01,5.000000000000000000e-01
6.360700000000005616e+01,5.000000000000000000e-01
6.360800000000006094e+01,5.000000000000000000e-01
6.360900000000005861e+01,5.000000000000000000e-01
6.361000000000005627e+01,5.000000000000000000e-01
6.361100000000006105e+01,5.000000000000000000e-01
6.361200000000005872e+01,5.000000000000000000e-01
6.361300000000005639e+01,5.000000000000000000e-01
6.361400000000006116e+01,5.000000000000000000e-01
6.361500000000005883e+01,5.000000000000000000e-01
6.361600000000005650e+01,5.000000000000000000e-01
6.361700000000006128e+01,5.000000000000000000e-01
6.361800000000005895e+01,5.000000000000000000e-01
6.361900000000005662e+01,5.000000000000000000e-01
6.362000000000006139e+01,5.000000000000000000e-01
6.362100000000005906e+01,5.000000000000000000e-01
6.362200000000005673e+01,5.000000000000000000e-01
6.362300000000006150e+01,5.000000000000000000e-01
6.362400000000005917e+01,5.000000000000000000e-01
6.362500000000005684e+01,5.000000000000000000e-01
6.362600000000006162e+01,5.000000000000000000e-01
6.362700000000005929e+01,5.000000000000000000e-01
6.362800000000005696e+01,5.000000000000000000e-01
6.362900000000005463e+01,5.000000000000000000e-01
6.363000000000005940e+01,5.000000000000000000e-01
6.363100000000005707e+01,5.000000000000000000e-01
6.363200000000005474e+01,5.000000000000000000e-01
6.363300000000005952e+01,5.000000000000000000e-01
6.363400000000005718e+01,5.000000000000000000e-01
6.363500000000005485e+01,5.000000000000000000e-01
6.363600000000005963e+01,5.000000000000000000e-01
6.363700000000005730e+01,5.000000000000000000e-01
6.363800000000005497e+01,5.000000000000000000e-01
6.363900000000005974e+01,5.000000000000000000e-01
6.364000000000005741e+01,5.000000000000000000e-01
6.364100000000005508e+01,5.000000000000000000e-01
6.364200000000005986e+01,5.000000000000000000e-01
6.364300000000005753e+01,5.000000000000000000e-01
6.364400000000005519e+01,5.000000000000000000e-01
6.364500000000005997e+01,5.000000000000000000e-01
6.364600000000005764e+01,5.000000000000000000e-01
6.364700000000005531e+01,5.000000000000000000e-01
6.364800000000006008e+01,5.000000000000000000e-01
6.364900000000005775e+01,5.000000000000000000e-01
6.365000000000005542e+01,5.000000000000000000e-01
6.365100000000006020e+01,5.000000000000000000e-01
6.365200000000005787e+01,5.000000000000000000e-01
6.365300000000005554e+01,5.000000000000000000e-01
6.365400000000006031e+01,5.000000000000000000e-01
6.365500000000005798e+01,5.000000000000000000e-01
6.365600000000005565e+01,5.000000000000000000e-01
6.365700000000006042e+01,5.000000000000000000e-01
6.365800000000005809e+01,5.000000000000000000e-01
6.365900000000005576e+01,5.000000000000000000e-01
6.366000000000006054e+01,5.000000000000000000e-01
6.366100000000005821e+01,5.000000000000000000e-01
6.366200000000005588e+01,5.000000000000000000e-01
6.366300000000006065e+01,5.000000000000000000e-01
6.366400000000005832e+01,5.000000000000000000e-01
6.366500000000005599e+01,5.000000000000000000e-01
6.366600000000006077e+01,5.000000000000000000e-01
6.366700000000005844e+01,5.000000000000000000e-01
6.366800000000005610e+01,5.000000000000000000e-01
6.366900000000006088e+01,5.000000000000000000e-01
6.367000000000005855e+01,5.000000000000000000e-01
6.367100000000005622e+01,5.000000000000000000e-01
6.367200000000006099e+01,5.000000000000000000e-01
6.367300000000005866e+01,5.000000000000000000e-01
6.367400000000005633e+01,5.000000000000000000e-01
6.367500000000006111e+01,5.000000000000000000e-01
6.367600000000005878e+01,5.000000000000000000e-01
6.367700000000005645e+01,5.000000000000000000e-01
6.367800000000006122e+01,5.000000000000000000e-01
6.367900000000005889e+01,5.000000000000000000e-01
6.368000000000005656e+01,5.000000000000000000e-01
6.368100000000006133e+01,5.000000000000000000e-01
6.368200000000005900e+01,5.000000000000000000e-01
6.368300000000005667e+01,5.000000000000000000e-01
6.368400000000006145e+01,5.000000000000000000e-01
6.368500000000005912e+01,5.000000000000000000e-01
6.368600000000005679e+01,5.000000000000000000e-01
6.368700000000006156e+01,5.000000000000000000e-01
6.368800000000005923e+01,5.000000000000000000e-01
6.368900000000005690e+01,5.000000000000000000e-01
6.369000000000006168e+01,5.000000000000000000e-01
6.369100000000005934e+01,5.000000000000000000e-01
6.369200000000005701e+01,5.000000000000000000e-01
6.369300000000006179e+01,5.000000000000000000e-01
6.369400000000005946e+01,5.000000000000000000e-01
6.369500000000005713e+01,5.000000000000000000e-01
6.369600000000005480e+01,5.000000000000000000e-01
6.369700000000005957e+01,5.000000000000000000e-01
6.369800000000005724e+01,5.000000000000000000e-01
6.369900000000005491e+01,5.000000000000000000e-01
6.370000000000005969e+01,5.000000000000000000e-01
6.370100000000005736e+01,5.000000000000000000e-01
6.370200000000005502e+01,5.000000000000000000e-01
6.370300000000005980e+01,5.000000000000000000e-01
6.370400000000005747e+01,5.000000000000000000e-01
6.370500000000005514e+01,5.000000000000000000e-01
6.370600000000005991e+01,5.000000000000000000e-01
6.370700000000005758e+01,5.000000000000000000e-01
6.370800000000005525e+01,5.000000000000000000e-01
6.370900000000006003e+01,5.000000000000000000e-01
6.371000000000005770e+01,5.000000000000000000e-01
6.371100000000005537e+01,5.000000000000000000e-01
6.371200000000006014e+01,5.000000000000000000e-01
6.371300000000005781e+01,5.000000000000000000e-01
6.371400000000005548e+01,5.000000000000000000e-01
6.371500000000006025e+01,5.000000000000000000e-01
6.371600000000005792e+01,5.000000000000000000e-01
6.371700000000005559e+01,5.000000000000000000e-01
6.371800000000006037e+01,5.000000000000000000e-01
6.371900000000005804e+01,5.000000000000000000e-01
6.372000000000005571e+01,5.000000000000000000e-01
6.372100000000006048e+01,5.000000000000000000e-01
6.372200000000005815e+01,5.000000000000000000e-01
6.372300000000005582e+01,5.000000000000000000e-01
6.372400000000006060e+01,5.000000000000000000e-01
6.372500000000005826e+01,5.000000000000000000e-01
6.372600000000005593e+01,5.000000000000000000e-01
6.372700000000006071e+01,5.000000000000000000e-01
6.372800000000005838e+01,5.000000000000000000e-01
6.372900000000005605e+01,5.000000000000000000e-01
6.373000000000006082e+01,5.000000000000000000e-01
6.373100000000005849e+01,5.000000000000000000e-01
6.373200000000005616e+01,5.000000000000000000e-01
6.373300000000006094e+01,5.000000000000000000e-01
6.373400000000005861e+01,5.000000000000000000e-01
6.373500000000005627e+01,5.000000000000000000e-01
6.373600000000006105e+01,5.000000000000000000e-01
6.373700000000005872e+01,5.000000000000000000e-01
6.373800000000005639e+01,5.000000000000000000e-01
6.373900000000006116e+01,5.000000000000000000e-01
6.374000000000005883e+01,5.000000000000000000e-01
6.374100000000005650e+01,5.000000000000000000e-01
6.374200000000006128e+01,5.000000000000000000e-01
6.374300000000005895e+01,5.000000000000000000e-01
6.374400000000005662e+01,5.000000000000000000e-01
6.374500000000006139e+01,5.000000000000000000e-01
6.374600000000005906e+01,5.000000000000000000e-01
6.374700000000005673e+01,5.000000000000000000e-01
6.374800000000006150e+01,5.000000000000000000e-01
6.374900000000005917e+01,5.000000000000000000e-01
6.375000000000005684e+01,5.000000000000000000e-01
6.375100000000006162e+01,5.000000000000000000e-01
6.375200000000005929e+01,5.000000000000000000e-01
6.375300000000005696e+01,5.000000000000000000e-01
6.375400000000006173e+01,5.000000000000000000e-01
6.375500000000005940e+01,5.000000000000000000e-01
6.375600000000005707e+01,5.000000000000000000e-01
6.375700000000005474e+01,5.000000000000000000e-01
6.375800000000005952e+01,5.000000000000000000e-01
6.375900000000005718e+01,5.000000000000000000e-01
6.376000000000005485e+01,5.000000000000000000e-01
6.376100000000005963e+01,5.000000000000000000e-01
6.376200000000005730e+01,5.000000000000000000e-01
6.376300000000005497e+01,5.000000000000000000e-01
6.376400000000005974e+01,5.000000000000000000e-01
6.376500000000005741e+01,5.000000000000000000e-01
6.376600000000005508e+01,5.000000000000000000e-01
6.376700000000005986e+01,5.000000000000000000e-01
6.376800000000005753e+01,5.000000000000000000e-01
6.376900000000005519e+01,5.000000000000000000e-01
6.377000000000005997e+01,5.000000000000000000e-01
6.377100000000005764e+01,5.000000000000000000e-01
6.377200000000005531e+01,5.000000000000000000e-01
6.377300000000006008e+01,5.000000000000000000e-01
6.377400000000005775e+01,5.000000000000000000e-01
6.377500000000005542e+01,5.000000000000000000e-01
6.377600000000006020e+01,5.000000000000000000e-01
6.377700000000005787e+01,5.000000000000000000e-01
6.377800000000005554e+01,5.000000000000000000e-01
6.377900000000006031e+01,5.000000000000000000e-01
6.378000000000005798e+01,5.000000000000000000e-01
6.378100000000005565e+01,5.000000000000000000e-01
6.378200000000006042e+01,5.000000000000000000e-01
6.378300000000005809e+01,5.000000000000000000e-01
6.378400000000005576e+01,5.000000000000000000e-01
6.378500000000006054e+01,5.000000000000000000e-01
6.378600000000005821e+01,5.000000000000000000e-01
6.378700000000005588e+01,5.000000000000000000e-01
6.378800000000006065e+01,5.000000000000000000e-01
6.378900000000005832e+01,5.000000000000000000e-01
6.379000000000005599e+01,5.000000000000000000e-01
6.379100000000006077e+01,5.000000000000000000e-01
6.379200000000005844e+01,5.000000000000000000e-01
6.379300000000005610e+01,5.000000000000000000e-01
6.379400000000006088e+01,5.000000000000000000e-01
6.379500000000005855e+01,5.000000000000000000e-01
6.379600000000005622e+01,5.000000000000000000e-01
6.379700000000006099e+01,5.000000000000000000e-01
6.379800000000005866e+01,5.000000000000000000e-01
6.379900000000005633e+01,5.000000000000000000e-01
6.380000000000006111e+01,5.000000000000000000e-01
6.380100000000005878e+01,5.000000000000000000e-01
6.380200000000005645e+01,5.000000000000000000e-01
6.380300000000006122e+01,5.000000000000000000e-01
6.380400000000005889e+01,5.000000000000000000e-01
6.380500000000005656e+01,5.000000000000000000e-01
6.380600000000006133e+01,5.000000000000000000e-01
6.380700000000005900e+01,5.000000000000000000e-01
6.380800000000005667e+01,5.000000000000000000e-01
6.380900000000006145e+01,5.000000000000000000e-01
6.381000000000005912e+01,5.000000000000000000e-01
6.381100000000005679e+01,5.000000000000000000e-01
6.381200000000006156e+01,5.000000000000000000e-01
6.381300000000005923e+01,5.000000000000000000e-01
6.381400000000005690e+01,5.000000000000000000e-01
6.381500000000006168e+01,5.000000000000000000e-01
6.381600000000005934e+01,5.000000000000000000e-01
6.381700000000005701e+01,5.000000000000000000e-01
6.381800000000006179e+01,5.000000000000000000e-01
6.381900000000005946e+01,5.000000000000000000e-01
6.382000000000005713e+01,5.000000000000000000e-01
6.382100000000006190e+01,5.000000000000000000e-01
6.382200000000005957e+01,5.000000000000000000e-01
6.382300000000005724e+01,5.000000000000000000e-01
6.382400000000005491e+01,5.000000000000000000e-01
6.382500000000005969e+01,5.000000000000000000e-01
6.382600000000005736e+01,5.000000000000000000e-01
6.382700000000005502e+01,5.000000000000000000e-01
6.382800000000005980e+01,5.000000000000000000e-01
6.382900000000005747e+01,5.000000000000000000e-01
6.383000000000005514e+01,5.000000000000000000e-01
6.383100000000005991e+01,5.000000000000000000e-01
6.383200000000005758e+01,5.000000000000000000e-01
6.383300000000005525e+01,5.000000000000000000e-01
6.383400000000006003e+01,5.000000000000000000e-01
6.383500000000005770e+01,5.000000000000000000e-01
6.383600000000005537e+01,5.000000000000000000e-01
6.383700000000006014e+01,5.000000000000000000e-01
6.383800000000005781e+01,5.000000000000000000e-01
6.383900000000005548e+01,5.000000000000000000e-01
6.384000000000006025e+01,5.000000000000000000e-01
6.384100000000005792e+01,5.000000000000000000e-01
6.384200000000005559e+01,5.000000000000000000e-01
6.384300000000006037e+01,5.000000000000000000e-01
6.384400000000005804e+01,5.000000000000000000e-01
6.384500000000005571e+01,5.000000000000000000e-01
6.384600000000006048e+01,5.000000000000000000e-01
6.384700000000005815e+01,5.000000000000000000e-01
6.384800000000005582e+01,5.000000000000000000e-01
6.384900000000006060e+01,5.000000000000000000e-01
6.385000000000005826e+01,5.000000000000000000e-01
6.385100000000005593e+01,5.000000000000000000e-01
6.385200000000006071e+01,5.000000000000000000e-01
6.385300000000005838e+01,5.000000000000000000e-01
6.385400000000005605e+01,5.000000000000000000e-01
6.385500000000006082e+01,5.000000000000000000e-01
6.385600000000005849e+01,5.000000000000000000e-01
6.385700000000005616e+01,5.000000000000000000e-01
6.385800000000006094e+01,5.000000000000000000e-01
6.385900000000005861e+01,5.000000000000000000e-01
6.386000000000005627e+01,5.000000000000000000e-01
6.386100000000006105e+01,5.000000000000000000e-01
6.386200000000005872e+01,5.000000000000000000e-01
6.386300000000005639e+01,5.000000000000000000e-01
6.386400000000006116e+01,5.000000000000000000e-01
6.386500000000005883e+01,5.000000000000000000e-01
6.386600000000005650e+01,5.000000000000000000e-01
6.386700000000006128e+01,5.000000000000000000e-01
6.386800000000005895e+01,5.000000000000000000e-01
6.386900000000005662e+01,5.000000000000000000e-01
6.387000000000006139e+01,5.000000000000000000e-01
6.387100000000005906e+01,5.000000000000000000e-01
6.387200000000005673e+01,5.000000000000000000e-01
6.387300000000006150e+01,5.000000000000000000e-01
6.387400000000005917e+01,5.000000000000000000e-01
6.387500000000005684e+01,5.000000000000000000e-01
6.387600000000006162e+01,5.000000000000000000e-01
6.387700000000005929e+01,5.000000000000000000e-01
6.387800000000005696e+01,5.000000000000000000e-01
6.387900000000006173e+01,5.000000000000000000e-01
6.388000000000005940e+01,5.000000000000000000e-01
6.388100000000005707e+01,5.000000000000000000e-01
6.388200000000006185e+01,5.000000000000000000e-01
6.388300000000005952e+01,5.000000000000000000e-01
6.388400000000005718e+01,5.000000000000000000e-01
6.388500000000005485e+01,5.000000000000000000e-01
6.388600000000005963e+01,5.000000000000000000e-01
6.388700000000005730e+01,5.000000000000000000e-01
6.388800000000005497e+01,5.000000000000000000e-01
6.388900000000005974e+01,5.000000000000000000e-01
6.389000000000005741e+01,5.000000000000000000e-01
6.389100000000005508e+01,5.000000000000000000e-01
6.389200000000005986e+01,5.000000000000000000e-01
6.389300000000005753e+01,5.000000000000000000e-01
6.389400000000005519e+01,5.000000000000000000e-01
6.389500000000005997e+01,5.000000000000000000e-01
6.389600000000005764e+01,5.000000000000000000e-01
6.389700000000005531e+01,5.000000000000000000e-01
6.389800000000006008e+01,5.000000000000000000e-01
6.389900000000005775e+01,5.000000000000000000e-01
6.390000000000005542e+01,5.000000000000000000e-01
6.390100000000006020e+01,5.000000000000000000e-01
6.390200000000005787e+01,5.000000000000000000e-01
6.390300000000005554e+01,5.000000000000000000e-01
6.390400000000006031e+01,5.000000000000000000e-01
6.390500000000005798e+01,5.000000000000000000e-01
6.390600000000005565e+01,5.000000000000000000e-01
6.390700000000006042e+01,5.000000000000000000e-01
6.390800000000005809e+01,5.000000000000000000e-01
6.390900000000005576e+01,5.000000000000000000e-01
6.391000000000006054e+01,5.000000000000000000e-01
6.391100000000005821e+01,5.000000000000000000e-01
6.391200000000005588e+01,5.000000000000000000e-01
6.391300000000006065e+01,5.000000000000000000e-01
6.391400000000005832e+01,5.000000000000000000e-01
6.391500000000005599e+01,5.000000000000000000e-01
6.391600000000006077e+01,5.000000000000000000e-01
6.391700000000005844e+01,5.000000000000000000e-01
6.391800000000005610e+01,5.000000000000000000e-01
6.391900000000006088e+01,5.000000000000000000e-01
6.392000000000005855e+01,5.000000000000000000e-01
6.392100000000005622e+01,5.000000000000000000e-01
6.392200000000006099e+01,5.000000000000000000e-01
6.392300000000005866e+01,5.000000000000000000e-01
6.392400000000005633e+01,5.000000000000000000e-01
6.392500000000006111e+01,5.000000000000000000e-01
6.392600000000005878e+01,5.000000000000000000e-01
6.392700000000005645e+01,5.000000000000000000e-01
6.392800000000006122e+01,5.000000000000000000e-01
6.392900000000005889e+01,5.000000000000000000e-01
6.393000000000005656e+01,5.000000000000000000e-01
6.393100000000006133e+01,5.000000000000000000e-01
6.393200000000005900e+01,5.000000000000000000e-01
6.393300000000005667e+01,5.000000000000000000e-01
6.393400000000006145e+01,5.000000000000000000e-01
6.393500000000005912e+01,5.000000000000000000e-01
6.393600000000005679e+01,5.000000000000000000e-01
6.393700000000006156e+01,5.000000000000000000e-01
6.393800000000005923e+01,5.000000000000000000e-01
6.393900000000005690e+01,5.000000000000000000e-01
6.394000000000006168e+01,5.000000000000000000e-01
6.394100000000005934e+01,5.000000000000000000e-01
6.394200000000005701e+01,5.000000000000000000e-01
6.394300000000006179e+01,5.000000000000000000e-01
6.394400000000005946e+01,5.000000000000000000e-01
6.394500000000005713e+01,5.000000000000000000e-01
6.394600000000006190e+01,5.000000000000000000e-01
6.394700000000005957e+01,5.000000000000000000e-01
6.394800000000005724e+01,5.000000000000000000e-01
6.394900000000006202e+01,5.000000000000000000e-01
6.395000000000005969e+01,5.000000000000000000e-01
6.395100000000005736e+01,5.000000000000000000e-01
6.395200000000005502e+01,5.000000000000000000e-01
6.395300000000005980e+01,5.000000000000000000e-01
6.395400000000005747e+01,5.000000000000000000e-01
6.395500000000005514e+01,5.000000000000000000e-01
6.395600000000005991e+01,5.000000000000000000e-01
6.395700000000005758e+01,5.000000000000000000e-01
6.395800000000005525e+01,5.000000000000000000e-01
6.395900000000006003e+01,5.000000000000000000e-01
6.396000000000005770e+01,5.000000000000000000e-01
6.396100000000005537e+01,5.000000000000000000e-01
6.396200000000006014e+01,5.000000000000000000e-01
6.396300000000005781e+01,5.000000000000000000e-01
6.396400000000005548e+01,5.000000000000000000e-01
6.396500000000006025e+01,5.000000000000000000e-01
6.396600000000005792e+01,5.000000000000000000e-01
6.396700000000005559e+01,5.000000000000000000e-01
6.396800000000006037e+01,5.000000000000000000e-01
6.396900000000005804e+01,5.000000000000000000e-01
6.397000000000005571e+01,5.000000000000000000e-01
6.397100000000006048e+01,5.000000000000000000e-01
6.397200000000005815e+01,5.000000000000000000e-01
6.397300000000005582e+01,5.000000000000000000e-01
6.397400000000006060e+01,5.000000000000000000e-01
6.397500000000005826e+01,5.000000000000000000e-01
6.397600000000005593e+01,5.000000000000000000e-01
6.397700000000006071e+01,5.000000000000000000e-01
6.397800000000005838e+01,5.000000000000000000e-01
6.397900000000005605e+01,5.000000000000000000e-01
6.398000000000006082e+01,5.000000000000000000e-01
6.398100000000005849e+01,5.000000000000000000e-01
6.398200000000006327e+01,5.000000000000000000e-01
6.398300000000005383e+01,5.000000000000000000e-01
6.398400000000005861e+01,5.000000000000000000e-01
6.398500000000006338e+01,5.000000000000000000e-01
6.398600000000005394e+01,5.000000000000000000e-01
6.398700000000005872e+01,5.000000000000000000e-01
6.398800000000006349e+01,5.000000000000000000e-01
6.398900000000005406e+01,5.000000000000000000e-01
6.399000000000005883e+01,5.000000000000000000e-01
6.399100000000006361e+01,5.000000000000000000e-01
6.399200000000005417e+01,5.000000000000000000e-01
6.399300000000005895e+01,5.000000000000000000e-01
6.399400000000006372e+01,5.000000000000000000e-01
6.399500000000005429e+01,5.000000000000000000e-01
6.399600000000005906e+01,5.000000000000000000e-01
6.399700000000006384e+01,5.000000000000000000e-01
6.399800000000005440e+01,5.000000000000000000e-01
6.399900000000005917e+01,5.000000000000000000e-01
6.400000000000005684e+01,5.000000000000000000e-01
6.400100000000004741e+01,5.000000000000000000e-01
6.400200000000005218e+01,5.000000000000000000e-01
6.400300000000005696e+01,5.000000000000000000e-01
6.400400000000004752e+01,5.000000000000000000e-01
6.400500000000005230e+01,5.000000000000000000e-01
6.400600000000005707e+01,5.000000000000000000e-01
6.400700000000004763e+01,5.000000000000000000e-01
6.400800000000005241e+01,5.000000000000000000e-01
6.400900000000005718e+01,5.000000000000000000e-01
6.401000000000004775e+01,5.000000000000000000e-01
6.401100000000005252e+01,5.000000000000000000e-01
6.401200000000005730e+01,5.000000000000000000e-01
6.401300000000004786e+01,5.000000000000000000e-01
6.401400000000005264e+01,5.000000000000000000e-01
6.401500000000005741e+01,5.000000000000000000e-01
6.401600000000004798e+01,5.000000000000000000e-01
6.401700000000005275e+01,5.000000000000000000e-01
6.401800000000005753e+01,5.000000000000000000e-01
6.401900000000004809e+01,5.000000000000000000e-01
6.402000000000005286e+01,5.000000000000000000e-01
6.402100000000005764e+01,5.000000000000000000e-01
6.402200000000004820e+01,5.000000000000000000e-01
6.402300000000005298e+01,5.000000000000000000e-01
6.402400000000005775e+01,5.000000000000000000e-01
6.402500000000004832e+01,5.000000000000000000e-01
6.402600000000005309e+01,5.000000000000000000e-01
6.402700000000005787e+01,5.000000000000000000e-01
6.402800000000004843e+01,5.000000000000000000e-01
6.402900000000005321e+01,5.000000000000000000e-01
6.403000000000005798e+01,5.000000000000000000e-01
6.403100000000004854e+01,5.000000000000000000e-01
6.403200000000005332e+01,5.000000000000000000e-01
6.403300000000005809e+01,5.000000000000000000e-01
6.403400000000004866e+01,5.000000000000000000e-01
6.403500000000005343e+01,5.000000000000000000e-01
6.403600000000005821e+01,5.000000000000000000e-01
6.403700000000004877e+01,5.000000000000000000e-01
6.403800000000005355e+01,5.000000000000000000e-01
6.403900000000005832e+01,5.000000000000000000e-01
6.404000000000004889e+01,5.000000000000000000e-01
6.404100000000005366e+01,5.000000000000000000e-01
6.404200000000005844e+01,5.000000000000000000e-01
6.404300000000004900e+01,5.000000000000000000e-01
6.404400000000005377e+01,5.000000000000000000e-01
6.404500000000004434e+01,5.000000000000000000e-01
6.404600000000004911e+01,5.000000000000000000e-01
6.404700000000005389e+01,5.000000000000000000e-01
6.404800000000004445e+01,5.000000000000000000e-01
6.404900000000004923e+01,5.000000000000000000e-01
6.405000000000005400e+01,5.000000000000000000e-01
6.405100000000004457e+01,5.000000000000000000e-01
6.405200000000004934e+01,5.000000000000000000e-01
6.405300000000005411e+01,5.000000000000000000e-01
6.405400000000004468e+01,5.000000000000000000e-01
6.405500000000004945e+01,5.000000000000000000e-01
6.405600000000005423e+01,5.000000000000000000e-01
6.405700000000004479e+01,5.000000000000000000e-01
6.405800000000004957e+01,5.000000000000000000e-01
6.405900000000005434e+01,5.000000000000000000e-01
6.406000000000004491e+01,5.000000000000000000e-01
6.406100000000004968e+01,5.000000000000000000e-01
6.406200000000005446e+01,5.000000000000000000e-01
6.406300000000004502e+01,5.000000000000000000e-01
6.406400000000004979e+01,5.000000000000000000e-01
6.406500000000005457e+01,5.000000000000000000e-01
6.406600000000004513e+01,5.000000000000000000e-01
6.406700000000004991e+01,5.000000000000000000e-01
6.406800000000005468e+01,5.000000000000000000e-01
6.406900000000004525e+01,5.000000000000000000e-01
6.407000000000005002e+01,5.000000000000000000e-01
6.407100000000005480e+01,5.000000000000000000e-01
6.407200000000004536e+01,5.000000000000000000e-01
6.407300000000005014e+01,5.000000000000000000e-01
6.407400000000005491e+01,5.000000000000000000e-01
6.407500000000004547e+01,5.000000000000000000e-01
6.407600000000005025e+01,5.000000000000000000e-01
6.407700000000005502e+01,5.000000000000000000e-01
6.407800000000004559e+01,5.000000000000000000e-01
6.407900000000005036e+01,5.000000000000000000e-01
6.408000000000005514e+01,5.000000000000000000e-01
6.408100000000004570e+01,5.000000000000000000e-01
6.408200000000005048e+01,5.000000000000000000e-01
6.408300000000005525e+01,5.000000000000000000e-01
6.408400000000004582e+01,5.000000000000000000e-01
6.408500000000005059e+01,5.000000000000000000e-01
6.408600000000005537e+01,5.000000000000000000e-01
6.408700000000004593e+01,5.000000000000000000e-01
6.408800000000005070e+01,5.000000000000000000e-01
6.408900000000005548e+01,5.000000000000000000e-01
6.409000000000004604e+01,5.000000000000000000e-01
6.409100000000005082e+01,5.000000000000000000e-01
6.409200000000005559e+01,5.000000000000000000e-01
6.409300000000004616e+01,5.000000000000000000e-01
6.409400000000005093e+01,5.000000000000000000e-01
6.409500000000005571e+01,5.000000000000000000e-01
6.409600000000004627e+01,5.000000000000000000e-01
6.409700000000005105e+01,5.000000000000000000e-01
6.409800000000005582e+01,5.000000000000000000e-01
6.409900000000004638e+01,5.000000000000000000e-01
6.410000000000005116e+01,5.000000000000000000e-01
6.410100000000005593e+01,5.000000000000000000e-01
6.410200000000004650e+01,5.000000000000000000e-01
6.410300000000005127e+01,5.000000000000000000e-01
6.410400000000005605e+01,5.000000000000000000e-01
6.410500000000004661e+01,5.000000000000000000e-01
6.410600000000005139e+01,5.000000000000000000e-01
6.410700000000005616e+01,5.000000000000000000e-01
6.410800000000004673e+01,5.000000000000000000e-01
6.410900000000005150e+01,5.000000000000000000e-01
6.411000000000005627e+01,5.000000000000000000e-01
6.411100000000004684e+01,5.000000000000000000e-01
6.411200000000005161e+01,5.000000000000000000e-01
6.411300000000005639e+01,5.000000000000000000e-01
6.411400000000004695e+01,5.000000000000000000e-01
6.411500000000005173e+01,5.000000000000000000e-01
6.411600000000005650e+01,5.000000000000000000e-01
6.411700000000004707e+01,5.000000000000000000e-01
6.411800000000005184e+01,5.000000000000000000e-01
6.411900000000005662e+01,5.000000000000000000e-01
6.412000000000004718e+01,5.000000000000000000e-01
6.412100000000005195e+01,5.000000000000000000e-01
6.412200000000005673e+01,5.000000000000000000e-01
6.412300000000004729e+01,5.000000000000000000e-01
6.412400000000005207e+01,5.000000000000000000e-01
6.412500000000005684e+01,5.000000000000000000e-01
6.412600000000004741e+01,5.000000000000000000e-01
6.412700000000005218e+01,5.000000000000000000e-01
6.412800000000005696e+01,5.000000000000000000e-01
6.412900000000004752e+01,5.000000000000000000e-01
6.413000000000005230e+01,5.000000000000000000e-01
6.413100000000005707e+01,5.000000000000000000e-01
6.413200000000004763e+01,5.000000000000000000e-01
6.413300000000005241e+01,5.000000000000000000e-01
6.413400000000005718e+01,5.000000000000000000e-01
6.413500000000004775e+01,5.000000000000000000e-01
6.413600000000005252e+01,5.000000000000000000e-01
6.413700000000005730e+01,5.000000000000000000e-01
6.413800000000004786e+01,5.000000000000000000e-01
6.413900000000005264e+01,5.000000000000000000e-01
6.414000000000005741e+01,5.000000000000000000e-01
6.414100000000004798e+01,5.000000000000000000e-01
6.414200000000005275e+01,5.000000000000000000e-01
6.414300000000005753e+01,5.000000000000000000e-01
6.414400000000004809e+01,5.000000000000000000e-01
6.414500000000005286e+01,5.000000000000000000e-01
6.414600000000005764e+01,5.000000000000000000e-01
6.414700000000004820e+01,5.000000000000000000e-01
6.414800000000005298e+01,5.000000000000000000e-01
6.414900000000005775e+01,5.000000000000000000e-01
6.415000000000004832e+01,5.000000000000000000e-01
6.415100000000005309e+01,5.000000000000000000e-01
6.415200000000005787e+01,5.000000000000000000e-01
6.415300000000004843e+01,5.000000000000000000e-01
6.415400000000005321e+01,5.000000000000000000e-01
6.415500000000005798e+01,5.000000000000000000e-01
6.415600000000004854e+01,5.000000000000000000e-01
6.415700000000005332e+01,5.000000000000000000e-01
6.415800000000005809e+01,5.000000000000000000e-01
6.415900000000004866e+01,5.000000000000000000e-01
6.416000000000005343e+01,5.000000000000000000e-01
6.416100000000005821e+01,5.000000000000000000e-01
6.416200000000004877e+01,5.000000000000000000e-01
6.416300000000005355e+01,5.000000000000000000e-01
6.416400000000005832e+01,5.000000000000000000e-01
6.416500000000004889e+01,5.000000000000000000e-01
6.416600000000005366e+01,5.000000000000000000e-01
6.416700000000005844e+01,5.000000000000000000e-01
6.416800000000004900e+01,5.000000000000000000e-01
6.416900000000005377e+01,5.000000000000000000e-01
6.417000000000005855e+01,5.000000000000000000e-01
6.417100000000004911e+01,5.000000000000000000e-01
6.417200000000005389e+01,5.000000000000000000e-01
6.417300000000005866e+01,5.000000000000000000e-01
6.417400000000004923e+01,5.000000000000000000e-01
6.417500000000005400e+01,5.000000000000000000e-01
6.417600000000004457e+01,5.000000000000000000e-01
6.417700000000004934e+01,5.000000000000000000e-01
6.417800000000005411e+01,5.000000000000000000e-01
6.417900000000004468e+01,5.000000000000000000e-01
6.418000000000004945e+01,5.000000000000000000e-01
6.418100000000005423e+01,5.000000000000000000e-01
6.418200000000004479e+01,5.000000000000000000e-01
6.418300000000004957e+01,5.000000000000000000e-01
6.418400000000005434e+01,5.000000000000000000e-01
6.418500000000004491e+01,5.000000000000000000e-01
6.418600000000004968e+01,5.000000000000000000e-01
6.418700000000005446e+01,5.000000000000000000e-01
6.418800000000004502e+01,5.000000000000000000e-01
6.418900000000004979e+01,5.000000000000000000e-01
6.419000000000005457e+01,5.000000000000000000e-01
6.419100000000004513e+01,5.000000000000000000e-01
6.419200000000004991e+01,5.000000000000000000e-01
6.419300000000005468e+01,5.000000000000000000e-01
6.419400000000004525e+01,5.000000000000000000e-01
6.419500000000005002e+01,5.000000000000000000e-01
6.419600000000005480e+01,5.000000000000000000e-01
6.419700000000004536e+01,5.000000000000000000e-01
6.419800000000005014e+01,5.000000000000000000e-01
6.419900000000005491e+01,5.000000000000000000e-01
6.420000000000004547e+01,5.000000000000000000e-01
6.420100000000005025e+01,5.000000000000000000e-01
6.420200000000005502e+01,5.000000000000000000e-01
6.420300000000004559e+01,5.000000000000000000e-01
6.420400000000005036e+01,5.000000000000000000e-01
6.420500000000005514e+01,5.000000000000000000e-01
6.420600000000004570e+01,5.000000000000000000e-01
6.420700000000005048e+01,5.000000000000000000e-01
6.420800000000005525e+01,5.000000000000000000e-01
6.420900000000004582e+01,5.000000000000000000e-01
6.421000000000005059e+01,5.000000000000000000e-01
6.421100000000005537e+01,5.000000000000000000e-01
6.421200000000004593e+01,5.000000000000000000e-01
6.421300000000005070e+01,5.000000000000000000e-01
6.421400000000005548e+01,5.000000000000000000e-01
6.421500000000004604e+01,5.000000000000000000e-01
6.421600000000005082e+01,5.000000000000000000e-01
6.421700000000005559e+01,5.000000000000000000e-01
6.421800000000004616e+01,5.000000000000000000e-01
6.421900000000005093e+01,5.000000000000000000e-01
6.422000000000005571e+01,5.000000000000000000e-01
6.422100000000004627e+01,5.000000000000000000e-01
6.422200000000005105e+01,5.000000000000000000e-01
6.422300000000005582e+01,5.000000000000000000e-01
6.422400000000004638e+01,5.000000000000000000e-01
6.422500000000005116e+01,5.000000000000000000e-01
6.422600000000005593e+01,5.000000000000000000e-01
6.422700000000004650e+01,5.000000000000000000e-01
6.422800000000005127e+01,5.000000000000000000e-01
6.422900000000005605e+01,5.000000000000000000e-01
6.423000000000004661e+01,5.000000000000000000e-01
6.423100000000005139e+01,5.000000000000000000e-01
6.423200000000005616e+01,5.000000000000000000e-01
6.423300000000004673e+01,5.000000000000000000e-01
6.423400000000005150e+01,5.000000000000000000e-01
6.423500000000005627e+01,5.000000000000000000e-01
6.423600000000004684e+01,5.000000000000000000e-01
6.423700000000005161e+01,5.000000000000000000e-01
6.423800000000005639e+01,5.000000000000000000e-01
6.423900000000004695e+01,5.000000000000000000e-01
6.424000000000005173e+01,5.000000000000000000e-01
6.424100000000005650e+01,5.000000000000000000e-01
6.424200000000004707e+01,5.000000000000000000e-01
6.424300000000005184e+01,5.000000000000000000e-01
6.424400000000005662e+01,5.000000000000000000e-01
6.424500000000004718e+01,5.000000000000000000e-01
6.424600000000005195e+01,5.000000000000000000e-01
6.424700000000005673e+01,5.000000000000000000e-01
6.424800000000004729e+01,5.000000000000000000e-01
6.424900000000005207e+01,5.000000000000000000e-01
6.425000000000005684e+01,5.000000000000000000e-01
6.425100000000004741e+01,5.000000000000000000e-01
6.425200000000005218e+01,5.000000000000000000e-01
6.425300000000005696e+01,5.000000000000000000e-01
6.425400000000004752e+01,5.000000000000000000e-01
6.425500000000005230e+01,5.000000000000000000e-01
6.425600000000005707e+01,5.000000000000000000e-01
6.425700000000004763e+01,5.000000000000000000e-01
6.425800000000005241e+01,5.000000000000000000e-01
6.425900000000005718e+01,5.000000000000000000e-01
6.426000000000004775e+01,5.000000000000000000e-01
6.426100000000005252e+01,5.000000000000000000e-01
6.426200000000005730e+01,5.000000000000000000e-01
6.426300000000004786e+01,5.000000000000000000e-01
6.426400000000005264e+01,5.000000000000000000e-01
6.426500000000005741e+01,5.000000000000000000e-01
6.426600000000004798e+01,5.000000000000000000e-01
6.426700000000005275e+01,5.000000000000000000e-01
6.426800000000005753e+01,5.000000000000000000e-01
6.426900000000004809e+01,5.000000000000000000e-01
6.427000000000005286e+01,5.000000000000000000e-01
6.427100000000005764e+01,5.000000000000000000e-01
6.427200000000004820e+01,5.000000000000000000e-01
6.427300000000005298e+01,5.000000000000000000e-01
6.427400000000005775e+01,5.000000000000000000e-01
6.427500000000004832e+01,5.000000000000000000e-01
6.427600000000005309e+01,5.000000000000000000e-01
6.427700000000005787e+01,5.000000000000000000e-01
6.427800000000004843e+01,5.000000000000000000e-01
6.427900000000005321e+01,5.000000000000000000e-01
6.428000000000005798e+01,5.000000000000000000e-01
6.428100000000004854e+01,5.000000000000000000e-01
6.428200000000005332e+01,5.000000000000000000e-01
6.428300000000005809e+01,5.000000000000000000e-01
6.428400000000004866e+01,5.000000000000000000e-01
6.428500000000005343e+01,5.000000000000000000e-01
6.428600000000005821e+01,5.000000000000000000e-01
6.428700000000004877e+01,5.000000000000000000e-01
6.428800000000005355e+01,5.000000000000000000e-01
6.428900000000005832e+01,5.000000000000000000e-01
6.429000000000004889e+01,5.000000000000000000e-01
6.429100000000005366e+01,5.000000000000000000e-01
6.429200000000005844e+01,5.000000000000000000e-01
6.429300000000004900e+01,5.000000000000000000e-01
6.429400000000005377e+01,5.000000000000000000e-01
6.429500000000005855e+01,5.000000000000000000e-01
6.429600000000004911e+01,5.000000000000000000e-01
6.429700000000005389e+01,5.000000000000000000e-01
6.429800000000005866e+01,5.000000000000000000e-01
6.429900000000004923e+01,5.000000000000000000e-01
6.430000000000005400e+01,5.000000000000000000e-01
6.430100000000004457e+01,5.000000000000000000e-01
6.430200000000004934e+01,5.000000000000000000e-01
6.430300000000005411e+01,5.000000000000000000e-01
6.430400000000004468e+01,5.000000000000000000e-01
6.430500000000004945e+01,5.000000000000000000e-01
6.430600000000005423e+01,5.000000000000000000e-01
6.430700000000004479e+01,5.000000000000000000e-01
6.430800000000004957e+01,5.000000000000000000e-01
6.430900000000005434e+01,5.000000000000000000e-01
6.431000000000004491e+01,5.000000000000000000e-01
6.431100000000004968e+01,5.000000000000000000e-01
6.431200000000005446e+01,5.000000000000000000e-01
6.431300000000004502e+01,5.000000000000000000e-01
6.431400000000004979e+01,5.000000000000000000e-01
6.431500000000005457e+01,5.000000000000000000e-01
6.431600000000004513e+01,5.000000000000000000e-01
6.431700000000004991e+01,5.000000000000000000e-01
6.431800000000005468e+01,5.000000000000000000e-01
6.431900000000004525e+01,5.000000000000000000e-01
6.432000000000005002e+01,5.000000000000000000e-01
6.432100000000005480e+01,5.000000000000000000e-01
6.432200000000004536e+01,5.000000000000000000e-01
6.432300000000005014e+01,5.000000000000000000e-01
6.432400000000005491e+01,5.000000000000000000e-01
6.432500000000004547e+01,5.000000000000000000e-01
6.432600000000005025e+01,5.000000000000000000e-01
6.432700000000005502e+01,5.000000000000000000e-01
6.432800000000004559e+01,5.000000000000000000e-01
6.432900000000005036e+01,5.000000000000000000e-01
6.433000000000005514e+01,5.000000000000000000e-01
6.433100000000004570e+01,5.000000000000000000e-01
6.433200000000005048e+01,5.000000000000000000e-01
6.433300000000005525e+01,5.000000000000000000e-01
6.433400000000004582e+01,5.000000000000000000e-01
6.433500000000005059e+01,5.000000000000000000e-01
6.433600000000005537e+01,5.000000000000000000e-01
6.433700000000004593e+01,5.000000000000000000e-01
6.433800000000005070e+01,5.000000000000000000e-01
6.433900000000005548e+01,5.000000000000000000e-01
6.434000000000004604e+01,5.000000000000000000e-01
6.434100000000005082e+01,5.000000000000000000e-01
6.434200000000005559e+01,5.000000000000000000e-01
6.434300000000004616e+01,5.000000000000000000e-01
6.434400000000005093e+01,5.000000000000000000e-01
6.434500000000005571e+01,5.000000000000000000e-01
6.434600000000004627e+01,5.000000000000000000e-01
6.434700000000005105e+01,5.000000000000000000e-01
6.434800000000005582e+01,5.000000000000000000e-01
6.434900000000004638e+01,5.000000000000000000e-01
6.435000000000005116e+01,5.000000000000000000e-01
6.435100000000005593e+01,5.000000000000000000e-01
6.435200000000004650e+01,5.000000000000000000e-01
6.435300000000005127e+01,5.000000000000000000e-01
6.435400000000005605e+01,5.000000000000000000e-01
6.435500000000004661e+01,5.000000000000000000e-01
6.435600000000005139e+01,5.000000000000000000e-01
6.435700000000005616e+01,5.000000000000000000e-01
6.435800000000004673e+01,5.000000000000000000e-01
6.435900000000005150e+01,5.000000000000000000e-01
6.436000000000005627e+01,5.000000000000000000e-01
6.436100000000004684e+01,5.000000000000000000e-01
6.436200000000005161e+01,5.000000000000000000e-01
6.436300000000005639e+01,5.000000000000000000e-01
6.436400000000004695e+01,5.000000000000000000e-01
6.436500000000005173e+01,5.000000000000000000e-01
6.436600000000005650e+01,5.000000000000000000e-01
6.436700000000004707e+01,5.000000000000000000e-01
6.436800000000005184e+01,5.000000000000000000e-01
6.436900000000005662e+01,5.000000000000000000e-01
6.437000000000004718e+01,5.000000000000000000e-01
6.437100000000005195e+01,5.000000000000000000e-01
6.437200000000005673e+01,5.000000000000000000e-01
6.437300000000004729e+01,5.000000000000000000e-01
6.437400000000005207e+01,5.000000000000000000e-01
6.437500000000005684e+01,5.000000000000000000e-01
6.437600000000004741e+01,5.000000000000000000e-01
6.437700000000005218e+01,5.000000000000000000e-01
6.437800000000005696e+01,5.000000000000000000e-01
6.437900000000004752e+01,5.000000000000000000e-01
6.438000000000005230e+01,5.000000000000000000e-01
6.438100000000005707e+01,5.000000000000000000e-01
6.438200000000004763e+01,5.000000000000000000e-01
6.438300000000005241e+01,5.000000000000000000e-01
6.438400000000005718e+01,5.000000000000000000e-01
6.438500000000004775e+01,5.000000000000000000e-01
6.438600000000005252e+01,5.000000000000000000e-01
6.438700000000005730e+01,5.000000000000000000e-01
6.438800000000004786e+01,5.000000000000000000e-01
6.438900000000005264e+01,5.000000000000000000e-01
6.439000000000005741e+01,5.000000000000000000e-01
6.439100000000004798e+01,5.000000000000000000e-01
6.439200000000005275e+01,5.000000000000000000e-01
6.439300000000005753e+01,5.000000000000000000e-01
6.439400000000004809e+01,5.000000000000000000e-01
6.439500000000005286e+01,5.000000000000000000e-01
6.439600000000005764e+01,5.000000000000000000e-01
6.439700000000004820e+01,5.000000000000000000e-01
6.439800000000005298e+01,5.000000000000000000e-01
6.439900000000005775e+01,5.000000000000000000e-01
6.440000000000004832e+01,5.000000000000000000e-01
6.440100000000005309e+01,5.000000000000000000e-01
6.440200000000005787e+01,5.000000000000000000e-01
6.440300000000004843e+01,5.000000000000000000e-01
6.440400000000005321e+01,5.000000000000000000e-01
6.440500000000005798e+01,5.000000000000000000e-01
6.440600000000004854e+01,5.000000000000000000e-01
6.440700000000005332e+01,5.000000000000000000e-01
6.440800000000005809e+01,5.000000000000000000e-01
6.440900000000004866e+01,5.000000000000000000e-01
6.441000000000005343e+01,5.000000000000000000e-01
6.441100000000005821e+01,5.000000000000000000e-01
6.441200000000004877e+01,5.000000000000000000e-01
6.441300000000005355e+01,5.000000000000000000e-01
6.441400000000005832e+01,5.000000000000000000e-01
6.441500000000004889e+01,5.000000000000000000e-01
6.441600000000005366e+01,5.000000000000000000e-01
6.441700000000005844e+01,5.000000000000000000e-01
6.441800000000004900e+01,5.000000000000000000e-01
6.441900000000005377e+01,5.000000000000000000e-01
6.442000000000005855e+01,5.000000000000000000e-01
6.442100000000004911e+01,5.000000000000000000e-01
6.442200000000005389e+01,5.000000000000000000e-01
6.442300000000005866e+01,5.000000000000000000e-01
6.442400000000004923e+01,5.000000000000000000e-01
6.442500000000005400e+01,5.000000000000000000e-01
6.442600000000005878e+01,5.000000000000000000e-01
6.442700000000004934e+01,5.000000000000000000e-01
6.442800000000005411e+01,5.000000000000000000e-01
6.442900000000005889e+01,5.000000000000000000e-01
6.443000000000004945e+01,5.000000000000000000e-01
6.443100000000005423e+01,5.000000000000000000e-01
6.443200000000004479e+01,5.000000000000000000e-01
6.443300000000004957e+01,5.000000000000000000e-01
6.443400000000005434e+01,5.000000000000000000e-01
6.443500000000004491e+01,5.000000000000000000e-01
6.443600000000004968e+01,5.000000000000000000e-01
6.443700000000005446e+01,5.000000000000000000e-01
6.443800000000004502e+01,5.000000000000000000e-01
6.443900000000004979e+01,5.000000000000000000e-01
6.444000000000005457e+01,5.000000000000000000e-01
6.444100000000004513e+01,5.000000000000000000e-01
6.444200000000004991e+01,5.000000000000000000e-01
6.444300000000005468e+01,5.000000000000000000e-01
6.444400000000004525e+01,5.000000000000000000e-01
6.444500000000005002e+01,5.000000000000000000e-01
6.444600000000005480e+01,5.000000000000000000e-01
6.444700000000004536e+01,5.000000000000000000e-01
6.444800000000005014e+01,5.000000000000000000e-01
6.444900000000005491e+01,5.000000000000000000e-01
6.445000000000004547e+01,5.000000000000000000e-01
6.445100000000005025e+01,5.000000000000000000e-01
6.445200000000005502e+01,5.000000000000000000e-01
6.445300000000004559e+01,5.000000000000000000e-01
6.445400000000005036e+01,5.000000000000000000e-01
6.445500000000005514e+01,5.000000000000000000e-01
6.445600000000004570e+01,5.000000000000000000e-01
6.445700000000005048e+01,5.000000000000000000e-01
6.445800000000005525e+01,5.000000000000000000e-01
6.445900000000004582e+01,5.000000000000000000e-01
6.446000000000005059e+01,5.000000000000000000e-01
6.446100000000005537e+01,5.000000000000000000e-01
6.446200000000004593e+01,5.000000000000000000e-01
6.446300000000005070e+01,5.000000000000000000e-01
6.446400000000005548e+01,5.000000000000000000e-01
6.446500000000004604e+01,5.000000000000000000e-01
6.446600000000005082e+01,5.000000000000000000e-01
6.446700000000005559e+01,5.000000000000000000e-01
6.446800000000004616e+01,5.000000000000000000e-01
6.446900000000005093e+01,5.000000000000000000e-01
6.447000000000005571e+01,5.000000000000000000e-01
6.447100000000004627e+01,5.000000000000000000e-01
6.447200000000005105e+01,5.000000000000000000e-01
6.447300000000005582e+01,5.000000000000000000e-01
6.447400000000004638e+01,5.000000000000000000e-01
6.447500000000005116e+01,5.000000000000000000e-01
6.447600000000005593e+01,5.000000000000000000e-01
6.447700000000004650e+01,5.000000000000000000e-01
6.447800000000005127e+01,5.000000000000000000e-01
6.447900000000005605e+01,5.000000000000000000e-01
6.448000000000004661e+01,5.000000000000000000e-01
6.448100000000005139e+01,5.000000000000000000e-01
6.448200000000005616e+01,5.000000000000000000e-01
6.448300000000004673e+01,5.000000000000000000e-01
6.448400000000005150e+01,5.000000000000000000e-01
6.448500000000005627e+01,5.000000000000000000e-01
6.448600000000004684e+01,5.000000000000000000e-01
6.448700000000005161e+01,5.000000000000000000e-01
6.448800000000005639e+01,5.000000000000000000e-01
6.448900000000004695e+01,5.000000000000000000e-01
6.449000000000005173e+01,5.000000000000000000e-01
6.449100000000005650e+01,5.000000000000000000e-01
6.449200000000004707e+01,5.000000000000000000e-01
6.449300000000005184e+01,5.000000000000000000e-01
6.449400000000005662e+01,5.000000000000000000e-01
6.449500000000004718e+01,5.000000000000000000e-01
6.449600000000005195e+01,5.000000000000000000e-01
6.449700000000005673e+01,5.000000000000000000e-01
6.449800000000004729e+01,5.000000000000000000e-01
6.449900000000005207e+01,5.000000000000000000e-01
6.450000000000005684e+01,5.000000000000000000e-01
6.450100000000004741e+01,5.000000000000000000e-01
6.450200000000005218e+01,5.000000000000000000e-01
6.450300000000005696e+01,5.000000000000000000e-01
6.450400000000004752e+01,5.000000000000000000e-01
6.450500000000005230e+01,5.000000000000000000e-01
6.450600000000005707e+01,5.000000000000000000e-01
6.450700000000004763e+01,5.000000000000000000e-01
6.450800000000005241e+01,5.000000000000000000e-01
6.450900000000005718e+01,5.000000000000000000e-01
6.451000000000004775e+01,5.000000000000000000e-01
6.451100000000005252e+01,5.000000000000000000e-01
6.451200000000005730e+01,5.000000000000000000e-01
6.451300000000004786e+01,5.000000000000000000e-01
6.451400000000005264e+01,5.000000000000000000e-01
6.451500000000005741e+01,5.000000000000000000e-01
6.451600000000004798e+01,5.000000000000000000e-01
6.451700000000005275e+01,5.000000000000000000e-01
6.451800000000005753e+01,5.000000000000000000e-01
6.451900000000004809e+01,5.000000000000000000e-01
6.452000000000005286e+01,5.000000000000000000e-01
6.452100000000005764e+01,5.000000000000000000e-01
6.452200000000004820e+01,5.000000000000000000e-01
6.452300000000005298e+01,5.000000000000000000e-01
6.452400000000005775e+01,5.000000000000000000e-01
6.452500000000004832e+01,5.000000000000000000e-01
6.452600000000005309e+01,5.000000000000000000e-01
6.452700000000005787e+01,5.000000000000000000e-01
6.452800000000004843e+01,5.000000000000000000e-01
6.452900000000005321e+01,5.000000000000000000e-01
6.453000000000005798e+01,5.000000000000000000e-01
6.453100000000004854e+01,5.000000000000000000e-01
6.453200000000005332e+01,5.000000000000000000e-01
6.453300000000005809e+01,5.000000000000000000e-01
6.453400000000004866e+01,5.000000000000000000e-01
6.453500000000005343e+01,5.000000000000000000e-01
6.453600000000005821e+01,5.000000000000000000e-01
6.453700000000004877e+01,5.000000000000000000e-01
6.453800000000005355e+01,5.000000000000000000e-01
6.453900000000005832e+01,5.000000000000000000e-01
6.454000000000004889e+01,5.000000000000000000e-01
6.454100000000005366e+01,5.000000000000000000e-01
6.454200000000005844e+01,5.000000000000000000e-01
6.454300000000004900e+01,5.000000000000000000e-01
6.454400000000005377e+01,5.000000000000000000e-01
6.454500000000005855e+01,5.000000000000000000e-01
6.454600000000004911e+01,5.000000000000000000e-01
6.454700000000005389e+01,5.000000000000000000e-01
6.454800000000005866e+01,5.000000000000000000e-01
6.454900000000004923e+01,5.000000000000000000e-01
6.455000000000005400e+01,5.000000000000000000e-01
6.455100000000005878e+01,5.000000000000000000e-01
6.455200000000004934e+01,5.000000000000000000e-01
6.455300000000005411e+01,5.000000000000000000e-01
6.455400000000005889e+01,5.000000000000000000e-01
6.455500000000004945e+01,5.000000000000000000e-01
6.455600000000005423e+01,5.000000000000000000e-01
6.455700000000004479e+01,5.000000000000000000e-01
6.455800000000004957e+01,5.000000000000000000e-01
6.455900000000005434e+01,5.000000000000000000e-01
6.456000000000004491e+01,5.000000000000000000e-01
6.456100000000004968e+01,5.000000000000000000e-01
6.456200000000005446e+01,5.000000000000000000e-01
6.456300000000004502e+01,5.000000000000000000e-01
6.456400000000004979e+01,5.000000000000000000e-01
6.456500000000005457e+01,5.000000000000000000e-01
6.456600000000004513e+01,5.000000000000000000e-01
6.456700000000004991e+01,5.000000000000000000e-01
6.456800000000005468e+01,5.000000000000000000e-01
6.456900000000004525e+01,5.000000000000000000e-01
6.457000000000005002e+01,5.000000000000000000e-01
6.457100000000005480e+01,5.000000000000000000e-01
6.457200000000004536e+01,5.000000000000000000e-01
6.457300000000005014e+01,5.000000000000000000e-01
6.457400000000005491e+01,5.000000000000000000e-01
6.457500000000004547e+01,5.000000000000000000e-01
6.457600000000005025e+01,5.000000000000000000e-01
6.457700000000005502e+01,5.000000000000000000e-01
6.457800000000004559e+01,5.000000000000000000e-01
6.457900000000005036e+01,5.000000000000000000e-01
6.458000000000005514e+01,5.000000000000000000e-01
6.458100000000004570e+01,5.000000000000000000e-01
6.458200000000005048e+01,5.000000000000000000e-01
6.458300000000005525e+01,5.000000000000000000e-01
6.458400000000004582e+01,5.000000000000000000e-01
6.458500000000005059e+01,5.000000000000000000e-01
6.458600000000005537e+01,5.000000000000000000e-01
6.458700000000004593e+01,5.000000000000000000e-01
6.458800000000005070e+01,5.000000000000000000e-01
6.458900000000005548e+01,5.000000000000000000e-01
6.459000000000004604e+01,5.000000000000000000e-01
6.459100000000005082e+01,5.000000000000000000e-01
6.459200000000005559e+01,5.000000000000000000e-01
6.459300000000004616e+01,5.000000000000000000e-01
6.459400000000005093e+01,5.000000000000000000e-01
6.459500000000005571e+01,5.000000000000000000e-01
6.459600000000004627e+01,5.000000000000000000e-01
6.459700000000005105e+01,5.000000000000000000e-01
6.459800000000005582e+01,5.000000000000000000e-01
6.459900000000004638e+01,5.000000000000000000e-01
6.460000000000005116e+01,5.000000000000000000e-01
6.460100000000005593e+01,5.000000000000000000e-01
6.460200000000004650e+01,5.000000000000000000e-01
6.460300000000005127e+01,5.000000000000000000e-01
6.460400000000005605e+01,5.000000000000000000e-01
6.460500000000004661e+01,5.000000000000000000e-01
6.460600000000005139e+01,5.000000000000000000e-01
6.460700000000005616e+01,5.000000000000000000e-01
6.460800000000004673e+01,5.000000000000000000e-01
6.460900000000005150e+01,5.000000000000000000e-01
6.461000000000005627e+01,5.000000000000000000e-01
6.461100000000004684e+01,5.000000000000000000e-01
6.461200000000005161e+01,5.000000000000000000e-01
6.461300000000005639e+01,5.000000000000000000e-01
6.461400000000004695e+01,5.000000000000000000e-01
6.461500000000005173e+01,5.000000000000000000e-01
6.461600000000005650e+01,5.000000000000000000e-01
6.461700000000004707e+01,5.000000000000000000e-01
6.461800000000005184e+01,5.000000000000000000e-01
6.461900000000005662e+01,5.000000000000000000e-01
6.462000000000004718e+01,5.000000000000000000e-01
6.462100000000005195e+01,5.000000000000000000e-01
6.462200000000005673e+01,5.000000000000000000e-01
6.462300000000004729e+01,5.000000000000000000e-01
6.462400000000005207e+01,5.000000000000000000e-01
6.462500000000005684e+01,5.000000000000000000e-01
6.462600000000004741e+01,5.000000000000000000e-01
6.462700000000005218e+01,5.000000000000000000e-01
6.462800000000005696e+01,5.000000000000000000e-01
6.462900000000004752e+01,5.000000000000000000e-01
6.463000000000005230e+01,5.000000000000000000e-01
6.463100000000005707e+01,5.000000000000000000e-01
6.463200000000004763e+01,5.000000000000000000e-01
6.463300000000005241e+01,5.000000000000000000e-01
6.463400000000005718e+01,5.000000000000000000e-01
6.463500000000004775e+01,5.000000000000000000e-01
6.463600000000005252e+01,5.000000000000000000e-01
6.463700000000005730e+01,5.000000000000000000e-01
6.463800000000004786e+01,5.000000000000000000e-01
6.463900000000005264e+01,5.000000000000000000e-01
6.464000000000005741e+01,5.000000000000000000e-01
6.464100000000004798e+01,5.000000000000000000e-01
6.464200000000005275e+01,5.000000000000000000e-01
6.464300000000005753e+01,5.000000000000000000e-01
6.464400000000004809e+01,5.000000000000000000e-01
6.464500000000005286e+01,5.000000000000000000e-01
6.464600000000005764e+01,5.000000000000000000e-01
6.464700000000004820e+01,5.000000000000000000e-01
6.464800000000005298e+01,5.000000000000000000e-01
6.464900000000005775e+01,5.000000000000000000e-01
6.465000000000004832e+01,5.000000000000000000e-01
6.465100000000005309e+01,5.000000000000000000e-01
6.465200000000005787e+01,5.000000000000000000e-01
6.465300000000004843e+01,5.000000000000000000e-01
6.465400000000005321e+01,5.000000000000000000e-01
6.465500000000005798e+01,5.000000000000000000e-01
6.465600000000004854e+01,5.000000000000000000e-01
6.465700000000005332e+01,5.000000000000000000e-01
6.465800000000005809e+01,5.000000000000000000e-01
6.465900000000004866e+01,5.000000000000000000e-01
6.466000000000005343e+01,5.000000000000000000e-01
6.466100000000005821e+01,5.000000000000000000e-01
6.466200000000004877e+01,5.000000000000000000e-01
6.466300000000005355e+01,5.000000000000000000e-01
6.466400000000005832e+01,5.000000000000000000e-01
6.466500000000004889e+01,5.000000000000000000e-01
6.466600000000005366e+01,5.000000000000000000e-01
6.466700000000005844e+01,5.000000000000000000e-01
6.466800000000004900e+01,5.000000000000000000e-01
6.466900000000005377e+01,5.000000000000000000e-01
6.467000000000005855e+01,5.000000000000000000e-01
6.467100000000004911e+01,5.000000000000000000e-01
6.467200000000005389e+01,5.000000000000000000e-01
6.467300000000005866e+01,5.000000000000000000e-01
6.467400000000004923e+01,5.000000000000000000e-01
6.467500000000005400e+01,5.000000000000000000e-01
6.467600000000005878e+01,5.000000000000000000e-01
6.467700000000004934e+01,5.000000000000000000e-01
6.467800000000005411e+01,5.000000000000000000e-01
6.467900000000005889e+01,5.000000000000000000e-01
6.468000000000004945e+01,5.000000000000000000e-01
6.468100000000005423e+01,5.000000000000000000e-01
6.468200000000005900e+01,5.000000000000000000e-01
6.468300000000004957e+01,5.000000000000000000e-01
6.468400000000005434e+01,5.000000000000000000e-01
6.468500000000005912e+01,5.000000000000000000e-01
6.468600000000004968e+01,5.000000000000000000e-01
6.468700000000005446e+01,5.000000000000000000e-01
6.468800000000004502e+01,5.000000000000000000e-01
6.468900000000004979e+01,5.000000000000000000e-01
6.469000000000005457e+01,5.000000000000000000e-01
6.469100000000004513e+01,5.000000000000000000e-01
6.469200000000004991e+01,5.000000000000000000e-01
6.469300000000005468e+01,5.000000000000000000e-01
6.469400000000004525e+01,5.000000000000000000e-01
6.469500000000005002e+01,5.000000000000000000e-01
6.469600000000005480e+01,5.000000000000000000e-01
6.469700000000004536e+01,5.000000000000000000e-01
6.469800000000005014e+01,5.000000000000000000e-01
6.469900000000005491e+01,5.000000000000000000e-01
6.470000000000004547e+01,5.000000000000000000e-01
6.470100000000005025e+01,5.000000000000000000e-01
6.470200000000005502e+01,5.000000000000000000e-01
6.470300000000004559e+01,5.000000000000000000e-01
6.470400000000005036e+01,5.000000000000000000e-01
6.470500000000005514e+01,5.000000000000000000e-01
6.470600000000004570e+01,5.000000000000000000e-01
6.470700000000005048e+01,5.000000000000000000e-01
6.470800000000005525e+01,5.000000000000000000e-01
6.470900000000004582e+01,5.000000000000000000e-01
6.471000000000005059e+01,5.000000000000000000e-01
6.471100000000005537e+01,5.000000000000000000e-01
6.471200000000004593e+01,5.000000000000000000e-01
6.471300000000005070e+01,5.000000000000000000e-01
6.471400000000005548e+01,5.000000000000000000e-01
6.471500000000004604e+01,5.000000000000000000e-01
6.471600000000005082e+01,5.000000000000000000e-01
6.471700000000005559e+01,5.000000000000000000e-01
6.471800000000004616e+01,5.000000000000000000e-01
6.471900000000005093e+01,5.000000000000000000e-01
6.472000000000005571e+01,5.000000000000000000e-01
6.472100000000004627e+01,5.000000000000000000e-01
6.472200000000005105e+01,5.000000000000000000e-01
6.472300000000005582e+01,5.000000000000000000e-01
6.472400000000004638e+01,5.000000000000000000e-01
6.472500000000005116e+01,5.000000000000000000e-01
6.472600000000005593e+01,5.000000000000000000e-01
6.472700000000004650e+01,5.000000000000000000e-01
6.472800000000005127e+01,5.000000000000000000e-01
6.472900000000005605e+01,5.000000000000000000e-01
6.473000000000004661e+01,5.000000000000000000e-01
6.473100000000005139e+01,5.000000000000000000e-01
6.473200000000005616e+01,5.000000000000000000e-01
6.473300000000004673e+01,5.000000000000000000e-01
6.473400000000005150e+01,5.000000000000000000e-01
6.473500000000005627e+01,5.000000000000000000e-01
6.473600000000004684e+01,5.000000000000000000e-01
6.473700000000005161e+01,5.000000000000000000e-01
6.473800000000005639e+01,5.000000000000000000e-01
6.473900000000004695e+01,5.000000000000000000e-01
6.474000000000005173e+01,5.000000000000000000e-01
6.474100000000005650e+01,5.000000000000000000e-01
6.474200000000004707e+01,5.000000000000000000e-01
6.474300000000005184e+01,5.000000000000000000e-01
6.474400000000005662e+01,5.000000000000000000e-01
6.474500000000004718e+01,5.000000000000000000e-01
6.474600000000005195e+01,5.000000000000000000e-01
6.474700000000005673e+01,5.000000000000000000e-01
6.474800000000004729e+01,5.000000000000000000e-01
6.474900000000005207e+01,5.000000000000000000e-01
6.475000000000005684e+01,5.000000000000000000e-01
6.475100000000004741e+01,5.000000000000000000e-01
6.475200000000005218e+01,5.000000000000000000e-01
6.475300000000005696e+01,5.000000000000000000e-01
6.475400000000004752e+01,5.000000000000000000e-01
6.475500000000005230e+01,5.000000000000000000e-01
6.475600000000005707e+01,5.000000000000000000e-01
6.475700000000004763e+01,5.000000000000000000e-01
6.475800000000005241e+01,5.000000000000000000e-01
6.475900000000005718e+01,5.000000000000000000e-01
6.476000000000004775e+01,5.000000000000000000e-01
6.476100000000005252e+01,5.000000000000000000e-01
6.476200000000005730e+01,5.000000000000000000e-01
6.476300000000004786e+01,5.000000000000000000e-01
6.476400000000005264e+01,5.000000000000000000e-01
6.476500000000005741e+01,5.000000000000000000e-01
6.476600000000004798e+01,5.000000000000000000e-01
6.476700000000005275e+01,5.000000000000000000e-01
6.476800000000005753e+01,5.000000000000000000e-01
6.476900000000004809e+01,5.000000000000000000e-01
6.477000000000005286e+01,5.000000000000000000e-01
6.477100000000005764e+01,5.000000000000000000e-01
6.477200000000004820e+01,5.000000000000000000e-01
6.477300000000005298e+01,5.000000000000000000e-01
6.477400000000005775e+01,5.000000000000000000e-01
6.477500000000004832e+01,5.000000000000000000e-01
6.477600000000005309e+01,5.000000000000000000e-01
6.477700000000005787e+01,5.000000000000000000e-01
6.477800000000004843e+01,5.000000000000000000e-01
6.477900000000005321e+01,5.000000000000000000e-01
6.478000000000005798e+01,5.000000000000000000e-01
6.478100000000004854e+01,5.000000000000000000e-01
6.478200000000005332e+01,5.000000000000000000e-01
6.478300000000005809e+01,5.000000000000000000e-01
6.478400000000004866e+01,5.000000000000000000e-01
6.478500000000005343e+01,5.000000000000000000e-01
6.478600000000005821e+01,5.000000000000000000e-01
6.478700000000004877e+01,5.000000000000000000e-01
6.478800000000005355e+01,5.000000000000000000e-01
6.478900000000005832e+01,5.000000000000000000e-01
6.479000000000004889e+01,5.000000000000000000e-01
6.479100000000005366e+01,5.000000000000000000e-01
6.479200000000005844e+01,5.000000000000000000e-01
6.479300000000004900e+01,5.000000000000000000e-01
6.479400000000005377e+01,5.000000000000000000e-01
6.479500000000005855e+01,5.000000000000000000e-01
6.479600000000004911e+01,5.000000000000000000e-01
6.479700000000005389e+01,5.000000000000000000e-01
6.479800000000005866e+01,5.000000000000000000e-01
6.479900000000004923e+01,5.000000000000000000e-01
6.480000000000005400e+01,5.000000000000000000e-01
6.480100000000005878e+01,5.000000000000000000e-01
6.480200000000004934e+01,5.000000000000000000e-01
6.480300000000005411e+01,5.000000000000000000e-01
6.480400000000005889e+01,5.000000000000000000e-01
6.480500000000004945e+01,5.000000000000000000e-01
6.480600000000005423e+01,5.000000000000000000e-01
6.480700000000005900e+01,5.000000000000000000e-01
6.480800000000004957e+01,5.000000000000000000e-01
6.480900000000005434e+01,5.000000000000000000e-01
6.481000000000005912e+01,5.000000000000000000e-01
6.481100000000004968e+01,5.000000000000000000e-01
6.481200000000005446e+01,5.000000000000000000e-01
6.481300000000004502e+01,5.000000000000000000e-01
6.481400000000004979e+01,5.000000000000000000e-01
6.481500000000005457e+01,5.000000000000000000e-01
6.481600000000004513e+01,5.000000000000000000e-01
6.481700000000004991e+01,5.000000000000000000e-01
6.481800000000005468e+01,5.000000000000000000e-01
6.481900000000004525e+01,5.000000000000000000e-01
6.482000000000005002e+01,5.000000000000000000e-01
6.482100000000005480e+01,5.000000000000000000e-01
6.482200000000004536e+01,5.000000000000000000e-01
6.482300000000005014e+01,5.000000000000000000e-01
6.482400000000005491e+01,5.000000000000000000e-01
6.482500000000004547e+01,5.000000000000000000e-01
6.482600000000005025e+01,5.000000000000000000e-01
6.482700000000005502e+01,5.000000000000000000e-01
6.482800000000004559e+01,5.000000000000000000e-01
6.482900000000005036e+01,5.000000000000000000e-01
6.483000000000005514e+01,5.000000000000000000e-01
6.483100000000004570e+01,5.000000000000000000e-01
6.483200000000005048e+01,5.000000000000000000e-01
6.483300000000005525e+01,5.000000000000000000e-01
6.483400000000004582e+01,5.000000000000000000e-01
6.483500000000005059e+01,5.000000000000000000e-01
6.483600000000005537e+01,5.000000000000000000e-01
6.483700000000004593e+01,5.000000000000000000e-01
6.483800000000005070e+01,5.000000000000000000e-01
6.483900000000005548e+01,5.000000000000000000e-01
6.484000000000004604e+01,5.000000000000000000e-01
6.484100000000005082e+01,5.000000000000000000e-01
6.484200000000005559e+01,5.000000000000000000e-01
6.484300000000004616e+01,5.000000000000000000e-01
6.484400000000005093e+01,5.000000000000000000e-01
6.484500000000005571e+01,5.000000000000000000e-01
6.484600000000004627e+01,5.000000000000000000e-01
6.484700000000005105e+01,5.000000000000000000e-01
6.484800000000005582e+01,5.000000000000000000e-01
6.484900000000004638e+01,5.000000000000000000e-01
6.485000000000005116e+01,5.000000000000000000e-01
6.485100000000005593e+01,5.000000000000000000e-01
6.485200000000004650e+01,5.000000000000000000e-01
6.485300000000005127e+01,5.000000000000000000e-01
6.485400000000005605e+01,5.000000000000000000e-01
6.485500000000004661e+01,5.000000000000000000e-01
6.485600000000005139e+01,5.000000000000000000e-01
6.485700000000005616e+01,5.000000000000000000e-01
6.485800000000004673e+01,5.000000000000000000e-01
6.485900000000005150e+01,5.000000000000000000e-01
6.486000000000005627e+01,5.000000000000000000e-01
6.486100000000004684e+01,5.000000000000000000e-01
6.486200000000005161e+01,5.000000000000000000e-01
6.486300000000005639e+01,5.000000000000000000e-01
6.486400000000004695e+01,5.000000000000000000e-01
6.486500000000005173e+01,5.000000000000000000e-01
6.486600000000005650e+01,5.000000000000000000e-01
6.486700000000004707e+01,5.000000000000000000e-01
6.486800000000005184e+01,5.000000000000000000e-01
6.486900000000005662e+01,5.000000000000000000e-01
6.487000000000004718e+01,5.000000000000000000e-01
6.487100000000005195e+01,5.000000000000000000e-01
6.487200000000005673e+01,5.000000000000000000e-01
6.487300000000004729e+01,5.000000000000000000e-01
6.487400000000005207e+01,5.000000000000000000e-01
6.487500000000005684e+01,5.000000000000000000e-01
6.487600000000004741e+01,5.000000000000000000e-01
6.487700000000005218e+01,5.000000000000000000e-01
6.487800000000005696e+01,5.000000000000000000e-01
6.487900000000004752e+01,5.000000000000000000e-01
6.488000000000005230e+01,5.000000000000000000e-01
6.488100000000005707e+01,5.000000000000000000e-01
6.488200000000004763e+01,5.000000000000000000e-01
6.488300000000005241e+01,5.000000000000000000e-01
6.488400000000005718e+01,5.000000000000000000e-01
6.488500000000004775e+01,5.000000000000000000e-01
6.488600000000005252e+01,5.000000000000000000e-01
6.488700000000005730e+01,5.000000000000000000e-01
6.488800000000004786e+01,5.000000000000000000e-01
6.488900000000005264e+01,5.000000000000000000e-01
6.489000000000005741e+01,5.000000000000000000e-01
6.489100000000004798e+01,5.000000000000000000e-01
6.489200000000005275e+01,5.000000000000000000e-01
6.489300000000005753e+01,5.000000000000000000e-01
6.489400000000004809e+01,5.000000000000000000e-01
6.489500000000005286e+01,5.000000000000000000e-01
6.489600000000005764e+01,5.000000000000000000e-01
6.489700000000004820e+01,5.000000000000000000e-01
6.489800000000005298e+01,5.000000000000000000e-01
6.489900000000005775e+01,5.000000000000000000e-01
6.490000000000004832e+01,5.000000000000000000e-01
6.490100000000005309e+01,5.000000000000000000e-01
6.490200000000005787e+01,5.000000000000000000e-01
6.490300000000004843e+01,5.000000000000000000e-01
6.490400000000005321e+01,5.000000000000000000e-01
6.490500000000005798e+01,5.000000000000000000e-01
6.490600000000004854e+01,5.000000000000000000e-01
6.490700000000005332e+01,5.000000000000000000e-01
6.490800000000005809e+01,5.000000000000000000e-01
6.490900000000004866e+01,5.000000000000000000e-01
6.491000000000005343e+01,5.000000000000000000e-01
6.491100000000005821e+01,5.000000000000000000e-01
6.491200000000004877e+01,5.000000000000000000e-01
6.491300000000005355e+01,5.000000000000000000e-01
6.491400000000005832e+01,5.000000000000000000e-01
6.491500000000004889e+01,5.000000000000000000e-01
6.491600000000005366e+01,5.000000000000000000e-01
6.491700000000005844e+01,5.000000000000000000e-01
6.491800000000004900e+01,5.000000000000000000e-01
6.491900000000005377e+01,5.000000000000000000e-01
6.492000000000005855e+01,5.000000000000000000e-01
6.492100000000004911e+01,5.000000000000000000e-01
6.492200000000005389e+01,5.000000000000000000e-01
6.492300000000005866e+01,5.000000000000000000e-01
6.492400000000004923e+01,5.000000000000000000e-01
6.492500000000005400e+01,5.000000000000000000e-01
6.492600000000005878e+01,5.000000000000000000e-01
6.492700000000004934e+01,5.000000000000000000e-01
6.492800000000005411e+01,5.000000000000000000e-01
6.492900000000005889e+01,5.000000000000000000e-01
6.493000000000004945e+01,5.000000000000000000e-01
6.493100000000005423e+01,5.000000000000000000e-01
6.493200000000005900e+01,5.000000000000000000e-01
6.493300000000004957e+01,5.000000000000000000e-01
6.493400000000005434e+01,5.000000000000000000e-01
6.493500000000005912e+01,5.000000000000000000e-01
6.493600000000004968e+01,5.000000000000000000e-01
6.493700000000005446e+01,5.000000000000000000e-01
6.493800000000005923e+01,5.000000000000000000e-01
6.493900000000004979e+01,5.000000000000000000e-01
6.494000000000005457e+01,5.000000000000000000e-01
6.494100000000005934e+01,5.000000000000000000e-01
6.494200000000004991e+01,5.000000000000000000e-01
6.494300000000005468e+01,5.000000000000000000e-01
6.494400000000004525e+01,5.000000000000000000e-01
6.494500000000005002e+01,5.000000000000000000e-01
6.494600000000005480e+01,5.000000000000000000e-01
6.494700000000004536e+01,5.000000000000000000e-01
6.494800000000005014e+01,5.000000000000000000e-01
6.494900000000005491e+01,5.000000000000000000e-01
6.495000000000004547e+01,5.000000000000000000e-01
6.495100000000005025e+01,5.000000000000000000e-01
6.495200000000005502e+01,5.000000000000000000e-01
6.495300000000004559e+01,5.000000000000000000e-01
6.495400000000005036e+01,5.000000000000000000e-01
6.495500000000005514e+01,5.000000000000000000e-01
6.495600000000004570e+01,5.000000000000000000e-01
6.495700000000005048e+01,5.000000000000000000e-01
6.495800000000005525e+01,5.000000000000000000e-01
6.495900000000004582e+01,5.000000000000000000e-01
6.496000000000005059e+01,5.000000000000000000e-01
6.496100000000005537e+01,5.000000000000000000e-01
6.496200000000004593e+01,5.000000000000000000e-01
6.496300000000005070e+01,5.000000000000000000e-01
6.496400000000005548e+01,5.000000000000000000e-01
6.496500000000004604e+01,5.000000000000000000e-01
6.496600000000005082e+01,5.000000000000000000e-01
6.496700000000005559e+01,5.000000000000000000e-01
6.496800000000004616e+01,5.000000000000000000e-01
6.496900000000005093e+01,5.000000000000000000e-01
6.497000000000005571e+01,5.000000000000000000e-01
6.497100000000004627e+01,5.000000000000000000e-01
6.497200000000005105e+01,5.000000000000000000e-01
6.497300000000005582e+01,5.000000000000000000e-01
6.497400000000004638e+01,5.000000000000000000e-01
6.497500000000005116e+01,5.000000000000000000e-01
6.497600000000005593e+01,5.000000000000000000e-01
6.497700000000004650e+01,5.000000000000000000e-01
6.497800000000005127e+01,5.000000000000000000e-01
6.497900000000005605e+01,5.000000000000000000e-01
6.498000000000004661e+01,5.000000000000000000e-01
6.498100000000005139e+01,5.000000000000000000e-01
6.498200000000005616e+01,5.000000000000000000e-01
6.498300000000004673e+01,5.000000000000000000e-01
6.498400000000005150e+01,5.000000000000000000e-01
6.498500000000005627e+01,5.000000000000000000e-01
6.498600000000004684e+01,5.000000000000000000e-01
6.498700000000005161e+01,5.000000000000000000e-01
6.498800000000005639e+01,5.000000000000000000e-01
6.498900000000004695e+01,5.000000000000000000e-01
6.499000000000005173e+01,5.000000000000000000e-01
6.499100000000005650e+01,5.000000000000000000e-01
6.499200000000004707e+01,5.000000000000000000e-01
6.499300000000005184e+01,5.000000000000000000e-01
6.499400000000005662e+01,5.000000000000000000e-01
6.499500000000004718e+01,5.000000000000000000e-01
6.499600000000005195e+01,5.000000000000000000e-01
6.499700000000005673e+01,5.000000000000000000e-01
6.499800000000004729e+01,5.000000000000000000e-01
6.499900000000005207e+01,5.000000000000000000e-01
6.500000000000005684e+01,5.000000000000000000e-01
6.500100000000004741e+01,5.000000000000000000e-01
6.500200000000005218e+01,5.000000000000000000e-01
6.500300000000005696e+01,5.000000000000000000e-01
6.500400000000004752e+01,5.000000000000000000e-01
6.500500000000005230e+01,5.000000000000000000e-01
6.500600000000005707e+01,5.000000000000000000e-01
6.500700000000004763e+01,5.000000000000000000e-01
6.500800000000005241e+01,5.000000000000000000e-01
6.500900000000005718e+01,5.000000000000000000e-01
6.501000000000004775e+01,5.000000000000000000e-01
6.501100000000005252e+01,5.000000000000000000e-01
6.501200000000005730e+01,5.000000000000000000e-01
6.501300000000004786e+01,5.000000000000000000e-01
6.501400000000005264e+01,5.000000000000000000e-01
6.501500000000005741e+01,5.000000000000000000e-01
6.501600000000004798e+01,5.000000000000000000e-01
6.501700000000005275e+01,5.000000000000000000e-01
6.501800000000005753e+01,5.000000000000000000e-01
6.501900000000004809e+01,5.000000000000000000e-01
6.502000000000005286e+01,5.000000000000000000e-01
6.502100000000005764e+01,5.000000000000000000e-01
6.502200000000004820e+01,5.000000000000000000e-01
6.502300000000005298e+01,5.000000000000000000e-01
6.502400000000005775e+01,5.000000000000000000e-01
6.502500000000004832e+01,5.000000000000000000e-01
6.502600000000005309e+01,5.000000000000000000e-01
6.502700000000005787e+01,5.000000000000000000e-01
6.502800000000004843e+01,5.000000000000000000e-01
6.502900000000005321e+01,5.000000000000000000e-01
6.503000000000005798e+01,5.000000000000000000e-01
6.503100000000004854e+01,5.000000000000000000e-01
6.503200000000005332e+01,5.000000000000000000e-01
6.503300000000005809e+01,5.000000000000000000e-01
6.503400000000004866e+01,5.000000000000000000e-01
6.503500000000005343e+01,5.000000000000000000e-01
6.503600000000005821e+01,5.000000000000000000e-01
6.503700000000004877e+01,5.000000000000000000e-01
6.503800000000005355e+01,5.000000000000000000e-01
6.503900000000005832e+01,5.000000000000000000e-01
6.504000000000004889e+01,5.000000000000000000e-01
6.504100000000005366e+01,5.000000000000000000e-01
6.504200000000005844e+01,5.000000000000000000e-01
6.504300000000004900e+01,5.000000000000000000e-01
6.504400000000005377e+01,5.000000000000000000e-01
6.504500000000005855e+01,5.000000000000000000e-01
6.504600000000004911e+01,5.000000000000000000e-01
6.504700000000005389e+01,5.000000000000000000e-01
6.504800000000005866e+01,5.000000000000000000e-01
6.504900000000004923e+01,5.000000000000000000e-01
6.505000000000005400e+01,5.000000000000000000e-01
6.505100000000005878e+01,5.000000000000000000e-01
6.505200000000004934e+01,5.000000000000000000e-01
6.505300000000005411e+01,5.000000000000000000e-01
6.505400000000005889e+01,5.000000000000000000e-01
6.505500000000004945e+01,5.000000000000000000e-01
6.505600000000005423e+01,5.000000000000000000e-01
6.505700000000005900e+01,5.000000000000000000e-01
6.505800000000004957e+01,5.000000000000000000e-01
6.505900000000005434e+01,5.000000000000000000e-01
6.506000000000005912e+01,5.000000000000000000e-01
6.506100000000004968e+01,5.000000000000000000e-01
6.506200000000005446e+01,5.000000000000000000e-01
6.506300000000005923e+01,5.000000000000000000e-01
6.506400000000004979e+01,5.000000000000000000e-01
6.506500000000005457e+01,5.000000000000000000e-01
6.506600000000005934e+01,5.000000000000000000e-01
6.506700000000004991e+01,5.000000000000000000e-01
6.506800000000005468e+01,5.000000000000000000e-01
6.506900000000004525e+01,5.000000000000000000e-01
6.507000000000005002e+01,5.000000000000000000e-01
6.507100000000005480e+01,5.000000000000000000e-01
6.507200000000004536e+01,5.000000000000000000e-01
6.507300000000005014e+01,5.000000000000000000e-01
6.507400000000005491e+01,5.000000000000000000e-01
6.507500000000004547e+01,5.000000000000000000e-01
6.507600000000005025e+01,5.000000000000000000e-01
6.507700000000005502e+01,5.000000000000000000e-01
6.507800000000004559e+01,5.000000000000000000e-01
6.507900000000005036e+01,5.000000000000000000e-01
6.508000000000005514e+01,5.000000000000000000e-01
6.508100000000004570e+01,5.000000000000000000e-01
6.508200000000005048e+01,5.000000000000000000e-01
6.508300000000005525e+01,5.000000000000000000e-01
6.508400000000004582e+01,5.000000000000000000e-01
6.508500000000005059e+01,5.000000000000000000e-01
6.508600000000005537e+01,5.000000000000000000e-01
6.508700000000004593e+01,5.000000000000000000e-01
6.508800000000005070e+01,5.000000000000000000e-01
6.508900000000005548e+01,5.000000000000000000e-01
6.509000000000004604e+01,5.000000000000000000e-01
6.509100000000005082e+01,5.000000000000000000e-01
6.509200000000005559e+01,5.000000000000000000e-01
6.509300000000004616e+01,5.000000000000000000e-01
6.509400000000005093e+01,5.000000000000000000e-01
6.509500000000005571e+01,5.000000000000000000e-01
6.509600000000004627e+01,5.000000000000000000e-01
6.509700000000005105e+01,5.000000000000000000e-01
6.509800000000005582e+01,5.000000000000000000e-01
6.509900000000004638e+01,5.000000000000000000e-01
6.510000000000005116e+01,5.000000000000000000e-01
6.510100000000005593e+01,5.000000000000000000e-01
6.510200000000004650e+01,5.000000000000000000e-01
6.510300000000005127e+01,5.000000000000000000e-01
6.510400000000005605e+01,5.000000000000000000e-01
6.510500000000004661e+01,5.000000000000000000e-01
6.510600000000005139e+01,5.000000000000000000e-01
6.510700000000005616e+01,5.000000000000000000e-01
6.510800000000004673e+01,5.000000000000000000e-01
6.510900000000005150e+01,5.000000000000000000e-01
6.511000000000005627e+01,5.000000000000000000e-01
6.511100000000004684e+01,5.000000000000000000e-01
6.511200000000005161e+01,5.000000000000000000e-01
6.511300000000005639e+01,5.000000000000000000e-01
6.511400000000004695e+01,5.000000000000000000e-01
6.511500000000005173e+01,5.000000000000000000e-01
6.511600000000005650e+01,5.000000000000000000e-01
6.511700000000004707e+01,5.000000000000000000e-01
6.511800000000005184e+01,5.000000000000000000e-01
6.511900000000005662e+01,5.000000000000000000e-01
6.512000000000004718e+01,5.000000000000000000e-01
6.512100000000005195e+01,5.000000000000000000e-01
6.512200000000005673e+01,5.000000000000000000e-01
6.512300000000004729e+01,5.000000000000000000e-01
6.512400000000005207e+01,5.000000000000000000e-01
6.512500000000005684e+01,5.000000000000000000e-01
6.512600000000004741e+01,5.000000000000000000e-01
6.512700000000005218e+01,5.000000000000000000e-01
6.512800000000005696e+01,5.000000000000000000e-01
6.512900000000004752e+01,5.000000000000000000e-01
6.513000000000005230e+01,5.000000000000000000e-01
6.513100000000005707e+01,5.000000000000000000e-01
6.513200000000004763e+01,5.000000000000000000e-01
6.513300000000005241e+01,5.000000000000000000e-01
6.513400000000005718e+01,5.000000000000000000e-01
6.513500000000004775e+01,5.000000000000000000e-01
6.513600000000005252e+01,5.000000000000000000e-01
6.513700000000005730e+01,5.000000000000000000e-01
6.513800000000004786e+01,5.000000000000000000e-01
6.513900000000005264e+01,5.000000000000000000e-01
6.514000000000005741e+01,5.000000000000000000e-01
6.514100000000004798e+01,5.000000000000000000e-01
6.514200000000005275e+01,5.000000000000000000e-01
6.514300000000005753e+01,5.000000000000000000e-01
6.514400000000004809e+01,5.000000000000000000e-01
6.514500000000005286e+01,5.000000000000000000e-01
6.514600000000005764e+01,5.000000000000000000e-01
6.514700000000004820e+01,5.000000000000000000e-01
6.514800000000005298e+01,5.000000000000000000e-01
6.514900000000005775e+01,5.000000000000000000e-01
6.515000000000004832e+01,5.000000000000000000e-01
6.515100000000005309e+01,5.000000000000000000e-01
6.515200000000005787e+01,5.000000000000000000e-01
6.515300000000004843e+01,5.000000000000000000e-01
6.515400000000005321e+01,5.000000000000000000e-01
6.515500000000005798e+01,5.000000000000000000e-01
6.515600000000004854e+01,5.000000000000000000e-01
6.515700000000005332e+01,5.000000000000000000e-01
6.515800000000005809e+01,5.000000000000000000e-01
6.515900000000004866e+01,5.000000000000000000e-01
6.516000000000005343e+01,5.000000000000000000e-01
6.516100000000005821e+01,5.000000000000000000e-01
6.516200000000004877e+01,5.000000000000000000e-01
6.516300000000005355e+01,5.000000000000000000e-01
6.516400000000005832e+01,5.000000000000000000e-01
6.516500000000004889e+01,5.000000000000000000e-01
6.516600000000005366e+01,5.000000000000000000e-01
6.516700000000005844e+01,5.000000000000000000e-01
6.516800000000004900e+01,5.000000000000000000e-01
6.516900000000005377e+01,5.000000000000000000e-01
6.517000000000005855e+01,5.000000000000000000e-01
6.517100000000004911e+01,5.000000000000000000e-01
6.517200000000005389e+01,5.000000000000000000e-01
6.517300000000005866e+01,5.000000000000000000e-01
6.517400000000004923e+01,5.000000000000000000e-01
6.517500000000005400e+01,5.000000000000000000e-01
6.517600000000005878e+01,5.000000000000000000e-01
6.517700000000004934e+01,5.000000000000000000e-01
6.517800000000005411e+01,5.000000000000000000e-01
6.517900000000005889e+01,5.000000000000000000e-01
6.518000000000004945e+01,5.000000000000000000e-01
6.518100000000005423e+01,5.000000000000000000e-01
6.518200000000005900e+01,5.000000000000000000e-01
6.518300000000004957e+01,5.000000000000000000e-01
6.518400000000005434e+01,5.000000000000000000e-01
6.518500000000005912e+01,5.000000000000000000e-01
6.518600000000004968e+01,5.000000000000000000e-01
6.518700000000005446e+01,5.000000000000000000e-01
6.518800000000005923e+01,5.000000000000000000e-01
6.518900000000004979e+01,5.000000000000000000e-01
6.519000000000005457e+01,5.000000000000000000e-01
6.519100000000005934e+01,5.000000000000000000e-01
6.519200000000004991e+01,5.000000000000000000e-01
6.519300000000005468e+01,5.000000000000000000e-01
6.519400000000005946e+01,5.000000000000000000e-01
6.519500000000005002e+01,5.000000000000000000e-01
6.519600000000005480e+01,5.000000000000000000e-01
6.519700000000005957e+01,5.000000000000000000e-01
6.519800000000005014e+01,5.000000000000000000e-01
6.519900000000005491e+01,5.000000000000000000e-01
6.520000000000004547e+01,5.000000000000000000e-01
6.520100000000005025e+01,5.000000000000000000e-01
6.520200000000005502e+01,5.000000000000000000e-01
6.520300000000004559e+01,5.000000000000000000e-01
6.520400000000005036e+01,5.000000000000000000e-01
6.520500000000005514e+01,5.000000000000000000e-01
6.520600000000004570e+01,5.000000000000000000e-01
6.520700000000005048e+01,5.000000000000000000e-01
6.520800000000005525e+01,5.000000000000000000e-01
6.520900000000004582e+01,5.000000000000000000e-01
6.521000000000005059e+01,5.000000000000000000e-01
6.521100000000005537e+01,5.000000000000000000e-01
6.521200000000004593e+01,5.000000000000000000e-01
6.521300000000005070e+01,5.000000000000000000e-01
6.521400000000005548e+01,5.000000000000000000e-01
6.521500000000004604e+01,5.000000000000000000e-01
6.521600000000005082e+01,5.000000000000000000e-01
6.521700000000005559e+01,5.000000000000000000e-01
6.521800000000004616e+01,5.000000000000000000e-01
6.521900000000005093e+01,5.000000000000000000e-01
6.522000000000005571e+01,5.000000000000000000e-01
6.522100000000004627e+01,5.000000000000000000e-01
6.522200000000005105e+01,5.000000000000000000e-01
6.522300000000005582e+01,5.000000000000000000e-01
6.522400000000004638e+01,5.000000000000000000e-01
6.522500000000005116e+01,5.000000000000000000e-01
6.522600000000005593e+01,5.000000000000000000e-01
6.522700000000004650e+01,5.000000000000000000e-01
6.522800000000005127e+01,5.000000000000000000e-01
6.522900000000005605e+01,5.000000000000000000e-01
6.523000000000004661e+01,5.000000000000000000e-01
6.523100000000005139e+01,5.000000000000000000e-01
6.523200000000005616e+01,5.000000000000000000e-01
6.523300000000004673e+01,5.000000000000000000e-01
6.523400000000005150e+01,5.000000000000000000e-01
6.523500000000005627e+01,5.000000000000000000e-01
6.523600000000004684e+01,5.000000000000000000e-01
6.523700000000005161e+01,5.000000000000000000e-01
6.523800000000005639e+01,5.000000000000000000e-01
6.523900000000004695e+01,5.000000000000000000e-01
6.524000000000005173e+01,5.000000000000000000e-01
6.524100000000005650e+01,5.000000000000000000e-01
6.524200000000004707e+01,5.000000000000000000e-01
6.524300000000005184e+01,5.000000000000000000e-01
6.524400000000005662e+01,5.000000000000000000e-01
6.524500000000004718e+01,5.000000000000000000e-01
6.524600000000005195e+01,5.000000000000000000e-01
6.524700000000005673e+01,5.000000000000000000e-01
6.524800000000004729e+01,5.000000000000000000e-01
6.524900000000005207e+01,5.000000000000000000e-01
6.525000000000005684e+01,5.000000000000000000e-01
6.525100000000004741e+01,5.000000000000000000e-01
6.525200000000005218e+01,5.000000000000000000e-01
6.525300000000005696e+01,5.000000000000000000e-01
6.525400000000004752e+01,5.000000000000000000e-01
6.525500000000005230e+01,5.000000000000000000e-01
6.525600000000005707e+01,5.000000000000000000e-01
6.525700000000004763e+01,5.000000000000000000e-01
6.525800000000005241e+01,5.000000000000000000e-01
6.525900000000005718e+01,5.000000000000000000e-01
6.526000000000004775e+01,5.000000000000000000e-01
6.526100000000005252e+01,5.000000000000000000e-01
6.526200000000005730e+01,5.000000000000000000e-01
6.526300000000004786e+01,5.000000000000000000e-01
6.526400000000005264e+01,5.000000000000000000e-01
6.526500000000005741e+01,5.000000000000000000e-01
6.526600000000004798e+01,5.000000000000000000e-01
6.526700000000005275e+01,5.000000000000000000e-01
6.526800000000005753e+01,5.000000000000000000e-01
6.526900000000004809e+01,5.000000000000000000e-01
6.527000000000005286e+01,5.000000000000000000e-01
6.527100000000005764e+01,5.000000000000000000e-01
6.527200000000004820e+01,5.000000000000000000e-01
6.527300000000005298e+01,5.000000000000000000e-01
6.527400000000005775e+01,5.000000000000000000e-01
6.527500000000004832e+01,5.000000000000000000e-01
6.527600000000005309e+01,5.000000000000000000e-01
6.527700000000005787e+01,5.000000000000000000e-01
6.527800000000004843e+01,5.000000000000000000e-01
6.527900000000005321e+01,5.000000000000000000e-01
6.528000000000005798e+01,5.000000000000000000e-01
6.528100000000004854e+01,5.000000000000000000e-01
6.528200000000005332e+01,5.000000000000000000e-01
6.528300000000005809e+01,5.000000000000000000e-01
6.528400000000004866e+01,5.000000000000000000e-01
6.528500000000005343e+01,5.000000000000000000e-01
6.528600000000005821e+01,5.000000000000000000e-01
6.528700000000004877e+01,5.000000000000000000e-01
6.528800000000005355e+01,5.000000000000000000e-01
6.528900000000005832e+01,5.000000000000000000e-01
6.529000000000004889e+01,5.000000000000000000e-01
6.529100000000005366e+01,5.000000000000000000e-01
6.529200000000005844e+01,5.000000000000000000e-01
6.529300000000004900e+01,5.000000000000000000e-01
6.529400000000005377e+01,5.000000000000000000e-01
6.529500000000005855e+01,5.000000000000000000e-01
6.529600000000004911e+01,5.000000000000000000e-01
6.529700000000005389e+01,5.000000000000000000e-01
6.529800000000005866e+01,5.000000000000000000e-01
6.529900000000004923e+01,5.000000000000000000e-01
6.530000000000005400e+01,5.000000000000000000e-01
6.530100000000005878e+01,5.000000000000000000e-01
6.530200000000004934e+01,5.000000000000000000e-01
6.530300000000005411e+01,5.000000000000000000e-01
6.530400000000005889e+01,5.000000000000000000e-01
6.530500000000004945e+01,5.000000000000000000e-01
6.530600000000005423e+01,5.000000000000000000e-01
6.530700000000005900e+01,5.000000000000000000e-01
6.530800000000004957e+01,5.000000000000000000e-01
6.530900000000005434e+01,5.000000000000000000e-01
6.531000000000005912e+01,5.000000000000000000e-01
6.531100000000004968e+01,5.000000000000000000e-01
6.531200000000005446e+01,5.000000000000000000e-01
6.531300000000005923e+01,5.000000000000000000e-01
6.531400000000004979e+01,5.000000000000000000e-01
6.531500000000005457e+01,5.000000000000000000e-01
6.531600000000005934e+01,5.000000000000000000e-01
6.531700000000004991e+01,5.000000000000000000e-01
6.531800000000005468e+01,5.000000000000000000e-01
6.531900000000005946e+01,5.000000000000000000e-01
6.532000000000005002e+01,5.000000000000000000e-01
6.532100000000005480e+01,5.000000000000000000e-01
6.532200000000005957e+01,5.000000000000000000e-01
6.532300000000005014e+01,5.000000000000000000e-01
6.532400000000005491e+01,5.000000000000000000e-01
6.532500000000004547e+01,5.000000000000000000e-01
6.532600000000005025e+01,5.000000000000000000e-01
6.532700000000005502e+01,5.000000000000000000e-01
6.532800000000004559e+01,5.000000000000000000e-01
6.532900000000005036e+01,5.000000000000000000e-01
6.533000000000005514e+01,5.000000000000000000e-01
6.533100000000004570e+01,5.000000000000000000e-01
6.533200000000005048e+01,5.000000000000000000e-01
6.533300000000005525e+01,5.000000000000000000e-01
6.533400000000004582e+01,5.000000000000000000e-01
6.533500000000005059e+01,5.000000000000000000e-01
6.533600000000005537e+01,5.000000000000000000e-01
6.533700000000004593e+01,5.000000000000000000e-01
6.533800000000005070e+01,5.000000000000000000e-01
6.533900000000005548e+01,5.000000000000000000e-01
6.534000000000004604e+01,5.000000000000000000e-01
6.534100000000005082e+01,5.000000000000000000e-01
6.534200000000005559e+01,5.000000000000000000e-01
6.534300000000004616e+01,5.000000000000000000e-01
6.534400000000005093e+01,5.000000000000000000e-01
6.534500000000005571e+01,5.000000000000000000e-01
6.534600000000004627e+01,5.000000000000000000e-01
6.534700000000005105e+01,5.000000000000000000e-01
6.534800000000005582e+01,5.000000000000000000e-01
6.534900000000004638e+01,5.000000000000000000e-01
6.535000000000005116e+01,5.000000000000000000e-01
6.535100000000005593e+01,5.000000000000000000e-01
6.535200000000004650e+01,5.000000000000000000e-01
6.535300000000005127e+01,5.000000000000000000e-01
6.535400000000005605e+01,5.000000000000000000e-01
6.535500000000004661e+01,5.000000000000000000e-01
6.535600000000005139e+01,5.000000000000000000e-01
6.535700000000005616e+01,5.000000000000000000e-01
6.535800000000004673e+01,5.000000000000000000e-01
6.535900000000005150e+01,5.000000000000000000e-01
6.536000000000005627e+01,5.000000000000000000e-01
6.536100000000004684e+01,5.000000000000000000e-01
6.536200000000005161e+01,5.000000000000000000e-01
6.536300000000005639e+01,5.000000000000000000e-01
6.536400000000004695e+01,5.000000000000000000e-01
6.536500000000005173e+01,5.000000000000000000e-01
6.536600000000005650e+01,5.000000000000000000e-01
6.536700000000004707e+01,5.000000000000000000e-01
6.536800000000005184e+01,5.000000000000000000e-01
6.536900000000005662e+01,5.000000000000000000e-01
6.537000000000004718e+01,5.000000000000000000e-01
6.537100000000005195e+01,5.000000000000000000e-01
6.537200000000005673e+01,5.000000000000000000e-01
6.537300000000004729e+01,5.000000000000000000e-01
6.537400000000005207e+01,5.000000000000000000e-01
6.537500000000005684e+01,5.000000000000000000e-01
6.537600000000004741e+01,5.000000000000000000e-01
6.537700000000005218e+01,5.000000000000000000e-01
6.537800000000005696e+01,5.000000000000000000e-01
6.537900000000004752e+01,5.000000000000000000e-01
6.538000000000005230e+01,5.000000000000000000e-01
6.538100000000005707e+01,5.000000000000000000e-01
6.538200000000004763e+01,5.000000000000000000e-01
6.538300000000005241e+01,5.000000000000000000e-01
6.538400000000005718e+01,5.000000000000000000e-01
6.538500000000004775e+01,5.000000000000000000e-01
6.538600000000005252e+01,5.000000000000000000e-01
6.538700000000005730e+01,5.000000000000000000e-01
6.538800000000004786e+01,5.000000000000000000e-01
6.538900000000005264e+01,5.000000000000000000e-01
6.539000000000005741e+01,5.000000000000000000e-01
6.539100000000004798e+01,5.000000000000000000e-01
6.539200000000005275e+01,5.000000000000000000e-01
6.539300000000005753e+01,5.000000000000000000e-01
6.539400000000004809e+01,5.000000000000000000e-01
6.539500000000005286e+01,5.000000000000000000e-01
6.539600000000005764e+01,5.000000000000000000e-01
6.539700000000004820e+01,5.000000000000000000e-01
6.539800000000005298e+01,5.000000000000000000e-01
6.539900000000005775e+01,5.000000000000000000e-01
6.540000000000004832e+01,5.000000000000000000e-01
6.540100000000005309e+01,5.000000000000000000e-01
6.540200000000005787e+01,5.000000000000000000e-01
6.540300000000004843e+01,5.000000000000000000e-01
6.540400000000005321e+01,5.000000000000000000e-01
6.540500000000005798e+01,5.000000000000000000e-01
6.540600000000004854e+01,5.000000000000000000e-01
6.540700000000005332e+01,5.000000000000000000e-01
6.540800000000005809e+01,5.000000000000000000e-01
6.540900000000004866e+01,5.000000000000000000e-01
6.541000000000005343e+01,5.000000000000000000e-01
6.541100000000005821e+01,5.000000000000000000e-01
6.541200000000004877e+01,5.000000000000000000e-01
6.541300000000005355e+01,5.000000000000000000e-01
6.541400000000005832e+01,5.000000000000000000e-01
6.541500000000004889e+01,5.000000000000000000e-01
6.541600000000005366e+01,5.000000000000000000e-01
6.541700000000005844e+01,5.000000000000000000e-01
6.541800000000004900e+01,5.000000000000000000e-01
6.541900000000005377e+01,5.000000000000000000e-01
6.542000000000005855e+01,5.000000000000000000e-01
6.542100000000004911e+01,5.000000000000000000e-01
6.542200000000005389e+01,5.000000000000000000e-01
6.542300000000005866e+01,5.000000000000000000e-01
6.542400000000004923e+01,5.000000000000000000e-01
6.542500000000005400e+01,5.000000000000000000e-01
6.542600000000005878e+01,5.000000000000000000e-01
6.542700000000004934e+01,5.000000000000000000e-01
6.542800000000005411e+01,5.000000000000000000e-01
6.542900000000005889e+01,5.000000000000000000e-01
6.543000000000004945e+01,5.000000000000000000e-01
6.543100000000005423e+01,5.000000000000000000e-01
6.543200000000005900e+01,5.000000000000000000e-01
6.543300000000004957e+01,5.000000000000000000e-01
6.543400000000005434e+01,5.000000000000000000e-01
6.543500000000005912e+01,5.000000000000000000e-01
6.543600000000004968e+01,5.000000000000000000e-01
6.543700000000005446e+01,5.000000000000000000e-01
6.543800000000005923e+01,5.000000000000000000e-01
6.543900000000004979e+01,5.000000000000000000e-01
6.544000000000005457e+01,5.000000000000000000e-01
6.544100000000005934e+01,5.000000000000000000e-01
6.544200000000004991e+01,5.000000000000000000e-01
6.544300000000005468e+01,5.000000000000000000e-01
6.544400000000005946e+01,5.000000000000000000e-01
6.544500000000005002e+01,5.000000000000000000e-01
6.544600000000005480e+01,5.000000000000000000e-01
6.544700000000005957e+01,5.000000000000000000e-01
6.544800000000005014e+01,5.000000000000000000e-01
6.544900000000005491e+01,5.000000000000000000e-01
6.545000000000005969e+01,5.000000000000000000e-01
6.545100000000005025e+01,5.000000000000000000e-01
6.545200000000005502e+01,5.000000000000000000e-01
6.545300000000005980e+01,5.000000000000000000e-01
6.545400000000005036e+01,5.000000000000000000e-01
6.545500000000005514e+01,5.000000000000000000e-01
6.545600000000004570e+01,5.000000000000000000e-01
6.545700000000005048e+01,5.000000000000000000e-01
6.545800000000005525e+01,5.000000000000000000e-01
6.545900000000004582e+01,5.000000000000000000e-01
6.546000000000005059e+01,5.000000000000000000e-01
6.546100000000005537e+01,5.000000000000000000e-01
6.546200000000004593e+01,5.000000000000000000e-01
6.546300000000005070e+01,5.000000000000000000e-01
6.546400000000005548e+01,5.000000000000000000e-01
6.546500000000004604e+01,5.000000000000000000e-01
6.546600000000005082e+01,5.000000000000000000e-01
6.546700000000005559e+01,5.000000000000000000e-01
6.546800000000004616e+01,5.000000000000000000e-01
6.546900000000005093e+01,5.000000000000000000e-01
6.547000000000005571e+01,5.000000000000000000e-01
6.547100000000004627e+01,5.000000000000000000e-01
6.547200000000005105e+01,5.000000000000000000e-01
6.547300000000005582e+01,5.000000000000000000e-01
6.547400000000004638e+01,5.000000000000000000e-01
6.547500000000005116e+01,5.000000000000000000e-01
6.547600000000005593e+01,5.000000000000000000e-01
6.547700000000004650e+01,5.000000000000000000e-01
6.547800000000005127e+01,5.000000000000000000e-01
6.547900000000005605e+01,5.000000000000000000e-01
6.548000000000004661e+01,5.000000000000000000e-01
6.548100000000005139e+01,5.000000000000000000e-01
6.548200000000005616e+01,5.000000000000000000e-01
6.548300000000004673e+01,5.000000000000000000e-01
6.548400000000005150e+01,5.000000000000000000e-01
6.548500000000005627e+01,5.000000000000000000e-01
6.548600000000004684e+01,5.000000000000000000e-01
6.548700000000005161e+01,5.000000000000000000e-01
6.548800000000005639e+01,5.000000000000000000e-01
6.548900000000004695e+01,5.000000000000000000e-01
6.549000000000005173e+01,5.000000000000000000e-01
6.549100000000005650e+01,5.000000000000000000e-01
6.549200000000004707e+01,5.000000000000000000e-01
6.549300000000005184e+01,5.000000000000000000e-01
6.549400000000005662e+01,5.000000000000000000e-01
6.549500000000004718e+01,5.000000000000000000e-01
6.549600000000005195e+01,5.000000000000000000e-01
6.549700000000005673e+01,5.000000000000000000e-01
6.549800000000004729e+01,5.000000000000000000e-01
6.549900000000005207e+01,5.000000000000000000e-01
6.550000000000005684e+01,5.000000000000000000e-01
6.550100000000004741e+01,5.000000000000000000e-01
6.550200000000005218e+01,5.000000000000000000e-01
6.550300000000005696e+01,5.000000000000000000e-01
6.550400000000004752e+01,5.000000000000000000e-01
6.550500000000005230e+01,5.000000000000000000e-01
6.550600000000005707e+01,5.000000000000000000e-01
6.550700000000004763e+01,5.000000000000000000e-01
6.550800000000005241e+01,5.000000000000000000e-01
6.550900000000005718e+01,5.000000000000000000e-01
6.551000000000004775e+01,5.000000000000000000e-01
6.551100000000005252e+01,5.000000000000000000e-01
6.551200000000005730e+01,5.000000000000000000e-01
6.551300000000004786e+01,5.000000000000000000e-01
6.551400000000005264e+01,5.000000000000000000e-01
6.551500000000005741e+01,5.000000000000000000e-01
6.551600000000004798e+01,5.000000000000000000e-01
6.551700000000005275e+01,5.000000000000000000e-01
6.551800000000005753e+01,5.000000000000000000e-01
6.551900000000004809e+01,5.000000000000000000e-01
6.552000000000005286e+01,5.000000000000000000e-01
6.552100000000005764e+01,5.000000000000000000e-01
6.552200000000004820e+01,5.000000000000000000e-01
6.552300000000005298e+01,5.000000000000000000e-01
6.552400000000005775e+01,5.000000000000000000e-01
6.552500000000004832e+01,5.000000000000000000e-01
6.552600000000005309e+01,5.000000000000000000e-01
6.552700000000005787e+01,5.000000000000000000e-01
6.552800000000004843e+01,5.000000000000000000e-01
6.552900000000005321e+01,5.000000000000000000e-01
6.553000000000005798e+01,5.000000000000000000e-01
6.553100000000004854e+01,5.000000000000000000e-01
6.553200000000005332e+01,5.000000000000000000e-01
6.553300000000005809e+01,5.000000000000000000e-01
6.553400000000004866e+01,5.000000000000000000e-01
6.553500000000005343e+01,5.000000000000000000e-01
6.553600000000005821e+01,5.000000000000000000e-01
6.553700000000004877e+01,5.000000000000000000e-01
6.553800000000005355e+01,5.000000000000000000e-01
6.553900000000005832e+01,5.000000000000000000e-01
6.554000000000004889e+01,5.000000000000000000e-01
6.554100000000005366e+01,5.000000000000000000e-01
6.554200000000005844e+01,5.000000000000000000e-01
6.554300000000004900e+01,5.000000000000000000e-01
6.554400000000005377e+01,5.000000000000000000e-01
6.554500000000005855e+01,5.000000000000000000e-01
6.554600000000004911e+01,5.000000000000000000e-01
6.554700000000005389e+01,5.000000000000000000e-01
6.554800000000005866e+01,5.000000000000000000e-01
6.554900000000004923e+01,5.000000000000000000e-01
6.555000000000005400e+01,5.000000000000000000e-01
6.555100000000005878e+01,5.000000000000000000e-01
6.555200000000004934e+01,5.000000000000000000e-01
6.555300000000005411e+01,5.000000000000000000e-01
6.555400000000005889e+01,5.000000000000000000e-01
6.555500000000004945e+01,5.000000000000000000e-01
6.555600000000005423e+01,5.000000000000000000e-01
6.555700000000005900e+01,5.000000000000000000e-01
6.555800000000004957e+01,5.000000000000000000e-01
6.555900000000005434e+01,5.000000000000000000e-01
6.556000000000005912e+01,5.000000000000000000e-01
6.556100000000004968e+01,5.000000000000000000e-01
6.556200000000005446e+01,5.000000000000000000e-01
6.556300000000005923e+01,5.000000000000000000e-01
6.556400000000004979e+01,5.000000000000000000e-01
6.556500000000005457e+01,5.000000000000000000e-01
6.556600000000005934e+01,5.000000000000000000e-01
6.556700000000004991e+01,5.000000000000000000e-01
6.556800000000005468e+01,5.000000000000000000e-01
6.556900000000005946e+01,5.000000000000000000e-01
6.557000000000005002e+01,5.000000000000000000e-01
6.557100000000005480e+01,5.000000000000000000e-01
6.557200000000005957e+01,5.000000000000000000e-01
6.557300000000005014e+01,5.000000000000000000e-01
6.557400000000005491e+01,5.000000000000000000e-01
6.557500000000005969e+01,5.000000000000000000e-01
6.557600000000005025e+01,5.000000000000000000e-01
6.557700000000005502e+01,5.000000000000000000e-01
6.557800000000005980e+01,5.000000000000000000e-01
6.557900000000005036e+01,5.000000000000000000e-01
6.558000000000005514e+01,5.000000000000000000e-01
6.558100000000004570e+01,5.000000000000000000e-01
6.558200000000005048e+01,5.000000000000000000e-01
6.558300000000005525e+01,5.000000000000000000e-01
6.558400000000004582e+01,5.000000000000000000e-01
6.558500000000005059e+01,5.000000000000000000e-01
6.558600000000005537e+01,5.000000000000000000e-01
6.558700000000004593e+01,5.000000000000000000e-01
6.558800000000005070e+01,5.000000000000000000e-01
6.558900000000005548e+01,5.000000000000000000e-01
6.559000000000004604e+01,5.000000000000000000e-01
6.559100000000005082e+01,5.000000000000000000e-01
6.559200000000005559e+01,5.000000000000000000e-01
6.559300000000004616e+01,5.000000000000000000e-01
6.559400000000005093e+01,5.000000000000000000e-01
6.559500000000005571e+01,5.000000000000000000e-01
6.559600000000004627e+01,5.000000000000000000e-01
6.559700000000005105e+01,5.000000000000000000e-01
6.559800000000005582e+01,5.000000000000000000e-01
6.559900000000004638e+01,5.000000000000000000e-01
6.560000000000005116e+01,5.000000000000000000e-01
6.560100000000005593e+01,5.000000000000000000e-01
6.560200000000004650e+01,5.000000000000000000e-01
6.560300000000005127e+01,5.000000000000000000e-01
6.560400000000005605e+01,5.000000000000000000e-01
6.560500000000004661e+01,5.000000000000000000e-01
6.560600000000005139e+01,5.000000000000000000e-01
6.560700000000005616e+01,5.000000000000000000e-01
6.560800000000004673e+01,5.000000000000000000e-01
6.560900000000005150e+01,5.000000000000000000e-01
6.561000000000005627e+01,5.000000000000000000e-01
6.561100000000004684e+01,5.000000000000000000e-01
6.561200000000005161e+01,5.000000000000000000e-01
6.561300000000005639e+01,5.000000000000000000e-01
6.561400000000004695e+01,5.000000000000000000e-01
6.561500000000005173e+01,5.000000000000000000e-01
6.561600000000005650e+01,5.000000000000000000e-01
6.561700000000004707e+01,5.000000000000000000e-01
6.561800000000005184e+01,5.000000000000000000e-01
6.561900000000005662e+01,5.000000000000000000e-01
6.562000000000004718e+01,5.000000000000000000e-01
6.562100000000005195e+01,5.000000000000000000e-01
6.562200000000005673e+01,5.000000000000000000e-01
6.562300000000004729e+01,5.000000000000000000e-01
6.562400000000005207e+01,5.000000000000000000e-01
6.562500000000005684e+01,5.000000000000000000e-01
6.562600000000004741e+01,5.000000000000000000e-01
6.562700000000005218e+01,5.000000000000000000e-01
6.562800000000005696e+01,5.000000000000000000e-01
6.562900000000004752e+01,5.000000000000000000e-01
6.563000000000005230e+01,5.000000000000000000e-01
6.563100000000005707e+01,5.000000000000000000e-01
6.563200000000004763e+01,5.000000000000000000e-01
6.563300000000005241e+01,5.000000000000000000e-01
6.563400000000005718e+01,5.000000000000000000e-01
6.563500000000004775e+01,5.000000000000000000e-01
6.563600000000005252e+01,5.000000000000000000e-01
6.563700000000005730e+01,5.000000000000000000e-01
6.563800000000004786e+01,5.000000000000000000e-01
6.563900000000005264e+01,5.000000000000000000e-01
6.564000000000005741e+01,5.000000000000000000e-01
6.564100000000004798e+01,5.000000000000000000e-01
6.564200000000005275e+01,5.000000000000000000e-01
6.564300000000005753e+01,5.000000000000000000e-01
6.564400000000004809e+01,5.000000000000000000e-01
6.564500000000005286e+01,5.000000000000000000e-01
6.564600000000005764e+01,5.000000000000000000e-01
6.564700000000004820e+01,5.000000000000000000e-01
6.564800000000005298e+01,5.000000000000000000e-01
6.564900000000005775e+01,5.000000000000000000e-01
6.565000000000004832e+01,5.000000000000000000e-01
6.565100000000005309e+01,5.000000000000000000e-01
6.565200000000005787e+01,5.000000000000000000e-01
6.565300000000004843e+01,5.000000000000000000e-01
6.565400000000005321e+01,5.000000000000000000e-01
6.565500000000005798e+01,5.000000000000000000e-01
6.565600000000004854e+01,5.000000000000000000e-01
6.565700000000005332e+01,5.000000000000000000e-01
6.565800000000005809e+01,5.000000000000000000e-01
6.565900000000004866e+01,5.000000000000000000e-01
6.566000000000005343e+01,5.000000000000000000e-01
6.566100000000005821e+01,5.000000000000000000e-01
6.566200000000004877e+01,5.000000000000000000e-01
6.566300000000005355e+01,5.000000000000000000e-01
6.566400000000005832e+01,5.000000000000000000e-01
6.566500000000004889e+01,5.000000000000000000e-01
6.566600000000005366e+01,5.000000000000000000e-01
6.566700000000005844e+01,5.000000000000000000e-01
6.566800000000004900e+01,5.000000000000000000e-01
6.566900000000005377e+01,5.000000000000000000e-01
6.567000000000005855e+01,5.000000000000000000e-01
6.567100000000004911e+01,5.000000000000000000e-01
6.567200000000005389e+01,5.000000000000000000e-01
6.567300000000005866e+01,5.000000000000000000e-01
6.567400000000004923e+01,5.000000000000000000e-01
6.567500000000005400e+01,5.000000000000000000e-01
6.567600000000005878e+01,5.000000000000000000e-01
6.567700000000004934e+01,5.000000000000000000e-01
6.567800000000005411e+01,5.000000000000000000e-01
6.567900000000005889e+01,5.000000000000000000e-01
6.568000000000004945e+01,5.000000000000000000e-01
6.568100000000005423e+01,5.000000000000000000e-01
6.568200000000005900e+01,5.000000000000000000e-01
6.568300000000004957e+01,5.000000000000000000e-01
6.568400000000005434e+01,5.000000000000000000e-01
6.568500000000005912e+01,5.000000000000000000e-01
6.568600000000004968e+01,5.000000000000000000e-01
6.568700000000005446e+01,5.000000000000000000e-01
6.568800000000005923e+01,5.000000000000000000e-01
6.568900000000004979e+01,5.000000000000000000e-01
6.569000000000005457e+01,5.000000000000000000e-01
6.569100000000005934e+01,5.000000000000000000e-01
6.569200000000004991e+01,5.000000000000000000e-01
6.569300000000005468e+01,5.000000000000000000e-01
6.569400000000005946e+01,5.000000000000000000e-01
6.569500000000005002e+01,5.000000000000000000e-01
6.569600000000005480e+01,5.000000000000000000e-01
6.569700000000005957e+01,5.000000000000000000e-01
6.569800000000005014e+01,5.000000000000000000e-01
6.569900000000005491e+01,5.000000000000000000e-01
6.570000000000005969e+01,5.000000000000000000e-01
6.570100000000005025e+01,5.000000000000000000e-01
6.570200000000005502e+01,5.000000000000000000e-01
6.570300000000005980e+01,5.000000000000000000e-01
6.570400000000005036e+01,5.000000000000000000e-01
6.570500000000005514e+01,5.000000000000000000e-01
6.570600000000005991e+01,5.000000000000000000e-01
6.570700000000005048e+01,5.000000000000000000e-01
6.570800000000005525e+01,5.000000000000000000e-01
6.570900000000006003e+01,5.000000000000000000e-01
6.571000000000005059e+01,5.000000000000000000e-01
6.571100000000005537e+01,5.000000000000000000e-01
6.571200000000004593e+01,5.000000000000000000e-01
6.571300000000005070e+01,5.000000000000000000e-01
6.571400000000005548e+01,5.000000000000000000e-01
6.571500000000004604e+01,5.000000000000000000e-01
6.571600000000005082e+01,5.000000000000000000e-01
6.571700000000005559e+01,5.000000000000000000e-01
6.571800000000004616e+01,5.000000000000000000e-01
6.571900000000005093e+01,5.000000000000000000e-01
6.572000000000005571e+01,5.000000000000000000e-01
6.572100000000004627e+01,5.000000000000000000e-01
6.572200000000005105e+01,5.000000000000000000e-01
6.572300000000005582e+01,5.000000000000000000e-01
6.572400000000004638e+01,5.000000000000000000e-01
6.572500000000005116e+01,5.000000000000000000e-01
6.572600000000005593e+01,5.000000000000000000e-01
6.572700000000004650e+01,5.000000000000000000e-01
6.572800000000005127e+01,5.000000000000000000e-01
6.572900000000005605e+01,5.000000000000000000e-01
6.573000000000004661e+01,5.000000000000000000e-01
6.573100000000005139e+01,5.000000000000000000e-01
6.573200000000005616e+01,5.000000000000000000e-01
6.573300000000004673e+01,5.000000000000000000e-01
6.573400000000005150e+01,5.000000000000000000e-01
6.573500000000005627e+01,5.000000000000000000e-01
6.573600000000004684e+01,5.000000000000000000e-01
6.573700000000005161e+01,5.000000000000000000e-01
6.573800000000005639e+01,5.000000000000000000e-01
6.573900000000004695e+01,5.000000000000000000e-01
6.574000000000005173e+01,5.000000000000000000e-01
6.574100000000005650e+01,5.000000000000000000e-01
6.574200000000004707e+01,5.000000000000000000e-01
6.574300000000005184e+01,5.000000000000000000e-01
6.574400000000005662e+01,5.000000000000000000e-01
6.574500000000004718e+01,5.000000000000000000e-01
6.574600000000005195e+01,5.000000000000000000e-01
6.574700000000005673e+01,5.000000000000000000e-01
6.574800000000004729e+01,5.000000000000000000e-01
6.574900000000005207e+01,5.000000000000000000e-01
6.575000000000005684e+01,5.000000000000000000e-01
6.575100000000004741e+01,5.000000000000000000e-01
6.575200000000005218e+01,5.000000000000000000e-01
6.575300000000005696e+01,5.000000000000000000e-01
6.575400000000004752e+01,5.000000000000000000e-01
6.575500000000005230e+01,5.000000000000000000e-01
6.575600000000005707e+01,5.000000000000000000e-01
6.575700000000004763e+01,5.000000000000000000e-01
6.575800000000005241e+01,5.000000000000000000e-01
6.575900000000005718e+01,5.000000000000000000e-01
6.576000000000004775e+01,5.000000000000000000e-01
6.576100000000005252e+01,5.000000000000000000e-01
6.576200000000005730e+01,5.000000000000000000e-01
6.576300000000004786e+01,5.000000000000000000e-01
6.576400000000005264e+01,5.000000000000000000e-01
6.576500000000005741e+01,5.000000000000000000e-01
6.576600000000004798e+01,5.000000000000000000e-01
6.576700000000005275e+01,5.000000000000000000e-01
6.576800000000005753e+01,5.000000000000000000e-01
6.576900000000004809e+01,5.000000000000000000e-01
6.577000000000005286e+01,5.000000000000000000e-01
6.577100000000005764e+01,5.000000000000000000e-01
6.577200000000004820e+01,5.000000000000000000e-01
6.577300000000005298e+01,5.000000000000000000e-01
6.577400000000005775e+01,5.000000000000000000e-01
6.577500000000004832e+01,5.000000000000000000e-01
6.577600000000005309e+01,5.000000000000000000e-01
6.577700000000005787e+01,5.000000000000000000e-01
6.577800000000004843e+01,5.000000000000000000e-01
6.577900000000005321e+01,5.000000000000000000e-01
6.578000000000005798e+01,5.000000000000000000e-01
6.578100000000004854e+01,5.000000000000000000e-01
6.578200000000005332e+01,5.000000000000000000e-01
6.578300000000005809e+01,5.000000000000000000e-01
6.578400000000004866e+01,5.000000000000000000e-01
6.578500000000005343e+01,5.000000000000000000e-01
6.578600000000005821e+01,5.000000000000000000e-01
6.578700000000004877e+01,5.000000000000000000e-01
6.578800000000005355e+01,5.000000000000000000e-01
6.578900000000005832e+01,5.000000000000000000e-01
6.579000000000004889e+01,5.000000000000000000e-01
6.579100000000005366e+01,5.000000000000000000e-01
6.579200000000005844e+01,5.000000000000000000e-01
6.579300000000004900e+01,5.000000000000000000e-01
6.579400000000005377e+01,5.000000000000000000e-01
6.579500000000005855e+01,5.000000000000000000e-01
6.579600000000004911e+01,5.000000000000000000e-01
6.579700000000005389e+01,5.000000000000000000e-01
6.579800000000005866e+01,5.000000000000000000e-01
6.579900000000004923e+01,5.000000000000000000e-01
6.580000000000005400e+01,5.000000000000000000e-01
6.580100000000005878e+01,5.000000000000000000e-01
6.580200000000004934e+01,5.000000000000000000e-01
6.580300000000005411e+01,5.000000000000000000e-01
6.580400000000005889e+01,5.000000000000000000e-01
6.580500000000004945e+01,5.000000000000000000e-01
6.580600000000005423e+01,5.000000000000000000e-01
6.580700000000005900e+01,5.000000000000000000e-01
6.580800000000004957e+01,5.000000000000000000e-01
6.580900000000005434e+01,5.000000000000000000e-01
6.581000000000005912e+01,5.000000000000000000e-01
6.581100000000004968e+01,5.000000000000000000e-01
6.581200000000005446e+01,5.000000000000000000e-01
6.581300000000005923e+01,5.000000000000000000e-01
6.581400000000004979e+01,5.000000000000000000e-01
6.581500000000005457e+01,5.000000000000000000e-01
6.581600000000005934e+01,5.000000000000000000e-01
6.581700000000004991e+01,5.000000000000000000e-01
6.581800000000005468e+01,5.000000000000000000e-01
6.581900000000005946e+01,5.000000000000000000e-01
6.582000000000005002e+01,5.000000000000000000e-01
6.582100000000005480e+01,5.000000000000000000e-01
6.582200000000005957e+01,5.000000000000000000e-01
6.582300000000005014e+01,5.000000000000000000e-01
6.582400000000005491e+01,5.000000000000000000e-01
6.582500000000005969e+01,5.000000000000000000e-01
6.582600000000005025e+01,5.000000000000000000e-01
6.582700000000005502e+01,5.000000000000000000e-01
6.582800000000005980e+01,5.000000000000000000e-01
6.582900000000005036e+01,5.000000000000000000e-01
6.583000000000005514e+01,5.000000000000000000e-01
6.583100000000005991e+01,5.000000000000000000e-01
6.583200000000005048e+01,5.000000000000000000e-01
6.583300000000005525e+01,5.000000000000000000e-01
6.583400000000006003e+01,5.000000000000000000e-01
6.583500000000005059e+01,5.000000000000000000e-01
6.583600000000005537e+01,5.000000000000000000e-01
6.583700000000004593e+01,5.000000000000000000e-01
6.583800000000005070e+01,5.000000000000000000e-01
6.583900000000005548e+01,5.000000000000000000e-01
6.584000000000004604e+01,5.000000000000000000e-01
6.584100000000005082e+01,5.000000000000000000e-01
6.584200000000005559e+01,5.000000000000000000e-01
6.584300000000004616e+01,5.000000000000000000e-01
6.584400000000005093e+01,5.000000000000000000e-01
6.584500000000005571e+01,5.000000000000000000e-01
6.584600000000004627e+01,5.000000000000000000e-01
6.584700000000005105e+01,5.000000000000000000e-01
6.584800000000005582e+01,5.000000000000000000e-01
6.584900000000004638e+01,5.000000000000000000e-01
6.585000000000005116e+01,5.000000000000000000e-01
6.585100000000005593e+01,5.000000000000000000e-01
6.585200000000004650e+01,5.000000000000000000e-01
6.585300000000005127e+01,5.000000000000000000e-01
6.585400000000005605e+01,5.000000000000000000e-01
6.585500000000004661e+01,5.000000000000000000e-01
6.585600000000005139e+01,5.000000000000000000e-01
6.585700000000005616e+01,5.000000000000000000e-01
6.585800000000004673e+01,5.000000000000000000e-01
6.585900000000005150e+01,5.000000000000000000e-01
6.586000000000005627e+01,5.000000000000000000e-01
6.586100000000004684e+01,5.000000000000000000e-01
6.586200000000005161e+01,5.000000000000000000e-01
6.586300000000005639e+01,5.000000000000000000e-01
6.586400000000004695e+01,5.000000000000000000e-01
6.586500000000005173e+01,5.000000000000000000e-01
6.586600000000005650e+01,5.000000000000000000e-01
6.586700000000004707e+01,5.000000000000000000e-01
6.586800000000005184e+01,5.000000000000000000e-01
6.586900000000005662e+01,5.000000000000000000e-01
6.587000000000004718e+01,5.000000000000000000e-01
6.587100000000005195e+01,5.000000000000000000e-01
6.587200000000005673e+01,5.000000000000000000e-01
6.587300000000004729e+01,5.000000000000000000e-01
6.587400000000005207e+01,5.000000000000000000e-01
6.587500000000005684e+01,5.000000000000000000e-01
6.587600000000004741e+01,5.000000000000000000e-01
6.587700000000005218e+01,5.000000000000000000e-01
6.587800000000005696e+01,5.000000000000000000e-01
6.587900000000004752e+01,5.000000000000000000e-01
6.588000000000005230e+01,5.000000000000000000e-01
6.588100000000005707e+01,5.000000000000000000e-01
6.588200000000004763e+01,5.000000000000000000e-01
6.588300000000005241e+01,5.000000000000000000e-01
6.588400000000005718e+01,5.000000000000000000e-01
6.588500000000004775e+01,5.000000000000000000e-01
6.588600000000005252e+01,5.000000000000000000e-01
6.588700000000005730e+01,5.000000000000000000e-01
6.588800000000004786e+01,5.000000000000000000e-01
6.588900000000005264e+01,5.000000000000000000e-01
6.589000000000005741e+01,5.000000000000000000e-01
6.589100000000004798e+01,5.000000000000000000e-01
6.589200000000005275e+01,5.000000000000000000e-01
6.589300000000005753e+01,5.000000000000000000e-01
6.589400000000004809e+01,5.000000000000000000e-01
6.589500000000005286e+01,5.000000000000000000e-01
6.589600000000005764e+01,5.000000000000000000e-01
6.589700000000004820e+01,5.000000000000000000e-01
6.589800000000005298e+01,5.000000000000000000e-01
6.589900000000005775e+01,5.000000000000000000e-01
6.590000000000004832e+01,5.000000000000000000e-01
6.590100000000005309e+01,5.000000000000000000e-01
6.590200000000005787e+01,5.000000000000000000e-01
6.590300000000004843e+01,5.000000000000000000e-01
6.590400000000005321e+01,5.000000000000000000e-01
6.590500000000005798e+01,5.000000000000000000e-01
6.590600000000004854e+01,5.000000000000000000e-01
6.590700000000005332e+01,5.000000000000000000e-01
6.590800000000005809e+01,5.000000000000000000e-01
6.590900000000004866e+01,5.000000000000000000e-01
6.591000000000005343e+01,5.000000000000000000e-01
6.591100000000005821e+01,5.000000000000000000e-01
6.591200000000004877e+01,5.000000000000000000e-01
6.591300000000005355e+01,5.000000000000000000e-01
6.591400000000005832e+01,5.000000000000000000e-01
6.591500000000004889e+01,5.000000000000000000e-01
6.591600000000005366e+01,5.000000000000000000e-01
6.591700000000005844e+01,5.000000000000000000e-01
6.591800000000004900e+01,5.000000000000000000e-01
6.591900000000005377e+01,5.000000000000000000e-01
6.592000000000005855e+01,5.000000000000000000e-01
6.592100000000004911e+01,5.000000000000000000e-01
6.592200000000005389e+01,5.000000000000000000e-01
6.592300000000005866e+01,5.000000000000000000e-01
6.592400000000004923e+01,5.000000000000000000e-01
6.592500000000005400e+01,5.000000000000000000e-01
6.592600000000005878e+01,5.000000000000000000e-01
6.592700000000004934e+01,5.000000000000000000e-01
6.592800000000005411e+01,5.000000000000000000e-01
6.592900000000005889e+01,5.000000000000000000e-01
6.593000000000004945e+01,5.000000000000000000e-01
6.593100000000005423e+01,5.000000000000000000e-01
6.593200000000005900e+01,5.000000000000000000e-01
6.593300000000004957e+01,5.000000000000000000e-01
6.593400000000005434e+01,5.000000000000000000e-01
6.593500000000005912e+01,5.000000000000000000e-01
6.593600000000004968e+01,5.000000000000000000e-01
6.593700000000005446e+01,5.000000000000000000e-01
6.593800000000005923e+01,5.000000000000000000e-01
6.593900000000004979e+01,5.000000000000000000e-01
6.594000000000005457e+01,5.000000000000000000e-01
6.594100000000005934e+01,5.000000000000000000e-01
6.594200000000004991e+01,5.000000000000000000e-01
6.594300000000005468e+01,5.000000000000000000e-01
6.594400000000005946e+01,5.000000000000000000e-01
6.594500000000005002e+01,5.000000000000000000e-01
6.594600000000005480e+01,5.000000000000000000e-01
6.594700000000005957e+01,5.000000000000000000e-01
6.594800000000005014e+01,5.000000000000000000e-01
6.594900000000005491e+01,5.000000000000000000e-01
6.595000000000005969e+01,5.000000000000000000e-01
6.595100000000005025e+01,5.000000000000000000e-01
6.595200000000005502e+01,5.000000000000000000e-01
6.595300000000005980e+01,5.000000000000000000e-01
6.595400000000005036e+01,5.000000000000000000e-01
6.595500000000005514e+01,5.000000000000000000e-01
6.595600000000005991e+01,5.000000000000000000e-01
6.595700000000005048e+01,5.000000000000000000e-01
6.595800000000005525e+01,5.000000000000000000e-01
6.595900000000006003e+01,5.000000000000000000e-01
6.596000000000005059e+01,5.000000000000000000e-01
6.596100000000005537e+01,5.000000000000000000e-01
6.596200000000006014e+01,5.000000000000000000e-01
6.596300000000005070e+01,5.000000000000000000e-01
6.596400000000005548e+01,5.000000000000000000e-01
6.596500000000006025e+01,5.000000000000000000e-01
6.596600000000005082e+01,5.000000000000000000e-01
6.596700000000005559e+01,5.000000000000000000e-01
6.596800000000004616e+01,5.000000000000000000e-01
6.596900000000005093e+01,5.000000000000000000e-01
6.597000000000005571e+01,5.000000000000000000e-01
6.597100000000004627e+01,5.000000000000000000e-01
6.597200000000005105e+01,5.000000000000000000e-01
6.597300000000005582e+01,5.000000000000000000e-01
6.597400000000004638e+01,5.000000000000000000e-01
6.597500000000005116e+01,5.000000000000000000e-01
6.597600000000005593e+01,5.000000000000000000e-01
6.597700000000004650e+01,5.000000000000000000e-01
6.597800000000005127e+01,5.000000000000000000e-01
6.597900000000005605e+01,5.000000000000000000e-01
6.598000000000004661e+01,5.000000000000000000e-01
6.598100000000005139e+01,5.000000000000000000e-01
6.598200000000005616e+01,5.000000000000000000e-01
6.598300000000004673e+01,5.000000000000000000e-01
6.598400000000005150e+01,5.000000000000000000e-01
6.598500000000005627e+01,5.000000000000000000e-01
6.598600000000004684e+01,5.000000000000000000e-01
6.598700000000005161e+01,5.000000000000000000e-01
6.598800000000005639e+01,5.000000000000000000e-01
6.598900000000004695e+01,5.000000000000000000e-01
6.599000000000005173e+01,5.000000000000000000e-01
6.599100000000005650e+01,5.000000000000000000e-01
6.599200000000004707e+01,5.000000000000000000e-01
6.599300000000005184e+01,5.000000000000000000e-01
6.599400000000005662e+01,5.000000000000000000e-01
6.599500000000004718e+01,5.000000000000000000e-01
6.599600000000005195e+01,5.000000000000000000e-01
6.599700000000005673e+01,5.000000000000000000e-01
6.599800000000004729e+01,5.000000000000000000e-01
6.599900000000005207e+01,5.000000000000000000e-01
6.600000000000005684e+01,5.000000000000000000e-01
6.600100000000004741e+01,5.000000000000000000e-01
6.600200000000005218e+01,5.000000000000000000e-01
6.600300000000005696e+01,5.000000000000000000e-01
6.600400000000004752e+01,5.000000000000000000e-01
6.600500000000005230e+01,5.000000000000000000e-01
6.600600000000005707e+01,5.000000000000000000e-01
6.600700000000004763e+01,5.000000000000000000e-01
6.600800000000005241e+01,5.000000000000000000e-01
6.600900000000005718e+01,5.000000000000000000e-01
6.601000000000004775e+01,5.000000000000000000e-01
6.601100000000005252e+01,5.000000000000000000e-01
6.601200000000005730e+01,5.000000000000000000e-01
6.601300000000004786e+01,5.000000000000000000e-01
6.601400000000005264e+01,5.000000000000000000e-01
6.601500000000005741e+01,5.000000000000000000e-01
6.601600000000004798e+01,5.000000000000000000e-01
6.601700000000005275e+01,5.000000000000000000e-01
6.601800000000005753e+01,5.000000000000000000e-01
6.601900000000004809e+01,5.000000000000000000e-01
6.602000000000005286e+01,5.000000000000000000e-01
6.602100000000005764e+01,5.000000000000000000e-01
6.602200000000004820e+01,5.000000000000000000e-01
6.602300000000005298e+01,5.000000000000000000e-01
6.602400000000005775e+01,5.000000000000000000e-01
6.602500000000004832e+01,5.000000000000000000e-01
6.602600000000005309e+01,5.000000000000000000e-01
6.602700000000005787e+01,5.000000000000000000e-01
6.602800000000004843e+01,5.000000000000000000e-01
6.602900000000005321e+01,5.000000000000000000e-01
6.603000000000005798e+01,5.000000000000000000e-01
6.603100000000004854e+01,5.000000000000000000e-01
6.603200000000005332e+01,5.000000000000000000e-01
6.603300000000005809e+01,5.000000000000000000e-01
6.603400000000004866e+01,5.000000000000000000e-01
6.603500000000005343e+01,5.000000000000000000e-01
6.603600000000005821e+01,5.000000000000000000e-01
6.603700000000004877e+01,5.000000000000000000e-01
6.603800000000005355e+01,5.000000000000000000e-01
6.603900000000005832e+01,5.000000000000000000e-01
6.604000000000004889e+01,5.000000000000000000e-01
6.604100000000005366e+01,5.000000000000000000e-01
6.604200000000005844e+01,5.000000000000000000e-01
6.604300000000004900e+01,5.000000000000000000e-01
6.604400000000005377e+01,5.000000000000000000e-01
6.604500000000005855e+01,5.000000000000000000e-01
6.604600000000004911e+01,5.000000000000000000e-01
6.604700000000005389e+01,5.000000000000000000e-01
6.604800000000005866e+01,5.000000000000000000e-01
6.604900000000004923e+01,5.000000000000000000e-01
6.605000000000005400e+01,5.000000000000000000e-01
6.605100000000005878e+01,5.000000000000000000e-01
6.605200000000004934e+01,5.000000000000000000e-01
6.605300000000005411e+01,5.000000000000000000e-01
6.605400000000005889e+01,5.000000000000000000e-01
6.605500000000004945e+01,5.000000000000000000e-01
6.605600000000005423e+01,5.000000000000000000e-01
6.605700000000005900e+01,5.000000000000000000e-01
6.605800000000004957e+01,5.000000000000000000e-01
6.605900000000005434e+01,5.000000000000000000e-01
6.606000000000005912e+01,5.000000000000000000e-01
6.606100000000004968e+01,5.000000000000000000e-01
6.606200000000005446e+01,5.000000000000000000e-01
6.606300000000005923e+01,5.000000000000000000e-01
6.606400000000004979e+01,5.000000000000000000e-01
6.606500000000005457e+01,5.000000000000000000e-01
6.606600000000005934e+01,5.000000000000000000e-01
6.606700000000004991e+01,5.000000000000000000e-01
6.606800000000005468e+01,5.000000000000000000e-01
6.606900000000005946e+01,5.000000000000000000e-01
6.607000000000005002e+01,5.000000000000000000e-01
6.607100000000005480e+01,5.000000000000000000e-01
6.607200000000005957e+01,5.000000000000000000e-01
6.607300000000005014e+01,5.000000000000000000e-01
6.607400000000005491e+01,5.000000000000000000e-01
6.607500000000005969e+01,5.000000000000000000e-01
6.607600000000005025e+01,5.000000000000000000e-01
6.607700000000005502e+01,5.000000000000000000e-01
6.607800000000005980e+01,5.000000000000000000e-01
6.607900000000005036e+01,5.000000000000000000e-01
6.608000000000005514e+01,5.000000000000000000e-01
6.608100000000005991e+01,5.000000000000000000e-01
6.608200000000005048e+01,5.000000000000000000e-01
6.608300000000005525e+01,5.000000000000000000e-01
6.608400000000006003e+01,5.000000000000000000e-01
6.608500000000005059e+01,5.000000000000000000e-01
6.608600000000005537e+01,5.000000000000000000e-01
6.608700000000006014e+01,5.000000000000000000e-01
6.608800000000005070e+01,5.000000000000000000e-01
6.608900000000005548e+01,5.000000000000000000e-01
6.609000000000006025e+01,5.000000000000000000e-01
6.609100000000005082e+01,5.000000000000000000e-01
6.609200000000005559e+01,5.000000000000000000e-01
6.609300000000004616e+01,5.000000000000000000e-01
6.609400000000005093e+01,5.000000000000000000e-01
6.609500000000005571e+01,5.000000000000000000e-01
6.609600000000004627e+01,5.000000000000000000e-01
6.609700000000005105e+01,5.000000000000000000e-01
6.609800000000005582e+01,5.000000000000000000e-01
6.609900000000004638e+01,5.000000000000000000e-01
6.610000000000005116e+01,5.000000000000000000e-01
6.610100000000005593e+01,5.000000000000000000e-01
6.610200000000004650e+01,5.000000000000000000e-01
6.610300000000005127e+01,5.000000000000000000e-01
6.610400000000005605e+01,5.000000000000000000e-01
6.610500000000004661e+01,5.000000000000000000e-01
6.610600000000005139e+01,5.000000000000000000e-01
6.610700000000005616e+01,5.000000000000000000e-01
6.610800000000004673e+01,5.000000000000000000e-01
6.610900000000005150e+01,5.000000000000000000e-01
6.611000000000005627e+01,5.000000000000000000e-01
6.611100000000004684e+01,5.000000000000000000e-01
6.611200000000005161e+01,5.000000000000000000e-01
6.611300000000005639e+01,5.000000000000000000e-01
6.611400000000004695e+01,5.000000000000000000e-01
6.611500000000005173e+01,5.000000000000000000e-01
6.611600000000005650e+01,5.000000000000000000e-01
6.611700000000004707e+01,5.000000000000000000e-01
6.611800000000005184e+01,5.000000000000000000e-01
6.611900000000005662e+01,5.000000000000000000e-01
6.612000000000004718e+01,5.000000000000000000e-01
6.612100000000005195e+01,5.000000000000000000e-01
6.612200000000005673e+01,5.000000000000000000e-01
6.612300000000004729e+01,5.000000000000000000e-01
6.612400000000005207e+01,5.000000000000000000e-01
6.612500000000005684e+01,5.000000000000000000e-01
6.612600000000004741e+01,5.000000000000000000e-01
6.612700000000005218e+01,5.000000000000000000e-01
6.612800000000005696e+01,5.000000000000000000e-01
6.612900000000004752e+01,5.000000000000000000e-01
6.613000000000005230e+01,5.000000000000000000e-01
6.613100000000005707e+01,5.000000000000000000e-01
6.613200000000004763e+01,5.000000000000000000e-01
6.613300000000005241e+01,5.000000000000000000e-01
6.613400000000005718e+01,5.000000000000000000e-01
6.613500000000004775e+01,5.000000000000000000e-01
6.613600000000005252e+01,5.000000000000000000e-01
6.613700000000005730e+01,5.000000000000000000e-01
6.613800000000004786e+01,5.000000000000000000e-01
6.613900000000005264e+01,5.000000000000000000e-01
6.614000000000005741e+01,5.000000000000000000e-01
6.614100000000004798e+01,5.000000000000000000e-01
6.614200000000005275e+01,5.000000000000000000e-01
6.614300000000005753e+01,5.000000000000000000e-01
6.614400000000004809e+01,5.000000000000000000e-01
6.614500000000005286e+01,5.000000000000000000e-01
6.614600000000005764e+01,5.000000000000000000e-01
6.614700000000004820e+01,5.000000000000000000e-01
6.614800000000005298e+01,5.000000000000000000e-01
6.614900000000005775e+01,5.000000000000000000e-01
6.615000000000004832e+01,5.000000000000000000e-01
6.615100000000005309e+01,5.000000000000000000e-01
6.615200000000005787e+01,5.000000000000000000e-01
6.615300000000004843e+01,5.000000000000000000e-01
6.615400000000005321e+01,5.000000000000000000e-01
6.615500000000005798e+01,5.000000000000000000e-01
6.615600000000004854e+01,5.000000000000000000e-01
6.615700000000005332e+01,5.000000000000000000e-01
6.615800000000005809e+01,5.000000000000000000e-01
6.615900000000004866e+01,5.000000000000000000e-01
6.616000000000005343e+01,5.000000000000000000e-01
6.616100000000005821e+01,5.000000000000000000e-01
6.616200000000004877e+01,5.000000000000000000e-01
6.616300000000005355e+01,5.000000000000000000e-01
6.616400000000005832e+01,5.000000000000000000e-01
6.616500000000004889e+01,5.000000000000000000e-01
6.616600000000005366e+01,5.000000000000000000e-01
6.616700000000005844e+01,5.000000000000000000e-01
6.616800000000004900e+01,5.000000000000000000e-01
6.616900000000005377e+01,5.000000000000000000e-01
6.617000000000005855e+01,5.000000000000000000e-01
6.617100000000004911e+01,5.000000000000000000e-01
6.617200000000005389e+01,5.000000000000000000e-01
6.617300000000005866e+01,5.000000000000000000e-01
6.617400000000004923e+01,5.000000000000000000e-01
6.617500000000005400e+01,5.000000000000000000e-01
6.617600000000005878e+01,5.000000000000000000e-01
6.617700000000004934e+01,5.000000000000000000e-01
6.617800000000005411e+01,5.000000000000000000e-01
6.617900000000005889e+01,5.000000000000000000e-01
6.618000000000004945e+01,5.000000000000000000e-01
6.618100000000005423e+01,5.000000000000000000e-01
6.618200000000005900e+01,5.000000000000000000e-01
6.618300000000004957e+01,5.000000000000000000e-01
6.618400000000005434e+01,5.000000000000000000e-01
6.618500000000005912e+01,5.000000000000000000e-01
6.618600000000004968e+01,5.000000000000000000e-01
6.618700000000005446e+01,5.000000000000000000e-01
6.618800000000005923e+01,5.000000000000000000e-01
6.618900000000004979e+01,5.000000000000000000e-01
6.619000000000005457e+01,5.000000000000000000e-01
6.619100000000005934e+01,5.000000000000000000e-01
6.619200000000004991e+01,5.000000000000000000e-01
6.619300000000005468e+01,5.000000000000000000e-01
6.619400000000005946e+01,5.000000000000000000e-01
6.619500000000005002e+01,5.000000000000000000e-01
6.619600000000005480e+01,5.000000000000000000e-01
6.619700000000005957e+01,5.000000000000000000e-01
6.619800000000005014e+01,5.000000000000000000e-01
6.619900000000005491e+01,5.000000000000000000e-01
6.620000000000005969e+01,5.000000000000000000e-01
6.620100000000005025e+01,5.000000000000000000e-01
6.620200000000005502e+01,5.000000000000000000e-01
6.620300000000005980e+01,5.000000000000000000e-01
6.620400000000005036e+01,5.000000000000000000e-01
6.620500000000005514e+01,5.000000000000000000e-01
6.620600000000005991e+01,5.000000000000000000e-01
6.620700000000005048e+01,5.000000000000000000e-01
6.620800000000005525e+01,5.000000000000000000e-01
6.620900000000006003e+01,5.000000000000000000e-01
6.621000000000005059e+01,5.000000000000000000e-01
6.621100000000005537e+01,5.000000000000000000e-01
6.621200000000006014e+01,5.000000000000000000e-01
6.621300000000005070e+01,5.000000000000000000e-01
6.621400000000005548e+01,5.000000000000000000e-01
6.621500000000006025e+01,5.000000000000000000e-01
6.621600000000005082e+01,5.000000000000000000e-01
6.621700000000005559e+01,5.000000000000000000e-01
6.621800000000006037e+01,5.000000000000000000e-01
6.621900000000005093e+01,5.000000000000000000e-01
6.622000000000005571e+01,5.000000000000000000e-01
6.622100000000006048e+01,5.000000000000000000e-01
6.622200000000005105e+01,5.000000000000000000e-01
6.622300000000005582e+01,5.000000000000000000e-01
6.622400000000004638e+01,5.000000000000000000e-01
6.622500000000005116e+01,5.000000000000000000e-01
6.622600000000005593e+01,5.000000000000000000e-01
6.622700000000004650e+01,5.000000000000000000e-01
6.622800000000005127e+01,5.000000000000000000e-01
6.622900000000005605e+01,5.000000000000000000e-01
6.623000000000004661e+01,5.000000000000000000e-01
6.623100000000005139e+01,5.000000000000000000e-01
6.623200000000005616e+01,5.000000000000000000e-01
6.623300000000004673e+01,5.000000000000000000e-01
6.623400000000005150e+01,5.000000000000000000e-01
6.623500000000005627e+01,5.000000000000000000e-01
6.623600000000004684e+01,5.000000000000000000e-01
6.623700000000005161e+01,5.000000000000000000e-01
6.623800000000005639e+01,5.000000000000000000e-01
6.623900000000004695e+01,5.000000000000000000e-01
6.624000000000005173e+01,5.000000000000000000e-01
6.624100000000005650e+01,5.000000000000000000e-01
6.624200000000004707e+01,5.000000000000000000e-01
6.624300000000005184e+01,5.000000000000000000e-01
6.624400000000005662e+01,5.000000000000000000e-01
6.624500000000004718e+01,5.000000000000000000e-01
6.624600000000005195e+01,5.000000000000000000e-01
6.624700000000005673e+01,5.000000000000000000e-01
6.624800000000004729e+01,5.000000000000000000e-01
6.624900000000005207e+01,5.000000000000000000e-01
6.625000000000005684e+01,5.000000000000000000e-01
6.625100000000004741e+01,5.000000000000000000e-01
6.625200000000005218e+01,5.000000000000000000e-01
6.625300000000005696e+01,5.000000000000000000e-01
6.625400000000004752e+01,5.000000000000000000e-01
6.625500000000005230e+01,5.000000000000000000e-01
6.625600000000005707e+01,5.000000000000000000e-01
6.625700000000004763e+01,5.000000000000000000e-01
6.625800000000005241e+01,5.000000000000000000e-01
6.625900000000005718e+01,5.000000000000000000e-01
6.626000000000004775e+01,5.000000000000000000e-01
6.626100000000005252e+01,5.000000000000000000e-01
6.626200000000005730e+01,5.000000000000000000e-01
6.626300000000004786e+01,5.000000000000000000e-01
6.626400000000005264e+01,5.000000000000000000e-01
6.626500000000005741e+01,5.000000000000000000e-01
6.626600000000004798e+01,5.000000000000000000e-01
6.626700000000005275e+01,5.000000000000000000e-01
6.626800000000005753e+01,5.000000000000000000e-01
6.626900000000004809e+01,5.000000000000000000e-01
6.627000000000005286e+01,5.000000000000000000e-01
6.627100000000005764e+01,5.000000000000000000e-01
6.627200000000004820e+01,5.000000000000000000e-01
6.627300000000005298e+01,5.000000000000000000e-01
6.627400000000005775e+01,5.000000000000000000e-01
6.627500000000004832e+01,5.000000000000000000e-01
6.627600000000005309e+01,5.000000000000000000e-01
6.627700000000005787e+01,5.000000000000000000e-01
6.627800000000004843e+01,5.000000000000000000e-01
6.627900000000005321e+01,5.000000000000000000e-01
6.628000000000005798e+01,5.000000000000000000e-01
6.628100000000004854e+01,5.000000000000000000e-01
6.628200000000005332e+01,5.000000000000000000e-01
6.628300000000005809e+01,5.000000000000000000e-01
6.628400000000004866e+01,5.000000000000000000e-01
6.628500000000005343e+01,5.000000000000000000e-01
6.628600000000005821e+01,5.000000000000000000e-01
6.628700000000004877e+01,5.000000000000000000e-01
6.628800000000005355e+01,5.000000000000000000e-01
6.628900000000005832e+01,5.000000000000000000e-01
6.629000000000004889e+01,5.000000000000000000e-01
6.629100000000005366e+01,5.000000000000000000e-01
6.629200000000005844e+01,5.000000000000000000e-01
6.629300000000004900e+01,5.000000000000000000e-01
6.629400000000005377e+01,5.000000000000000000e-01
6.629500000000005855e+01,5.000000000000000000e-01
6.629600000000004911e+01,5.000000000000000000e-01
6.629700000000005389e+01,5.000000000000000000e-01
6.629800000000005866e+01,5.000000000000000000e-01
6.629900000000004923e+01,5.000000000000000000e-01
6.630000000000005400e+01,5.000000000000000000e-01
6.630100000000005878e+01,5.000000000000000000e-01
6.630200000000004934e+01,5.000000000000000000e-01
6.630300000000005411e+01,5.000000000000000000e-01
6.630400000000005889e+01,5.000000000000000000e-01
6.630500000000004945e+01,5.000000000000000000e-01
6.630600000000005423e+01,5.000000000000000000e-01
6.630700000000005900e+01,5.000000000000000000e-01
6.630800000000004957e+01,5.000000000000000000e-01
6.630900000000005434e+01,5.000000000000000000e-01
6.631000000000005912e+01,5.000000000000000000e-01
6.631100000000004968e+01,5.000000000000000000e-01
6.631200000000005446e+01,5.000000000000000000e-01
6.631300000000005923e+01,5.000000000000000000e-01
6.631400000000004979e+01,5.000000000000000000e-01
6.631500000000005457e+01,5.000000000000000000e-01
6.631600000000005934e+01,5.000000000000000000e-01
6.631700000000004991e+01,5.000000000000000000e-01
6.631800000000005468e+01,5.000000000000000000e-01
6.631900000000005946e+01,5.000000000000000000e-01
6.632000000000005002e+01,5.000000000000000000e-01
6.632100000000005480e+01,5.000000000000000000e-01
6.632200000000005957e+01,5.000000000000000000e-01
6.632300000000005014e+01,5.000000000000000000e-01
6.632400000000005491e+01,5.000000000000000000e-01
6.632500000000005969e+01,5.000000000000000000e-01
6.632600000000005025e+01,5.000000000000000000e-01
6.632700000000005502e+01,5.000000000000000000e-01
6.632800000000005980e+01,5.000000000000000000e-01
6.632900000000005036e+01,5.000000000000000000e-01
6.633000000000005514e+01,5.000000000000000000e-01
6.633100000000005991e+01,5.000000000000000000e-01
6.633200000000005048e+01,5.000000000000000000e-01
6.633300000000005525e+01,5.000000000000000000e-01
6.633400000000006003e+01,5.000000000000000000e-01
6.633500000000005059e+01,5.000000000000000000e-01
6.633600000000005537e+01,5.000000000000000000e-01
6.633700000000006014e+01,5.000000000000000000e-01
6.633800000000005070e+01,5.000000000000000000e-01
6.633900000000005548e+01,5.000000000000000000e-01
6.634000000000006025e+01,5.000000000000000000e-01
6.634100000000005082e+01,5.000000000000000000e-01
6.634200000000005559e+01,5.000000000000000000e-01
6.634300000000006037e+01,5.000000000000000000e-01
6.634400000000005093e+01,5.000000000000000000e-01
6.634500000000005571e+01,5.000000000000000000e-01
6.634600000000006048e+01,5.000000000000000000e-01
6.634700000000005105e+01,5.000000000000000000e-01
6.634800000000005582e+01,5.000000000000000000e-01
6.634900000000004638e+01,5.000000000000000000e-01
6.635000000000005116e+01,5.000000000000000000e-01
6.635100000000005593e+01,5.000000000000000000e-01
6.635200000000004650e+01,5.000000000000000000e-01
6.635300000000005127e+01,5.000000000000000000e-01
6.635400000000005605e+01,5.000000000000000000e-01
6.635500000000004661e+01,5.000000000000000000e-01
6.635600000000005139e+01,5.000000000000000000e-01
6.635700000000005616e+01,5.000000000000000000e-01
6.635800000000004673e+01,5.000000000000000000e-01
6.635900000000005150e+01,5.000000000000000000e-01
6.636000000000005627e+01,5.000000000000000000e-01
6.636100000000004684e+01,5.000000000000000000e-01
6.636200000000005161e+01,5.000000000000000000e-01
6.636300000000005639e+01,5.000000000000000000e-01
6.636400000000004695e+01,5.000000000000000000e-01
6.636500000000005173e+01,5.000000000000000000e-01
6.636600000000005650e+01,5.000000000000000000e-01
6.636700000000004707e+01,5.000000000000000000e-01
6.636800000000005184e+01,5.000000000000000000e-01
6.636900000000005662e+01,5.000000000000000000e-01
6.637000000000004718e+01,5.000000000000000000e-01
6.637100000000005195e+01,5.000000000000000000e-01
6.637200000000005673e+01,5.000000000000000000e-01
6.637300000000004729e+01,5.000000000000000000e-01
6.637400000000005207e+01,5.000000000000000000e-01
6.637500000000005684e+01,5.000000000000000000e-01
6.637600000000004741e+01,5.000000000000000000e-01
6.637700000000005218e+01,5.000000000000000000e-01
6.637800000000005696e+01,5.000000000000000000e-01
6.637900000000004752e+01,5.000000000000000000e-01
6.638000000000005230e+01,5.000000000000000000e-01
6.638100000000005707e+01,5.000000000000000000e-01
6.638200000000004763e+01,5.000000000000000000e-01
6.638300000000005241e+01,5.000000000000000000e-01
6.638400000000005718e+01,5.000000000000000000e-01
6.638500000000004775e+01,5.000000000000000000e-01
6.638600000000005252e+01,5.000000000000000000e-01
6.638700000000005730e+01,5.000000000000000000e-01
6.638800000000004786e+01,5.000000000000000000e-01
6.638900000000005264e+01,5.000000000000000000e-01
6.639000000000005741e+01,5.000000000000000000e-01
6.639100000000004798e+01,5.000000000000000000e-01
6.639200000000005275e+01,5.000000000000000000e-01
6.639300000000005753e+01,5.000000000000000000e-01
6.639400000000004809e+01,5.000000000000000000e-01
6.639500000000005286e+01,5.000000000000000000e-01
6.639600000000005764e+01,5.000000000000000000e-01
6.639700000000004820e+01,5.000000000000000000e-01
6.639800000000005298e+01,5.000000000000000000e-01
6.639900000000005775e+01,5.000000000000000000e-01
6.640000000000004832e+01,5.000000000000000000e-01
6.640100000000005309e+01,5.000000000000000000e-01
6.640200000000005787e+01,5.000000000000000000e-01
6.640300000000004843e+01,5.000000000000000000e-01
6.640400000000005321e+01,5.000000000000000000e-01
6.640500000000005798e+01,5.000000000000000000e-01
6.640600000000004854e+01,5.000000000000000000e-01
6.640700000000005332e+01,5.000000000000000000e-01
6.640800000000005809e+01,5.000000000000000000e-01
6.640900000000004866e+01,5.000000000000000000e-01
6.641000000000005343e+01,5.000000000000000000e-01
6.641100000000005821e+01,5.000000000000000000e-01
6.641200000000004877e+01,5.000000000000000000e-01
6.641300000000005355e+01,5.000000000000000000e-01
6.641400000000005832e+01,5.000000000000000000e-01
6.641500000000004889e+01,5.000000000000000000e-01
6.641600000000005366e+01,5.000000000000000000e-01
6.641700000000005844e+01,5.000000000000000000e-01
6.641800000000004900e+01,5.000000000000000000e-01
6.641900000000005377e+01,5.000000000000000000e-01
6.642000000000005855e+01,5.000000000000000000e-01
6.642100000000004911e+01,5.000000000000000000e-01
6.642200000000005389e+01,5.000000000000000000e-01
6.642300000000005866e+01,5.000000000000000000e-01
6.642400000000004923e+01,5.000000000000000000e-01
6.642500000000005400e+01,5.000000000000000000e-01
6.642600000000005878e+01,5.000000000000000000e-01
6.642700000000004934e+01,5.000000000000000000e-01
6.642800000000005411e+01,5.000000000000000000e-01
6.642900000000005889e+01,5.000000000000000000e-01
6.643000000000004945e+01,5.000000000000000000e-01
6.643100000000005423e+01,5.000000000000000000e-01
6.643200000000005900e+01,5.000000000000000000e-01
6.643300000000004957e+01,5.000000000000000000e-01
6.643400000000005434e+01,5.000000000000000000e-01
6.643500000000005912e+01,5.000000000000000000e-01
6.643600000000004968e+01,5.000000000000000000e-01
6.643700000000005446e+01,5.000000000000000000e-01
6.643800000000005923e+01,5.000000000000000000e-01
6.643900000000004979e+01,5.000000000000000000e-01
6.644000000000005457e+01,5.000000000000000000e-01
6.644100000000005934e+01,5.000000000000000000e-01
6.644200000000004991e+01,5.000000000000000000e-01
6.644300000000005468e+01,5.000000000000000000e-01
6.644400000000005946e+01,5.000000000000000000e-01
6.644500000000005002e+01,5.000000000000000000e-01
6.644600000000005480e+01,5.000000000000000000e-01
6.644700000000005957e+01,5.000000000000000000e-01
6.644800000000005014e+01,5.000000000000000000e-01
6.644900000000005491e+01,5.000000000000000000e-01
6.645000000000005969e+01,5.000000000000000000e-01
6.645100000000005025e+01,5.000000000000000000e-01
6.645200000000005502e+01,5.000000000000000000e-01
6.645300000000005980e+01,5.000000000000000000e-01
6.645400000000005036e+01,5.000000000000000000e-01
6.645500000000005514e+01,5.000000000000000000e-01
6.645600000000005991e+01,5.000000000000000000e-01
6.645700000000005048e+01,5.000000000000000000e-01
6.645800000000005525e+01,5.000000000000000000e-01
6.645900000000006003e+01,5.000000000000000000e-01
6.646000000000005059e+01,5.000000000000000000e-01
6.646100000000005537e+01,5.000000000000000000e-01
6.646200000000006014e+01,5.000000000000000000e-01
6.646300000000005070e+01,5.000000000000000000e-01
6.646400000000005548e+01,5.000000000000000000e-01
6.646500000000006025e+01,5.000000000000000000e-01
6.646600000000005082e+01,5.000000000000000000e-01
6.646700000000005559e+01,5.000000000000000000e-01
6.646800000000006037e+01,5.000000000000000000e-01
6.646900000000005093e+01,5.000000000000000000e-01
6.647000000000005571e+01,5.000000000000000000e-01
6.647100000000006048e+01,5.000000000000000000e-01
6.647200000000005105e+01,5.000000000000000000e-01
6.647300000000005582e+01,5.000000000000000000e-01
6.647400000000006060e+01,5.000000000000000000e-01
6.647500000000005116e+01,5.000000000000000000e-01
6.647600000000005593e+01,5.000000000000000000e-01
6.647700000000006071e+01,5.000000000000000000e-01
6.647800000000005127e+01,5.000000000000000000e-01
6.647900000000005605e+01,5.000000000000000000e-01
6.648000000000004661e+01,5.000000000000000000e-01
6.648100000000005139e+01,5.000000000000000000e-01
6.648200000000005616e+01,5.000000000000000000e-01
6.648300000000004673e+01,5.000000000000000000e-01
6.648400000000005150e+01,5.000000000000000000e-01
6.648500000000005627e+01,5.000000000000000000e-01
6.648600000000004684e+01,5.000000000000000000e-01
6.648700000000005161e+01,5.000000000000000000e-01
6.648800000000005639e+01,5.000000000000000000e-01
6.648900000000004695e+01,5.000000000000000000e-01
6.649000000000005173e+01,5.000000000000000000e-01
6.649100000000005650e+01,5.000000000000000000e-01
6.649200000000004707e+01,5.000000000000000000e-01
6.649300000000005184e+01,5.000000000000000000e-01
6.649400000000005662e+01,5.000000000000000000e-01
6.649500000000004718e+01,5.000000000000000000e-01
6.649600000000005195e+01,5.000000000000000000e-01
6.649700000000005673e+01,5.000000000000000000e-01
6.649800000000004729e+01,5.000000000000000000e-01
6.649900000000005207e+01,5.000000000000000000e-01
6.650000000000005684e+01,5.000000000000000000e-01
6.650100000000004741e+01,5.000000000000000000e-01
6.650200000000005218e+01,5.000000000000000000e-01
6.650300000000005696e+01,5.000000000000000000e-01
6.650400000000004752e+01,5.000000000000000000e-01
6.650500000000005230e+01,5.000000000000000000e-01
6.650600000000005707e+01,5.000000000000000000e-01
6.650700000000004763e+01,5.000000000000000000e-01
6.650800000000005241e+01,5.000000000000000000e-01
6.650900000000005718e+01,5.000000000000000000e-01
6.651000000000004775e+01,5.000000000000000000e-01
6.651100000000005252e+01,5.000000000000000000e-01
6.651200000000005730e+01,5.000000000000000000e-01
6.651300000000004786e+01,5.000000000000000000e-01
6.651400000000005264e+01,5.000000000000000000e-01
6.651500000000005741e+01,5.000000000000000000e-01
6.651600000000004798e+01,5.000000000000000000e-01
6.651700000000005275e+01,5.000000000000000000e-01
6.651800000000005753e+01,5.000000000000000000e-01
6.651900000000004809e+01,5.000000000000000000e-01
6.652000000000005286e+01,5.000000000000000000e-01
6.652100000000005764e+01,5.000000000000000000e-01
6.652200000000004820e+01,5.000000000000000000e-01
6.652300000000005298e+01,5.000000000000000000e-01
6.652400000000005775e+01,5.000000000000000000e-01
6.652500000000004832e+01,5.000000000000000000e-01
6.652600000000005309e+01,5.000000000000000000e-01
6.652700000000005787e+01,5.000000000000000000e-01
6.652800000000004843e+01,5.000000000000000000e-01
6.652900000000005321e+01,5.000000000000000000e-01
6.653000000000005798e+01,5.000000000000000000e-01
6.653100000000004854e+01,5.000000000000000000e-01
6.653200000000005332e+01,5.000000000000000000e-01
6.653300000000005809e+01,5.000000000000000000e-01
6.653400000000004866e+01,5.000000000000000000e-01
6.653500000000005343e+01,5.000000000000000000e-01
6.653600000000005821e+01,5.000000000000000000e-01
6.653700000000004877e+01,5.000000000000000000e-01
6.653800000000005355e+01,5.000000000000000000e-01
6.653900000000005832e+01,5.000000000000000000e-01
6.654000000000004889e+01,5.000000000000000000e-01
6.654100000000005366e+01,5.000000000000000000e-01
6.654200000000005844e+01,5.000000000000000000e-01
6.654300000000004900e+01,5.000000000000000000e-01
6.654400000000005377e+01,5.000000000000000000e-01
6.654500000000005855e+01,5.000000000000000000e-01
6.654600000000004911e+01,5.000000000000000000e-01
6.654700000000005389e+01,5.000000000000000000e-01
6.654800000000005866e+01,5.000000000000000000e-01
6.654900000000004923e+01,5.000000000000000000e-01
6.655000000000005400e+01,5.000000000000000000e-01
6.655100000000005878e+01,5.000000000000000000e-01
6.655200000000004934e+01,5.000000000000000000e-01
6.655300000000005411e+01,5.000000000000000000e-01
6.655400000000005889e+01,5.000000000000000000e-01
6.655500000000004945e+01,5.000000000000000000e-01
6.655600000000005423e+01,5.000000000000000000e-01
6.655700000000005900e+01,5.000000000000000000e-01
6.655800000000004957e+01,5.000000000000000000e-01
6.655900000000005434e+01,5.000000000000000000e-01
6.656000000000005912e+01,5.000000000000000000e-01
6.656100000000004968e+01,5.000000000000000000e-01
6.656200000000005446e+01,5.000000000000000000e-01
6.656300000000005923e+01,5.000000000000000000e-01
6.656400000000004979e+01,5.000000000000000000e-01
6.656500000000005457e+01,5.000000000000000000e-01
6.656600000000005934e+01,5.000000000000000000e-01
6.656700000000004991e+01,5.000000000000000000e-01
6.656800000000005468e+01,5.000000000000000000e-01
6.656900000000005946e+01,5.000000000000000000e-01
6.657000000000005002e+01,5.000000000000000000e-01
6.657100000000005480e+01,5.000000000000000000e-01
6.657200000000005957e+01,5.000000000000000000e-01
6.657300000000005014e+01,5.000000000000000000e-01
6.657400000000005491e+01,5.000000000000000000e-01
6.657500000000005969e+01,5.000000000000000000e-01
6.657600000000005025e+01,5.000000000000000000e-01
6.657700000000005502e+01,5.000000000000000000e-01
6.657800000000005980e+01,5.000000000000000000e-01
6.657900000000005036e+01,5.000000000000000000e-01
6.658000000000005514e+01,5.000000000000000000e-01
6.658100000000005991e+01,5.000000000000000000e-01
6.658200000000005048e+01,5.000000000000000000e-01
6.658300000000005525e+01,5.000000000000000000e-01
6.658400000000006003e+01,5.000000000000000000e-01
6.658500000000005059e+01,5.000000000000000000e-01
6.658600000000005537e+01,5.000000000000000000e-01
6.658700000000006014e+01,5.000000000000000000e-01
6.658800000000005070e+01,5.000000000000000000e-01
6.658900000000005548e+01,5.000000000000000000e-01
6.659000000000006025e+01,5.000000000000000000e-01
6.659100000000005082e+01,5.000000000000000000e-01
6.659200000000005559e+01,5.000000000000000000e-01
6.659300000000006037e+01,5.000000000000000000e-01
6.659400000000005093e+01,5.000000000000000000e-01
6.659500000000005571e+01,5.000000000000000000e-01
6.659600000000006048e+01,5.000000000000000000e-01
6.659700000000005105e+01,5.000000000000000000e-01
6.659800000000005582e+01,5.000000000000000000e-01
6.659900000000006060e+01,5.000000000000000000e-01
6.660000000000005116e+01,5.000000000000000000e-01
6.660100000000005593e+01,5.000000000000000000e-01
6.660200000000006071e+01,5.000000000000000000e-01
6.660300000000005127e+01,5.000000000000000000e-01
6.660400000000005605e+01,5.000000000000000000e-01
6.660500000000004661e+01,5.000000000000000000e-01
6.660600000000005139e+01,5.000000000000000000e-01
6.660700000000005616e+01,5.000000000000000000e-01
6.660800000000004673e+01,5.000000000000000000e-01
6.660900000000005150e+01,5.000000000000000000e-01
6.661000000000005627e+01,5.000000000000000000e-01
6.661100000000004684e+01,5.000000000000000000e-01
6.661200000000005161e+01,5.000000000000000000e-01
6.661300000000005639e+01,5.000000000000000000e-01
6.661400000000004695e+01,5.000000000000000000e-01
6.661500000000005173e+01,5.000000000000000000e-01
6.661600000000005650e+01,5.000000000000000000e-01
6.661700000000004707e+01,5.000000000000000000e-01
6.661800000000005184e+01,5.000000000000000000e-01
6.661900000000005662e+01,5.000000000000000000e-01
6.662000000000004718e+01,5.000000000000000000e-01
6.662100000000005195e+01,5.000000000000000000e-01
6.662200000000005673e+01,5.000000000000000000e-01
6.662300000000004729e+01,5.000000000000000000e-01
6.662400000000005207e+01,5.000000000000000000e-01
6.662500000000005684e+01,5.000000000000000000e-01
6.662600000000004741e+01,5.000000000000000000e-01
6.662700000000005218e+01,5.000000000000000000e-01
6.662800000000005696e+01,5.000000000000000000e-01
6.662900000000004752e+01,5.000000000000000000e-01
6.663000000000005230e+01,5.000000000000000000e-01
6.663100000000005707e+01,5.000000000000000000e-01
6.663200000000004763e+01,5.000000000000000000e-01
6.663300000000005241e+01,5.000000000000000000e-01
6.663400000000005718e+01,5.000000000000000000e-01
6.663500000000004775e+01,5.000000000000000000e-01
6.663600000000005252e+01,5.000000000000000000e-01
6.663700000000005730e+01,5.000000000000000000e-01
6.663800000000004786e+01,5.000000000000000000e-01
6.663900000000005264e+01,5.000000000000000000e-01
6.664000000000005741e+01,5.000000000000000000e-01
6.664100000000004798e+01,5.000000000000000000e-01
6.664200000000005275e+01,5.000000000000000000e-01
6.664300000000005753e+01,5.000000000000000000e-01
6.664400000000004809e+01,5.000000000000000000e-01
6.664500000000005286e+01,5.000000000000000000e-01
6.664600000000005764e+01,5.000000000000000000e-01
6.664700000000004820e+01,5.000000000000000000e-01
6.664800000000005298e+01,5.000000000000000000e-01
6.664900000000005775e+01,5.000000000000000000e-01
6.665000000000004832e+01,5.000000000000000000e-01
6.665100000000005309e+01,5.000000000000000000e-01
6.665200000000005787e+01,5.000000000000000000e-01
6.665300000000004843e+01,5.000000000000000000e-01
6.665400000000005321e+01,5.000000000000000000e-01
6.665500000000005798e+01,5.000000000000000000e-01
6.665600000000004854e+01,5.000000000000000000e-01
6.665700000000005332e+01,5.000000000000000000e-01
6.665800000000005809e+01,5.000000000000000000e-01
6.665900000000004866e+01,5.000000000000000000e-01
6.666000000000005343e+01,5.000000000000000000e-01
6.666100000000005821e+01,5.000000000000000000e-01
6.666200000000004877e+01,5.000000000000000000e-01
6.666300000000005355e+01,5.000000000000000000e-01
6.666400000000005832e+01,5.000000000000000000e-01
6.666500000000004889e+01,5.000000000000000000e-01
6.666600000000005366e+01,5.000000000000000000e-01
6.666700000000005844e+01,5.000000000000000000e-01
6.666800000000004900e+01,5.000000000000000000e-01
6.666900000000005377e+01,5.000000000000000000e-01
6.667000000000005855e+01,5.000000000000000000e-01
6.667100000000004911e+01,5.000000000000000000e-01
6.667200000000005389e+01,5.000000000000000000e-01
6.667300000000005866e+01,5.000000000000000000e-01
6.667400000000004923e+01,5.000000000000000000e-01
6.667500000000005400e+01,5.000000000000000000e-01
6.667600000000005878e+01,5.000000000000000000e-01
6.667700000000004934e+01,5.000000000000000000e-01
6.667800000000005411e+01,5.000000000000000000e-01
6.667900000000005889e+01,5.000000000000000000e-01
6.668000000000004945e+01,5.000000000000000000e-01
6.668100000000005423e+01,5.000000000000000000e-01
6.668200000000005900e+01,5.000000000000000000e-01
6.668300000000004957e+01,5.000000000000000000e-01
6.668400000000005434e+01,5.000000000000000000e-01
6.668500000000005912e+01,5.000000000000000000e-01
6.668600000000004968e+01,5.000000000000000000e-01
6.668700000000005446e+01,5.000000000000000000e-01
6.668800000000005923e+01,5.000000000000000000e-01
6.668900000000004979e+01,5.000000000000000000e-01
6.669000000000005457e+01,5.000000000000000000e-01
6.669100000000005934e+01,5.000000000000000000e-01
6.669200000000004991e+01,5.000000000000000000e-01
6.669300000000005468e+01,5.000000000000000000e-01
6.669400000000005946e+01,5.000000000000000000e-01
6.669500000000005002e+01,5.000000000000000000e-01
6.669600000000005480e+01,5.000000000000000000e-01
6.669700000000005957e+01,5.000000000000000000e-01
6.669800000000005014e+01,5.000000000000000000e-01
6.669900000000005491e+01,5.000000000000000000e-01
6.670000000000005969e+01,5.000000000000000000e-01
6.670100000000005025e+01,5.000000000000000000e-01
6.670200000000005502e+01,5.000000000000000000e-01
6.670300000000005980e+01,5.000000000000000000e-01
6.670400000000005036e+01,5.000000000000000000e-01
6.670500000000005514e+01,5.000000000000000000e-01
6.670600000000005991e+01,5.000000000000000000e-01
6.670700000000005048e+01,5.000000000000000000e-01
6.670800000000005525e+01,5.000000000000000000e-01
6.670900000000006003e+01,5.000000000000000000e-01
6.671000000000005059e+01,5.000000000000000000e-01
6.671100000000005537e+01,5.000000000000000000e-01
6.671200000000006014e+01,5.000000000000000000e-01
6.671300000000005070e+01,5.000000000000000000e-01
6.671400000000005548e+01,5.000000000000000000e-01
6.671500000000006025e+01,5.000000000000000000e-01
6.671600000000005082e+01,5.000000000000000000e-01
6.671700000000005559e+01,5.000000000000000000e-01
6.671800000000006037e+01,5.000000000000000000e-01
6.671900000000005093e+01,5.000000000000000000e-01
6.672000000000005571e+01,5.000000000000000000e-01
6.672100000000006048e+01,5.000000000000000000e-01
6.672200000000005105e+01,5.000000000000000000e-01
6.672300000000005582e+01,5.000000000000000000e-01
6.672400000000006060e+01,5.000000000000000000e-01
6.672500000000005116e+01,5.000000000000000000e-01
6.672600000000005593e+01,5.000000000000000000e-01
6.672700000000006071e+01,5.000000000000000000e-01
6.672800000000005127e+01,5.000000000000000000e-01
6.672900000000005605e+01,5.000000000000000000e-01
6.673000000000006082e+01,5.000000000000000000e-01
6.673100000000005139e+01,5.000000000000000000e-01
6.673200000000005616e+01,5.000000000000000000e-01
6.673300000000006094e+01,5.000000000000000000e-01
6.673400000000005150e+01,5.000000000000000000e-01
6.673500000000005627e+01,5.000000000000000000e-01
6.673600000000004684e+01,5.000000000000000000e-01
6.673700000000005161e+01,5.000000000000000000e-01
6.673800000000005639e+01,5.000000000000000000e-01
6.673900000000004695e+01,5.000000000000000000e-01
6.674000000000005173e+01,5.000000000000000000e-01
6.674100000000005650e+01,5.000000000000000000e-01
6.674200000000004707e+01,5.000000000000000000e-01
6.674300000000005184e+01,5.000000000000000000e-01
6.674400000000005662e+01,5.000000000000000000e-01
6.674500000000004718e+01,5.000000000000000000e-01
6.674600000000005195e+01,5.000000000000000000e-01
6.674700000000005673e+01,5.000000000000000000e-01
6.674800000000004729e+01,5.000000000000000000e-01
6.674900000000005207e+01,5.000000000000000000e-01
6.675000000000005684e+01,5.000000000000000000e-01
6.675100000000004741e+01,5.000000000000000000e-01
6.675200000000005218e+01,5.000000000000000000e-01
6.675300000000005696e+01,5.000000000000000000e-01
6.675400000000004752e+01,5.000000000000000000e-01
6.675500000000005230e+01,5.000000000000000000e-01
6.675600000000005707e+01,5.000000000000000000e-01
6.675700000000004763e+01,5.000000000000000000e-01
6.675800000000005241e+01,5.000000000000000000e-01
6.675900000000005718e+01,5.000000000000000000e-01
6.676000000000004775e+01,5.000000000000000000e-01
6.676100000000005252e+01,5.000000000000000000e-01
6.676200000000005730e+01,5.000000000000000000e-01
6.676300000000004786e+01,5.000000000000000000e-01
6.676400000000005264e+01,5.000000000000000000e-01
6.676500000000005741e+01,5.000000000000000000e-01
6.676600000000004798e+01,5.000000000000000000e-01
6.676700000000005275e+01,5.000000000000000000e-01
6.676800000000005753e+01,5.000000000000000000e-01
6.676900000000004809e+01,5.000000000000000000e-01
6.677000000000005286e+01,5.000000000000000000e-01
6.677100000000005764e+01,5.000000000000000000e-01
6.677200000000004820e+01,5.000000000000000000e-01
6.677300000000005298e+01,5.000000000000000000e-01
6.677400000000005775e+01,5.000000000000000000e-01
6.677500000000004832e+01,5.000000000000000000e-01
6.677600000000005309e+01,5.000000000000000000e-01
6.677700000000005787e+01,5.000000000000000000e-01
6.677800000000004843e+01,5.000000000000000000e-01
6.677900000000005321e+01,5.000000000000000000e-01
6.678000000000005798e+01,5.000000000000000000e-01
6.678100000000004854e+01,5.000000000000000000e-01
6.678200000000005332e+01,5.000000000000000000e-01
6.678300000000005809e+01,5.000000000000000000e-01
6.678400000000004866e+01,5.000000000000000000e-01
6.678500000000005343e+01,5.000000000000000000e-01
6.678600000000005821e+01,5.000000000000000000e-01
6.678700000000004877e+01,5.000000000000000000e-01
6.678800000000005355e+01,5.000000000000000000e-01
6.678900000000005832e+01,5.000000000000000000e-01
6.679000000000004889e+01,5.000000000000000000e-01
6.679100000000005366e+01,5.000000000000000000e-01
6.679200000000005844e+01,5.000000000000000000e-01
6.679300000000004900e+01,5.000000000000000000e-01
6.679400000000005377e+01,5.000000000000000000e-01
6.679500000000005855e+01,5.000000000000000000e-01
6.679600000000004911e+01,5.000000000000000000e-01
6.679700000000005389e+01,5.000000000000000000e-01
6.679800000000005866e+01,5.000000000000000000e-01
6.679900000000004923e+01,5.000000000000000000e-01
6.680000000000005400e+01,5.000000000000000000e-01
6.680100000000005878e+01,5.000000000000000000e-01
6.680200000000004934e+01,5.000000000000000000e-01
6.680300000000005411e+01,5.000000000000000000e-01
6.680400000000005889e+01,5.000000000000000000e-01
6.680500000000004945e+01,5.000000000000000000e-01
6.680600000000005423e+01,5.000000000000000000e-01
6.680700000000005900e+01,5.000000000000000000e-01
6.680800000000004957e+01,5.000000000000000000e-01
6.680900000000005434e+01,5.000000000000000000e-01
6.681000000000005912e+01,5.000000000000000000e-01
6.681100000000004968e+01,5.000000000000000000e-01
6.681200000000005446e+01,5.000000000000000000e-01
6.681300000000005923e+01,5.000000000000000000e-01
6.681400000000004979e+01,5.000000000000000000e-01
6.681500000000005457e+01,5.000000000000000000e-01
6.681600000000005934e+01,5.000000000000000000e-01
6.681700000000004991e+01,5.000000000000000000e-01
6.681800000000005468e+01,5.000000000000000000e-01
6.681900000000005946e+01,5.000000000000000000e-01
6.682000000000005002e+01,5.000000000000000000e-01
6.682100000000005480e+01,5.000000000000000000e-01
6.682200000000005957e+01,5.000000000000000000e-01
6.682300000000005014e+01,5.000000000000000000e-01
6.682400000000005491e+01,5.000000000000000000e-01
6.682500000000005969e+01,5.000000000000000000e-01
6.682600000000005025e+01,5.000000000000000000e-01
6.682700000000005502e+01,5.000000000000000000e-01
6.682800000000005980e+01,5.000000000000000000e-01
6.682900000000005036e+01,5.000000000000000000e-01
6.683000000000005514e+01,5.000000000000000000e-01
6.683100000000005991e+01,5.000000000000000000e-01
6.683200000000005048e+01,5.000000000000000000e-01
6.683300000000005525e+01,5.000000000000000000e-01
6.683400000000006003e+01,5.000000000000000000e-01
6.683500000000005059e+01,5.000000000000000000e-01
6.683600000000005537e+01,5.000000000000000000e-01
6.683700000000006014e+01,5.000000000000000000e-01
6.683800000000005070e+01,5.000000000000000000e-01
6.683900000000005548e+01,5.000000000000000000e-01
6.684000000000006025e+01,5.000000000000000000e-01
6.684100000000005082e+01,5.000000000000000000e-01
6.684200000000005559e+01,5.000000000000000000e-01
6.684300000000006037e+01,5.000000000000000000e-01
6.684400000000005093e+01,5.000000000000000000e-01
6.684500000000005571e+01,5.000000000000000000e-01
6.684600000000006048e+01,5.000000000000000000e-01
6.684700000000005105e+01,5.000000000000000000e-01
6.684800000000005582e+01,5.000000000000000000e-01
6.684900000000006060e+01,5.000000000000000000e-01
6.685000000000005116e+01,5.000000000000000000e-01
6.685100000000005593e+01,5.000000000000000000e-01
6.685200000000006071e+01,5.000000000000000000e-01
6.685300000000005127e+01,5.000000000000000000e-01
6.685400000000005605e+01,5.000000000000000000e-01
6.685500000000006082e+01,5.000000000000000000e-01
6.685600000000005139e+01,5.000000000000000000e-01
6.685700000000005616e+01,5.000000000000000000e-01
6.685800000000006094e+01,5.000000000000000000e-01
6.685900000000005150e+01,5.000000000000000000e-01
6.686000000000005627e+01,5.000000000000000000e-01
6.686100000000004684e+01,5.000000000000000000e-01
6.686200000000005161e+01,5.000000000000000000e-01
6.686300000000005639e+01,5.000000000000000000e-01
6.686400000000004695e+01,5.000000000000000000e-01
6.686500000000005173e+01,5.000000000000000000e-01
6.686600000000005650e+01,5.000000000000000000e-01
6.686700000000004707e+01,5.000000000000000000e-01
6.686800000000005184e+01,5.000000000000000000e-01
6.686900000000005662e+01,5.000000000000000000e-01
6.687000000000004718e+01,5.000000000000000000e-01
6.687100000000005195e+01,5.000000000000000000e-01
6.687200000000005673e+01,5.000000000000000000e-01
6.687300000000004729e+01,5.000000000000000000e-01
6.687400000000005207e+01,5.000000000000000000e-01
6.687500000000005684e+01,5.000000000000000000e-01
6.687600000000004741e+01,5.000000000000000000e-01
6.687700000000005218e+01,5.000000000000000000e-01
6.687800000000005696e+01,5.000000000000000000e-01
6.687900000000004752e+01,5.000000000000000000e-01
6.688000000000005230e+01,5.000000000000000000e-01
6.688100000000005707e+01,5.000000000000000000e-01
6.688200000000004763e+01,5.000000000000000000e-01
6.688300000000005241e+01,5.000000000000000000e-01
6.688400000000005718e+01,5.000000000000000000e-01
6.688500000000004775e+01,5.000000000000000000e-01
6.688600000000005252e+01,5.000000000000000000e-01
6.688700000000005730e+01,5.000000000000000000e-01
6.688800000000004786e+01,5.000000000000000000e-01
6.688900000000005264e+01,5.000000000000000000e-01
6.689000000000005741e+01,5.000000000000000000e-01
6.689100000000004798e+01,5.000000000000000000e-01
6.689200000000005275e+01,5.000000000000000000e-01
6.689300000000005753e+01,5.000000000000000000e-01
6.689400000000004809e+01,5.000000000000000000e-01
6.689500000000005286e+01,5.000000000000000000e-01
6.689600000000005764e+01,5.000000000000000000e-01
6.689700000000004820e+01,5.000000000000000000e-01
6.689800000000005298e+01,5.000000000000000000e-01
6.689900000000005775e+01,5.000000000000000000e-01
6.690000000000004832e+01,5.000000000000000000e-01
6.690100000000005309e+01,5.000000000000000000e-01
6.690200000000005787e+01,5.000000000000000000e-01
6.690300000000004843e+01,5.000000000000000000e-01
6.690400000000005321e+01,5.000000000000000000e-01
6.690500000000005798e+01,5.000000000000000000e-01
6.690600000000004854e+01,5.000000000000000000e-01
6.690700000000005332e+01,5.000000000000000000e-01
6.690800000000005809e+01,5.000000000000000000e-01
6.690900000000004866e+01,5.000000000000000000e-01
6.691000000000005343e+01,5.000000000000000000e-01
6.691100000000005821e+01,5.000000000000000000e-01
6.691200000000004877e+01,5.000000000000000000e-01
6.691300000000005355e+01,5.000000000000000000e-01
6.691400000000005832e+01,5.000000000000000000e-01
6.691500000000004889e+01,5.000000000000000000e-01
6.691600000000005366e+01,5.000000000000000000e-01
6.691700000000005844e+01,5.000000000000000000e-01
6.691800000000004900e+01,5.000000000000000000e-01
6.691900000000005377e+01,5.000000000000000000e-01
6.692000000000005855e+01,5.000000000000000000e-01
6.692100000000004911e+01,5.000000000000000000e-01
6.692200000000005389e+01,5.000000000000000000e-01
6.692300000000005866e+01,5.000000000000000000e-01
6.692400000000004923e+01,5.000000000000000000e-01
6.692500000000005400e+01,5.000000000000000000e-01
6.692600000000005878e+01,5.000000000000000000e-01
6.692700000000004934e+01,5.000000000000000000e-01
6.692800000000005411e+01,5.000000000000000000e-01
6.692900000000005889e+01,5.000000000000000000e-01
6.693000000000004945e+01,5.000000000000000000e-01
6.693100000000005423e+01,5.000000000000000000e-01
6.693200000000005900e+01,5.000000000000000000e-01
6.693300000000004957e+01,5.000000000000000000e-01
6.693400000000005434e+01,5.000000000000000000e-01
6.693500000000005912e+01,5.000000000000000000e-01
6.693600000000004968e+01,5.000000000000000000e-01
6.693700000000005446e+01,5.000000000000000000e-01
6.693800000000005923e+01,5.000000000000000000e-01
6.693900000000004979e+01,5.000000000000000000e-01
6.694000000000005457e+01,5.000000000000000000e-01
6.694100000000005934e+01,5.000000000000000000e-01
6.694200000000004991e+01,5.000000000000000000e-01
6.694300000000005468e+01,5.000000000000000000e-01
6.694400000000005946e+01,5.000000000000000000e-01
6.694500000000005002e+01,5.000000000000000000e-01
6.694600000000005480e+01,5.000000000000000000e-01
6.694700000000005957e+01,5.000000000000000000e-01
6.694800000000005014e+01,5.000000000000000000e-01
6.694900000000005491e+01,5.000000000000000000e-01
6.695000000000005969e+01,5.000000000000000000e-01
6.695100000000005025e+01,5.000000000000000000e-01
6.695200000000005502e+01,5.000000000000000000e-01
6.695300000000005980e+01,5.000000000000000000e-01
6.695400000000005036e+01,5.000000000000000000e-01
6.695500000000005514e+01,5.000000000000000000e-01
6.695600000000005991e+01,5.000000000000000000e-01
6.695700000000005048e+01,5.000000000000000000e-01
6.695800000000005525e+01,5.000000000000000000e-01
6.695900000000006003e+01,5.000000000000000000e-01
6.696000000000005059e+01,5.000000000000000000e-01
6.696100000000005537e+01,5.000000000000000000e-01
6.696200000000006014e+01,5.000000000000000000e-01
6.696300000000005070e+01,5.000000000000000000e-01
6.696400000000005548e+01,5.000000000000000000e-01
6.696500000000006025e+01,5.000000000000000000e-01
6.696600000000005082e+01,5.000000000000000000e-01
6.696700000000005559e+01,5.000000000000000000e-01
6.696800000000006037e+01,5.000000000000000000e-01
6.696900000000005093e+01,5.000000000000000000e-01
6.697000000000005571e+01,5.000000000000000000e-01
6.697100000000006048e+01,5.000000000000000000e-01
6.697200000000005105e+01,5.000000000000000000e-01
6.697300000000005582e+01,5.000000000000000000e-01
6.697400000000006060e+01,5.000000000000000000e-01
6.697500000000005116e+01,5.000000000000000000e-01
6.697600000000005593e+01,5.000000000000000000e-01
6.697700000000006071e+01,5.000000000000000000e-01
6.697800000000005127e+01,5.000000000000000000e-01
6.697900000000005605e+01,5.000000000000000000e-01
6.698000000000006082e+01,5.000000000000000000e-01
6.698100000000005139e+01,5.000000000000000000e-01
6.698200000000005616e+01,5.000000000000000000e-01
6.698300000000006094e+01,5.000000000000000000e-01
6.698400000000005150e+01,5.000000000000000000e-01
6.698500000000005627e+01,5.000000000000000000e-01
6.698600000000006105e+01,5.000000000000000000e-01
6.698700000000005161e+01,5.000000000000000000e-01
6.698800000000005639e+01,5.000000000000000000e-01
6.698900000000006116e+01,5.000000000000000000e-01
6.699000000000005173e+01,5.000000000000000000e-01
6.699100000000005650e+01,5.000000000000000000e-01
6.699200000000004707e+01,5.000000000000000000e-01
6.699300000000005184e+01,5.000000000000000000e-01
6.699400000000005662e+01,5.000000000000000000e-01
6.699500000000004718e+01,5.000000000000000000e-01
6.699600000000005195e+01,5.000000000000000000e-01
6.699700000000005673e+01,5.000000000000000000e-01
6.699800000000004729e+01,5.000000000000000000e-01
6.699900000000005207e+01,5.000000000000000000e-01
6.700000000000005684e+01,5.000000000000000000e-01
6.700100000000004741e+01,5.000000000000000000e-01
6.700200000000005218e+01,5.000000000000000000e-01
6.700300000000005696e+01,5.000000000000000000e-01
6.700400000000004752e+01,5.000000000000000000e-01
6.700500000000005230e+01,5.000000000000000000e-01
6.700600000000005707e+01,5.000000000000000000e-01
6.700700000000004763e+01,5.000000000000000000e-01
6.700800000000005241e+01,5.000000000000000000e-01
6.700900000000005718e+01,5.000000000000000000e-01
6.701000000000004775e+01,5.000000000000000000e-01
6.701100000000005252e+01,5.000000000000000000e-01
6.701200000000005730e+01,5.000000000000000000e-01
6.701300000000004786e+01,5.000000000000000000e-01
6.701400000000005264e+01,5.000000000000000000e-01
6.701500000000005741e+01,5.000000000000000000e-01
6.701600000000004798e+01,5.000000000000000000e-01
6.701700000000005275e+01,5.000000000000000000e-01
6.701800000000005753e+01,5.000000000000000000e-01
6.701900000000004809e+01,5.000000000000000000e-01
6.702000000000005286e+01,5.000000000000000000e-01
6.702100000000005764e+01,5.000000000000000000e-01
6.702200000000004820e+01,5.000000000000000000e-01
6.702300000000005298e+01,5.000000000000000000e-01
6.702400000000005775e+01,5.000000000000000000e-01
6.702500000000004832e+01,5.000000000000000000e-01
6.702600000000005309e+01,5.000000000000000000e-01
6.702700000000005787e+01,5.000000000000000000e-01
6.702800000000004843e+01,5.000000000000000000e-01
6.702900000000005321e+01,5.000000000000000000e-01
6.703000000000005798e+01,5.000000000000000000e-01
6.703100000000004854e+01,5.000000000000000000e-01
6.703200000000005332e+01,5.000000000000000000e-01
6.703300000000005809e+01,5.000000000000000000e-01
6.703400000000004866e+01,5.000000000000000000e-01
6.703500000000005343e+01,5.000000000000000000e-01
6.703600000000005821e+01,5.000000000000000000e-01
6.703700000000004877e+01,5.000000000000000000e-01
6.703800000000005355e+01,5.000000000000000000e-01
6.703900000000005832e+01,5.000000000000000000e-01
6.704000000000004889e+01,5.000000000000000000e-01
6.704100000000005366e+01,5.000000000000000000e-01
6.704200000000005844e+01,5.000000000000000000e-01
6.704300000000004900e+01,5.000000000000000000e-01
6.704400000000005377e+01,5.000000000000000000e-01
6.704500000000005855e+01,5.000000000000000000e-01
6.704600000000004911e+01,5.000000000000000000e-01
6.704700000000005389e+01,5.000000000000000000e-01
6.704800000000005866e+01,5.000000000000000000e-01
6.704900000000004923e+01,5.000000000000000000e-01
6.705000000000005400e+01,5.000000000000000000e-01
6.705100000000005878e+01,5.000000000000000000e-01
6.705200000000004934e+01,5.000000000000000000e-01
6.705300000000005411e+01,5.000000000000000000e-01
6.705400000000005889e+01,5.000000000000000000e-01
6.705500000000004945e+01,5.000000000000000000e-01
6.705600000000005423e+01,5.000000000000000000e-01
6.705700000000005900e+01,5.000000000000000000e-01
6.705800000000004957e+01,5.000000000000000000e-01
6.705900000000005434e+01,5.000000000000000000e-01
6.706000000000005912e+01,5.000000000000000000e-01
6.706100000000004968e+01,5.000000000000000000e-01
6.706200000000005446e+01,5.000000000000000000e-01
6.706300000000005923e+01,5.000000000000000000e-01
6.706400000000004979e+01,5.000000000000000000e-01
6.706500000000005457e+01,5.000000000000000000e-01
6.706600000000005934e+01,5.000000000000000000e-01
6.706700000000004991e+01,5.000000000000000000e-01
6.706800000000005468e+01,5.000000000000000000e-01
6.706900000000005946e+01,5.000000000000000000e-01
6.707000000000005002e+01,5.000000000000000000e-01
6.707100000000005480e+01,5.000000000000000000e-01
6.707200000000005957e+01,5.000000000000000000e-01
6.707300000000005014e+01,5.000000000000000000e-01
6.707400000000005491e+01,5.000000000000000000e-01
6.707500000000005969e+01,5.000000000000000000e-01
6.707600000000005025e+01,5.000000000000000000e-01
6.707700000000005502e+01,5.000000000000000000e-01
6.707800000000005980e+01,5.000000000000000000e-01
6.707900000000005036e+01,5.000000000000000000e-01
6.708000000000005514e+01,5.000000000000000000e-01
6.708100000000005991e+01,5.000000000000000000e-01
6.708200000000005048e+01,5.000000000000000000e-01
6.708300000000005525e+01,5.000000000000000000e-01
6.708400000000006003e+01,5.000000000000000000e-01
6.708500000000005059e+01,5.000000000000000000e-01
6.708600000000005537e+01,5.000000000000000000e-01
6.708700000000006014e+01,5.000000000000000000e-01
6.708800000000005070e+01,5.000000000000000000e-01
6.708900000000005548e+01,5.000000000000000000e-01
6.709000000000006025e+01,5.000000000000000000e-01
6.709100000000005082e+01,5.000000000000000000e-01
6.709200000000005559e+01,5.000000000000000000e-01
6.709300000000006037e+01,5.000000000000000000e-01
6.709400000000005093e+01,5.000000000000000000e-01
6.709500000000005571e+01,5.000000000000000000e-01
6.709600000000006048e+01,5.000000000000000000e-01
6.709700000000005105e+01,5.000000000000000000e-01
6.709800000000005582e+01,5.000000000000000000e-01
6.709900000000006060e+01,5.000000000000000000e-01
6.710000000000005116e+01,5.000000000000000000e-01
6.710100000000005593e+01,5.000000000000000000e-01
6.710200000000006071e+01,5.000000000000000000e-01
6.710300000000005127e+01,5.000000000000000000e-01
6.710400000000005605e+01,5.000000000000000000e-01
6.710500000000006082e+01,5.000000000000000000e-01
6.710600000000005139e+01,5.000000000000000000e-01
6.710700000000005616e+01,5.000000000000000000e-01
6.710800000000006094e+01,5.000000000000000000e-01
6.710900000000005150e+01,5.000000000000000000e-01
6.711000000000005627e+01,5.000000000000000000e-01
6.711100000000006105e+01,5.000000000000000000e-01
6.711200000000005161e+01,5.000000000000000000e-01
6.711300000000005639e+01,5.000000000000000000e-01
6.711400000000006116e+01,5.000000000000000000e-01
6.711500000000005173e+01,5.000000000000000000e-01
6.711600000000005650e+01,5.000000000000000000e-01
6.711700000000004707e+01,5.000000000000000000e-01
6.711800000000005184e+01,5.000000000000000000e-01
6.711900000000005662e+01,5.000000000000000000e-01
6.712000000000004718e+01,5.000000000000000000e-01
6.712100000000005195e+01,5.000000000000000000e-01
6.712200000000005673e+01,5.000000000000000000e-01
6.712300000000004729e+01,5.000000000000000000e-01
6.712400000000005207e+01,5.000000000000000000e-01
6.712500000000005684e+01,5.000000000000000000e-01
6.712600000000004741e+01,5.000000000000000000e-01
6.712700000000005218e+01,5.000000000000000000e-01
6.712800000000005696e+01,5.000000000000000000e-01
6.712900000000004752e+01,5.000000000000000000e-01
6.713000000000005230e+01,5.000000000000000000e-01
6.713100000000005707e+01,5.000000000000000000e-01
6.713200000000004763e+01,5.000000000000000000e-01
6.713300000000005241e+01,5.000000000000000000e-01
6.713400000000005718e+01,5.000000000000000000e-01
6.713500000000004775e+01,5.000000000000000000e-01
6.713600000000005252e+01,5.000000000000000000e-01
6.713700000000005730e+01,5.000000000000000000e-01
6.713800000000004786e+01,5.000000000000000000e-01
6.713900000000005264e+01,5.000000000000000000e-01
6.714000000000005741e+01,5.000000000000000000e-01
6.714100000000004798e+01,5.000000000000000000e-01
6.714200000000005275e+01,5.000000000000000000e-01
6.714300000000005753e+01,5.000000000000000000e-01
6.714400000000004809e+01,5.000000000000000000e-01
6.714500000000005286e+01,5.000000000000000000e-01
6.714600000000005764e+01,5.000000000000000000e-01
6.714700000000004820e+01,5.000000000000000000e-01
6.714800000000005298e+01,5.000000000000000000e-01
6.714900000000005775e+01,5.000000000000000000e-01
6.715000000000004832e+01,5.000000000000000000e-01
6.715100000000005309e+01,5.000000000000000000e-01
6.715200000000005787e+01,5.000000000000000000e-01
6.715300000000004843e+01,5.000000000000000000e-01
6.715400000000005321e+01,5.000000000000000000e-01
6.715500000000005798e+01,5.000000000000000000e-01
6.715600000000004854e+01,5.000000000000000000e-01
6.715700000000005332e+01,5.000000000000000000e-01
6.715800000000005809e+01,5.000000000000000000e-01
6.715900000000004866e+01,5.000000000000000000e-01
6.716000000000005343e+01,5.000000000000000000e-01
6.716100000000005821e+01,5.000000000000000000e-01
6.716200000000004877e+01,5.000000000000000000e-01
6.716300000000005355e+01,5.000000000000000000e-01
6.716400000000005832e+01,5.000000000000000000e-01
6.716500000000004889e+01,5.000000000000000000e-01
6.716600000000005366e+01,5.000000000000000000e-01
6.716700000000005844e+01,5.000000000000000000e-01
6.716800000000004900e+01,5.000000000000000000e-01
6.716900000000005377e+01,5.000000000000000000e-01
6.717000000000005855e+01,5.000000000000000000e-01
6.717100000000004911e+01,5.000000000000000000e-01
6.717200000000005389e+01,5.000000000000000000e-01
6.717300000000005866e+01,5.000000000000000000e-01
6.717400000000004923e+01,5.000000000000000000e-01
6.717500000000005400e+01,5.000000000000000000e-01
6.717600000000005878e+01,5.000000000000000000e-01
6.717700000000004934e+01,5.000000000000000000e-01
6.717800000000005411e+01,5.000000000000000000e-01
6.717900000000005889e+01,5.000000000000000000e-01
6.718000000000004945e+01,5.000000000000000000e-01
6.718100000000005423e+01,5.000000000000000000e-01
6.718200000000005900e+01,5.000000000000000000e-01
6.718300000000004957e+01,5.000000000000000000e-01
6.718400000000005434e+01,5.000000000000000000e-01
6.718500000000005912e+01,5.000000000000000000e-01
6.718600000000004968e+01,5.000000000000000000e-01
6.718700000000005446e+01,5.000000000000000000e-01
6.718800000000005923e+01,5.000000000000000000e-01
6.718900000000004979e+01,5.000000000000000000e-01
6.719000000000005457e+01,5.000000000000000000e-01
6.719100000000005934e+01,5.000000000000000000e-01
6.719200000000004991e+01,5.000000000000000000e-01
6.719300000000005468e+01,5.000000000000000000e-01
6.719400000000005946e+01,5.000000000000000000e-01
6.719500000000005002e+01,5.000000000000000000e-01
6.719600000000005480e+01,5.000000000000000000e-01
6.719700000000005957e+01,5.000000000000000000e-01
6.719800000000005014e+01,5.000000000000000000e-01
6.719900000000005491e+01,5.000000000000000000e-01
6.720000000000005969e+01,5.000000000000000000e-01
6.720100000000005025e+01,5.000000000000000000e-01
6.720200000000005502e+01,5.000000000000000000e-01
6.720300000000005980e+01,5.000000000000000000e-01
6.720400000000005036e+01,5.000000000000000000e-01
6.720500000000005514e+01,5.000000000000000000e-01
6.720600000000005991e+01,5.000000000000000000e-01
6.720700000000005048e+01,5.000000000000000000e-01
6.720800000000005525e+01,5.000000000000000000e-01
6.720900000000006003e+01,5.000000000000000000e-01
6.721000000000005059e+01,5.000000000000000000e-01
6.721100000000005537e+01,5.000000000000000000e-01
6.721200000000006014e+01,5.000000000000000000e-01
6.721300000000005070e+01,5.000000000000000000e-01
6.721400000000005548e+01,5.000000000000000000e-01
6.721500000000006025e+01,5.000000000000000000e-01
6.721600000000005082e+01,5.000000000000000000e-01
6.721700000000005559e+01,5.000000000000000000e-01
6.721800000000006037e+01,5.000000000000000000e-01
6.721900000000005093e+01,5.000000000000000000e-01
6.722000000000005571e+01,5.000000000000000000e-01
6.722100000000006048e+01,5.000000000000000000e-01
6.722200000000005105e+01,5.000000000000000000e-01
6.722300000000005582e+01,5.000000000000000000e-01
6.722400000000006060e+01,5.000000000000000000e-01
6.722500000000005116e+01,5.000000000000000000e-01
6.722600000000005593e+01,5.000000000000000000e-01
6.722700000000006071e+01,5.000000000000000000e-01
6.722800000000005127e+01,5.000000000000000000e-01
6.722900000000005605e+01,5.000000000000000000e-01
6.723000000000006082e+01,5.000000000000000000e-01
6.723100000000005139e+01,5.000000000000000000e-01
6.723200000000005616e+01,5.000000000000000000e-01
6.723300000000006094e+01,5.000000000000000000e-01
6.723400000000005150e+01,5.000000000000000000e-01
6.723500000000005627e+01,5.000000000000000000e-01
6.723600000000006105e+01,5.000000000000000000e-01
6.723700000000005161e+01,5.000000000000000000e-01
6.723800000000005639e+01,5.000000000000000000e-01
6.723900000000006116e+01,5.000000000000000000e-01
6.724000000000005173e+01,5.000000000000000000e-01
6.724100000000005650e+01,5.000000000000000000e-01
6.724200000000006128e+01,5.000000000000000000e-01
6.724300000000005184e+01,5.000000000000000000e-01
6.724400000000005662e+01,5.000000000000000000e-01
6.724500000000006139e+01,5.000000000000000000e-01
6.724600000000005195e+01,5.000000000000000000e-01
6.724700000000005673e+01,5.000000000000000000e-01
6.724800000000004729e+01,5.000000000000000000e-01
6.724900000000005207e+01,5.000000000000000000e-01
6.725000000000005684e+01,5.000000000000000000e-01
6.725100000000004741e+01,5.000000000000000000e-01
6.725200000000005218e+01,5.000000000000000000e-01
6.725300000000005696e+01,5.000000000000000000e-01
6.725400000000004752e+01,5.000000000000000000e-01
6.725500000000005230e+01,5.000000000000000000e-01
6.725600000000005707e+01,5.000000000000000000e-01
6.725700000000004763e+01,5.000000000000000000e-01
6.725800000000005241e+01,5.000000000000000000e-01
6.725900000000005718e+01,5.000000000000000000e-01
6.726000000000004775e+01,5.000000000000000000e-01
6.726100000000005252e+01,5.000000000000000000e-01
6.726200000000005730e+01,5.000000000000000000e-01
6.726300000000004786e+01,5.000000000000000000e-01
6.726400000000005264e+01,5.000000000000000000e-01
6.726500000000005741e+01,5.000000000000000000e-01
6.726600000000004798e+01,5.000000000000000000e-01
6.726700000000005275e+01,5.000000000000000000e-01
6.726800000000005753e+01,5.000000000000000000e-01
6.726900000000004809e+01,5.000000000000000000e-01
6.727000000000005286e+01,5.000000000000000000e-01
6.727100000000005764e+01,5.000000000000000000e-01
6.727200000000004820e+01,5.000000000000000000e-01
6.727300000000005298e+01,5.000000000000000000e-01
6.727400000000005775e+01,5.000000000000000000e-01
6.727500000000004832e+01,5.000000000000000000e-01
6.727600000000005309e+01,5.000000000000000000e-01
6.727700000000005787e+01,5.000000000000000000e-01
6.727800000000004843e+01,5.000000000000000000e-01
6.727900000000005321e+01,5.000000000000000000e-01
6.728000000000005798e+01,5.000000000000000000e-01
6.728100000000004854e+01,5.000000000000000000e-01
6.728200000000005332e+01,5.000000000000000000e-01
6.728300000000005809e+01,5.000000000000000000e-01
6.728400000000004866e+01,5.000000000000000000e-01
6.728500000000005343e+01,5.000000000000000000e-01
6.728600000000005821e+01,5.000000000000000000e-01
6.728700000000004877e+01,5.000000000000000000e-01
6.728800000000005355e+01,5.000000000000000000e-01
6.728900000000005832e+01,5.000000000000000000e-01
6.729000000000004889e+01,5.000000000000000000e-01
6.729100000000005366e+01,5.000000000000000000e-01
6.729200000000005844e+01,5.000000000000000000e-01
6.729300000000004900e+01,5.000000000000000000e-01
6.729400000000005377e+01,5.000000000000000000e-01
6.729500000000005855e+01,5.000000000000000000e-01
6.729600000000004911e+01,5.000000000000000000e-01
6.729700000000005389e+01,5.000000000000000000e-01
6.729800000000005866e+01,5.000000000000000000e-01
6.729900000000004923e+01,5.000000000000000000e-01
6.730000000000005400e+01,5.000000000000000000e-01
6.730100000000005878e+01,5.000000000000000000e-01
6.730200000000004934e+01,5.000000000000000000e-01
6.730300000000005411e+01,5.000000000000000000e-01
6.730400000000005889e+01,5.000000000000000000e-01
6.730500000000004945e+01,5.000000000000000000e-01
6.730600000000005423e+01,5.000000000000000000e-01
6.730700000000005900e+01,5.000000000000000000e-01
6.730800000000004957e+01,5.000000000000000000e-01
6.730900000000005434e+01,5.000000000000000000e-01
6.731000000000005912e+01,5.000000000000000000e-01
6.731100000000004968e+01,5.000000000000000000e-01
6.731200000000005446e+01,5.000000000000000000e-01
6.731300000000005923e+01,5.000000000000000000e-01
6.731400000000004979e+01,5.000000000000000000e-01
6.731500000000005457e+01,5.000000000000000000e-01
6.731600000000005934e+01,5.000000000000000000e-01
6.731700000000004991e+01,5.000000000000000000e-01
6.731800000000005468e+01,5.000000000000000000e-01
6.731900000000005946e+01,5.000000000000000000e-01
6.732000000000005002e+01,5.000000000000000000e-01
6.732100000000005480e+01,5.000000000000000000e-01
6.732200000000005957e+01,5.000000000000000000e-01
6.732300000000005014e+01,5.000000000000000000e-01
6.732400000000005491e+01,5.000000000000000000e-01
6.732500000000005969e+01,5.000000000000000000e-01
6.732600000000005025e+01,5.000000000000000000e-01
6.732700000000005502e+01,5.000000000000000000e-01
6.732800000000005980e+01,5.000000000000000000e-01
6.732900000000005036e+01,5.000000000000000000e-01
6.733000000000005514e+01,5.000000000000000000e-01
6.733100000000005991e+01,5.000000000000000000e-01
6.733200000000005048e+01,5.000000000000000000e-01
6.733300000000005525e+01,5.000000000000000000e-01
6.733400000000006003e+01,5.000000000000000000e-01
6.733500000000005059e+01,5.000000000000000000e-01
6.733600000000005537e+01,5.000000000000000000e-01
6.733700000000006014e+01,5.000000000000000000e-01
6.733800000000005070e+01,5.000000000000000000e-01
6.733900000000005548e+01,5.000000000000000000e-01
6.734000000000006025e+01,5.000000000000000000e-01
6.734100000000005082e+01,5.000000000000000000e-01
6.734200000000005559e+01,5.000000000000000000e-01
6.734300000000006037e+01,5.000000000000000000e-01
6.734400000000005093e+01,5.000000000000000000e-01
6.734500000000005571e+01,5.000000000000000000e-01
6.734600000000006048e+01,5.000000000000000000e-01
6.734700000000005105e+01,5.000000000000000000e-01
6.734800000000005582e+01,5.000000000000000000e-01
6.734900000000006060e+01,5.000000000000000000e-01
6.735000000000005116e+01,5.000000000000000000e-01
6.735100000000005593e+01,5.000000000000000000e-01
6.735200000000006071e+01,5.000000000000000000e-01
6.735300000000005127e+01,5.000000000000000000e-01
6.735400000000005605e+01,5.000000000000000000e-01
6.735500000000006082e+01,5.000000000000000000e-01
6.735600000000005139e+01,5.000000000000000000e-01
6.735700000000005616e+01,5.000000000000000000e-01
6.735800000000006094e+01,5.000000000000000000e-01
6.735900000000005150e+01,5.000000000000000000e-01
6.736000000000005627e+01,5.000000000000000000e-01
6.736100000000006105e+01,5.000000000000000000e-01
6.736200000000005161e+01,5.000000000000000000e-01
6.736300000000005639e+01,5.000000000000000000e-01
6.736400000000006116e+01,5.000000000000000000e-01
6.736500000000005173e+01,5.000000000000000000e-01
6.736600000000005650e+01,5.000000000000000000e-01
6.736700000000006128e+01,5.000000000000000000e-01
6.736800000000005184e+01,5.000000000000000000e-01
6.736900000000005662e+01,5.000000000000000000e-01
6.737000000000006139e+01,5.000000000000000000e-01
6.737100000000005195e+01,5.000000000000000000e-01
6.737200000000005673e+01,5.000000000000000000e-01
6.737300000000004729e+01,5.000000000000000000e-01
6.737400000000005207e+01,5.000000000000000000e-01
6.737500000000005684e+01,5.000000000000000000e-01
6.737600000000004741e+01,5.000000000000000000e-01
6.737700000000005218e+01,5.000000000000000000e-01
6.737800000000005696e+01,5.000000000000000000e-01
6.737900000000004752e+01,5.000000000000000000e-01
6.738000000000005230e+01,5.000000000000000000e-01
6.738100000000005707e+01,5.000000000000000000e-01
6.738200000000004763e+01,5.000000000000000000e-01
6.738300000000005241e+01,5.000000000000000000e-01
6.738400000000005718e+01,5.000000000000000000e-01
6.738500000000004775e+01,5.000000000000000000e-01
6.738600000000005252e+01,5.000000000000000000e-01
6.738700000000005730e+01,5.000000000000000000e-01
6.738800000000004786e+01,5.000000000000000000e-01
6.738900000000005264e+01,5.000000000000000000e-01
6.739000000000005741e+01,5.000000000000000000e-01
6.739100000000004798e+01,5.000000000000000000e-01
6.739200000000005275e+01,5.000000000000000000e-01
6.739300000000005753e+01,5.000000000000000000e-01
6.739400000000004809e+01,5.000000000000000000e-01
6.739500000000005286e+01,5.000000000000000000e-01
6.739600000000005764e+01,5.000000000000000000e-01
6.739700000000004820e+01,5.000000000000000000e-01
6.739800000000005298e+01,5.000000000000000000e-01
6.739900000000005775e+01,5.000000000000000000e-01
6.740000000000004832e+01,5.000000000000000000e-01
6.740100000000005309e+01,5.000000000000000000e-01
6.740200000000005787e+01,5.000000000000000000e-01
6.740300000000004843e+01,5.000000000000000000e-01
6.740400000000005321e+01,5.000000000000000000e-01
6.740500000000005798e+01,5.000000000000000000e-01
6.740600000000004854e+01,5.000000000000000000e-01
6.740700000000005332e+01,5.000000000000000000e-01
6.740800000000005809e+01,5.000000000000000000e-01
6.740900000000004866e+01,5.000000000000000000e-01
6.741000000000005343e+01,5.000000000000000000e-01
6.741100000000005821e+01,5.000000000000000000e-01
6.741200000000004877e+01,5.000000000000000000e-01
6.741300000000005355e+01,5.000000000000000000e-01
6.741400000000005832e+01,5.000000000000000000e-01
6.741500000000004889e+01,5.000000000000000000e-01
6.741600000000005366e+01,5.000000000000000000e-01
6.741700000000005844e+01,5.000000000000000000e-01
6.741800000000004900e+01,5.000000000000000000e-01
6.741900000000005377e+01,5.000000000000000000e-01
6.742000000000005855e+01,5.000000000000000000e-01
6.742100000000004911e+01,5.000000000000000000e-01
6.742200000000005389e+01,5.000000000000000000e-01
6.742300000000005866e+01,5.000000000000000000e-01
6.742400000000004923e+01,5.000000000000000000e-01
6.742500000000005400e+01,5.000000000000000000e-01
6.742600000000005878e+01,5.000000000000000000e-01
6.742700000000004934e+01,5.000000000000000000e-01
6.742800000000005411e+01,5.000000000000000000e-01
6.742900000000005889e+01,5.000000000000000000e-01
6.743000000000004945e+01,5.000000000000000000e-01
6.743100000000005423e+01,5.000000000000000000e-01
6.743200000000005900e+01,5.000000000000000000e-01
6.743300000000004957e+01,5.000000000000000000e-01
6.743400000000005434e+01,5.000000000000000000e-01
6.743500000000005912e+01,5.000000000000000000e-01
6.743600000000004968e+01,5.000000000000000000e-01
6.743700000000005446e+01,5.000000000000000000e-01
6.743800000000005923e+01,5.000000000000000000e-01
6.743900000000004979e+01,5.000000000000000000e-01
6.744000000000005457e+01,5.000000000000000000e-01
6.744100000000005934e+01,5.000000000000000000e-01
6.744200000000004991e+01,5.000000000000000000e-01
6.744300000000005468e+01,5.000000000000000000e-01
6.744400000000005946e+01,5.000000000000000000e-01
6.744500000000005002e+01,5.000000000000000000e-01
6.744600000000005480e+01,5.000000000000000000e-01
6.744700000000005957e+01,5.000000000000000000e-01
6.744800000000005014e+01,5.000000000000000000e-01
6.744900000000005491e+01,5.000000000000000000e-01
6.745000000000005969e+01,5.000000000000000000e-01
6.745100000000005025e+01,5.000000000000000000e-01
6.745200000000005502e+01,5.000000000000000000e-01
6.745300000000005980e+01,5.000000000000000000e-01
6.745400000000005036e+01,5.000000000000000000e-01
6.745500000000005514e+01,5.000000000000000000e-01
6.745600000000005991e+01,5.000000000000000000e-01
6.745700000000005048e+01,5.000000000000000000e-01
6.745800000000005525e+01,5.000000000000000000e-01
6.745900000000006003e+01,5.000000000000000000e-01
6.746000000000005059e+01,5.000000000000000000e-01
6.746100000000005537e+01,5.000000000000000000e-01
6.746200000000006014e+01,5.000000000000000000e-01
6.746300000000005070e+01,5.000000000000000000e-01
6.746400000000005548e+01,5.000000000000000000e-01
6.746500000000006025e+01,5.000000000000000000e-01
6.746600000000005082e+01,5.000000000000000000e-01
6.746700000000005559e+01,5.000000000000000000e-01
6.746800000000006037e+01,5.000000000000000000e-01
6.746900000000005093e+01,5.000000000000000000e-01
6.747000000000005571e+01,5.000000000000000000e-01
6.747100000000006048e+01,5.000000000000000000e-01
6.747200000000005105e+01,5.000000000000000000e-01
6.747300000000005582e+01,5.000000000000000000e-01
6.747400000000006060e+01,5.000000000000000000e-01
6.747500000000005116e+01,5.000000000000000000e-01
6.747600000000005593e+01,5.000000000000000000e-01
6.747700000000006071e+01,5.000000000000000000e-01
6.747800000000005127e+01,5.000000000000000000e-01
6.747900000000005605e+01,5.000000000000000000e-01
6.748000000000006082e+01,5.000000000000000000e-01
6.748100000000005139e+01,5.000000000000000000e-01
6.748200000000005616e+01,5.000000000000000000e-01
6.748300000000006094e+01,5.000000000000000000e-01
6.748400000000005150e+01,5.000000000000000000e-01
6.748500000000005627e+01,5.000000000000000000e-01
6.748600000000006105e+01,5.000000000000000000e-01
6.748700000000005161e+01,5.000000000000000000e-01
6.748800000000005639e+01,5.000000000000000000e-01
6.748900000000006116e+01,5.000000000000000000e-01
6.749000000000005173e+01,5.000000000000000000e-01
6.749100000000005650e+01,5.000000000000000000e-01
6.749200000000006128e+01,5.000000000000000000e-01
6.749300000000005184e+01,5.000000000000000000e-01
6.749400000000005662e+01,5.000000000000000000e-01
6.749500000000006139e+01,5.000000000000000000e-01
6.749600000000005195e+01,5.000000000000000000e-01
6.749700000000005673e+01,5.000000000000000000e-01
6.749800000000006150e+01,5.000000000000000000e-01
6.749900000000005207e+01,5.000000000000000000e-01
6.750000000000005684e+01,5.000000000000000000e-01
6.750100000000006162e+01,5.000000000000000000e-01
6.750200000000005218e+01,5.000000000000000000e-01
6.750300000000005696e+01,5.000000000000000000e-01
6.750400000000004752e+01,5.000000000000000000e-01
6.750500000000005230e+01,5.000000000000000000e-01
6.750600000000005707e+01,5.000000000000000000e-01
6.750700000000004763e+01,5.000000000000000000e-01
6.750800000000005241e+01,5.000000000000000000e-01
6.750900000000005718e+01,5.000000000000000000e-01
6.751000000000004775e+01,5.000000000000000000e-01
6.751100000000005252e+01,5.000000000000000000e-01
6.751200000000005730e+01,5.000000000000000000e-01
6.751300000000004786e+01,5.000000000000000000e-01
6.751400000000005264e+01,5.000000000000000000e-01
6.751500000000005741e+01,5.000000000000000000e-01
6.751600000000004798e+01,5.000000000000000000e-01
6.751700000000005275e+01,5.000000000000000000e-01
6.751800000000005753e+01,5.000000000000000000e-01
6.751900000000004809e+01,5.000000000000000000e-01
6.752000000000005286e+01,5.000000000000000000e-01
6.752100000000005764e+01,5.000000000000000000e-01
6.752200000000004820e+01,5.000000000000000000e-01
6.752300000000005298e+01,5.000000000000000000e-01
6.752400000000005775e+01,5.000000000000000000e-01
6.752500000000004832e+01,5.000000000000000000e-01
6.752600000000005309e+01,5.000000000000000000e-01
6.752700000000005787e+01,5.000000000000000000e-01
6.752800000000004843e+01,5.000000000000000000e-01
6.752900000000005321e+01,5.000000000000000000e-01
6.753000000000005798e+01,5.000000000000000000e-01
6.753100000000004854e+01,5.000000000000000000e-01
6.753200000000005332e+01,5.000000000000000000e-01
6.753300000000005809e+01,5.000000000000000000e-01
6.753400000000004866e+01,5.000000000000000000e-01
6.753500000000005343e+01,5.000000000000000000e-01
6.753600000000005821e+01,5.000000000000000000e-01
6.753700000000004877e+01,5.000000000000000000e-01
6.753800000000005355e+01,5.000000000000000000e-01
6.753900000000005832e+01,5.000000000000000000e-01
6.754000000000004889e+01,5.000000000000000000e-01
6.754100000000005366e+01,5.000000000000000000e-01
6.754200000000005844e+01,5.000000000000000000e-01
6.754300000000004900e+01,5.000000000000000000e-01
6.754400000000005377e+01,5.000000000000000000e-01
6.754500000000005855e+01,5.000000000000000000e-01
6.754600000000004911e+01,5.000000000000000000e-01
6.754700000000005389e+01,5.000000000000000000e-01
6.754800000000005866e+01,5.000000000000000000e-01
6.754900000000004923e+01,5.000000000000000000e-01
6.755000000000005400e+01,5.000000000000000000e-01
6.755100000000005878e+01,5.000000000000000000e-01
6.755200000000004934e+01,5.000000000000000000e-01
6.755300000000005411e+01,5.000000000000000000e-01
6.755400000000005889e+01,5.000000000000000000e-01
6.755500000000004945e+01,5.000000000000000000e-01
6.755600000000005423e+01,5.000000000000000000e-01
6.755700000000005900e+01,5.000000000000000000e-01
6.755800000000004957e+01,5.000000000000000000e-01
6.755900000000005434e+01,5.000000000000000000e-01
6.756000000000005912e+01,5.000000000000000000e-01
6.756100000000004968e+01,5.000000000000000000e-01
6.756200000000005446e+01,5.000000000000000000e-01
6.756300000000005923e+01,5.000000000000000000e-01
6.756400000000004979e+01,5.000000000000000000e-01
6.756500000000005457e+01,5.000000000000000000e-01
6.756600000000005934e+01,5.000000000000000000e-01
6.756700000000004991e+01,5.000000000000000000e-01
6.756800000000005468e+01,5.000000000000000000e-01
6.756900000000005946e+01,5.000000000000000000e-01
6.757000000000005002e+01,5.000000000000000000e-01
6.757100000000005480e+01,5.000000000000000000e-01
6.757200000000005957e+01,5.000000000000000000e-01
6.757300000000005014e+01,5.000000000000000000e-01
6.757400000000005491e+01,5.000000000000000000e-01
6.757500000000005969e+01,5.000000000000000000e-01
6.757600000000005025e+01,5.000000000000000000e-01
6.757700000000005502e+01,5.000000000000000000e-01
6.757800000000005980e+01,5.000000000000000000e-01
6.757900000000005036e+01,5.000000000000000000e-01
6.758000000000005514e+01,5.000000000000000000e-01
6.758100000000005991e+01,5.000000000000000000e-01
6.758200000000005048e+01,5.000000000000000000e-01
6.758300000000005525e+01,5.000000000000000000e-01
6.758400000000006003e+01,5.000000000000000000e-01
6.758500000000005059e+01,5.000000000000000000e-01
6.758600000000005537e+01,5.000000000000000000e-01
6.758700000000006014e+01,5.000000000000000000e-01
6.758800000000005070e+01,5.000000000000000000e-01
6.758900000000005548e+01,5.000000000000000000e-01
6.759000000000006025e+01,5.000000000000000000e-01
6.759100000000005082e+01,5.000000000000000000e-01
6.759200000000005559e+01,5.000000000000000000e-01
6.759300000000006037e+01,5.000000000000000000e-01
6.759400000000005093e+01,5.000000000000000000e-01
6.759500000000005571e+01,5.000000000000000000e-01
6.759600000000006048e+01,5.000000000000000000e-01
6.759700000000005105e+01,5.000000000000000000e-01
6.759800000000005582e+01,5.000000000000000000e-01
6.759900000000006060e+01,5.000000000000000000e-01
6.760000000000005116e+01,5.000000000000000000e-01
6.760100000000005593e+01,5.000000000000000000e-01
6.760200000000006071e+01,5.000000000000000000e-01
6.760300000000005127e+01,5.000000000000000000e-01
6.760400000000005605e+01,5.000000000000000000e-01
6.760500000000006082e+01,5.000000000000000000e-01
6.760600000000005139e+01,5.000000000000000000e-01
6.760700000000005616e+01,5.000000000000000000e-01
6.760800000000006094e+01,5.000000000000000000e-01
6.760900000000005150e+01,5.000000000000000000e-01
6.761000000000005627e+01,5.000000000000000000e-01
6.761100000000006105e+01,5.000000000000000000e-01
6.761200000000005161e+01,5.000000000000000000e-01
6.761300000000005639e+01,5.000000000000000000e-01
6.761400000000006116e+01,5.000000000000000000e-01
6.761500000000005173e+01,5.000000000000000000e-01
6.761600000000005650e+01,5.000000000000000000e-01
6.761700000000006128e+01,5.000000000000000000e-01
6.761800000000005184e+01,5.000000000000000000e-01
6.761900000000005662e+01,5.000000000000000000e-01
6.762000000000006139e+01,5.000000000000000000e-01
6.762100000000005195e+01,5.000000000000000000e-01
6.762200000000005673e+01,5.000000000000000000e-01
6.762300000000006150e+01,5.000000000000000000e-01
6.762400000000005207e+01,5.000000000000000000e-01
6.762500000000005684e+01,5.000000000000000000e-01
6.762600000000006162e+01,5.000000000000000000e-01
6.762700000000005218e+01,5.000000000000000000e-01
6.762800000000005696e+01,5.000000000000000000e-01
6.762900000000004752e+01,5.000000000000000000e-01
6.763000000000005230e+01,5.000000000000000000e-01
6.763100000000005707e+01,5.000000000000000000e-01
6.763200000000004763e+01,5.000000000000000000e-01
6.763300000000005241e+01,5.000000000000000000e-01
6.763400000000005718e+01,5.000000000000000000e-01
6.763500000000004775e+01,5.000000000000000000e-01
6.763600000000005252e+01,5.000000000000000000e-01
6.763700000000005730e+01,5.000000000000000000e-01
6.763800000000004786e+01,5.000000000000000000e-01
6.763900000000005264e+01,5.000000000000000000e-01
6.764000000000005741e+01,5.000000000000000000e-01
6.764100000000004798e+01,5.000000000000000000e-01
6.764200000000005275e+01,5.000000000000000000e-01
6.764300000000005753e+01,5.000000000000000000e-01
6.764400000000004809e+01,5.000000000000000000e-01
6.764500000000005286e+01,5.000000000000000000e-01
6.764600000000005764e+01,5.000000000000000000e-01
6.764700000000004820e+01,5.000000000000000000e-01
6.764800000000005298e+01,5.000000000000000000e-01
6.764900000000005775e+01,5.000000000000000000e-01
6.765000000000004832e+01,5.000000000000000000e-01
6.765100000000005309e+01,5.000000000000000000e-01
6.765200000000005787e+01,5.000000000000000000e-01
6.765300000000004843e+01,5.000000000000000000e-01
6.765400000000005321e+01,5.000000000000000000e-01
6.765500000000005798e+01,5.000000000000000000e-01
6.765600000000004854e+01,5.000000000000000000e-01
6.765700000000005332e+01,5.000000000000000000e-01
6.765800000000005809e+01,5.000000000000000000e-01
6.765900000000004866e+01,5.000000000000000000e-01
6.766000000000005343e+01,5.000000000000000000e-01
6.766100000000005821e+01,5.000000000000000000e-01
6.766200000000004877e+01,5.000000000000000000e-01
6.766300000000005355e+01,5.000000000000000000e-01
6.766400000000005832e+01,5.000000000000000000e-01
6.766500000000004889e+01,5.000000000000000000e-01
6.766600000000005366e+01,5.000000000000000000e-01
6.766700000000005844e+01,5.000000000000000000e-01
6.766800000000004900e+01,5.000000000000000000e-01
6.766900000000005377e+01,5.000000000000000000e-01
6.767000000000005855e+01,5.000000000000000000e-01
6.767100000000004911e+01,5.000000000000000000e-01
6.767200000000005389e+01,5.000000000000000000e-01
6.767300000000005866e+01,5.000000000000000000e-01
6.767400000000004923e+01,5.000000000000000000e-01
6.767500000000005400e+01,5.000000000000000000e-01
6.767600000000005878e+01,5.000000000000000000e-01
6.767700000000004934e+01,5.000000000000000000e-01
6.767800000000005411e+01,5.000000000000000000e-01
6.767900000000005889e+01,5.000000000000000000e-01
6.768000000000004945e+01,5.000000000000000000e-01
6.768100000000005423e+01,5.000000000000000000e-01
6.768200000000005900e+01,5.000000000000000000e-01
6.768300000000004957e+01,5.000000000000000000e-01
6.768400000000005434e+01,5.000000000000000000e-01
6.768500000000005912e+01,5.000000000000000000e-01
6.768600000000004968e+01,5.000000000000000000e-01
6.768700000000005446e+01,5.000000000000000000e-01
6.768800000000005923e+01,5.000000000000000000e-01
6.768900000000004979e+01,5.000000000000000000e-01
6.769000000000005457e+01,5.000000000000000000e-01
6.769100000000005934e+01,5.000000000000000000e-01
6.769200000000004991e+01,5.000000000000000000e-01
6.769300000000005468e+01,5.000000000000000000e-01
6.769400000000005946e+01,5.000000000000000000e-01
6.769500000000005002e+01,5.000000000000000000e-01
6.769600000000005480e+01,5.000000000000000000e-01
6.769700000000005957e+01,5.000000000000000000e-01
6.769800000000005014e+01,5.000000000000000000e-01
6.769900000000005491e+01,5.000000000000000000e-01
6.770000000000005969e+01,5.000000000000000000e-01
6.770100000000005025e+01,5.000000000000000000e-01
6.770200000000005502e+01,5.000000000000000000e-01
6.770300000000005980e+01,5.000000000000000000e-01
6.770400000000005036e+01,5.000000000000000000e-01
6.770500000000005514e+01,5.000000000000000000e-01
6.770600000000005991e+01,5.000000000000000000e-01
6.770700000000005048e+01,5.000000000000000000e-01
6.770800000000005525e+01,5.000000000000000000e-01
6.770900000000006003e+01,5.000000000000000000e-01
6.771000000000005059e+01,5.000000000000000000e-01
6.771100000000005537e+01,5.000000000000000000e-01
6.771200000000006014e+01,5.000000000000000000e-01
6.771300000000005070e+01,5.000000000000000000e-01
6.771400000000005548e+01,5.000000000000000000e-01
6.771500000000006025e+01,5.000000000000000000e-01
6.771600000000005082e+01,5.000000000000000000e-01
6.771700000000005559e+01,5.000000000000000000e-01
6.771800000000006037e+01,5.000000000000000000e-01
6.771900000000005093e+01,5.000000000000000000e-01
6.772000000000005571e+01,5.000000000000000000e-01
6.772100000000006048e+01,5.000000000000000000e-01
6.772200000000005105e+01,5.000000000000000000e-01
6.772300000000005582e+01,5.000000000000000000e-01
6.772400000000006060e+01,5.000000000000000000e-01
6.772500000000005116e+01,5.000000000000000000e-01
6.772600000000005593e+01,5.000000000000000000e-01
6.772700000000006071e+01,5.000000000000000000e-01
6.772800000000005127e+01,5.000000000000000000e-01
6.772900000000005605e+01,5.000000000000000000e-01
6.773000000000006082e+01,5.000000000000000000e-01
6.773100000000005139e+01,5.000000000000000000e-01
6.773200000000005616e+01,5.000000000000000000e-01
6.773300000000006094e+01,5.000000000000000000e-01
6.773400000000005150e+01,5.000000000000000000e-01
6.773500000000005627e+01,5.000000000000000000e-01
6.773600000000006105e+01,5.000000000000000000e-01
6.773700000000005161e+01,5.000000000000000000e-01
6.773800000000005639e+01,5.000000000000000000e-01
6.773900000000006116e+01,5.000000000000000000e-01
6.774000000000005173e+01,5.000000000000000000e-01
6.774100000000005650e+01,5.000000000000000000e-01
6.774200000000006128e+01,5.000000000000000000e-01
6.774300000000005184e+01,5.000000000000000000e-01
6.774400000000005662e+01,5.000000000000000000e-01
6.774500000000006139e+01,5.000000000000000000e-01
6.774600000000005195e+01,5.000000000000000000e-01
6.774700000000005673e+01,5.000000000000000000e-01
6.774800000000006150e+01,5.000000000000000000e-01
6.774900000000005207e+01,5.000000000000000000e-01
6.775000000000005684e+01,5.000000000000000000e-01
6.775100000000006162e+01,5.000000000000000000e-01
6.775200000000005218e+01,5.000000000000000000e-01
6.775300000000005696e+01,5.000000000000000000e-01
6.775400000000006173e+01,5.000000000000000000e-01
6.775500000000005230e+01,5.000000000000000000e-01
6.775600000000005707e+01,5.000000000000000000e-01
6.775700000000006185e+01,5.000000000000000000e-01
6.775800000000005241e+01,5.000000000000000000e-01
6.775900000000005718e+01,5.000000000000000000e-01
6.776000000000004775e+01,5.000000000000000000e-01
6.776100000000005252e+01,5.000000000000000000e-01
6.776200000000005730e+01,5.000000000000000000e-01
6.776300000000004786e+01,5.000000000000000000e-01
6.776400000000005264e+01,5.000000000000000000e-01
6.776500000000005741e+01,5.000000000000000000e-01
6.776600000000004798e+01,5.000000000000000000e-01
6.776700000000005275e+01,5.000000000000000000e-01
6.776800000000005753e+01,5.000000000000000000e-01
6.776900000000004809e+01,5.000000000000000000e-01
6.777000000000005286e+01,5.000000000000000000e-01
6.777100000000005764e+01,5.000000000000000000e-01
6.777200000000004820e+01,5.000000000000000000e-01
6.777300000000005298e+01,5.000000000000000000e-01
6.777400000000005775e+01,5.000000000000000000e-01
6.777500000000004832e+01,5.000000000000000000e-01
6.777600000000005309e+01,5.000000000000000000e-01
6.777700000000005787e+01,5.000000000000000000e-01
6.777800000000004843e+01,5.000000000000000000e-01
6.777900000000005321e+01,5.000000000000000000e-01
6.778000000000005798e+01,5.000000000000000000e-01
6.778100000000004854e+01,5.000000000000000000e-01
6.778200000000005332e+01,5.000000000000000000e-01
6.778300000000005809e+01,5.000000000000000000e-01
6.778400000000004866e+01,5.000000000000000000e-01
6.778500000000005343e+01,5.000000000000000000e-01
6.778600000000005821e+01,5.000000000000000000e-01
6.778700000000004877e+01,5.000000000000000000e-01
6.778800000000005355e+01,5.000000000000000000e-01
6.778900000000005832e+01,5.000000000000000000e-01
6.779000000000004889e+01,5.000000000000000000e-01
6.779100000000005366e+01,5.000000000000000000e-01
6.779200000000005844e+01,5.000000000000000000e-01
6.779300000000004900e+01,5.000000000000000000e-01
6.779400000000005377e+01,5.000000000000000000e-01
6.779500000000005855e+01,5.000000000000000000e-01
6.779600000000004911e+01,5.000000000000000000e-01
6.779700000000005389e+01,5.000000000000000000e-01
6.779800000000005866e+01,5.000000000000000000e-01
6.779900000000004923e+01,5.000000000000000000e-01
6.780000000000005400e+01,5.000000000000000000e-01
6.780100000000005878e+01,5.000000000000000000e-01
6.780200000000004934e+01,5.000000000000000000e-01
6.780300000000005411e+01,5.000000000000000000e-01
6.780400000000005889e+01,5.000000000000000000e-01
6.780500000000004945e+01,5.000000000000000000e-01
6.780600000000005423e+01,5.000000000000000000e-01
6.780700000000005900e+01,5.000000000000000000e-01
6.780800000000004957e+01,5.000000000000000000e-01
6.780900000000005434e+01,5.000000000000000000e-01
6.781000000000005912e+01,5.000000000000000000e-01
6.781100000000004968e+01,5.000000000000000000e-01
6.781200000000005446e+01,5.000000000000000000e-01
6.781300000000005923e+01,5.000000000000000000e-01
6.781400000000004979e+01,5.000000000000000000e-01
6.781500000000005457e+01,5.000000000000000000e-01
6.781600000000005934e+01,5.000000000000000000e-01
6.781700000000004991e+01,5.000000000000000000e-01
6.781800000000005468e+01,5.000000000000000000e-01
6.781900000000005946e+01,5.000000000000000000e-01
6.782000000000005002e+01,5.000000000000000000e-01
6.782100000000005480e+01,5.000000000000000000e-01
6.782200000000005957e+01,5.000000000000000000e-01
6.782300000000005014e+01,5.000000000000000000e-01
6.782400000000005491e+01,5.000000000000000000e-01
6.782500000000005969e+01,5.000000000000000000e-01
6.782600000000005025e+01,5.000000000000000000e-01
6.782700000000005502e+01,5.000000000000000000e-01
6.782800000000005980e+01,5.000000000000000000e-01
6.782900000000005036e+01,5.000000000000000000e-01
6.783000000000005514e+01,5.000000000000000000e-01
6.783100000000005991e+01,5.000000000000000000e-01
6.783200000000005048e+01,5.000000000000000000e-01
6.783300000000005525e+01,5.000000000000000000e-01
6.783400000000006003e+01,5.000000000000000000e-01
6.783500000000005059e+01,5.000000000000000000e-01
6.783600000000005537e+01,5.000000000000000000e-01
6.783700000000006014e+01,5.000000000000000000e-01
6.783800000000005070e+01,5.000000000000000000e-01
6.783900000000005548e+01,5.000000000000000000e-01
6.784000000000006025e+01,5.000000000000000000e-01
6.784100000000005082e+01,5.000000000000000000e-01
6.784200000000005559e+01,5.000000000000000000e-01
6.784300000000006037e+01,5.000000000000000000e-01
6.784400000000005093e+01,5.000000000000000000e-01
6.784500000000005571e+01,5.000000000000000000e-01
6.784600000000006048e+01,5.000000000000000000e-01
6.784700000000005105e+01,5.000000000000000000e-01
6.784800000000005582e+01,5.000000000000000000e-01
6.784900000000006060e+01,5.000000000000000000e-01
6.785000000000005116e+01,5.000000000000000000e-01
6.785100000000005593e+01,5.000000000000000000e-01
6.785200000000006071e+01,5.000000000000000000e-01
6.785300000000005127e+01,5.000000000000000000e-01
6.785400000000005605e+01,5.000000000000000000e-01
6.785500000000006082e+01,5.000000000000000000e-01
6.785600000000005139e+01,5.000000000000000000e-01
6.785700000000005616e+01,5.000000000000000000e-01
6.785800000000006094e+01,5.000000000000000000e-01
6.785900000000005150e+01,5.000000000000000000e-01
6.786000000000005627e+01,5.000000000000000000e-01
6.786100000000006105e+01,5.000000000000000000e-01
6.786200000000005161e+01,5.000000000000000000e-01
6.786300000000005639e+01,5.000000000000000000e-01
6.786400000000006116e+01,5.000000000000000000e-01
6.786500000000005173e+01,5.000000000000000000e-01
6.786600000000005650e+01,5.000000000000000000e-01
6.786700000000006128e+01,5.000000000000000000e-01
6.786800000000005184e+01,5.000000000000000000e-01
6.786900000000005662e+01,5.000000000000000000e-01
6.787000000000006139e+01,5.000000000000000000e-01
6.787100000000005195e+01,5.000000000000000000e-01
6.787200000000005673e+01,5.000000000000000000e-01
6.787300000000006150e+01,5.000000000000000000e-01
6.787400000000005207e+01,5.000000000000000000e-01
6.787500000000005684e+01,5.000000000000000000e-01
6.787600000000006162e+01,5.000000000000000000e-01
6.787700000000005218e+01,5.000000000000000000e-01
6.787800000000005696e+01,5.000000000000000000e-01
6.787900000000006173e+01,5.000000000000000000e-01
6.788000000000005230e+01,5.000000000000000000e-01
6.788100000000005707e+01,5.000000000000000000e-01
6.788200000000006185e+01,5.000000000000000000e-01
6.788300000000005241e+01,5.000000000000000000e-01
6.788400000000005718e+01,5.000000000000000000e-01
6.788500000000004775e+01,5.000000000000000000e-01
6.788600000000005252e+01,5.000000000000000000e-01
6.788700000000005730e+01,5.000000000000000000e-01
6.788800000000004786e+01,5.000000000000000000e-01
6.788900000000005264e+01,5.000000000000000000e-01
6.789000000000005741e+01,5.000000000000000000e-01
6.789100000000004798e+01,5.000000000000000000e-01
6.789200000000005275e+01,5.000000000000000000e-01
6.789300000000005753e+01,5.000000000000000000e-01
6.789400000000004809e+01,5.000000000000000000e-01
6.789500000000005286e+01,5.000000000000000000e-01
6.789600000000005764e+01,5.000000000000000000e-01
6.789700000000004820e+01,5.000000000000000000e-01
6.789800000000005298e+01,5.000000000000000000e-01
6.789900000000005775e+01,5.000000000000000000e-01
6.790000000000004832e+01,5.000000000000000000e-01
6.790100000000005309e+01,5.000000000000000000e-01
6.790200000000005787e+01,5.000000000000000000e-01
6.790300000000004843e+01,5.000000000000000000e-01
6.790400000000005321e+01,5.000000000000000000e-01
6.790500000000005798e+01,5.000000000000000000e-01
6.790600000000004854e+01,5.000000000000000000e-01
6.790700000000005332e+01,5.000000000000000000e-01
6.790800000000005809e+01,5.000000000000000000e-01
6.790900000000004866e+01,5.000000000000000000e-01
6.791000000000005343e+01,5.000000000000000000e-01
6.791100000000005821e+01,5.000000000000000000e-01
6.791200000000004877e+01,5.000000000000000000e-01
6.791300000000005355e+01,5.000000000000000000e-01
6.791400000000005832e+01,5.000000000000000000e-01
6.791500000000004889e+01,5.000000000000000000e-01
6.791600000000005366e+01,5.000000000000000000e-01
6.791700000000005844e+01,5.000000000000000000e-01
6.791800000000004900e+01,5.000000000000000000e-01
6.791900000000005377e+01,5.000000000000000000e-01
6.792000000000005855e+01,5.000000000000000000e-01
6.792100000000004911e+01,5.000000000000000000e-01
6.792200000000005389e+01,5.000000000000000000e-01
6.792300000000005866e+01,5.000000000000000000e-01
6.792400000000004923e+01,5.000000000000000000e-01
6.792500000000005400e+01,5.000000000000000000e-01
6.792600000000005878e+01,5.000000000000000000e-01
6.792700000000004934e+01,5.000000000000000000e-01
6.792800000000005411e+01,5.000000000000000000e-01
6.792900000000005889e+01,5.000000000000000000e-01
6.793000000000004945e+01,5.000000000000000000e-01
6.793100000000005423e+01,5.000000000000000000e-01
6.793200000000005900e+01,5.000000000000000000e-01
6.793300000000004957e+01,5.000000000000000000e-01
6.793400000000005434e+01,5.000000000000000000e-01
6.793500000000005912e+01,5.000000000000000000e-01
6.793600000000004968e+01,5.000000000000000000e-01
6.793700000000005446e+01,5.000000000000000000e-01
6.793800000000005923e+01,5.000000000000000000e-01
6.793900000000004979e+01,5.000000000000000000e-01
6.794000000000005457e+01,5.000000000000000000e-01
6.794100000000005934e+01,5.000000000000000000e-01
6.794200000000004991e+01,5.000000000000000000e-01
6.794300000000005468e+01,5.000000000000000000e-01
6.794400000000005946e+01,5.000000000000000000e-01
6.794500000000005002e+01,5.000000000000000000e-01
6.794600000000005480e+01,5.000000000000000000e-01
6.794700000000005957e+01,5.000000000000000000e-01
6.794800000000005014e+01,5.000000000000000000e-01
6.794900000000005491e+01,5.000000000000000000e-01
6.795000000000005969e+01,5.000000000000000000e-01
6.795100000000005025e+01,5.000000000000000000e-01
6.795200000000005502e+01,5.000000000000000000e-01
6.795300000000005980e+01,5.000000000000000000e-01
6.795400000000005036e+01,5.000000000000000000e-01
6.795500000000005514e+01,5.000000000000000000e-01
6.795600000000005991e+01,5.000000000000000000e-01
6.795700000000005048e+01,5.000000000000000000e-01
6.795800000000005525e+01,5.000000000000000000e-01
6.795900000000006003e+01,5.000000000000000000e-01
6.796000000000005059e+01,5.000000000000000000e-01
6.796100000000005537e+01,5.000000000000000000e-01
6.796200000000006014e+01,5.000000000000000000e-01
6.796300000000005070e+01,5.000000000000000000e-01
6.796400000000005548e+01,5.000000000000000000e-01
6.796500000000006025e+01,5.000000000000000000e-01
6.796600000000005082e+01,5.000000000000000000e-01
6.796700000000005559e+01,5.000000000000000000e-01
6.796800000000006037e+01,5.000000000000000000e-01
6.796900000000005093e+01,5.000000000000000000e-01
6.797000000000005571e+01,5.000000000000000000e-01
6.797100000000006048e+01,5.000000000000000000e-01
6.797200000000005105e+01,5.000000000000000000e-01
6.797300000000005582e+01,5.000000000000000000e-01
6.797400000000006060e+01,5.000000000000000000e-01
6.797500000000005116e+01,5.000000000000000000e-01
6.797600000000005593e+01,5.000000000000000000e-01
6.797700000000006071e+01,5.000000000000000000e-01
6.797800000000005127e+01,5.000000000000000000e-01
6.797900000000005605e+01,5.000000000000000000e-01
6.798000000000006082e+01,5.000000000000000000e-01
6.798100000000005139e+01,5.000000000000000000e-01
6.798200000000005616e+01,5.000000000000000000e-01
6.798300000000006094e+01,5.000000000000000000e-01
6.798400000000005150e+01,5.000000000000000000e-01
6.798500000000005627e+01,5.000000000000000000e-01
6.798600000000006105e+01,5.000000000000000000e-01
6.798700000000005161e+01,5.000000000000000000e-01
6.798800000000005639e+01,5.000000000000000000e-01
6.798900000000006116e+01,5.000000000000000000e-01
6.799000000000005173e+01,5.000000000000000000e-01
6.799100000000005650e+01,5.000000000000000000e-01
6.799200000000006128e+01,5.000000000000000000e-01
6.799300000000005184e+01,5.000000000000000000e-01
6.799400000000005662e+01,5.000000000000000000e-01
6.799500000000006139e+01,5.000000000000000000e-01
6.799600000000005195e+01,5.000000000000000000e-01
6.799700000000005673e+01,5.000000000000000000e-01
6.799800000000006150e+01,5.000000000000000000e-01
6.799900000000005207e+01,5.000000000000000000e-01
6.800000000000005684e+01,5.000000000000000000e-01
6.800100000000006162e+01,5.000000000000000000e-01
6.800200000000005218e+01,5.000000000000000000e-01
6.800300000000005696e+01,5.000000000000000000e-01
6.800400000000006173e+01,5.000000000000000000e-01
6.800500000000005230e+01,5.000000000000000000e-01
6.800600000000005707e+01,5.000000000000000000e-01
6.800700000000006185e+01,5.000000000000000000e-01
6.800800000000005241e+01,5.000000000000000000e-01
6.800900000000005718e+01,5.000000000000000000e-01
6.801000000000006196e+01,5.000000000000000000e-01
6.801100000000005252e+01,5.000000000000000000e-01
6.801200000000005730e+01,5.000000000000000000e-01
6.801300000000006207e+01,5.000000000000000000e-01
6.801400000000005264e+01,5.000000000000000000e-01
6.801500000000005741e+01,5.000000000000000000e-01
6.801600000000004798e+01,5.000000000000000000e-01
6.801700000000005275e+01,5.000000000000000000e-01
6.801800000000005753e+01,5.000000000000000000e-01
6.801900000000004809e+01,5.000000000000000000e-01
6.802000000000005286e+01,5.000000000000000000e-01
6.802100000000005764e+01,5.000000000000000000e-01
6.802200000000004820e+01,5.000000000000000000e-01
6.802300000000005298e+01,5.000000000000000000e-01
6.802400000000005775e+01,5.000000000000000000e-01
6.802500000000004832e+01,5.000000000000000000e-01
6.802600000000005309e+01,5.000000000000000000e-01
6.802700000000005787e+01,5.000000000000000000e-01
6.802800000000004843e+01,5.000000000000000000e-01
6.802900000000005321e+01,5.000000000000000000e-01
6.803000000000005798e+01,5.000000000000000000e-01
6.803100000000004854e+01,5.000000000000000000e-01
6.803200000000005332e+01,5.000000000000000000e-01
6.803300000000005809e+01,5.000000000000000000e-01
6.803400000000004866e+01,5.000000000000000000e-01
6.803500000000005343e+01,5.000000000000000000e-01
6.803600000000005821e+01,5.000000000000000000e-01
6.803700000000004877e+01,5.000000000000000000e-01
6.803800000000005355e+01,5.000000000000000000e-01
6.803900000000005832e+01,5.000000000000000000e-01
6.804000000000004889e+01,5.000000000000000000e-01
6.804100000000005366e+01,5.000000000000000000e-01
6.804200000000005844e+01,5.000000000000000000e-01
6.804300000000004900e+01,5.000000000000000000e-01
6.804400000000005377e+01,5.000000000000000000e-01
6.804500000000005855e+01,5.000000000000000000e-01
6.804600000000004911e+01,5.000000000000000000e-01
6.804700000000005389e+01,5.000000000000000000e-01
6.804800000000005866e+01,5.000000000000000000e-01
6.804900000000004923e+01,5.000000000000000000e-01
6.805000000000005400e+01,5.000000000000000000e-01
6.805100000000005878e+01,5.000000000000000000e-01
6.805200000000004934e+01,5.000000000000000000e-01
6.805300000000005411e+01,5.000000000000000000e-01
6.805400000000005889e+01,5.000000000000000000e-01
6.805500000000004945e+01,5.000000000000000000e-01
6.805600000000005423e+01,5.000000000000000000e-01
6.805700000000005900e+01,5.000000000000000000e-01
6.805800000000004957e+01,5.000000000000000000e-01
6.805900000000005434e+01,5.000000000000000000e-01
6.806000000000005912e+01,5.000000000000000000e-01
6.806100000000004968e+01,5.000000000000000000e-01
6.806200000000005446e+01,5.000000000000000000e-01
6.806300000000005923e+01,5.000000000000000000e-01
6.806400000000004979e+01,5.000000000000000000e-01
6.806500000000005457e+01,5.000000000000000000e-01
6.806600000000005934e+01,5.000000000000000000e-01
6.806700000000004991e+01,5.000000000000000000e-01
6.806800000000005468e+01,5.000000000000000000e-01
6.806900000000005946e+01,5.000000000000000000e-01
6.807000000000005002e+01,5.000000000000000000e-01
6.807100000000005480e+01,5.000000000000000000e-01
6.807200000000005957e+01,5.000000000000000000e-01
6.807300000000005014e+01,5.000000000000000000e-01
6.807400000000005491e+01,5.000000000000000000e-01
6.807500000000005969e+01,5.000000000000000000e-01
6.807600000000005025e+01,5.000000000000000000e-01
6.807700000000005502e+01,5.000000000000000000e-01
6.807800000000005980e+01,5.000000000000000000e-01
6.807900000000005036e+01,5.000000000000000000e-01
6.808000000000005514e+01,5.000000000000000000e-01
6.808100000000005991e+01,5.000000000000000000e-01
6.808200000000005048e+01,5.000000000000000000e-01
6.808300000000005525e+01,5.000000000000000000e-01
6.808400000000006003e+01,5.000000000000000000e-01
6.808500000000005059e+01,5.000000000000000000e-01
6.808600000000005537e+01,5.000000000000000000e-01
6.808700000000006014e+01,5.000000000000000000e-01
6.808800000000005070e+01,5.000000000000000000e-01
6.808900000000005548e+01,5.000000000000000000e-01
6.809000000000006025e+01,5.000000000000000000e-01
6.809100000000005082e+01,5.000000000000000000e-01
6.809200000000005559e+01,5.000000000000000000e-01
6.809300000000006037e+01,5.000000000000000000e-01
6.809400000000005093e+01,5.000000000000000000e-01
6.809500000000005571e+01,5.000000000000000000e-01
6.809600000000006048e+01,5.000000000000000000e-01
6.809700000000005105e+01,5.000000000000000000e-01
6.809800000000005582e+01,5.000000000000000000e-01
6.809900000000006060e+01,5.000000000000000000e-01
6.810000000000005116e+01,5.000000000000000000e-01
6.810100000000005593e+01,5.000000000000000000e-01
6.810200000000006071e+01,5.000000000000000000e-01
6.810300000000005127e+01,5.000000000000000000e-01
6.810400000000005605e+01,5.000000000000000000e-01
6.810500000000006082e+01,5.000000000000000000e-01
6.810600000000005139e+01,5.000000000000000000e-01
6.810700000000005616e+01,5.000000000000000000e-01
6.810800000000006094e+01,5.000000000000000000e-01
6.810900000000005150e+01,5.000000000000000000e-01
6.811000000000005627e+01,5.000000000000000000e-01
6.811100000000006105e+01,5.000000000000000000e-01
6.811200000000005161e+01,5.000000000000000000e-01
6.811300000000005639e+01,5.000000000000000000e-01
6.811400000000006116e+01,5.000000000000000000e-01
6.811500000000005173e+01,5.000000000000000000e-01
6.811600000000005650e+01,5.000000000000000000e-01
6.811700000000006128e+01,5.000000000000000000e-01
6.811800000000005184e+01,5.000000000000000000e-01
6.811900000000005662e+01,5.000000000000000000e-01
6.812000000000006139e+01,5.000000000000000000e-01
6.812100000000005195e+01,5.000000000000000000e-01
6.812200000000005673e+01,5.000000000000000000e-01
6.812300000000006150e+01,5.000000000000000000e-01
6.812400000000005207e+01,5.000000000000000000e-01
6.812500000000005684e+01,5.000000000000000000e-01
6.812600000000006162e+01,5.000000000000000000e-01
6.812700000000005218e+01,5.000000000000000000e-01
6.812800000000005696e+01,5.000000000000000000e-01
6.812900000000006173e+01,5.000000000000000000e-01
6.813000000000005230e+01,5.000000000000000000e-01
6.813100000000005707e+01,5.000000000000000000e-01
6.813200000000006185e+01,5.000000000000000000e-01
6.813300000000005241e+01,5.000000000000000000e-01
6.813400000000005718e+01,5.000000000000000000e-01
6.813500000000006196e+01,5.000000000000000000e-01
6.813600000000005252e+01,5.000000000000000000e-01
6.813700000000005730e+01,5.000000000000000000e-01
6.813800000000006207e+01,5.000000000000000000e-01
6.813900000000005264e+01,5.000000000000000000e-01
6.814000000000005741e+01,5.000000000000000000e-01
6.814100000000004798e+01,5.000000000000000000e-01
6.814200000000005275e+01,5.000000000000000000e-01
6.814300000000005753e+01,5.000000000000000000e-01
6.814400000000004809e+01,5.000000000000000000e-01
6.814500000000005286e+01,5.000000000000000000e-01
6.814600000000005764e+01,5.000000000000000000e-01
6.814700000000004820e+01,5.000000000000000000e-01
6.814800000000005298e+01,5.000000000000000000e-01
6.814900000000005775e+01,5.000000000000000000e-01
6.815000000000004832e+01,5.000000000000000000e-01
6.815100000000005309e+01,5.000000000000000000e-01
6.815200000000005787e+01,5.000000000000000000e-01
6.815300000000004843e+01,5.000000000000000000e-01
6.815400000000005321e+01,5.000000000000000000e-01
6.815500000000005798e+01,5.000000000000000000e-01
6.815600000000004854e+01,5.000000000000000000e-01
6.815700000000005332e+01,5.000000000000000000e-01
6.815800000000005809e+01,5.000000000000000000e-01
6.815900000000004866e+01,5.000000000000000000e-01
6.816000000000005343e+01,5.000000000000000000e-01
6.816100000000005821e+01,5.000000000000000000e-01
6.816200000000004877e+01,5.000000000000000000e-01
6.816300000000005355e+01,5.000000000000000000e-01
6.816400000000005832e+01,5.000000000000000000e-01
6.816500000000004889e+01,5.000000000000000000e-01
6.816600000000005366e+01,5.000000000000000000e-01
6.816700000000005844e+01,5.000000000000000000e-01
6.816800000000004900e+01,5.000000000000000000e-01
6.816900000000005377e+01,5.000000000000000000e-01
6.817000000000005855e+01,5.000000000000000000e-01
6.817100000000004911e+01,5.000000000000000000e-01
6.817200000000005389e+01,5.000000000000000000e-01
6.817300000000005866e+01,5.000000000000000000e-01
6.817400000000004923e+01,5.000000000000000000e-01
6.817500000000005400e+01,5.000000000000000000e-01
6.817600000000005878e+01,5.000000000000000000e-01
6.817700000000004934e+01,5.000000000000000000e-01
6.817800000000005411e+01,5.000000000000000000e-01
6.817900000000005889e+01,5.000000000000000000e-01
6.818000000000004945e+01,5.000000000000000000e-01
6.818100000000005423e+01,5.000000000000000000e-01
6.818200000000005900e+01,5.000000000000000000e-01
6.818300000000004957e+01,5.000000000000000000e-01
6.818400000000005434e+01,5.000000000000000000e-01
6.818500000000005912e+01,5.000000000000000000e-01
6.818600000000004968e+01,5.000000000000000000e-01
6.818700000000005446e+01,5.000000000000000000e-01
6.818800000000005923e+01,5.000000000000000000e-01
6.818900000000004979e+01,5.000000000000000000e-01
6.819000000000005457e+01,5.000000000000000000e-01
6.819100000000005934e+01,5.000000000000000000e-01
6.819200000000004991e+01,5.000000000000000000e-01
6.819300000000005468e+01,5.000000000000000000e-01
6.819400000000005946e+01,5.000000000000000000e-01
6.819500000000005002e+01,5.000000000000000000e-01
6.819600000000005480e+01,5.000000000000000000e-01
6.819700000000005957e+01,5.000000000000000000e-01
6.819800000000005014e+01,5.000000000000000000e-01
6.819900000000005491e+01,5.000000000000000000e-01
6.820000000000005969e+01,5.000000000000000000e-01
6.820100000000005025e+01,5.000000000000000000e-01
6.820200000000005502e+01,5.000000000000000000e-01
6.820300000000005980e+01,5.000000000000000000e-01
6.820400000000005036e+01,5.000000000000000000e-01
6.820500000000005514e+01,5.000000000000000000e-01
6.820600000000005991e+01,5.000000000000000000e-01
6.820700000000005048e+01,5.000000000000000000e-01
6.820800000000005525e+01,5.000000000000000000e-01
6.820900000000006003e+01,5.000000000000000000e-01
6.821000000000005059e+01,5.000000000000000000e-01
6.821100000000005537e+01,5.000000000000000000e-01
6.821200000000006014e+01,5.000000000000000000e-01
6.821300000000005070e+01,5.000000000000000000e-01
6.821400000000005548e+01,5.000000000000000000e-01
6.821500000000006025e+01,5.000000000000000000e-01
6.821600000000005082e+01,5.000000000000000000e-01
6.821700000000005559e+01,5.000000000000000000e-01
6.821800000000006037e+01,5.000000000000000000e-01
6.821900000000005093e+01,5.000000000000000000e-01
6.822000000000005571e+01,5.000000000000000000e-01
6.822100000000006048e+01,5.000000000000000000e-01
6.822200000000005105e+01,5.000000000000000000e-01
6.822300000000005582e+01,5.000000000000000000e-01
6.822400000000006060e+01,5.000000000000000000e-01
6.822500000000005116e+01,5.000000000000000000e-01
6.822600000000005593e+01,5.000000000000000000e-01
6.822700000000006071e+01,5.000000000000000000e-01
6.822800000000005127e+01,5.000000000000000000e-01
6.822900000000005605e+01,5.000000000000000000e-01
6.823000000000006082e+01,5.000000000000000000e-01
6.823100000000005139e+01,5.000000000000000000e-01
6.823200000000005616e+01,5.000000000000000000e-01
6.823300000000006094e+01,5.000000000000000000e-01
6.823400000000005150e+01,5.000000000000000000e-01
6.823500000000005627e+01,5.000000000000000000e-01
6.823600000000006105e+01,5.000000000000000000e-01
6.823700000000005161e+01,5.000000000000000000e-01
6.823800000000005639e+01,5.000000000000000000e-01
6.823900000000006116e+01,5.000000000000000000e-01
6.824000000000005173e+01,5.000000000000000000e-01
6.824100000000005650e+01,5.000000000000000000e-01
6.824200000000006128e+01,5.000000000000000000e-01
6.824300000000005184e+01,5.000000000000000000e-01
6.824400000000005662e+01,5.000000000000000000e-01
6.824500000000006139e+01,5.000000000000000000e-01
6.824600000000005195e+01,5.000000000000000000e-01
6.824700000000005673e+01,5.000000000000000000e-01
6.824800000000006150e+01,5.000000000000000000e-01
6.824900000000005207e+01,5.000000000000000000e-01
6.825000000000005684e+01,5.000000000000000000e-01
6.825100000000006162e+01,5.000000000000000000e-01
6.825200000000005218e+01,5.000000000000000000e-01
6.825300000000005696e+01,5.000000000000000000e-01
6.825400000000006173e+01,5.000000000000000000e-01
6.825500000000005230e+01,5.000000000000000000e-01
6.825600000000005707e+01,5.000000000000000000e-01
6.825700000000006185e+01,5.000000000000000000e-01
6.825800000000005241e+01,5.000000000000000000e-01
6.825900000000005718e+01,5.000000000000000000e-01
6.826000000000006196e+01,5.000000000000000000e-01
6.826100000000005252e+01,5.000000000000000000e-01
6.826200000000005730e+01,5.000000000000000000e-01
6.826300000000006207e+01,5.000000000000000000e-01
6.826400000000005264e+01,5.000000000000000000e-01
6.826500000000005741e+01,5.000000000000000000e-01
6.826600000000006219e+01,5.000000000000000000e-01
6.826700000000005275e+01,5.000000000000000000e-01
6.826800000000005753e+01,5.000000000000000000e-01
6.826900000000006230e+01,5.000000000000000000e-01
6.827000000000005286e+01,5.000000000000000000e-01
6.827100000000005764e+01,5.000000000000000000e-01
6.827200000000004820e+01,5.000000000000000000e-01
6.827300000000005298e+01,5.000000000000000000e-01
6.827400000000005775e+01,5.000000000000000000e-01
6.827500000000004832e+01,5.000000000000000000e-01
6.827600000000005309e+01,5.000000000000000000e-01
6.827700000000005787e+01,5.000000000000000000e-01
6.827800000000004843e+01,5.000000000000000000e-01
6.827900000000005321e+01,5.000000000000000000e-01
6.828000000000005798e+01,5.000000000000000000e-01
6.828100000000004854e+01,5.000000000000000000e-01
6.828200000000005332e+01,5.000000000000000000e-01
6.828300000000005809e+01,5.000000000000000000e-01
6.828400000000004866e+01,5.000000000000000000e-01
6.828500000000005343e+01,5.000000000000000000e-01
6.828600000000005821e+01,5.000000000000000000e-01
6.828700000000004877e+01,5.000000000000000000e-01
6.828800000000005355e+01,5.000000000000000000e-01
6.828900000000005832e+01,5.000000000000000000e-01
6.829000000000004889e+01,5.000000000000000000e-01
6.829100000000005366e+01,5.000000000000000000e-01
6.829200000000005844e+01,5.000000000000000000e-01
6.829300000000004900e+01,5.000000000000000000e-01
6.829400000000005377e+01,5.000000000000000000e-01
6.829500000000005855e+01,5.000000000000000000e-01
6.829600000000004911e+01,5.000000000000000000e-01
6.829700000000005389e+01,5.000000000000000000e-01
6.829800000000005866e+01,5.000000000000000000e-01
6.829900000000004923e+01,5.000000000000000000e-01
6.830000000000005400e+01,5.000000000000000000e-01
6.830100000000005878e+01,5.000000000000000000e-01
6.830200000000004934e+01,5.000000000000000000e-01
6.830300000000005411e+01,5.000000000000000000e-01
6.830400000000005889e+01,5.000000000000000000e-01
6.830500000000004945e+01,5.000000000000000000e-01
6.830600000000005423e+01,5.000000000000000000e-01
6.830700000000005900e+01,5.000000000000000000e-01
6.830800000000004957e+01,5.000000000000000000e-01
6.830900000000005434e+01,5.000000000000000000e-01
6.831000000000005912e+01,5.000000000000000000e-01
6.831100000000004968e+01,5.000000000000000000e-01
6.831200000000005446e+01,5.000000000000000000e-01
6.831300000000005923e+01,5.000000000000000000e-01
6.831400000000004979e+01,5.000000000000000000e-01
6.831500000000005457e+01,5.000000000000000000e-01
6.831600000000005934e+01,5.000000000000000000e-01
6.831700000000004991e+01,5.000000000000000000e-01
6.831800000000005468e+01,5.000000000000000000e-01
6.831900000000005946e+01,5.000000000000000000e-01
6.832000000000005002e+01,5.000000000000000000e-01
6.832100000000005480e+01,5.000000000000000000e-01
6.832200000000005957e+01,5.000000000000000000e-01
6.832300000000005014e+01,5.000000000000000000e-01
6.832400000000005491e+01,5.000000000000000000e-01
6.832500000000005969e+01,5.000000000000000000e-01
6.832600000000005025e+01,5.000000000000000000e-01
6.832700000000005502e+01,5.000000000000000000e-01
6.832800000000005980e+01,5.000000000000000000e-01
6.832900000000005036e+01,5.000000000000000000e-01
6.833000000000005514e+01,5.000000000000000000e-01
6.833100000000005991e+01,5.000000000000000000e-01
6.833200000000005048e+01,5.000000000000000000e-01
6.833300000000005525e+01,5.000000000000000000e-01
6.833400000000006003e+01,5.000000000000000000e-01
6.833500000000005059e+01,5.000000000000000000e-01
6.833600000000005537e+01,5.000000000000000000e-01
6.833700000000006014e+01,5.000000000000000000e-01
6.833800000000005070e+01,5.000000000000000000e-01
6.833900000000005548e+01,5.000000000000000000e-01
6.834000000000006025e+01,5.000000000000000000e-01
6.834100000000005082e+01,5.000000000000000000e-01
6.834200000000005559e+01,5.000000000000000000e-01
6.834300000000006037e+01,5.000000000000000000e-01
6.834400000000005093e+01,5.000000000000000000e-01
6.834500000000005571e+01,5.000000000000000000e-01
6.834600000000006048e+01,5.000000000000000000e-01
6.834700000000005105e+01,5.000000000000000000e-01
6.834800000000005582e+01,5.000000000000000000e-01
6.834900000000006060e+01,5.000000000000000000e-01
6.835000000000005116e+01,5.000000000000000000e-01
6.835100000000005593e+01,5.000000000000000000e-01
6.835200000000006071e+01,5.000000000000000000e-01
6.835300000000005127e+01,5.000000000000000000e-01
6.835400000000005605e+01,5.000000000000000000e-01
6.835500000000006082e+01,5.000000000000000000e-01
6.835600000000005139e+01,5.000000000000000000e-01
6.835700000000005616e+01,5.000000000000000000e-01
6.835800000000006094e+01,5.000000000000000000e-01
6.835900000000005150e+01,5.000000000000000000e-01
6.836000000000005627e+01,5.000000000000000000e-01
6.836100000000006105e+01,5.000000000000000000e-01
6.836200000000005161e+01,5.000000000000000000e-01
6.836300000000005639e+01,5.000000000000000000e-01
6.836400000000006116e+01,5.000000000000000000e-01
6.836500000000005173e+01,5.000000000000000000e-01
6.836600000000005650e+01,5.000000000000000000e-01
6.836700000000006128e+01,5.000000000000000000e-01
6.836800000000005184e+01,5.000000000000000000e-01
6.836900000000005662e+01,5.000000000000000000e-01
6.837000000000006139e+01,5.000000000000000000e-01
6.837100000000005195e+01,5.000000000000000000e-01
6.837200000000005673e+01,5.000000000000000000e-01
6.837300000000006150e+01,5.000000000000000000e-01
6.837400000000005207e+01,5.000000000000000000e-01
6.837500000000005684e+01,5.000000000000000000e-01
6.837600000000006162e+01,5.000000000000000000e-01
6.837700000000005218e+01,5.000000000000000000e-01
6.837800000000005696e+01,5.000000000000000000e-01
6.837900000000006173e+01,5.000000000000000000e-01
6.838000000000005230e+01,5.000000000000000000e-01
6.838100000000005707e+01,5.000000000000000000e-01
6.838200000000006185e+01,5.000000000000000000e-01
6.838300000000005241e+01,5.000000000000000000e-01
6.838400000000005718e+01,5.000000000000000000e-01
6.838500000000006196e+01,5.000000000000000000e-01
6.838600000000005252e+01,5.000000000000000000e-01
6.838700000000005730e+01,5.000000000000000000e-01
6.838800000000006207e+01,5.000000000000000000e-01
6.838900000000005264e+01,5.000000000000000000e-01
6.839000000000005741e+01,5.000000000000000000e-01
6.839100000000006219e+01,5.000000000000000000e-01
6.839200000000005275e+01,5.000000000000000000e-01
6.839300000000005753e+01,5.000000000000000000e-01
6.839400000000006230e+01,5.000000000000000000e-01
6.839500000000005286e+01,5.000000000000000000e-01
6.839600000000005764e+01,5.000000000000000000e-01
6.839700000000004820e+01,5.000000000000000000e-01
6.839800000000005298e+01,5.000000000000000000e-01
6.839900000000005775e+01,5.000000000000000000e-01
6.840000000000004832e+01,5.000000000000000000e-01
6.840100000000005309e+01,5.000000000000000000e-01
6.840200000000005787e+01,5.000000000000000000e-01
6.840300000000004843e+01,5.000000000000000000e-01
6.840400000000005321e+01,5.000000000000000000e-01
6.840500000000005798e+01,5.000000000000000000e-01
6.840600000000004854e+01,5.000000000000000000e-01
6.840700000000005332e+01,5.000000000000000000e-01
6.840800000000005809e+01,5.000000000000000000e-01
6.840900000000004866e+01,5.000000000000000000e-01
6.841000000000005343e+01,5.000000000000000000e-01
6.841100000000005821e+01,5.000000000000000000e-01
6.841200000000004877e+01,5.000000000000000000e-01
6.841300000000005355e+01,5.000000000000000000e-01
6.841400000000005832e+01,5.000000000000000000e-01
6.841500000000004889e+01,5.000000000000000000e-01
6.841600000000005366e+01,5.000000000000000000e-01
6.841700000000005844e+01,5.000000000000000000e-01
6.841800000000004900e+01,5.000000000000000000e-01
6.841900000000005377e+01,5.000000000000000000e-01
6.842000000000005855e+01,5.000000000000000000e-01
6.842100000000004911e+01,5.000000000000000000e-01
6.842200000000005389e+01,5.000000000000000000e-01
6.842300000000005866e+01,5.000000000000000000e-01
6.842400000000004923e+01,5.000000000000000000e-01
6.842500000000005400e+01,5.000000000000000000e-01
6.842600000000005878e+01,5.000000000000000000e-01
6.842700000000004934e+01,5.000000000000000000e-01
6.842800000000005411e+01,5.000000000000000000e-01
6.842900000000005889e+01,5.000000000000000000e-01
6.843000000000004945e+01,5.000000000000000000e-01
6.843100000000005423e+01,5.000000000000000000e-01
6.843200000000005900e+01,5.000000000000000000e-01
6.843300000000004957e+01,5.000000000000000000e-01
6.843400000000005434e+01,5.000000000000000000e-01
6.843500000000005912e+01,5.000000000000000000e-01
6.843600000000004968e+01,5.000000000000000000e-01
6.843700000000005446e+01,5.000000000000000000e-01
6.843800000000005923e+01,5.000000000000000000e-01
6.843900000000004979e+01,5.000000000000000000e-01
6.844000000000005457e+01,5.000000000000000000e-01
6.844100000000005934e+01,5.000000000000000000e-01
6.844200000000004991e+01,5.000000000000000000e-01
6.844300000000005468e+01,5.000000000000000000e-01
6.844400000000005946e+01,5.000000000000000000e-01
6.844500000000005002e+01,5.000000000000000000e-01
6.844600000000005480e+01,5.000000000000000000e-01
6.844700000000005957e+01,5.000000000000000000e-01
6.844800000000005014e+01,5.000000000000000000e-01
6.844900000000005491e+01,5.000000000000000000e-01
6.845000000000005969e+01,5.000000000000000000e-01
6.845100000000005025e+01,5.000000000000000000e-01
6.845200000000005502e+01,5.000000000000000000e-01
6.845300000000005980e+01,5.000000000000000000e-01
6.845400000000005036e+01,5.000000000000000000e-01
6.845500000000005514e+01,5.000000000000000000e-01
6.845600000000005991e+01,5.000000000000000000e-01
6.845700000000005048e+01,5.000000000000000000e-01
6.845800000000005525e+01,5.000000000000000000e-01
6.845900000000006003e+01,5.000000000000000000e-01
6.846000000000005059e+01,5.000000000000000000e-01
6.846100000000005537e+01,5.000000000000000000e-01
6.846200000000006014e+01,5.000000000000000000e-01
6.846300000000005070e+01,5.000000000000000000e-01
6.846400000000005548e+01,5.000000000000000000e-01
6.846500000000006025e+01,5.000000000000000000e-01
6.846600000000005082e+01,5.000000000000000000e-01
6.846700000000005559e+01,5.000000000000000000e-01
6.846800000000006037e+01,5.000000000000000000e-01
6.846900000000005093e+01,5.000000000000000000e-01
6.847000000000005571e+01,5.000000000000000000e-01
6.847100000000006048e+01,5.000000000000000000e-01
6.847200000000005105e+01,5.000000000000000000e-01
6.847300000000005582e+01,5.000000000000000000e-01
6.847400000000006060e+01,5.000000000000000000e-01
6.847500000000005116e+01,5.000000000000000000e-01
6.847600000000005593e+01,5.000000000000000000e-01
6.847700000000006071e+01,5.000000000000000000e-01
6.847800000000005127e+01,5.000000000000000000e-01
6.847900000000005605e+01,5.000000000000000000e-01
6.848000000000006082e+01,5.000000000000000000e-01
6.848100000000005139e+01,5.000000000000000000e-01
6.848200000000005616e+01,5.000000000000000000e-01
6.848300000000006094e+01,5.000000000000000000e-01
6.848400000000005150e+01,5.000000000000000000e-01
6.848500000000005627e+01,5.000000000000000000e-01
6.848600000000006105e+01,5.000000000000000000e-01
6.848700000000005161e+01,5.000000000000000000e-01
6.848800000000005639e+01,5.000000000000000000e-01
6.848900000000006116e+01,5.000000000000000000e-01
6.849000000000005173e+01,5.000000000000000000e-01
6.849100000000005650e+01,5.000000000000000000e-01
6.849200000000006128e+01,5.000000000000000000e-01
6.849300000000005184e+01,5.000000000000000000e-01
6.849400000000005662e+01,5.000000000000000000e-01
6.849500000000006139e+01,5.000000000000000000e-01
6.849600000000005195e+01,5.000000000000000000e-01
6.849700000000005673e+01,5.000000000000000000e-01
6.849800000000006150e+01,5.000000000000000000e-01
6.849900000000005207e+01,5.000000000000000000e-01
6.850000000000005684e+01,5.000000000000000000e-01
6.850100000000006162e+01,5.000000000000000000e-01
6.850200000000005218e+01,5.000000000000000000e-01
6.850300000000005696e+01,5.000000000000000000e-01
6.850400000000006173e+01,5.000000000000000000e-01
6.850500000000005230e+01,5.000000000000000000e-01
6.850600000000005707e+01,5.000000000000000000e-01
6.850700000000006185e+01,5.000000000000000000e-01
6.850800000000005241e+01,5.000000000000000000e-01
6.850900000000005718e+01,5.000000000000000000e-01
6.851000000000006196e+01,5.000000000000000000e-01
6.851100000000005252e+01,5.000000000000000000e-01
6.851200000000005730e+01,5.000000000000000000e-01
6.851300000000006207e+01,5.000000000000000000e-01
6.851400000000005264e+01,5.000000000000000000e-01
6.851500000000005741e+01,5.000000000000000000e-01
6.851600000000006219e+01,5.000000000000000000e-01
6.851700000000005275e+01,5.000000000000000000e-01
6.851800000000005753e+01,5.000000000000000000e-01
6.851900000000006230e+01,5.000000000000000000e-01
6.852000000000005286e+01,5.000000000000000000e-01
6.852100000000005764e+01,5.000000000000000000e-01
6.852200000000006241e+01,5.000000000000000000e-01
6.852300000000005298e+01,5.000000000000000000e-01
6.852400000000005775e+01,5.000000000000000000e-01
6.852500000000006253e+01,5.000000000000000000e-01
6.852600000000005309e+01,5.000000000000000000e-01
6.852700000000005787e+01,5.000000000000000000e-01
6.852800000000004843e+01,5.000000000000000000e-01
6.852900000000005321e+01,5.000000000000000000e-01
6.853000000000005798e+01,5.000000000000000000e-01
6.853100000000004854e+01,5.000000000000000000e-01
6.853200000000005332e+01,5.000000000000000000e-01
6.853300000000005809e+01,5.000000000000000000e-01
6.853400000000004866e+01,5.000000000000000000e-01
6.853500000000005343e+01,5.000000000000000000e-01
6.853600000000005821e+01,5.000000000000000000e-01
6.853700000000004877e+01,5.000000000000000000e-01
6.853800000000005355e+01,5.000000000000000000e-01
6.853900000000005832e+01,5.000000000000000000e-01
6.854000000000004889e+01,5.000000000000000000e-01
6.854100000000005366e+01,5.000000000000000000e-01
6.854200000000005844e+01,5.000000000000000000e-01
6.854300000000004900e+01,5.000000000000000000e-01
6.854400000000005377e+01,5.000000000000000000e-01
6.854500000000005855e+01,5.000000000000000000e-01
6.854600000000004911e+01,5.000000000000000000e-01
6.854700000000005389e+01,5.000000000000000000e-01
6.854800000000005866e+01,5.000000000000000000e-01
6.854900000000004923e+01,5.000000000000000000e-01
6.855000000000005400e+01,5.000000000000000000e-01
6.855100000000005878e+01,5.000000000000000000e-01
6.855200000000004934e+01,5.000000000000000000e-01
6.855300000000005411e+01,5.000000000000000000e-01
6.855400000000005889e+01,5.000000000000000000e-01
6.855500000000004945e+01,5.000000000000000000e-01
6.855600000000005423e+01,5.000000000000000000e-01
6.855700000000005900e+01,5.000000000000000000e-01
6.855800000000004957e+01,5.000000000000000000e-01
6.855900000000005434e+01,5.000000000000000000e-01
6.856000000000005912e+01,5.000000000000000000e-01
6.856100000000004968e+01,5.000000000000000000e-01
6.856200000000005446e+01,5.000000000000000000e-01
6.856300000000005923e+01,5.000000000000000000e-01
6.856400000000004979e+01,5.000000000000000000e-01
6.856500000000005457e+01,5.000000000000000000e-01
6.856600000000005934e+01,5.000000000000000000e-01
6.856700000000004991e+01,5.000000000000000000e-01
6.856800000000005468e+01,5.000000000000000000e-01
6.856900000000005946e+01,5.000000000000000000e-01
6.857000000000005002e+01,5.000000000000000000e-01
6.857100000000005480e+01,5.000000000000000000e-01
6.857200000000005957e+01,5.000000000000000000e-01
6.857300000000005014e+01,5.000000000000000000e-01
6.857400000000005491e+01,5.000000000000000000e-01
6.857500000000005969e+01,5.000000000000000000e-01
6.857600000000005025e+01,5.000000000000000000e-01
6.857700000000005502e+01,5.000000000000000000e-01
6.857800000000005980e+01,5.000000000000000000e-01
6.857900000000005036e+01,5.000000000000000000e-01
6.858000000000005514e+01,5.000000000000000000e-01
6.858100000000005991e+01,5.000000000000000000e-01
6.858200000000005048e+01,5.000000000000000000e-01
6.858300000000005525e+01,5.000000000000000000e-01
6.858400000000006003e+01,5.000000000000000000e-01
6.858500000000005059e+01,5.000000000000000000e-01
6.858600000000005537e+01,5.000000000000000000e-01
6.858700000000006014e+01,5.000000000000000000e-01
6.858800000000005070e+01,5.000000000000000000e-01
6.858900000000005548e+01,5.000000000000000000e-01
6.859000000000006025e+01,5.000000000000000000e-01
6.859100000000005082e+01,5.000000000000000000e-01
6.859200000000005559e+01,5.000000000000000000e-01
6.859300000000006037e+01,5.000000000000000000e-01
6.859400000000005093e+01,5.000000000000000000e-01
6.859500000000005571e+01,5.000000000000000000e-01
6.859600000000006048e+01,5.000000000000000000e-01
6.859700000000005105e+01,5.000000000000000000e-01
6.859800000000005582e+01,5.000000000000000000e-01
6.859900000000006060e+01,5.000000000000000000e-01
6.860000000000005116e+01,5.000000000000000000e-01
6.860100000000005593e+01,5.000000000000000000e-01
6.860200000000006071e+01,5.000000000000000000e-01
6.860300000000005127e+01,5.000000000000000000e-01
6.860400000000005605e+01,5.000000000000000000e-01
6.860500000000006082e+01,5.000000000000000000e-01
6.860600000000005139e+01,5.000000000000000000e-01
6.860700000000005616e+01,5.000000000000000000e-01
6.860800000000006094e+01,5.000000000000000000e-01
6.860900000000005150e+01,5.000000000000000000e-01
6.861000000000005627e+01,5.000000000000000000e-01
6.861100000000006105e+01,5.000000000000000000e-01
6.861200000000005161e+01,5.000000000000000000e-01
6.861300000000005639e+01,5.000000000000000000e-01
6.861400000000006116e+01,5.000000000000000000e-01
6.861500000000005173e+01,5.000000000000000000e-01
6.861600000000005650e+01,5.000000000000000000e-01
6.861700000000006128e+01,5.000000000000000000e-01
6.861800000000005184e+01,5.000000000000000000e-01
6.861900000000005662e+01,5.000000000000000000e-01
6.862000000000006139e+01,5.000000000000000000e-01
6.862100000000005195e+01,5.000000000000000000e-01
6.862200000000005673e+01,5.000000000000000000e-01
6.862300000000006150e+01,5.000000000000000000e-01
6.862400000000005207e+01,5.000000000000000000e-01
6.862500000000005684e+01,5.000000000000000000e-01
6.862600000000006162e+01,5.000000000000000000e-01
6.862700000000005218e+01,5.000000000000000000e-01
6.862800000000005696e+01,5.000000000000000000e-01
6.862900000000006173e+01,5.000000000000000000e-01
6.863000000000005230e+01,5.000000000000000000e-01
6.863100000000005707e+01,5.000000000000000000e-01
6.863200000000006185e+01,5.000000000000000000e-01
6.863300000000005241e+01,5.000000000000000000e-01
6.863400000000005718e+01,5.000000000000000000e-01
6.863500000000006196e+01,5.000000000000000000e-01
6.863600000000005252e+01,5.000000000000000000e-01
6.863700000000005730e+01,5.000000000000000000e-01
6.863800000000006207e+01,5.000000000000000000e-01
6.863900000000005264e+01,5.000000000000000000e-01
6.864000000000005741e+01,5.000000000000000000e-01
6.864100000000006219e+01,5.000000000000000000e-01
6.864200000000005275e+01,5.000000000000000000e-01
6.864300000000005753e+01,5.000000000000000000e-01
6.864400000000006230e+01,5.000000000000000000e-01
6.864500000000005286e+01,5.000000000000000000e-01
6.864600000000005764e+01,5.000000000000000000e-01
6.864700000000006241e+01,5.000000000000000000e-01
6.864800000000005298e+01,5.000000000000000000e-01
6.864900000000005775e+01,5.000000000000000000e-01
6.865000000000006253e+01,5.000000000000000000e-01
6.865100000000005309e+01,5.000000000000000000e-01
6.865200000000005787e+01,5.000000000000000000e-01
6.865300000000004843e+01,5.000000000000000000e-01
6.865400000000005321e+01,5.000000000000000000e-01
6.865500000000005798e+01,5.000000000000000000e-01
6.865600000000004854e+01,5.000000000000000000e-01
6.865700000000005332e+01,5.000000000000000000e-01
6.865800000000005809e+01,5.000000000000000000e-01
6.865900000000004866e+01,5.000000000000000000e-01
6.866000000000005343e+01,5.000000000000000000e-01
6.866100000000005821e+01,5.000000000000000000e-01
6.866200000000004877e+01,5.000000000000000000e-01
6.866300000000005355e+01,5.000000000000000000e-01
6.866400000000005832e+01,5.000000000000000000e-01
6.866500000000004889e+01,5.000000000000000000e-01
6.866600000000005366e+01,5.000000000000000000e-01
6.866700000000005844e+01,5.000000000000000000e-01
6.866800000000004900e+01,5.000000000000000000e-01
6.866900000000005377e+01,5.000000000000000000e-01
6.867000000000005855e+01,5.000000000000000000e-01
6.867100000000004911e+01,5.000000000000000000e-01
6.867200000000005389e+01,5.000000000000000000e-01
6.867300000000005866e+01,5.000000000000000000e-01
6.867400000000004923e+01,5.000000000000000000e-01
6.867500000000005400e+01,5.000000000000000000e-01
6.867600000000005878e+01,5.000000000000000000e-01
6.867700000000004934e+01,5.000000000000000000e-01
6.867800000000005411e+01,5.000000000000000000e-01
6.867900000000005889e+01,5.000000000000000000e-01
6.868000000000004945e+01,5.000000000000000000e-01
6.868100000000005423e+01,5.000000000000000000e-01
6.868200000000005900e+01,5.000000000000000000e-01
6.868300000000004957e+01,5.000000000000000000e-01
6.868400000000005434e+01,5.000000000000000000e-01
6.868500000000005912e+01,5.000000000000000000e-01
6.868600000000004968e+01,5.000000000000000000e-01
6.868700000000005446e+01,5.000000000000000000e-01
6.868800000000005923e+01,5.000000000000000000e-01
6.868900000000004979e+01,5.000000000000000000e-01
6.869000000000005457e+01,5.000000000000000000e-01
6.869100000000005934e+01,5.000000000000000000e-01
6.869200000000004991e+01,5.000000000000000000e-01
6.869300000000005468e+01,5.000000000000000000e-01
6.869400000000005946e+01,5.000000000000000000e-01
6.869500000000005002e+01,5.000000000000000000e-01
6.869600000000005480e+01,5.000000000000000000e-01
6.869700000000005957e+01,5.000000000000000000e-01
6.869800000000005014e+01,5.000000000000000000e-01
6.869900000000005491e+01,5.000000000000000000e-01
6.870000000000005969e+01,5.000000000000000000e-01
6.870100000000005025e+01,5.000000000000000000e-01
6.870200000000005502e+01,5.000000000000000000e-01
6.870300000000005980e+01,5.000000000000000000e-01
6.870400000000005036e+01,5.000000000000000000e-01
6.870500000000005514e+01,5.000000000000000000e-01
6.870600000000005991e+01,5.000000000000000000e-01
6.870700000000005048e+01,5.000000000000000000e-01
6.870800000000005525e+01,5.000000000000000000e-01
6.870900000000006003e+01,5.000000000000000000e-01
6.871000000000005059e+01,5.000000000000000000e-01
6.871100000000005537e+01,5.000000000000000000e-01
6.871200000000006014e+01,5.000000000000000000e-01
6.871300000000005070e+01,5.000000000000000000e-01
6.871400000000005548e+01,5.000000000000000000e-01
6.871500000000006025e+01,5.000000000000000000e-01
6.871600000000005082e+01,5.000000000000000000e-01
6.871700000000005559e+01,5.000000000000000000e-01
6.871800000000006037e+01,5.000000000000000000e-01
6.871900000000005093e+01,5.000000000000000000e-01
6.872000000000005571e+01,5.000000000000000000e-01
6.872100000000006048e+01,5.000000000000000000e-01
6.872200000000005105e+01,5.000000000000000000e-01
6.872300000000005582e+01,5.000000000000000000e-01
6.872400000000006060e+01,5.000000000000000000e-01
6.872500000000005116e+01,5.000000000000000000e-01
6.872600000000005593e+01,5.000000000000000000e-01
6.872700000000006071e+01,5.000000000000000000e-01
6.872800000000005127e+01,5.000000000000000000e-01
6.872900000000005605e+01,5.000000000000000000e-01
6.873000000000006082e+01,5.000000000000000000e-01
6.873100000000005139e+01,5.000000000000000000e-01
6.873200000000005616e+01,5.000000000000000000e-01
6.873300000000006094e+01,5.000000000000000000e-01
6.873400000000005150e+01,5.000000000000000000e-01
6.873500000000005627e+01,5.000000000000000000e-01
6.873600000000006105e+01,5.000000000000000000e-01
6.873700000000005161e+01,5.000000000000000000e-01
6.873800000000005639e+01,5.000000000000000000e-01
6.873900000000006116e+01,5.000000000000000000e-01
6.874000000000005173e+01,5.000000000000000000e-01
6.874100000000005650e+01,5.000000000000000000e-01
6.874200000000006128e+01,5.000000000000000000e-01
6.874300000000005184e+01,5.000000000000000000e-01
6.874400000000005662e+01,5.000000000000000000e-01
6.874500000000006139e+01,5.000000000000000000e-01
6.874600000000005195e+01,5.000000000000000000e-01
6.874700000000005673e+01,5.000000000000000000e-01
6.874800000000006150e+01,5.000000000000000000e-01
6.874900000000005207e+01,5.000000000000000000e-01
6.875000000000005684e+01,5.000000000000000000e-01
6.875100000000006162e+01,5.000000000000000000e-01
6.875200000000005218e+01,5.000000000000000000e-01
6.875300000000005696e+01,5.000000000000000000e-01
6.875400000000006173e+01,5.000000000000000000e-01
6.875500000000005230e+01,5.000000000000000000e-01
6.875600000000005707e+01,5.000000000000000000e-01
6.875700000000006185e+01,5.000000000000000000e-01
6.875800000000005241e+01,5.000000000000000000e-01
6.875900000000005718e+01,5.000000000000000000e-01
6.876000000000006196e+01,5.000000000000000000e-01
6.876100000000005252e+01,5.000000000000000000e-01
6.876200000000005730e+01,5.000000000000000000e-01
6.876300000000006207e+01,5.000000000000000000e-01
6.876400000000005264e+01,5.000000000000000000e-01
6.876500000000005741e+01,5.000000000000000000e-01
6.876600000000006219e+01,5.000000000000000000e-01
6.876700000000005275e+01,5.000000000000000000e-01
6.876800000000005753e+01,5.000000000000000000e-01
6.876900000000006230e+01,5.000000000000000000e-01
6.877000000000005286e+01,5.000000000000000000e-01
6.877100000000005764e+01,5.000000000000000000e-01
6.877200000000006241e+01,5.000000000000000000e-01
6.877300000000005298e+01,5.000000000000000000e-01
6.877400000000005775e+01,5.000000000000000000e-01
6.877500000000006253e+01,5.000000000000000000e-01
6.877600000000005309e+01,5.000000000000000000e-01
6.877700000000005787e+01,5.000000000000000000e-01
6.877800000000006264e+01,5.000000000000000000e-01
6.877900000000005321e+01,5.000000000000000000e-01
6.878000000000005798e+01,5.000000000000000000e-01
6.878100000000006276e+01,5.000000000000000000e-01
6.878200000000005332e+01,5.000000000000000000e-01
6.878300000000005809e+01,5.000000000000000000e-01
6.878400000000004866e+01,5.000000000000000000e-01
6.878500000000005343e+01,5.000000000000000000e-01
6.878600000000005821e+01,5.000000000000000000e-01
6.878700000000004877e+01,5.000000000000000000e-01
6.878800000000005355e+01,5.000000000000000000e-01
6.878900000000005832e+01,5.000000000000000000e-01
6.879000000000004889e+01,5.000000000000000000e-01
6.879100000000005366e+01,5.000000000000000000e-01
6.879200000000005844e+01,5.000000000000000000e-01
6.879300000000004900e+01,5.000000000000000000e-01
6.879400000000005377e+01,5.000000000000000000e-01
6.879500000000005855e+01,5.000000000000000000e-01
6.879600000000004911e+01,5.000000000000000000e-01
6.879700000000005389e+01,5.000000000000000000e-01
6.879800000000005866e+01,5.000000000000000000e-01
6.879900000000004923e+01,5.000000000000000000e-01
6.880000000000005400e+01,5.000000000000000000e-01
6.880100000000005878e+01,5.000000000000000000e-01
6.880200000000004934e+01,5.000000000000000000e-01
6.880300000000005411e+01,5.000000000000000000e-01
6.880400000000005889e+01,5.000000000000000000e-01
6.880500000000004945e+01,5.000000000000000000e-01
6.880600000000005423e+01,5.000000000000000000e-01
6.880700000000005900e+01,5.000000000000000000e-01
6.880800000000004957e+01,5.000000000000000000e-01
6.880900000000005434e+01,5.000000000000000000e-01
6.881000000000005912e+01,5.000000000000000000e-01
6.881100000000004968e+01,5.000000000000000000e-01
6.881200000000005446e+01,5.000000000000000000e-01
6.881300000000005923e+01,5.000000000000000000e-01
6.881400000000004979e+01,5.000000000000000000e-01
6.881500000000005457e+01,5.000000000000000000e-01
6.881600000000005934e+01,5.000000000000000000e-01
6.881700000000004991e+01,5.000000000000000000e-01
6.881800000000005468e+01,5.000000000000000000e-01
6.881900000000005946e+01,5.000000000000000000e-01
6.882000000000005002e+01,5.000000000000000000e-01
6.882100000000005480e+01,5.000000000000000000e-01
6.882200000000005957e+01,5.000000000000000000e-01
6.882300000000005014e+01,5.000000000000000000e-01
6.882400000000005491e+01,5.000000000000000000e-01
6.882500000000005969e+01,5.000000000000000000e-01
6.882600000000005025e+01,5.000000000000000000e-01
6.882700000000005502e+01,5.000000000000000000e-01
6.882800000000005980e+01,5.000000000000000000e-01
6.882900000000005036e+01,5.000000000000000000e-01
6.883000000000005514e+01,5.000000000000000000e-01
6.883100000000005991e+01,5.000000000000000000e-01
6.883200000000005048e+01,5.000000000000000000e-01
6.883300000000005525e+01,5.000000000000000000e-01
6.883400000000006003e+01,5.000000000000000000e-01
6.883500000000005059e+01,5.000000000000000000e-01
6.883600000000005537e+01,5.000000000000000000e-01
6.883700000000006014e+01,5.000000000000000000e-01
6.883800000000005070e+01,5.000000000000000000e-01
6.883900000000005548e+01,5.000000000000000000e-01
6.884000000000006025e+01,5.000000000000000000e-01
6.884100000000005082e+01,5.000000000000000000e-01
6.884200000000005559e+01,5.000000000000000000e-01
6.884300000000006037e+01,5.000000000000000000e-01
6.884400000000005093e+01,5.000000000000000000e-01
6.884500000000005571e+01,5.000000000000000000e-01
6.884600000000006048e+01,5.000000000000000000e-01
6.884700000000005105e+01,5.000000000000000000e-01
6.884800000000005582e+01,5.000000000000000000e-01
6.884900000000006060e+01,5.000000000000000000e-01
6.885000000000005116e+01,5.000000000000000000e-01
6.885100000000005593e+01,5.000000000000000000e-01
6.885200000000006071e+01,5.000000000000000000e-01
6.885300000000005127e+01,5.000000000000000000e-01
6.885400000000005605e+01,5.000000000000000000e-01
6.885500000000006082e+01,5.000000000000000000e-01
6.885600000000005139e+01,5.000000000000000000e-01
6.885700000000005616e+01,5.000000000000000000e-01
6.885800000000006094e+01,5.000000000000000000e-01
6.885900000000005150e+01,5.000000000000000000e-01
6.886000000000005627e+01,5.000000000000000000e-01
6.886100000000006105e+01,5.000000000000000000e-01
6.886200000000005161e+01,5.000000000000000000e-01
6.886300000000005639e+01,5.000000000000000000e-01
6.886400000000006116e+01,5.000000000000000000e-01
6.886500000000005173e+01,5.000000000000000000e-01
6.886600000000005650e+01,5.000000000000000000e-01
6.886700000000006128e+01,5.000000000000000000e-01
6.886800000000005184e+01,5.000000000000000000e-01
6.886900000000005662e+01,5.000000000000000000e-01
6.887000000000006139e+01,5.000000000000000000e-01
6.887100000000005195e+01,5.000000000000000000e-01
6.887200000000005673e+01,5.000000000000000000e-01
6.887300000000006150e+01,5.000000000000000000e-01
6.887400000000005207e+01,5.000000000000000000e-01
6.887500000000005684e+01,5.000000000000000000e-01
6.887600000000006162e+01,5.000000000000000000e-01
6.887700000000005218e+01,5.000000000000000000e-01
6.887800000000005696e+01,5.000000000000000000e-01
6.887900000000006173e+01,5.000000000000000000e-01
6.888000000000005230e+01,5.000000000000000000e-01
6.888100000000005707e+01,5.000000000000000000e-01
6.888200000000006185e+01,5.000000000000000000e-01
6.888300000000005241e+01,5.000000000000000000e-01
6.888400000000005718e+01,5.000000000000000000e-01
6.888500000000006196e+01,5.000000000000000000e-01
6.888600000000005252e+01,5.000000000000000000e-01
6.888700000000005730e+01,5.000000000000000000e-01
6.888800000000006207e+01,5.000000000000000000e-01
6.888900000000005264e+01,5.000000000000000000e-01
6.889000000000005741e+01,5.000000000000000000e-01
6.889100000000006219e+01,5.000000000000000000e-01
6.889200000000005275e+01,5.000000000000000000e-01
6.889300000000005753e+01,5.000000000000000000e-01
6.889400000000006230e+01,5.000000000000000000e-01
6.889500000000005286e+01,5.000000000000000000e-01
6.889600000000005764e+01,5.000000000000000000e-01
6.889700000000006241e+01,5.000000000000000000e-01
6.889800000000005298e+01,5.000000000000000000e-01
6.889900000000005775e+01,5.000000000000000000e-01
6.890000000000006253e+01,5.000000000000000000e-01
6.890100000000005309e+01,5.000000000000000000e-01
6.890200000000005787e+01,5.000000000000000000e-01
6.890300000000006264e+01,5.000000000000000000e-01
6.890400000000005321e+01,5.000000000000000000e-01
6.890500000000005798e+01,5.000000000000000000e-01
6.890600000000006276e+01,5.000000000000000000e-01
6.890700000000005332e+01,5.000000000000000000e-01
6.890800000000005809e+01,5.000000000000000000e-01
6.890900000000004866e+01,5.000000000000000000e-01
6.891000000000005343e+01,5.000000000000000000e-01
6.891100000000005821e+01,5.000000000000000000e-01
6.891200000000004877e+01,5.000000000000000000e-01
6.891300000000005355e+01,5.000000000000000000e-01
6.891400000000005832e+01,5.000000000000000000e-01
6.891500000000004889e+01,5.000000000000000000e-01
6.891600000000005366e+01,5.000000000000000000e-01
6.891700000000005844e+01,5.000000000000000000e-01
6.891800000000004900e+01,5.000000000000000000e-01
6.891900000000005377e+01,5.000000000000000000e-01
6.892000000000005855e+01,5.000000000000000000e-01
6.892100000000004911e+01,5.000000000000000000e-01
6.892200000000005389e+01,5.000000000000000000e-01
6.892300000000005866e+01,5.000000000000000000e-01
6.892400000000004923e+01,5.000000000000000000e-01
6.892500000000005400e+01,5.000000000000000000e-01
6.892600000000005878e+01,5.000000000000000000e-01
6.892700000000004934e+01,5.000000000000000000e-01
6.892800000000005411e+01,5.000000000000000000e-01
6.892900000000005889e+01,5.000000000000000000e-01
6.893000000000004945e+01,5.000000000000000000e-01
6.893100000000005423e+01,5.000000000000000000e-01
6.893200000000005900e+01,5.000000000000000000e-01
6.893300000000004957e+01,5.000000000000000000e-01
6.893400000000005434e+01,5.000000000000000000e-01
6.893500000000005912e+01,5.000000000000000000e-01
6.893600000000004968e+01,5.000000000000000000e-01
6.893700000000005446e+01,5.000000000000000000e-01
6.893800000000005923e+01,5.000000000000000000e-01
6.893900000000004979e+01,5.000000000000000000e-01
6.894000000000005457e+01,5.000000000000000000e-01
6.894100000000005934e+01,5.000000000000000000e-01
6.894200000000004991e+01,5.000000000000000000e-01
6.894300000000005468e+01,5.000000000000000000e-01
6.894400000000005946e+01,5.000000000000000000e-01
6.894500000000005002e+01,5.000000000000000000e-01
6.894600000000005480e+01,5.000000000000000000e-01
6.894700000000005957e+01,5.000000000000000000e-01
6.894800000000005014e+01,5.000000000000000000e-01
6.894900000000005491e+01,5.000000000000000000e-01
6.895000000000005969e+01,5.000000000000000000e-01
6.895100000000005025e+01,5.000000000000000000e-01
6.895200000000005502e+01,5.000000000000000000e-01
6.895300000000005980e+01,5.000000000000000000e-01
6.895400000000005036e+01,5.000000000000000000e-01
6.895500000000005514e+01,5.000000000000000000e-01
6.895600000000005991e+01,5.000000000000000000e-01
6.895700000000005048e+01,5.000000000000000000e-01
6.895800000000005525e+01,5.000000000000000000e-01
6.895900000000006003e+01,5.000000000000000000e-01
6.896000000000005059e+01,5.000000000000000000e-01
6.896100000000005537e+01,5.000000000000000000e-01
6.896200000000006014e+01,5.000000000000000000e-01
6.896300000000005070e+01,5.000000000000000000e-01
6.896400000000005548e+01,5.000000000000000000e-01
6.896500000000006025e+01,5.000000000000000000e-01
6.896600000000005082e+01,5.000000000000000000e-01
6.896700000000005559e+01,5.000000000000000000e-01
6.896800000000006037e+01,5.000000000000000000e-01
6.896900000000005093e+01,5.000000000000000000e-01
6.897000000000005571e+01,5.000000000000000000e-01
6.897100000000006048e+01,5.000000000000000000e-01
6.897200000000005105e+01,5.000000000000000000e-01
6.897300000000005582e+01,5.000000000000000000e-01
6.897400000000006060e+01,5.000000000000000000e-01
6.897500000000005116e+01,5.000000000000000000e-01
6.897600000000005593e+01,5.000000000000000000e-01
6.897700000000006071e+01,5.000000000000000000e-01
6.897800000000005127e+01,5.000000000000000000e-01
6.897900000000005605e+01,5.000000000000000000e-01
6.898000000000006082e+01,5.000000000000000000e-01
6.898100000000005139e+01,5.000000000000000000e-01
6.898200000000005616e+01,5.000000000000000000e-01
6.898300000000006094e+01,5.000000000000000000e-01
6.898400000000005150e+01,5.000000000000000000e-01
6.898500000000005627e+01,5.000000000000000000e-01
6.898600000000006105e+01,5.000000000000000000e-01
6.898700000000005161e+01,5.000000000000000000e-01
6.898800000000005639e+01,5.000000000000000000e-01
6.898900000000006116e+01,5.000000000000000000e-01
6.899000000000005173e+01,5.000000000000000000e-01
6.899100000000005650e+01,5.000000000000000000e-01
6.899200000000006128e+01,5.000000000000000000e-01
6.899300000000005184e+01,5.000000000000000000e-01
6.899400000000005662e+01,5.000000000000000000e-01
6.899500000000006139e+01,5.000000000000000000e-01
6.899600000000005195e+01,5.000000000000000000e-01
6.899700000000005673e+01,5.000000000000000000e-01
6.899800000000006150e+01,5.000000000000000000e-01
6.899900000000005207e+01,5.000000000000000000e-01
6.900000000000005684e+01,5.000000000000000000e-01
6.900100000000006162e+01,5.000000000000000000e-01
6.900200000000005218e+01,5.000000000000000000e-01
6.900300000000005696e+01,5.000000000000000000e-01
6.900400000000006173e+01,5.000000000000000000e-01
6.900500000000005230e+01,5.000000000000000000e-01
6.900600000000005707e+01,5.000000000000000000e-01
6.900700000000006185e+01,5.000000000000000000e-01
6.900800000000005241e+01,5.000000000000000000e-01
6.900900000000005718e+01,5.000000000000000000e-01
6.901000000000006196e+01,5.000000000000000000e-01
6.901100000000005252e+01,5.000000000000000000e-01
6.901200000000005730e+01,5.000000000000000000e-01
6.901300000000006207e+01,5.000000000000000000e-01
6.901400000000005264e+01,5.000000000000000000e-01
6.901500000000005741e+01,5.000000000000000000e-01
6.901600000000006219e+01,5.000000000000000000e-01
6.901700000000005275e+01,5.000000000000000000e-01
6.901800000000005753e+01,5.000000000000000000e-01
6.901900000000006230e+01,5.000000000000000000e-01
6.902000000000005286e+01,5.000000000000000000e-01
6.902100000000005764e+01,5.000000000000000000e-01
6.902200000000006241e+01,5.000000000000000000e-01
6.902300000000005298e+01,5.000000000000000000e-01
6.902400000000005775e+01,5.000000000000000000e-01
6.902500000000006253e+01,5.000000000000000000e-01
6.902600000000005309e+01,5.000000000000000000e-01
6.902700000000005787e+01,5.000000000000000000e-01
6.902800000000006264e+01,5.000000000000000000e-01
6.902900000000005321e+01,5.000000000000000000e-01
6.903000000000005798e+01,5.000000000000000000e-01
6.903100000000006276e+01,5.000000000000000000e-01
6.903200000000005332e+01,5.000000000000000000e-01
6.903300000000005809e+01,5.000000000000000000e-01
6.903400000000006287e+01,5.000000000000000000e-01
6.903500000000005343e+01,5.000000000000000000e-01
6.903600000000005821e+01,5.000000000000000000e-01
6.903700000000006298e+01,5.000000000000000000e-01
6.903800000000005355e+01,5.000000000000000000e-01
6.903900000000005832e+01,5.000000000000000000e-01
6.904000000000004889e+01,5.000000000000000000e-01
6.904100000000005366e+01,5.000000000000000000e-01
6.904200000000005844e+01,5.000000000000000000e-01
6.904300000000004900e+01,5.000000000000000000e-01
6.904400000000005377e+01,5.000000000000000000e-01
6.904500000000005855e+01,5.000000000000000000e-01
6.904600000000004911e+01,5.000000000000000000e-01
6.904700000000005389e+01,5.000000000000000000e-01
6.904800000000005866e+01,5.000000000000000000e-01
6.904900000000004923e+01,5.000000000000000000e-01
6.905000000000005400e+01,5.000000000000000000e-01
6.905100000000005878e+01,5.000000000000000000e-01
6.905200000000004934e+01,5.000000000000000000e-01
6.905300000000005411e+01,5.000000000000000000e-01
6.905400000000005889e+01,5.000000000000000000e-01
6.905500000000004945e+01,5.000000000000000000e-01
6.905600000000005423e+01,5.000000000000000000e-01
6.905700000000005900e+01,5.000000000000000000e-01
6.905800000000004957e+01,5.000000000000000000e-01
6.905900000000005434e+01,5.000000000000000000e-01
6.906000000000005912e+01,5.000000000000000000e-01
6.906100000000004968e+01,5.000000000000000000e-01
6.906200000000005446e+01,5.000000000000000000e-01
6.906300000000005923e+01,5.000000000000000000e-01
6.906400000000004979e+01,5.000000000000000000e-01
6.906500000000005457e+01,5.000000000000000000e-01
6.906600000000005934e+01,5.000000000000000000e-01
6.906700000000004991e+01,5.000000000000000000e-01
6.906800000000005468e+01,5.000000000000000000e-01
6.906900000000005946e+01,5.000000000000000000e-01
6.907000000000005002e+01,5.000000000000000000e-01
6.907100000000005480e+01,5.000000000000000000e-01
6.907200000000005957e+01,5.000000000000000000e-01
6.907300000000005014e+01,5.000000000000000000e-01
6.907400000000005491e+01,5.000000000000000000e-01
6.907500000000005969e+01,5.000000000000000000e-01
6.907600000000005025e+01,5.000000000000000000e-01
6.907700000000005502e+01,5.000000000000000000e-01
6.907800000000005980e+01,5.000000000000000000e-01
6.907900000000005036e+01,5.000000000000000000e-01
6.908000000000005514e+01,5.000000000000000000e-01
6.908100000000005991e+01,5.000000000000000000e-01
6.908200000000005048e+01,5.000000000000000000e-01
6.908300000000005525e+01,5.000000000000000000e-01
6.908400000000006003e+01,5.000000000000000000e-01
6.908500000000005059e+01,5.000000000000000000e-01
6.908600000000005537e+01,5.000000000000000000e-01
6.908700000000006014e+01,5.000000000000000000e-01
6.908800000000005070e+01,5.000000000000000000e-01
6.908900000000005548e+01,5.000000000000000000e-01
6.909000000000006025e+01,5.000000000000000000e-01
6.909100000000005082e+01,5.000000000000000000e-01
6.909200000000005559e+01,5.000000000000000000e-01
6.909300000000006037e+01,5.000000000000000000e-01
6.909400000000005093e+01,5.000000000000000000e-01
6.909500000000005571e+01,5.000000000000000000e-01
6.909600000000006048e+01,5.000000000000000000e-01
6.909700000000005105e+01,5.000000000000000000e-01
6.909800000000005582e+01,5.000000000000000000e-01
6.909900000000006060e+01,5.000000000000000000e-01
6.910000000000005116e+01,5.000000000000000000e-01
6.910100000000005593e+01,5.000000000000000000e-01
6.910200000000006071e+01,5.000000000000000000e-01
6.910300000000005127e+01,5.000000000000000000e-01
6.910400000000005605e+01,5.000000000000000000e-01
6.910500000000006082e+01,5.000000000000000000e-01
6.910600000000005139e+01,5.000000000000000000e-01
6.910700000000005616e+01,5.000000000000000000e-01
6.910800000000006094e+01,5.000000000000000000e-01
6.910900000000005150e+01,5.000000000000000000e-01
6.911000000000005627e+01,5.000000000000000000e-01
6.911100000000006105e+01,5.000000000000000000e-01
6.911200000000005161e+01,5.000000000000000000e-01
6.911300000000005639e+01,5.000000000000000000e-01
6.911400000000006116e+01,5.000000000000000000e-01
6.911500000000005173e+01,5.000000000000000000e-01
6.911600000000005650e+01,5.000000000000000000e-01
6.911700000000006128e+01,5.000000000000000000e-01
6.911800000000005184e+01,5.000000000000000000e-01
6.911900000000005662e+01,5.000000000000000000e-01
6.912000000000006139e+01,5.000000000000000000e-01
6.912100000000005195e+01,5.000000000000000000e-01
6.912200000000005673e+01,5.000000000000000000e-01
6.912300000000006150e+01,5.000000000000000000e-01
6.912400000000005207e+01,5.000000000000000000e-01
6.912500000000005684e+01,5.000000000000000000e-01
6.912600000000006162e+01,5.000000000000000000e-01
6.912700000000005218e+01,5.000000000000000000e-01
6.912800000000005696e+01,5.000000000000000000e-01
6.912900000000006173e+01,5.000000000000000000e-01
6.913000000000005230e+01,5.000000000000000000e-01
6.913100000000005707e+01,5.000000000000000000e-01
6.913200000000006185e+01,5.000000000000000000e-01
6.913300000000005241e+01,5.000000000000000000e-01
6.913400000000005718e+01,5.000000000000000000e-01
6.913500000000006196e+01,5.000000000000000000e-01
6.913600000000005252e+01,5.000000000000000000e-01
6.913700000000005730e+01,5.000000000000000000e-01
6.913800000000006207e+01,5.000000000000000000e-01
6.913900000000005264e+01,5.000000000000000000e-01
6.914000000000005741e+01,5.000000000000000000e-01
6.914100000000006219e+01,5.000000000000000000e-01
6.914200000000005275e+01,5.000000000000000000e-01
6.914300000000005753e+01,5.000000000000000000e-01
6.914400000000006230e+01,5.000000000000000000e-01
6.914500000000005286e+01,5.000000000000000000e-01
6.914600000000005764e+01,5.000000000000000000e-01
6.914700000000006241e+01,5.000000000000000000e-01
6.914800000000005298e+01,5.000000000000000000e-01
6.914900000000005775e+01,5.000000000000000000e-01
6.915000000000006253e+01,5.000000000000000000e-01
6.915100000000005309e+01,5.000000000000000000e-01
6.915200000000005787e+01,5.000000000000000000e-01
6.915300000000006264e+01,5.000000000000000000e-01
6.915400000000005321e+01,5.000000000000000000e-01
6.915500000000005798e+01,5.000000000000000000e-01
6.915600000000006276e+01,5.000000000000000000e-01
6.915700000000005332e+01,5.000000000000000000e-01
6.915800000000005809e+01,5.000000000000000000e-01
6.915900000000006287e+01,5.000000000000000000e-01
6.916000000000005343e+01,5.000000000000000000e-01
6.916100000000005821e+01,5.000000000000000000e-01
6.916200000000006298e+01,5.000000000000000000e-01
6.916300000000005355e+01,5.000000000000000000e-01
6.916400000000005832e+01,5.000000000000000000e-01
6.916500000000004889e+01,5.000000000000000000e-01
6.916600000000005366e+01,5.000000000000000000e-01
6.916700000000005844e+01,5.000000000000000000e-01
6.916800000000004900e+01,5.000000000000000000e-01
6.916900000000005377e+01,5.000000000000000000e-01
6.917000000000005855e+01,5.000000000000000000e-01
6.917100000000004911e+01,5.000000000000000000e-01
6.917200000000005389e+01,5.000000000000000000e-01
6.917300000000005866e+01,5.000000000000000000e-01
6.917400000000004923e+01,5.000000000000000000e-01
6.917500000000005400e+01,5.000000000000000000e-01
6.917600000000005878e+01,5.000000000000000000e-01
6.917700000000004934e+01,5.000000000000000000e-01
6.917800000000005411e+01,5.000000000000000000e-01
6.917900000000005889e+01,5.000000000000000000e-01
6.918000000000004945e+01,5.000000000000000000e-01
6.918100000000005423e+01,5.000000000000000000e-01
6.918200000000005900e+01,5.000000000000000000e-01
6.918300000000004957e+01,5.000000000000000000e-01
6.918400000000005434e+01,5.000000000000000000e-01
6.918500000000005912e+01,5.000000000000000000e-01
6.918600000000004968e+01,5.000000000000000000e-01
6.918700000000005446e+01,5.000000000000000000e-01
6.918800000000005923e+01,5.000000000000000000e-01
6.918900000000004979e+01,5.000000000000000000e-01
6.919000000000005457e+01,5.000000000000000000e-01
6.919100000000005934e+01,5.000000000000000000e-01
6.919200000000004991e+01,5.000000000000000000e-01
6.919300000000005468e+01,5.000000000000000000e-01
6.919400000000005946e+01,5.000000000000000000e-01
6.919500000000005002e+01,5.000000000000000000e-01
6.919600000000005480e+01,5.000000000000000000e-01
6.919700000000005957e+01,5.000000000000000000e-01
6.919800000000005014e+01,5.000000000000000000e-01
6.919900000000005491e+01,5.000000000000000000e-01
6.920000000000005969e+01,5.000000000000000000e-01
6.920100000000005025e+01,5.000000000000000000e-01
6.920200000000005502e+01,5.000000000000000000e-01
6.920300000000005980e+01,5.000000000000000000e-01
6.920400000000005036e+01,5.000000000000000000e-01
6.920500000000005514e+01,5.000000000000000000e-01
6.920600000000005991e+01,5.000000000000000000e-01
6.920700000000005048e+01,5.000000000000000000e-01
6.920800000000005525e+01,5.000000000000000000e-01
6.920900000000006003e+01,5.000000000000000000e-01
6.921000000000005059e+01,5.000000000000000000e-01
6.921100000000005537e+01,5.000000000000000000e-01
6.921200000000006014e+01,5.000000000000000000e-01
6.921300000000005070e+01,5.000000000000000000e-01
6.921400000000005548e+01,5.000000000000000000e-01
6.921500000000006025e+01,5.000000000000000000e-01
6.921600000000005082e+01,5.000000000000000000e-01
6.921700000000005559e+01,5.000000000000000000e-01
6.921800000000006037e+01,5.000000000000000000e-01
6.921900000000005093e+01,5.000000000000000000e-01
6.922000000000005571e+01,5.000000000000000000e-01
6.922100000000006048e+01,5.000000000000000000e-01
6.922200000000005105e+01,5.000000000000000000e-01
6.922300000000005582e+01,5.000000000000000000e-01
6.922400000000006060e+01,5.000000000000000000e-01
6.922500000000005116e+01,5.000000000000000000e-01
6.922600000000005593e+01,5.000000000000000000e-01
6.922700000000006071e+01,5.000000000000000000e-01
6.922800000000005127e+01,5.000000000000000000e-01
6.922900000000005605e+01,5.000000000000000000e-01
6.923000000000006082e+01,5.000000000000000000e-01
6.923100000000005139e+01,5.000000000000000000e-01
6.923200000000005616e+01,5.000000000000000000e-01
6.923300000000006094e+01,5.000000000000000000e-01
6.923400000000005150e+01,5.000000000000000000e-01
6.923500000000005627e+01,5.000000000000000000e-01
6.923600000000006105e+01,5.000000000000000000e-01
6.923700000000005161e+01,5.000000000000000000e-01
6.923800000000005639e+01,5.000000000000000000e-01
6.923900000000006116e+01,5.000000000000000000e-01
6.924000000000005173e+01,5.000000000000000000e-01
6.924100000000005650e+01,5.000000000000000000e-01
6.924200000000006128e+01,5.000000000000000000e-01
6.924300000000005184e+01,5.000000000000000000e-01
6.924400000000005662e+01,5.000000000000000000e-01
6.924500000000006139e+01,5.000000000000000000e-01
6.924600000000005195e+01,5.000000000000000000e-01
6.924700000000005673e+01,5.000000000000000000e-01
6.924800000000006150e+01,5.000000000000000000e-01
6.924900000000005207e+01,5.000000000000000000e-01
6.925000000000005684e+01,5.000000000000000000e-01
6.925100000000006162e+01,5.000000000000000000e-01
6.925200000000005218e+01,5.000000000000000000e-01
6.925300000000005696e+01,5.000000000000000000e-01
6.925400000000006173e+01,5.000000000000000000e-01
6.925500000000005230e+01,5.000000000000000000e-01
6.925600000000005707e+01,5.000000000000000000e-01
6.925700000000006185e+01,5.000000000000000000e-01
6.925800000000005241e+01,5.000000000000000000e-01
6.925900000000005718e+01,5.000000000000000000e-01
6.926000000000006196e+01,5.000000000000000000e-01
6.926100000000005252e+01,5.000000000000000000e-01
6.926200000000005730e+01,5.000000000000000000e-01
6.926300000000006207e+01,5.000000000000000000e-01
6.926400000000005264e+01,5.000000000000000000e-01
6.926500000000005741e+01,5.000000000000000000e-01
6.926600000000006219e+01,5.000000000000000000e-01
6.926700000000005275e+01,5.000000000000000000e-01
6.926800000000005753e+01,5.000000000000000000e-01
6.926900000000006230e+01,5.000000000000000000e-01
6.927000000000005286e+01,5.000000000000000000e-01
6.927100000000005764e+01,5.000000000000000000e-01
6.927200000000006241e+01,5.000000000000000000e-01
6.927300000000005298e+01,5.000000000000000000e-01
6.927400000000005775e+01,5.000000000000000000e-01
6.927500000000006253e+01,5.000000000000000000e-01
6.927600000000005309e+01,5.000000000000000000e-01
6.927700000000005787e+01,5.000000000000000000e-01
6.927800000000006264e+01,5.000000000000000000e-01
6.927900000000005321e+01,5.000000000000000000e-01
6.928000000000005798e+01,5.000000000000000000e-01
6.928100000000006276e+01,5.000000000000000000e-01
6.928200000000005332e+01,5.000000000000000000e-01
6.928300000000005809e+01,5.000000000000000000e-01
6.928400000000006287e+01,5.000000000000000000e-01
6.928500000000005343e+01,5.000000000000000000e-01
6.928600000000005821e+01,5.000000000000000000e-01
6.928700000000006298e+01,5.000000000000000000e-01
6.928800000000005355e+01,5.000000000000000000e-01
6.928900000000005832e+01,5.000000000000000000e-01
6.929000000000006310e+01,5.000000000000000000e-01
6.929100000000005366e+01,5.000000000000000000e-01
6.929200000000005844e+01,5.000000000000000000e-01
6.929300000000006321e+01,5.000000000000000000e-01
6.929400000000005377e+01,5.000000000000000000e-01
6.929500000000005855e+01,5.000000000000000000e-01
6.929600000000004911e+01,5.000000000000000000e-01
6.929700000000005389e+01,5.000000000000000000e-01
6.929800000000005866e+01,5.000000000000000000e-01
6.929900000000004923e+01,5.000000000000000000e-01
6.930000000000005400e+01,5.000000000000000000e-01
6.930100000000005878e+01,5.000000000000000000e-01
6.930200000000004934e+01,5.000000000000000000e-01
6.930300000000005411e+01,5.000000000000000000e-01
6.930400000000005889e+01,5.000000000000000000e-01
6.930500000000004945e+01,5.000000000000000000e-01
6.930600000000005423e+01,5.000000000000000000e-01
6.930700000000005900e+01,5.000000000000000000e-01
6.930800000000004957e+01,5.000000000000000000e-01
6.930900000000005434e+01,5.000000000000000000e-01
6.931000000000005912e+01,5.000000000000000000e-01
6.931100000000004968e+01,5.000000000000000000e-01
6.931200000000005446e+01,5.000000000000000000e-01
6.931300000000005923e+01,5.000000000000000000e-01
6.931400000000004979e+01,5.000000000000000000e-01
6.931500000000005457e+01,5.000000000000000000e-01
6.931600000000005934e+01,5.000000000000000000e-01
6.931700000000004991e+01,5.000000000000000000e-01
6.931800000000005468e+01,5.000000000000000000e-01
6.931900000000005946e+01,5.000000000000000000e-01
6.932000000000005002e+01,5.000000000000000000e-01
6.932100000000005480e+01,5.000000000000000000e-01
6.932200000000005957e+01,5.000000000000000000e-01
6.932300000000005014e+01,5.000000000000000000e-01
6.932400000000005491e+01,5.000000000000000000e-01
6.932500000000005969e+01,5.000000000000000000e-01
6.932600000000005025e+01,5.000000000000000000e-01
6.932700000000005502e+01,5.000000000000000000e-01
6.932800000000005980e+01,5.000000000000000000e-01
6.932900000000005036e+01,5.000000000000000000e-01
6.933000000000005514e+01,5.000000000000000000e-01
6.933100000000005991e+01,5.000000000000000000e-01
6.933200000000005048e+01,5.000000000000000000e-01
6.933300000000005525e+01,5.000000000000000000e-01
6.933400000000006003e+01,5.000000000000000000e-01
6.933500000000005059e+01,5.000000000000000000e-01
6.933600000000005537e+01,5.000000000000000000e-01
6.933700000000006014e+01,5.000000000000000000e-01
6.933800000000005070e+01,5.000000000000000000e-01
6.933900000000005548e+01,5.000000000000000000e-01
6.934000000000006025e+01,5.000000000000000000e-01
6.934100000000005082e+01,5.000000000000000000e-01
6.934200000000005559e+01,5.000000000000000000e-01
6.934300000000006037e+01,5.000000000000000000e-01
6.934400000000005093e+01,5.000000000000000000e-01
6.934500000000005571e+01,5.000000000000000000e-01
6.934600000000006048e+01,5.000000000000000000e-01
6.934700000000005105e+01,5.000000000000000000e-01
6.934800000000005582e+01,5.000000000000000000e-01
6.934900000000006060e+01,5.000000000000000000e-01
6.935000000000005116e+01,5.000000000000000000e-01
6.935100000000005593e+01,5.000000000000000000e-01
6.935200000000006071e+01,5.000000000000000000e-01
6.935300000000005127e+01,5.000000000000000000e-01
6.935400000000005605e+01,5.000000000000000000e-01
6.935500000000006082e+01,5.000000000000000000e-01
6.935600000000005139e+01,5.000000000000000000e-01
6.935700000000005616e+01,5.000000000000000000e-01
6.935800000000006094e+01,5.000000000000000000e-01
6.935900000000005150e+01,5.000000000000000000e-01
6.936000000000005627e+01,5.000000000000000000e-01
6.936100000000006105e+01,5.000000000000000000e-01
6.936200000000005161e+01,5.000000000000000000e-01
6.936300000000005639e+01,5.000000000000000000e-01
6.936400000000006116e+01,5.000000000000000000e-01
6.936500000000005173e+01,5.000000000000000000e-01
6.936600000000005650e+01,5.000000000000000000e-01
6.936700000000006128e+01,5.000000000000000000e-01
6.936800000000005184e+01,5.000000000000000000e-01
6.936900000000005662e+01,5.000000000000000000e-01
6.937000000000006139e+01,5.000000000000000000e-01
6.937100000000005195e+01,5.000000000000000000e-01
6.937200000000005673e+01,5.000000000000000000e-01
6.937300000000006150e+01,5.000000000000000000e-01
6.937400000000005207e+01,5.000000000000000000e-01
6.937500000000005684e+01,5.000000000000000000e-01
6.937600000000006162e+01,5.000000000000000000e-01
6.937700000000005218e+01,5.000000000000000000e-01
6.937800000000005696e+01,5.000000000000000000e-01
6.937900000000006173e+01,5.000000000000000000e-01
6.938000000000005230e+01,5.000000000000000000e-01
6.938100000000005707e+01,5.000000000000000000e-01
6.938200000000006185e+01,5.000000000000000000e-01
6.938300000000005241e+01,5.000000000000000000e-01
6.938400000000005718e+01,5.000000000000000000e-01
6.938500000000006196e+01,5.000000000000000000e-01
6.938600000000005252e+01,5.000000000000000000e-01
6.938700000000005730e+01,5.000000000000000000e-01
6.938800000000006207e+01,5.000000000000000000e-01
6.938900000000005264e+01,5.000000000000000000e-01
6.939000000000005741e+01,5.000000000000000000e-01
6.939100000000006219e+01,5.000000000000000000e-01
6.939200000000005275e+01,5.000000000000000000e-01
6.939300000000005753e+01,5.000000000000000000e-01
6.939400000000006230e+01,5.000000000000000000e-01
6.939500000000005286e+01,5.000000000000000000e-01
6.939600000000005764e+01,5.000000000000000000e-01
6.939700000000006241e+01,5.000000000000000000e-01
6.939800000000005298e+01,5.000000000000000000e-01
6.939900000000005775e+01,5.000000000000000000e-01
6.940000000000006253e+01,5.000000000000000000e-01
6.940100000000005309e+01,5.000000000000000000e-01
6.940200000000005787e+01,5.000000000000000000e-01
6.940300000000006264e+01,5.000000000000000000e-01
6.940400000000005321e+01,5.000000000000000000e-01
6.940500000000005798e+01,5.000000000000000000e-01
6.940600000000006276e+01,5.000000000000000000e-01
6.940700000000005332e+01,5.000000000000000000e-01
6.940800000000005809e+01,5.000000000000000000e-01
6.940900000000006287e+01,5.000000000000000000e-01
6.941000000000005343e+01,5.000000000000000000e-01
6.941100000000005821e+01,5.000000000000000000e-01
6.941200000000006298e+01,5.000000000000000000e-01
6.941300000000005355e+01,5.000000000000000000e-01
6.941400000000005832e+01,5.000000000000000000e-01
6.941500000000006310e+01,5.000000000000000000e-01
6.941600000000005366e+01,5.000000000000000000e-01
6.941700000000005844e+01,5.000000000000000000e-01
6.941800000000006321e+01,5.000000000000000000e-01
6.941900000000005377e+01,5.000000000000000000e-01
6.942000000000005855e+01,5.000000000000000000e-01
6.942100000000004911e+01,5.000000000000000000e-01
6.942200000000005389e+01,5.000000000000000000e-01
6.942300000000005866e+01,5.000000000000000000e-01
6.942400000000004923e+01,5.000000000000000000e-01
6.942500000000005400e+01,5.000000000000000000e-01
6.942600000000005878e+01,5.000000000000000000e-01
6.942700000000004934e+01,5.000000000000000000e-01
6.942800000000005411e+01,5.000000000000000000e-01
6.942900000000005889e+01,5.000000000000000000e-01
6.943000000000004945e+01,5.000000000000000000e-01
6.943100000000005423e+01,5.000000000000000000e-01
6.943200000000005900e+01,5.000000000000000000e-01
6.943300000000004957e+01,5.000000000000000000e-01
6.943400000000005434e+01,5.000000000000000000e-01
6.943500000000005912e+01,5.000000000000000000e-01
6.943600000000004968e+01,5.000000000000000000e-01
6.943700000000005446e+01,5.000000000000000000e-01
6.943800000000005923e+01,5.000000000000000000e-01
6.943900000000004979e+01,5.000000000000000000e-01
6.944000000000005457e+01,5.000000000000000000e-01
6.944100000000005934e+01,5.000000000000000000e-01
6.944200000000004991e+01,5.000000000000000000e-01
6.944300000000005468e+01,5.000000000000000000e-01
6.944400000000005946e+01,5.000000000000000000e-01
6.944500000000005002e+01,5.000000000000000000e-01
6.944600000000005480e+01,5.000000000000000000e-01
6.944700000000005957e+01,5.000000000000000000e-01
6.944800000000005014e+01,5.000000000000000000e-01
6.944900000000005491e+01,5.000000000000000000e-01
6.945000000000005969e+01,5.000000000000000000e-01
6.945100000000005025e+01,5.000000000000000000e-01
6.945200000000005502e+01,5.000000000000000000e-01
6.945300000000005980e+01,5.000000000000000000e-01
6.945400000000005036e+01,5.000000000000000000e-01
6.945500000000005514e+01,5.000000000000000000e-01
6.945600000000005991e+01,5.000000000000000000e-01
6.945700000000005048e+01,5.000000000000000000e-01
6.945800000000005525e+01,5.000000000000000000e-01
6.945900000000006003e+01,5.000000000000000000e-01
6.946000000000005059e+01,5.000000000000000000e-01
6.946100000000005537e+01,5.000000000000000000e-01
6.946200000000006014e+01,5.000000000000000000e-01
6.946300000000005070e+01,5.000000000000000000e-01
6.946400000000005548e+01,5.000000000000000000e-01
6.946500000000006025e+01,5.000000000000000000e-01
6.946600000000005082e+01,5.000000000000000000e-01
6.946700000000005559e+01,5.000000000000000000e-01
6.946800000000006037e+01,5.000000000000000000e-01
6.946900000000005093e+01,5.000000000000000000e-01
6.947000000000005571e+01,5.000000000000000000e-01
6.947100000000006048e+01,5.000000000000000000e-01
6.947200000000005105e+01,5.000000000000000000e-01
6.947300000000005582e+01,5.000000000000000000e-01
6.947400000000006060e+01,5.000000000000000000e-01
6.947500000000005116e+01,5.000000000000000000e-01
6.947600000000005593e+01,5.000000000000000000e-01
6.947700000000006071e+01,5.000000000000000000e-01
6.947800000000005127e+01,5.000000000000000000e-01
6.947900000000005605e+01,5.000000000000000000e-01
6.948000000000006082e+01,5.000000000000000000e-01
6.948100000000005139e+01,5.000000000000000000e-01
6.948200000000005616e+01,5.000000000000000000e-01
6.948300000000006094e+01,5.000000000000000000e-01
6.948400000000005150e+01,5.000000000000000000e-01
6.948500000000005627e+01,5.000000000000000000e-01
6.948600000000006105e+01,5.000000000000000000e-01
6.948700000000005161e+01,5.000000000000000000e-01
6.948800000000005639e+01,5.000000000000000000e-01
6.948900000000006116e+01,5.000000000000000000e-01
6.949000000000005173e+01,5.000000000000000000e-01
6.949100000000005650e+01,5.000000000000000000e-01
6.949200000000006128e+01,5.000000000000000000e-01
6.949300000000005184e+01,5.000000000000000000e-01
6.949400000000005662e+01,5.000000000000000000e-01
6.949500000000006139e+01,5.000000000000000000e-01
6.949600000000005195e+01,5.000000000000000000e-01
6.949700000000005673e+01,5.000000000000000000e-01
6.949800000000006150e+01,5.000000000000000000e-01
6.949900000000005207e+01,5.000000000000000000e-01
6.950000000000005684e+01,5.000000000000000000e-01
6.950100000000006162e+01,5.000000000000000000e-01
6.950200000000005218e+01,5.000000000000000000e-01
6.950300000000005696e+01,5.000000000000000000e-01
6.950400000000006173e+01,5.000000000000000000e-01
6.950500000000005230e+01,5.000000000000000000e-01
6.950600000000005707e+01,5.000000000000000000e-01
6.950700000000006185e+01,5.000000000000000000e-01
6.950800000000005241e+01,5.000000000000000000e-01
6.950900000000005718e+01,5.000000000000000000e-01
6.951000000000006196e+01,5.000000000000000000e-01
6.951100000000005252e+01,5.000000000000000000e-01
6.951200000000005730e+01,5.000000000000000000e-01
6.951300000000006207e+01,5.000000000000000000e-01
6.951400000000005264e+01,5.000000000000000000e-01
6.951500000000005741e+01,5.000000000000000000e-01
6.951600000000006219e+01,5.000000000000000000e-01
6.951700000000005275e+01,5.000000000000000000e-01
6.951800000000005753e+01,5.000000000000000000e-01
6.951900000000006230e+01,5.000000000000000000e-01
6.952000000000005286e+01,5.000000000000000000e-01
6.952100000000005764e+01,5.000000000000000000e-01
6.952200000000006241e+01,5.000000000000000000e-01
6.952300000000005298e+01,5.000000000000000000e-01
6.952400000000005775e+01,5.000000000000000000e-01
6.952500000000006253e+01,5.000000000000000000e-01
6.952600000000005309e+01,5.000000000000000000e-01
6.952700000000005787e+01,5.000000000000000000e-01
6.952800000000006264e+01,5.000000000000000000e-01
6.952900000000005321e+01,5.000000000000000000e-01
6.953000000000005798e+01,5.000000000000000000e-01
6.953100000000006276e+01,5.000000000000000000e-01
6.953200000000005332e+01,5.000000000000000000e-01
6.953300000000005809e+01,5.000000000000000000e-01
6.953400000000006287e+01,5.000000000000000000e-01
6.953500000000005343e+01,5.000000000000000000e-01
6.953600000000005821e+01,5.000000000000000000e-01
6.953700000000006298e+01,5.000000000000000000e-01
6.953800000000005355e+01,5.000000000000000000e-01
6.953900000000005832e+01,5.000000000000000000e-01
6.954000000000006310e+01,5.000000000000000000e-01
6.954100000000005366e+01,5.000000000000000000e-01
6.954200000000005844e+01,5.000000000000000000e-01
6.954300000000006321e+01,5.000000000000000000e-01
6.954400000000005377e+01,5.000000000000000000e-01
6.954500000000005855e+01,5.000000000000000000e-01
6.954600000000006332e+01,5.000000000000000000e-01
6.954700000000005389e+01,5.000000000000000000e-01
6.954800000000005866e+01,5.000000000000000000e-01
6.954900000000006344e+01,5.000000000000000000e-01
6.955000000000005400e+01,5.000000000000000000e-01
6.955100000000005878e+01,5.000000000000000000e-01
6.955200000000004934e+01,5.000000000000000000e-01
6.955300000000005411e+01,5.000000000000000000e-01
6.955400000000005889e+01,5.000000000000000000e-01
6.955500000000004945e+01,5.000000000000000000e-01
6.955600000000005423e+01,5.000000000000000000e-01
6.955700000000005900e+01,5.000000000000000000e-01
6.955800000000004957e+01,5.000000000000000000e-01
6.955900000000005434e+01,5.000000000000000000e-01
6.956000000000005912e+01,5.000000000000000000e-01
6.956100000000004968e+01,5.000000000000000000e-01
6.956200000000005446e+01,5.000000000000000000e-01
6.956300000000005923e+01,5.000000000000000000e-01
6.956400000000004979e+01,5.000000000000000000e-01
6.956500000000005457e+01,5.000000000000000000e-01
6.956600000000005934e+01,5.000000000000000000e-01
6.956700000000004991e+01,5.000000000000000000e-01
6.956800000000005468e+01,5.000000000000000000e-01
6.956900000000005946e+01,5.000000000000000000e-01
6.957000000000005002e+01,5.000000000000000000e-01
6.957100000000005480e+01,5.000000000000000000e-01
6.957200000000005957e+01,5.000000000000000000e-01
6.957300000000005014e+01,5.000000000000000000e-01
6.957400000000005491e+01,5.000000000000000000e-01
6.957500000000005969e+01,5.000000000000000000e-01
6.957600000000005025e+01,5.000000000000000000e-01
6.957700000000005502e+01,5.000000000000000000e-01
6.957800000000005980e+01,5.000000000000000000e-01
6.957900000000005036e+01,5.000000000000000000e-01
6.958000000000005514e+01,5.000000000000000000e-01
6.958100000000005991e+01,5.000000000000000000e-01
6.958200000000005048e+01,5.000000000000000000e-01
6.958300000000005525e+01,5.000000000000000000e-01
6.958400000000006003e+01,5.000000000000000000e-01
6.958500000000005059e+01,5.000000000000000000e-01
6.958600000000005537e+01,5.000000000000000000e-01
6.958700000000006014e+01,5.000000000000000000e-01
6.958800000000005070e+01,5.000000000000000000e-01
6.958900000000005548e+01,5.000000000000000000e-01
6.959000000000006025e+01,5.000000000000000000e-01
6.959100000000005082e+01,5.000000000000000000e-01
6.959200000000005559e+01,5.000000000000000000e-01
6.959300000000006037e+01,5.000000000000000000e-01
6.959400000000005093e+01,5.000000000000000000e-01
6.959500000000005571e+01,5.000000000000000000e-01
6.959600000000006048e+01,5.000000000000000000e-01
6.959700000000005105e+01,5.000000000000000000e-01
6.959800000000005582e+01,5.000000000000000000e-01
6.959900000000006060e+01,5.000000000000000000e-01
6.960000000000005116e+01,5.000000000000000000e-01
6.960100000000005593e+01,5.000000000000000000e-01
6.960200000000006071e+01,5.000000000000000000e-01
6.960300000000005127e+01,5.000000000000000000e-01
6.960400000000005605e+01,5.000000000000000000e-01
6.960500000000006082e+01,5.000000000000000000e-01
6.960600000000005139e+01,5.000000000000000000e-01
6.960700000000005616e+01,5.000000000000000000e-01
6.960800000000006094e+01,5.000000000000000000e-01
6.960900000000005150e+01,5.000000000000000000e-01
6.961000000000005627e+01,5.000000000000000000e-01
6.961100000000006105e+01,5.000000000000000000e-01
6.961200000000005161e+01,5.000000000000000000e-01
6.961300000000005639e+01,5.000000000000000000e-01
6.961400000000006116e+01,5.000000000000000000e-01
6.961500000000005173e+01,5.000000000000000000e-01
6.961600000000005650e+01,5.000000000000000000e-01
6.961700000000006128e+01,5.000000000000000000e-01
6.961800000000005184e+01,5.000000000000000000e-01
6.961900000000005662e+01,5.000000000000000000e-01
6.962000000000006139e+01,5.000000000000000000e-01
6.962100000000005195e+01,5.000000000000000000e-01
6.962200000000005673e+01,5.000000000000000000e-01
6.962300000000006150e+01,5.000000000000000000e-01
6.962400000000005207e+01,5.000000000000000000e-01
6.962500000000005684e+01,5.000000000000000000e-01
6.962600000000006162e+01,5.000000000000000000e-01
6.962700000000005218e+01,5.000000000000000000e-01
6.962800000000005696e+01,5.000000000000000000e-01
6.962900000000006173e+01,5.000000000000000000e-01
6.963000000000005230e+01,5.000000000000000000e-01
6.963100000000005707e+01,5.000000000000000000e-01
6.963200000000006185e+01,5.000000000000000000e-01
6.963300000000005241e+01,5.000000000000000000e-01
6.963400000000005718e+01,5.000000000000000000e-01
6.963500000000006196e+01,5.000000000000000000e-01
6.963600000000005252e+01,5.000000000000000000e-01
6.963700000000005730e+01,5.000000000000000000e-01
6.963800000000006207e+01,5.000000000000000000e-01
6.963900000000005264e+01,5.000000000000000000e-01
6.964000000000005741e+01,5.000000000000000000e-01
6.964100000000006219e+01,5.000000000000000000e-01
6.964200000000005275e+01,5.000000000000000000e-01
6.964300000000005753e+01,5.000000000000000000e-01
6.964400000000006230e+01,5.000000000000000000e-01
6.964500000000005286e+01,5.000000000000000000e-01
6.964600000000005764e+01,5.000000000000000000e-01
6.964700000000006241e+01,5.000000000000000000e-01
6.964800000000005298e+01,5.000000000000000000e-01
6.964900000000005775e+01,5.000000000000000000e-01
6.965000000000006253e+01,5.000000000000000000e-01
6.965100000000005309e+01,5.000000000000000000e-01
6.965200000000005787e+01,5.000000000000000000e-01
6.965300000000006264e+01,5.000000000000000000e-01
6.965400000000005321e+01,5.000000000000000000e-01
6.965500000000005798e+01,5.000000000000000000e-01
6.965600000000006276e+01,5.000000000000000000e-01
6.965700000000005332e+01,5.000000000000000000e-01
6.965800000000005809e+01,5.000000000000000000e-01
6.965900000000006287e+01,5.000000000000000000e-01
6.966000000000005343e+01,5.000000000000000000e-01
6.966100000000005821e+01,5.000000000000000000e-01
6.966200000000006298e+01,5.000000000000000000e-01
6.966300000000005355e+01,5.000000000000000000e-01
6.966400000000005832e+01,5.000000000000000000e-01
6.966500000000006310e+01,5.000000000000000000e-01
6.966600000000005366e+01,5.000000000000000000e-01
6.966700000000005844e+01,5.000000000000000000e-01
6.966800000000006321e+01,5.000000000000000000e-01
6.966900000000005377e+01,5.000000000000000000e-01
6.967000000000005855e+01,5.000000000000000000e-01
6.967100000000006332e+01,5.000000000000000000e-01
6.967200000000005389e+01,5.000000000000000000e-01
6.967300000000005866e+01,5.000000000000000000e-01
6.967400000000006344e+01,5.000000000000000000e-01
6.967500000000005400e+01,5.000000000000000000e-01
6.967600000000005878e+01,5.000000000000000000e-01
6.967700000000004934e+01,5.000000000000000000e-01
6.967800000000005411e+01,5.000000000000000000e-01
6.967900000000005889e+01,5.000000000000000000e-01
6.968000000000004945e+01,5.000000000000000000e-01
6.968100000000005423e+01,5.000000000000000000e-01
6.968200000000005900e+01,5.000000000000000000e-01
6.968300000000004957e+01,5.000000000000000000e-01
6.968400000000005434e+01,5.000000000000000000e-01
6.968500000000005912e+01,5.000000000000000000e-01
6.968600000000004968e+01,5.000000000000000000e-01
6.968700000000005446e+01,5.000000000000000000e-01
6.968800000000005923e+01,5.000000000000000000e-01
6.968900000000004979e+01,5.000000000000000000e-01
6.969000000000005457e+01,5.000000000000000000e-01
6.969100000000005934e+01,5.000000000000000000e-01
6.969200000000004991e+01,5.000000000000000000e-01
6.969300000000005468e+01,5.000000000000000000e-01
6.969400000000005946e+01,5.000000000000000000e-01
6.969500000000005002e+01,5.000000000000000000e-01
6.969600000000005480e+01,5.000000000000000000e-01
6.969700000000005957e+01,5.000000000000000000e-01
6.969800000000005014e+01,5.000000000000000000e-01
6.969900000000005491e+01,5.000000000000000000e-01
6.970000000000005969e+01,5.000000000000000000e-01
6.970100000000005025e+01,5.000000000000000000e-01
6.970200000000005502e+01,5.000000000000000000e-01
6.970300000000005980e+01,5.000000000000000000e-01
6.970400000000005036e+01,5.000000000000000000e-01
6.970500000000005514e+01,5.000000000000000000e-01
6.970600000000005991e+01,5.000000000000000000e-01
6.970700000000005048e+01,5.000000000000000000e-01
6.970800000000005525e+01,5.000000000000000000e-01
6.970900000000006003e+01,5.000000000000000000e-01
6.971000000000005059e+01,5.000000000000000000e-01
6.971100000000005537e+01,5.000000000000000000e-01
6.971200000000006014e+01,5.000000000000000000e-01
6.971300000000005070e+01,5.000000000000000000e-01
6.971400000000005548e+01,5.000000000000000000e-01
6.971500000000006025e+01,5.000000000000000000e-01
6.971600000000005082e+01,5.000000000000000000e-01
6.971700000000005559e+01,5.000000000000000000e-01
6.971800000000006037e+01,5.000000000000000000e-01
6.971900000000005093e+01,5.000000000000000000e-01
6.972000000000005571e+01,5.000000000000000000e-01
6.972100000000006048e+01,5.000000000000000000e-01
6.972200000000005105e+01,5.000000000000000000e-01
6.972300000000005582e+01,5.000000000000000000e-01
6.972400000000006060e+01,5.000000000000000000e-01
6.972500000000005116e+01,5.000000000000000000e-01
6.972600000000005593e+01,5.000000000000000000e-01
6.972700000000006071e+01,5.000000000000000000e-01
6.972800000000005127e+01,5.000000000000000000e-01
6.972900000000005605e+01,5.000000000000000000e-01
6.973000000000006082e+01,5.000000000000000000e-01
6.973100000000005139e+01,5.000000000000000000e-01
6.973200000000005616e+01,5.000000000000000000e-01
6.973300000000006094e+01,5.000000000000000000e-01
6.973400000000005150e+01,5.000000000000000000e-01
6.973500000000005627e+01,5.000000000000000000e-01
6.973600000000006105e+01,5.000000000000000000e-01
6.973700000000005161e+01,5.000000000000000000e-01
6.973800000000005639e+01,5.000000000000000000e-01
6.973900000000006116e+01,5.000000000000000000e-01
6.974000000000005173e+01,5.000000000000000000e-01
6.974100000000005650e+01,5.000000000000000000e-01
6.974200000000006128e+01,5.000000000000000000e-01
6.974300000000005184e+01,5.000000000000000000e-01
6.974400000000005662e+01,5.000000000000000000e-01
6.974500000000006139e+01,5.000000000000000000e-01
6.974600000000005195e+01,5.000000000000000000e-01
6.974700000000005673e+01,5.000000000000000000e-01
6.974800000000006150e+01,5.000000000000000000e-01
6.974900000000005207e+01,5.000000000000000000e-01
6.975000000000005684e+01,5.000000000000000000e-01
6.975100000000006162e+01,5.000000000000000000e-01
6.975200000000005218e+01,5.000000000000000000e-01
6.975300000000005696e+01,5.000000000000000000e-01
6.975400000000006173e+01,5.000000000000000000e-01
6.975500000000005230e+01,5.000000000000000000e-01
6.975600000000005707e+01,5.000000000000000000e-01
6.975700000000006185e+01,5.000000000000000000e-01
6.975800000000005241e+01,5.000000000000000000e-01
6.975900000000005718e+01,5.000000000000000000e-01
6.976000000000006196e+01,5.000000000000000000e-01
6.976100000000005252e+01,5.000000000000000000e-01
6.976200000000005730e+01,5.000000000000000000e-01
6.976300000000006207e+01,5.000000000000000000e-01
6.976400000000005264e+01,5.000000000000000000e-01
6.976500000000005741e+01,5.000000000000000000e-01
6.976600000000006219e+01,5.000000000000000000e-01
6.976700000000005275e+01,5.000000000000000000e-01
6.976800000000005753e+01,5.000000000000000000e-01
6.976900000000006230e+01,5.000000000000000000e-01
6.977000000000005286e+01,5.000000000000000000e-01
6.977100000000005764e+01,5.000000000000000000e-01
6.977200000000006241e+01,5.000000000000000000e-01
6.977300000000005298e+01,5.000000000000000000e-01
6.977400000000005775e+01,5.000000000000000000e-01
6.977500000000006253e+01,5.000000000000000000e-01
6.977600000000005309e+01,5.000000000000000000e-01
6.977700000000005787e+01,5.000000000000000000e-01
6.977800000000006264e+01,5.000000000000000000e-01
6.977900000000005321e+01,5.000000000000000000e-01
6.978000000000005798e+01,5.000000000000000000e-01
6.978100000000006276e+01,5.000000000000000000e-01
6.978200000000005332e+01,5.000000000000000000e-01
6.978300000000005809e+01,5.000000000000000000e-01
6.978400000000006287e+01,5.000000000000000000e-01
6.978500000000005343e+01,5.000000000000000000e-01
6.978600000000005821e+01,5.000000000000000000e-01
6.978700000000006298e+01,5.000000000000000000e-01
6.978800000000005355e+01,5.000000000000000000e-01
6.978900000000005832e+01,5.000000000000000000e-01
6.979000000000006310e+01,5.000000000000000000e-01
6.979100000000005366e+01,5.000000000000000000e-01
6.979200000000005844e+01,5.000000000000000000e-01
6.979300000000006321e+01,5.000000000000000000e-01
6.979400000000005377e+01,5.000000000000000000e-01
6.979500000000005855e+01,5.000000000000000000e-01
6.979600000000006332e+01,5.000000000000000000e-01
6.979700000000005389e+01,5.000000000000000000e-01
6.979800000000005866e+01,5.000000000000000000e-01
6.979900000000006344e+01,5.000000000000000000e-01
6.980000000000005400e+01,5.000000000000000000e-01
6.980100000000005878e+01,5.000000000000000000e-01
6.980200000000006355e+01,5.000000000000000000e-01
6.980300000000005411e+01,5.000000000000000000e-01
6.980400000000005889e+01,5.000000000000000000e-01
6.980500000000006366e+01,5.000000000000000000e-01
6.980600000000005423e+01,5.000000000000000000e-01
6.980700000000005900e+01,5.000000000000000000e-01
6.980800000000004957e+01,5.000000000000000000e-01
6.980900000000005434e+01,5.000000000000000000e-01
6.981000000000005912e+01,5.000000000000000000e-01
6.981100000000004968e+01,5.000000000000000000e-01
6.981200000000005446e+01,5.000000000000000000e-01
6.981300000000005923e+01,5.000000000000000000e-01
6.981400000000004979e+01,5.000000000000000000e-01
6.981500000000005457e+01,5.000000000000000000e-01
6.981600000000005934e+01,5.000000000000000000e-01
6.981700000000004991e+01,5.000000000000000000e-01
6.981800000000005468e+01,5.000000000000000000e-01
6.981900000000005946e+01,5.000000000000000000e-01
6.982000000000005002e+01,5.000000000000000000e-01
6.982100000000005480e+01,5.000000000000000000e-01
6.982200000000005957e+01,5.000000000000000000e-01
6.982300000000005014e+01,5.000000000000000000e-01
6.982400000000005491e+01,5.000000000000000000e-01
6.982500000000005969e+01,5.000000000000000000e-01
6.982600000000005025e+01,5.000000000000000000e-01
6.982700000000005502e+01,5.000000000000000000e-01
6.982800000000005980e+01,5.000000000000000000e-01
6.982900000000005036e+01,5.000000000000000000e-01
6.983000000000005514e+01,5.000000000000000000e-01
6.983100000000005991e+01,5.000000000000000000e-01
6.983200000000005048e+01,5.000000000000000000e-01
6.983300000000005525e+01,5.000000000000000000e-01
6.983400000000006003e+01,5.000000000000000000e-01
6.983500000000005059e+01,5.000000000000000000e-01
6.983600000000005537e+01,5.000000000000000000e-01
6.983700000000006014e+01,5.000000000000000000e-01
6.983800000000005070e+01,5.000000000000000000e-01
6.983900000000005548e+01,5.000000000000000000e-01
6.984000000000006025e+01,5.000000000000000000e-01
6.984100000000005082e+01,5.000000000000000000e-01
6.984200000000005559e+01,5.000000000000000000e-01
6.984300000000006037e+01,5.000000000000000000e-01
6.984400000000005093e+01,5.000000000000000000e-01
6.984500000000005571e+01,5.000000000000000000e-01
6.984600000000006048e+01,5.000000000000000000e-01
6.984700000000005105e+01,5.000000000000000000e-01
6.984800000000005582e+01,5.000000000000000000e-01
6.984900000000006060e+01,5.000000000000000000e-01
6.985000000000005116e+01,5.000000000000000000e-01
6.985100000000005593e+01,5.000000000000000000e-01
6.985200000000006071e+01,5.000000000000000000e-01
6.985300000000005127e+01,5.000000000000000000e-01
6.985400000000005605e+01,5.000000000000000000e-01
6.985500000000006082e+01,5.000000000000000000e-01
6.985600000000005139e+01,5.000000000000000000e-01
6.985700000000005616e+01,5.000000000000000000e-01
6.985800000000006094e+01,5.000000000000000000e-01
6.985900000000005150e+01,5.000000000000000000e-01
6.986000000000005627e+01,5.000000000000000000e-01
6.986100000000006105e+01,5.000000000000000000e-01
6.986200000000005161e+01,5.000000000000000000e-01
6.986300000000005639e+01,5.000000000000000000e-01
6.986400000000006116e+01,5.000000000000000000e-01
6.986500000000005173e+01,5.000000000000000000e-01
6.986600000000005650e+01,5.000000000000000000e-01
6.986700000000006128e+01,5.000000000000000000e-01
6.986800000000005184e+01,5.000000000000000000e-01
6.986900000000005662e+01,5.000000000000000000e-01
6.987000000000006139e+01,5.000000000000000000e-01
6.987100000000005195e+01,5.000000000000000000e-01
6.987200000000005673e+01,5.000000000000000000e-01
6.987300000000006150e+01,5.000000000000000000e-01
6.987400000000005207e+01,5.000000000000000000e-01
6.987500000000005684e+01,5.000000000000000000e-01
6.987600000000006162e+01,5.000000000000000000e-01
6.987700000000005218e+01,5.000000000000000000e-01
6.987800000000005696e+01,5.000000000000000000e-01
6.987900000000006173e+01,5.000000000000000000e-01
6.988000000000005230e+01,5.000000000000000000e-01
6.988100000000005707e+01,5.000000000000000000e-01
6.988200000000006185e+01,5.000000000000000000e-01
6.988300000000005241e+01,5.000000000000000000e-01
6.988400000000005718e+01,5.000000000000000000e-01
6.988500000000006196e+01,5.000000000000000000e-01
6.988600000000005252e+01,5.000000000000000000e-01
6.988700000000005730e+01,5.000000000000000000e-01
6.988800000000006207e+01,5.000000000000000000e-01
6.988900000000005264e+01,5.000000000000000000e-01
6.989000000000005741e+01,5.000000000000000000e-01
6.989100000000006219e+01,5.000000000000000000e-01
6.989200000000005275e+01,5.000000000000000000e-01
6.989300000000005753e+01,5.000000000000000000e-01
6.989400000000006230e+01,5.000000000000000000e-01
6.989500000000005286e+01,5.000000000000000000e-01
6.989600000000005764e+01,5.000000000000000000e-01
6.989700000000006241e+01,5.000000000000000000e-01
6.989800000000005298e+01,5.000000000000000000e-01
6.989900000000005775e+01,5.000000000000000000e-01
6.990000000000006253e+01,5.000000000000000000e-01
6.990100000000005309e+01,5.000000000000000000e-01
6.990200000000005787e+01,5.000000000000000000e-01
6.990300000000006264e+01,5.000000000000000000e-01
6.990400000000005321e+01,5.000000000000000000e-01
6.990500000000005798e+01,5.000000000000000000e-01
6.990600000000006276e+01,5.000000000000000000e-01
6.990700000000005332e+01,5.000000000000000000e-01
6.990800000000005809e+01,5.000000000000000000e-01
6.990900000000006287e+01,5.000000000000000000e-01
6.991000000000005343e+01,5.000000000000000000e-01
6.991100000000005821e+01,5.000000000000000000e-01
6.991200000000006298e+01,5.000000000000000000e-01
6.991300000000005355e+01,5.000000000000000000e-01
6.991400000000005832e+01,5.000000000000000000e-01
6.991500000000006310e+01,5.000000000000000000e-01
6.991600000000005366e+01,5.000000000000000000e-01
6.991700000000005844e+01,5.000000000000000000e-01
6.991800000000006321e+01,5.000000000000000000e-01
6.991900000000005377e+01,5.000000000000000000e-01
6.992000000000005855e+01,5.000000000000000000e-01
6.992100000000006332e+01,5.000000000000000000e-01
6.992200000000005389e+01,5.000000000000000000e-01
6.992300000000005866e+01,5.000000000000000000e-01
6.992400000000006344e+01,5.000000000000000000e-01
6.992500000000005400e+01,5.000000000000000000e-01
6.992600000000005878e+01,5.000000000000000000e-01
6.992700000000006355e+01,5.000000000000000000e-01
6.992800000000005411e+01,5.000000000000000000e-01
6.992900000000005889e+01,5.000000000000000000e-01
6.993000000000006366e+01,5.000000000000000000e-01
6.993100000000005423e+01,5.000000000000000000e-01
6.993200000000005900e+01,5.000000000000000000e-01
6.993300000000004957e+01,5.000000000000000000e-01
6.993400000000005434e+01,5.000000000000000000e-01
6.993500000000005912e+01,5.000000000000000000e-01
6.993600000000004968e+01,5.000000000000000000e-01
6.993700000000005446e+01,5.000000000000000000e-01
6.993800000000005923e+01,5.000000000000000000e-01
6.993900000000004979e+01,5.000000000000000000e-01
6.994000000000005457e+01,5.000000000000000000e-01
6.994100000000005934e+01,5.000000000000000000e-01
6.994200000000004991e+01,5.000000000000000000e-01
6.994300000000005468e+01,5.000000000000000000e-01
6.994400000000005946e+01,5.000000000000000000e-01
6.994500000000005002e+01,5.000000000000000000e-01
6.994600000000005480e+01,5.000000000000000000e-01
6.994700000000005957e+01,5.000000000000000000e-01
6.994800000000005014e+01,5.000000000000000000e-01
6.994900000000005491e+01,5.000000000000000000e-01
6.995000000000005969e+01,5.000000000000000000e-01
6.995100000000005025e+01,5.000000000000000000e-01
6.995200000000005502e+01,5.000000000000000000e-01
6.995300000000005980e+01,5.000000000000000000e-01
6.995400000000005036e+01,5.000000000000000000e-01
6.995500000000005514e+01,5.000000000000000000e-01
6.995600000000005991e+01,5.000000000000000000e-01
6.995700000000005048e+01,5.000000000000000000e-01
6.995800000000005525e+01,5.000000000000000000e-01
6.995900000000006003e+01,5.000000000000000000e-01
6.996000000000005059e+01,5.000000000000000000e-01
6.996100000000005537e+01,5.000000000000000000e-01
6.996200000000006014e+01,5.000000000000000000e-01
6.996300000000005070e+01,5.000000000000000000e-01
6.996400000000005548e+01,5.000000000000000000e-01
6.996500000000006025e+01,5.000000000000000000e-01
6.996600000000005082e+01,5.000000000000000000e-01
6.996700000000005559e+01,5.000000000000000000e-01
6.996800000000006037e+01,5.000000000000000000e-01
6.996900000000005093e+01,5.000000000000000000e-01
6.997000000000005571e+01,5.000000000000000000e-01
6.997100000000006048e+01,5.000000000000000000e-01
6.997200000000005105e+01,5.000000000000000000e-01
6.997300000000005582e+01,5.000000000000000000e-01
6.997400000000006060e+01,5.000000000000000000e-01
6.997500000000005116e+01,5.000000000000000000e-01
6.997600000000005593e+01,5.000000000000000000e-01
6.997700000000006071e+01,5.000000000000000000e-01
6.997800000000005127e+01,5.000000000000000000e-01
6.997900000000005605e+01,5.000000000000000000e-01
6.998000000000006082e+01,5.000000000000000000e-01
6.998100000000005139e+01,5.000000000000000000e-01
6.998200000000005616e+01,5.000000000000000000e-01
6.998300000000006094e+01,5.000000000000000000e-01
6.998400000000005150e+01,5.000000000000000000e-01
6.998500000000005627e+01,5.000000000000000000e-01
6.998600000000006105e+01,5.000000000000000000e-01
6.998700000000005161e+01,5.000000000000000000e-01
6.998800000000005639e+01,5.000000000000000000e-01
6.998900000000006116e+01,5.000000000000000000e-01
6.999000000000005173e+01,5.000000000000000000e-01
6.999100000000005650e+01,5.000000000000000000e-01
6.999200000000006128e+01,5.000000000000000000e-01
6.999300000000005184e+01,5.000000000000000000e-01
6.999400000000005662e+01,5.000000000000000000e-01
6.999500000000006139e+01,5.000000000000000000e-01
6.999600000000005195e+01,5.000000000000000000e-01
6.999700000000005673e+01,5.000000000000000000e-01
6.999800000000006150e+01,5.000000000000000000e-01
6.999900000000005207e+01,5.000000000000000000e-01
7.000000000000005684e+01,5.000000000000000000e-01
7.000100000000006162e+01,5.000000000000000000e-01
7.000200000000005218e+01,5.000000000000000000e-01
7.000300000000005696e+01,5.000000000000000000e-01
7.000400000000006173e+01,5.000000000000000000e-01
7.000500000000005230e+01,5.000000000000000000e-01
7.000600000000005707e+01,5.000000000000000000e-01
7.000700000000006185e+01,5.000000000000000000e-01
7.000800000000005241e+01,5.000000000000000000e-01
7.000900000000005718e+01,5.000000000000000000e-01
7.001000000000006196e+01,5.000000000000000000e-01
7.001100000000005252e+01,5.000000000000000000e-01
7.001200000000005730e+01,5.000000000000000000e-01
7.001300000000006207e+01,5.000000000000000000e-01
7.001400000000005264e+01,5.000000000000000000e-01
7.001500000000005741e+01,5.000000000000000000e-01
7.001600000000006219e+01,5.000000000000000000e-01
7.001700000000005275e+01,5.000000000000000000e-01
7.001800000000005753e+01,5.000000000000000000e-01
7.001900000000006230e+01,5.000000000000000000e-01
7.002000000000005286e+01,5.000000000000000000e-01
7.002100000000005764e+01,5.000000000000000000e-01
7.002200000000006241e+01,5.000000000000000000e-01
7.002300000000005298e+01,5.000000000000000000e-01
7.002400000000005775e+01,5.000000000000000000e-01
7.002500000000006253e+01,5.000000000000000000e-01
7.002600000000005309e+01,5.000000000000000000e-01
7.002700000000005787e+01,5.000000000000000000e-01
7.002800000000006264e+01,5.000000000000000000e-01
7.002900000000005321e+01,5.000000000000000000e-01
7.003000000000005798e+01,5.000000000000000000e-01
7.003100000000006276e+01,5.000000000000000000e-01
7.003200000000005332e+01,5.000000000000000000e-01
7.003300000000005809e+01,5.000000000000000000e-01
7.003400000000006287e+01,5.000000000000000000e-01
7.003500000000005343e+01,5.000000000000000000e-01
7.003600000000005821e+01,5.000000000000000000e-01
7.003700000000006298e+01,5.000000000000000000e-01
7.003800000000005355e+01,5.000000000000000000e-01
7.003900000000005832e+01,5.000000000000000000e-01
7.004000000000006310e+01,5.000000000000000000e-01
7.004100000000005366e+01,5.000000000000000000e-01
7.004200000000005844e+01,5.000000000000000000e-01
7.004300000000006321e+01,5.000000000000000000e-01
7.004400000000005377e+01,5.000000000000000000e-01
7.004500000000005855e+01,5.000000000000000000e-01
7.004600000000006332e+01,5.000000000000000000e-01
7.004700000000005389e+01,5.000000000000000000e-01
7.004800000000005866e+01,5.000000000000000000e-01
7.004900000000006344e+01,5.000000000000000000e-01
7.005000000000005400e+01,5.000000000000000000e-01
7.005100000000005878e+01,5.000000000000000000e-01
7.005200000000006355e+01,5.000000000000000000e-01
7.005300000000005411e+01,5.000000000000000000e-01
7.005400000000005889e+01,5.000000000000000000e-01
7.005500000000006366e+01,5.000000000000000000e-01
7.005600000000005423e+01,5.000000000000000000e-01
7.005700000000005900e+01,5.000000000000000000e-01
7.005800000000006378e+01,5.000000000000000000e-01
7.005900000000005434e+01,5.000000000000000000e-01
7.006000000000005912e+01,5.000000000000000000e-01
7.006100000000006389e+01,5.000000000000000000e-01
7.006200000000005446e+01,5.000000000000000000e-01
7.006300000000005923e+01,5.000000000000000000e-01
7.006400000000004979e+01,5.000000000000000000e-01
7.006500000000005457e+01,5.000000000000000000e-01
7.006600000000005934e+01,5.000000000000000000e-01
7.006700000000004991e+01,5.000000000000000000e-01
7.006800000000005468e+01,5.000000000000000000e-01
7.006900000000005946e+01,5.000000000000000000e-01
7.007000000000005002e+01,5.000000000000000000e-01
7.007100000000005480e+01,5.000000000000000000e-01
7.007200000000005957e+01,5.000000000000000000e-01
7.007300000000005014e+01,5.000000000000000000e-01
7.007400000000005491e+01,5.000000000000000000e-01
7.007500000000005969e+01,5.000000000000000000e-01
7.007600000000005025e+01,5.000000000000000000e-01
7.007700000000005502e+01,5.000000000000000000e-01
7.007800000000005980e+01,5.000000000000000000e-01
7.007900000000005036e+01,5.000000000000000000e-01
7.008000000000005514e+01,5.000000000000000000e-01
7.008100000000005991e+01,5.000000000000000000e-01
7.008200000000005048e+01,5.000000000000000000e-01
7.008300000000005525e+01,5.000000000000000000e-01
7.008400000000006003e+01,5.000000000000000000e-01
7.008500000000005059e+01,5.000000000000000000e-01
7.008600000000005537e+01,5.000000000000000000e-01
7.008700000000006014e+01,5.000000000000000000e-01
7.008800000000005070e+01,5.000000000000000000e-01
7.008900000000005548e+01,5.000000000000000000e-01
7.009000000000006025e+01,5.000000000000000000e-01
7.009100000000005082e+01,5.000000000000000000e-01
7.009200000000005559e+01,5.000000000000000000e-01
7.009300000000006037e+01,5.000000000000000000e-01
7.009400000000005093e+01,5.000000000000000000e-01
7.009500000000005571e+01,5.000000000000000000e-01
7.009600000000006048e+01,5.000000000000000000e-01
7.009700000000005105e+01,5.000000000000000000e-01
7.009800000000005582e+01,5.000000000000000000e-01
7.009900000000006060e+01,5.000000000000000000e-01
7.010000000000005116e+01,5.000000000000000000e-01
7.010100000000005593e+01,5.000000000000000000e-01
7.010200000000006071e+01,5.000000000000000000e-01
7.010300000000005127e+01,5.000000000000000000e-01
7.010400000000005605e+01,5.000000000000000000e-01
7.010500000000006082e+01,5.000000000000000000e-01
7.010600000000005139e+01,5.000000000000000000e-01
7.010700000000005616e+01,5.000000000000000000e-01
7.010800000000006094e+01,5.000000000000000000e-01
7.010900000000005150e+01,5.000000000000000000e-01
7.011000000000005627e+01,5.000000000000000000e-01
7.011100000000006105e+01,5.000000000000000000e-01
7.011200000000005161e+01,5.000000000000000000e-01
7.011300000000005639e+01,5.000000000000000000e-01
7.011400000000006116e+01,5.000000000000000000e-01
7.011500000000005173e+01,5.000000000000000000e-01
7.011600000000005650e+01,5.000000000000000000e-01
7.011700000000006128e+01,5.000000000000000000e-01
7.011800000000005184e+01,5.000000000000000000e-01
7.011900000000005662e+01,5.000000000000000000e-01
7.012000000000006139e+01,5.000000000000000000e-01
7.012100000000005195e+01,5.000000000000000000e-01
7.012200000000005673e+01,5.000000000000000000e-01
7.012300000000006150e+01,5.000000000000000000e-01
7.012400000000005207e+01,5.000000000000000000e-01
7.012500000000005684e+01,5.000000000000000000e-01
7.012600000000006162e+01,5.000000000000000000e-01
7.012700000000005218e+01,5.000000000000000000e-01
7.012800000000005696e+01,5.000000000000000000e-01
7.012900000000006173e+01,5.000000000000000000e-01
7.013000000000005230e+01,5.000000000000000000e-01
7.013100000000005707e+01,5.000000000000000000e-01
7.013200000000006185e+01,5.000000000000000000e-01
7.013300000000005241e+01,5.000000000000000000e-01
7.013400000000005718e+01,5.000000000000000000e-01
7.013500000000006196e+01,5.000000000000000000e-01
7.013600000000005252e+01,5.000000000000000000e-01
7.013700000000005730e+01,5.000000000000000000e-01
7.013800000000006207e+01,5.000000000000000000e-01
7.013900000000005264e+01,5.000000000000000000e-01
7.014000000000005741e+01,5.000000000000000000e-01
7.014100000000006219e+01,5.000000000000000000e-01
7.014200000000005275e+01,5.000000000000000000e-01
7.014300000000005753e+01,5.000000000000000000e-01
7.014400000000006230e+01,5.000000000000000000e-01
7.014500000000005286e+01,5.000000000000000000e-01
7.014600000000005764e+01,5.000000000000000000e-01
7.014700000000006241e+01,5.000000000000000000e-01
7.014800000000005298e+01,5.000000000000000000e-01
7.014900000000005775e+01,5.000000000000000000e-01
7.015000000000006253e+01,5.000000000000000000e-01
7.015100000000005309e+01,5.000000000000000000e-01
7.015200000000005787e+01,5.000000000000000000e-01
7.015300000000006264e+01,5.000000000000000000e-01
7.015400000000005321e+01,5.000000000000000000e-01
7.015500000000005798e+01,5.000000000000000000e-01
7.015600000000006276e+01,5.000000000000000000e-01
7.015700000000005332e+01,5.000000000000000000e-01
7.015800000000005809e+01,5.000000000000000000e-01
7.015900000000006287e+01,5.000000000000000000e-01
7.016000000000005343e+01,5.000000000000000000e-01
7.016100000000005821e+01,5.000000000000000000e-01
7.016200000000006298e+01,5.000000000000000000e-01
7.016300000000005355e+01,5.000000000000000000e-01
7.016400000000005832e+01,5.000000000000000000e-01
7.016500000000006310e+01,5.000000000000000000e-01
7.016600000000005366e+01,5.000000000000000000e-01
7.016700000000005844e+01,5.000000000000000000e-01
7.016800000000006321e+01,5.000000000000000000e-01
7.016900000000005377e+01,5.000000000000000000e-01
7.017000000000005855e+01,5.000000000000000000e-01
7.017100000000006332e+01,5.000000000000000000e-01
7.017200000000005389e+01,5.000000000000000000e-01
7.017300000000005866e+01,5.000000000000000000e-01
7.017400000000006344e+01,5.000000000000000000e-01
7.017500000000005400e+01,5.000000000000000000e-01
7.017600000000005878e+01,5.000000000000000000e-01
7.017700000000006355e+01,5.000000000000000000e-01
7.017800000000005411e+01,5.000000000000000000e-01
7.017900000000005889e+01,5.000000000000000000e-01
7.018000000000006366e+01,5.000000000000000000e-01
7.018100000000005423e+01,5.000000000000000000e-01
7.018200000000005900e+01,5.000000000000000000e-01
7.018300000000006378e+01,5.000000000000000000e-01
7.018400000000005434e+01,5.000000000000000000e-01
7.018500000000005912e+01,5.000000000000000000e-01
7.018600000000006389e+01,5.000000000000000000e-01
7.018700000000005446e+01,5.000000000000000000e-01
7.018800000000005923e+01,5.000000000000000000e-01
7.018900000000004979e+01,5.000000000000000000e-01
7.019000000000005457e+01,5.000000000000000000e-01
7.019100000000005934e+01,5.000000000000000000e-01
7.019200000000004991e+01,5.000000000000000000e-01
7.019300000000005468e+01,5.000000000000000000e-01
7.019400000000005946e+01,5.000000000000000000e-01
7.019500000000005002e+01,5.000000000000000000e-01
7.019600000000005480e+01,5.000000000000000000e-01
7.019700000000005957e+01,5.000000000000000000e-01
7.019800000000005014e+01,5.000000000000000000e-01
7.019900000000005491e+01,5.000000000000000000e-01
7.020000000000005969e+01,5.000000000000000000e-01
7.020100000000005025e+01,5.000000000000000000e-01
7.020200000000005502e+01,5.000000000000000000e-01
7.020300000000005980e+01,5.000000000000000000e-01
7.020400000000005036e+01,5.000000000000000000e-01
7.020500000000005514e+01,5.000000000000000000e-01
7.020600000000005991e+01,5.000000000000000000e-01
7.020700000000005048e+01,5.000000000000000000e-01
7.020800000000005525e+01,5.000000000000000000e-01
7.020900000000006003e+01,5.000000000000000000e-01
7.021000000000005059e+01,5.000000000000000000e-01
7.021100000000005537e+01,5.000000000000000000e-01
7.021200000000006014e+01,5.000000000000000000e-01
7.021300000000005070e+01,5.000000000000000000e-01
7.021400000000005548e+01,5.000000000000000000e-01
7.021500000000006025e+01,5.000000000000000000e-01
7.021600000000005082e+01,5.000000000000000000e-01
7.021700000000005559e+01,5.000000000000000000e-01
7.021800000000006037e+01,5.000000000000000000e-01
7.021900000000005093e+01,5.000000000000000000e-01
7.022000000000005571e+01,5.000000000000000000e-01
7.022100000000006048e+01,5.000000000000000000e-01
7.022200000000005105e+01,5.000000000000000000e-01
7.022300000000005582e+01,5.000000000000000000e-01
7.022400000000006060e+01,5.000000000000000000e-01
7.022500000000005116e+01,5.000000000000000000e-01
7.022600000000005593e+01,5.000000000000000000e-01
7.022700000000006071e+01,5.000000000000000000e-01
7.022800000000005127e+01,5.000000000000000000e-01
7.022900000000005605e+01,5.000000000000000000e-01
7.023000000000006082e+01,5.000000000000000000e-01
7.023100000000005139e+01,5.000000000000000000e-01
7.023200000000005616e+01,5.000000000000000000e-01
7.023300000000006094e+01,5.000000000000000000e-01
7.023400000000005150e+01,5.000000000000000000e-01
7.023500000000005627e+01,5.000000000000000000e-01
7.023600000000006105e+01,5.000000000000000000e-01
7.023700000000005161e+01,5.000000000000000000e-01
7.023800000000005639e+01,5.000000000000000000e-01
7.023900000000006116e+01,5.000000000000000000e-01
7.024000000000005173e+01,5.000000000000000000e-01
7.024100000000005650e+01,5.000000000000000000e-01
7.024200000000006128e+01,5.000000000000000000e-01
7.024300000000005184e+01,5.000000000000000000e-01
7.024400000000005662e+01,5.000000000000000000e-01
7.024500000000006139e+01,5.000000000000000000e-01
7.024600000000005195e+01,5.000000000000000000e-01
7.024700000000005673e+01,5.000000000000000000e-01
7.024800000000006150e+01,5.000000000000000000e-01
7.024900000000005207e+01,5.000000000000000000e-01
7.025000000000005684e+01,5.000000000000000000e-01
7.025100000000006162e+01,5.000000000000000000e-01
7.025200000000005218e+01,5.000000000000000000e-01
7.025300000000005696e+01,5.000000000000000000e-01
7.025400000000006173e+01,5.000000000000000000e-01
7.025500000000005230e+01,5.000000000000000000e-01
7.025600000000005707e+01,5.000000000000000000e-01
7.025700000000006185e+01,5.000000000000000000e-01
7.025800000000005241e+01,5.000000000000000000e-01
7.025900000000005718e+01,5.000000000000000000e-01
7.026000000000006196e+01,5.000000000000000000e-01
7.026100000000005252e+01,5.000000000000000000e-01
7.026200000000005730e+01,5.000000000000000000e-01
7.026300000000006207e+01,5.000000000000000000e-01
7.026400000000005264e+01,5.000000000000000000e-01
7.026500000000005741e+01,5.000000000000000000e-01
7.026600000000006219e+01,5.000000000000000000e-01
7.026700000000005275e+01,5.000000000000000000e-01
7.026800000000005753e+01,5.000000000000000000e-01
7.026900000000006230e+01,5.000000000000000000e-01
7.027000000000005286e+01,5.000000000000000000e-01
7.027100000000005764e+01,5.000000000000000000e-01
7.027200000000006241e+01,5.000000000000000000e-01
7.027300000000005298e+01,5.000000000000000000e-01
7.027400000000005775e+01,5.000000000000000000e-01
7.027500000000006253e+01,5.000000000000000000e-01
7.027600000000005309e+01,5.000000000000000000e-01
7.027700000000005787e+01,5.000000000000000000e-01
7.027800000000006264e+01,5.000000000000000000e-01
7.027900000000005321e+01,5.000000000000000000e-01
7.028000000000005798e+01,5.000000000000000000e-01
7.028100000000006276e+01,5.000000000000000000e-01
7.028200000000005332e+01,5.000000000000000000e-01
7.028300000000005809e+01,5.000000000000000000e-01
7.028400000000006287e+01,5.000000000000000000e-01
7.028500000000005343e+01,5.000000000000000000e-01
7.028600000000005821e+01,5.000000000000000000e-01
7.028700000000006298e+01,5.000000000000000000e-01
7.028800000000005355e+01,5.000000000000000000e-01
7.028900000000005832e+01,5.000000000000000000e-01
7.029000000000006310e+01,5.000000000000000000e-01
7.029100000000005366e+01,5.000000000000000000e-01
7.029200000000005844e+01,5.000000000000000000e-01
7.029300000000006321e+01,5.000000000000000000e-01
7.029400000000005377e+01,5.000000000000000000e-01
7.029500000000005855e+01,5.000000000000000000e-01
7.029600000000006332e+01,5.000000000000000000e-01
7.029700000000005389e+01,5.000000000000000000e-01
7.029800000000005866e+01,5.000000000000000000e-01
7.029900000000006344e+01,5.000000000000000000e-01
7.030000000000005400e+01,5.000000000000000000e-01
7.030100000000005878e+01,5.000000000000000000e-01
7.030200000000006355e+01,5.000000000000000000e-01
7.030300000000005411e+01,5.000000000000000000e-01
7.030400000000005889e+01,5.000000000000000000e-01
7.030500000000006366e+01,5.000000000000000000e-01
7.030600000000005423e+01,5.000000000000000000e-01
7.030700000000005900e+01,5.000000000000000000e-01
7.030800000000006378e+01,5.000000000000000000e-01
7.030900000000005434e+01,5.000000000000000000e-01
7.031000000000005912e+01,5.000000000000000000e-01
7.031100000000006389e+01,5.000000000000000000e-01
7.031200000000005446e+01,5.000000000000000000e-01
7.031300000000005923e+01,5.000000000000000000e-01
7.031400000000006401e+01,5.000000000000000000e-01
7.031500000000005457e+01,5.000000000000000000e-01
7.031600000000005934e+01,5.000000000000000000e-01
7.031700000000006412e+01,5.000000000000000000e-01
7.031800000000005468e+01,5.000000000000000000e-01
7.031900000000005946e+01,5.000000000000000000e-01
7.032000000000005002e+01,5.000000000000000000e-01
7.032100000000005480e+01,5.000000000000000000e-01
7.032200000000005957e+01,5.000000000000000000e-01
7.032300000000005014e+01,5.000000000000000000e-01
7.032400000000005491e+01,5.000000000000000000e-01
7.032500000000005969e+01,5.000000000000000000e-01
7.032600000000005025e+01,5.000000000000000000e-01
7.032700000000005502e+01,5.000000000000000000e-01
7.032800000000005980e+01,5.000000000000000000e-01
7.032900000000005036e+01,5.000000000000000000e-01
7.033000000000005514e+01,5.000000000000000000e-01
7.033100000000005991e+01,5.000000000000000000e-01
7.033200000000005048e+01,5.000000000000000000e-01
7.033300000000005525e+01,5.000000000000000000e-01
7.033400000000006003e+01,5.000000000000000000e-01
7.033500000000005059e+01,5.000000000000000000e-01
7.033600000000005537e+01,5.000000000000000000e-01
7.033700000000006014e+01,5.000000000000000000e-01
7.033800000000005070e+01,5.000000000000000000e-01
7.033900000000005548e+01,5.000000000000000000e-01
7.034000000000006025e+01,5.000000000000000000e-01
7.034100000000005082e+01,5.000000000000000000e-01
7.034200000000005559e+01,5.000000000000000000e-01
7.034300000000006037e+01,5.000000000000000000e-01
7.034400000000005093e+01,5.000000000000000000e-01
7.034500000000005571e+01,5.000000000000000000e-01
7.034600000000006048e+01,5.000000000000000000e-01
7.034700000000005105e+01,5.000000000000000000e-01
7.034800000000005582e+01,5.000000000000000000e-01
7.034900000000006060e+01,5.000000000000000000e-01
7.035000000000005116e+01,5.000000000000000000e-01
7.035100000000005593e+01,5.000000000000000000e-01
7.035200000000006071e+01,5.000000000000000000e-01
7.035300000000005127e+01,5.000000000000000000e-01
7.035400000000005605e+01,5.000000000000000000e-01
7.035500000000006082e+01,5.000000000000000000e-01
7.035600000000005139e+01,5.000000000000000000e-01
7.035700000000005616e+01,5.000000000000000000e-01
7.035800000000006094e+01,5.000000000000000000e-01
7.035900000000005150e+01,5.000000000000000000e-01
7.036000000000005627e+01,5.000000000000000000e-01
7.036100000000006105e+01,5.000000000000000000e-01
7.036200000000005161e+01,5.000000000000000000e-01
7.036300000000005639e+01,5.000000000000000000e-01
7.036400000000006116e+01,5.000000000000000000e-01
7.036500000000005173e+01,5.000000000000000000e-01
7.036600000000005650e+01,5.000000000000000000e-01
7.036700000000006128e+01,5.000000000000000000e-01
7.036800000000005184e+01,5.000000000000000000e-01
7.036900000000005662e+01,5.000000000000000000e-01
7.037000000000006139e+01,5.000000000000000000e-01
7.037100000000005195e+01,5.000000000000000000e-01
7.037200000000005673e+01,5.000000000000000000e-01
7.037300000000006150e+01,5.000000000000000000e-01
7.037400000000005207e+01,5.000000000000000000e-01
7.037500000000005684e+01,5.000000000000000000e-01
7.037600000000006162e+01,5.000000000000000000e-01
7.037700000000005218e+01,5.000000000000000000e-01
7.037800000000005696e+01,5.000000000000000000e-01
7.037900000000006173e+01,5.000000000000000000e-01
7.038000000000005230e+01,5.000000000000000000e-01
7.038100000000005707e+01,5.000000000000000000e-01
7.038200000000006185e+01,5.000000000000000000e-01
7.038300000000005241e+01,5.000000000000000000e-01
7.038400000000005718e+01,5.000000000000000000e-01
7.038500000000006196e+01,5.000000000000000000e-01
7.038600000000005252e+01,5.000000000000000000e-01
7.038700000000005730e+01,5.000000000000000000e-01
7.038800000000006207e+01,5.000000000000000000e-01
7.038900000000005264e+01,5.000000000000000000e-01
7.039000000000005741e+01,5.000000000000000000e-01
7.039100000000006219e+01,5.000000000000000000e-01
7.039200000000005275e+01,5.000000000000000000e-01
7.039300000000005753e+01,5.000000000000000000e-01
7.039400000000006230e+01,5.000000000000000000e-01
7.039500000000005286e+01,5.000000000000000000e-01
7.039600000000005764e+01,5.000000000000000000e-01
7.039700000000006241e+01,5.000000000000000000e-01
7.039800000000005298e+01,5.000000000000000000e-01
7.039900000000005775e+01,5.000000000000000000e-01
7.040000000000006253e+01,5.000000000000000000e-01
7.040100000000005309e+01,5.000000000000000000e-01
7.040200000000005787e+01,5.000000000000000000e-01
7.040300000000006264e+01,5.000000000000000000e-01
7.040400000000005321e+01,5.000000000000000000e-01
7.040500000000005798e+01,5.000000000000000000e-01
7.040600000000006276e+01,5.000000000000000000e-01
7.040700000000005332e+01,5.000000000000000000e-01
7.040800000000005809e+01,5.000000000000000000e-01
7.040900000000006287e+01,5.000000000000000000e-01
7.041000000000005343e+01,5.000000000000000000e-01
7.041100000000005821e+01,5.000000000000000000e-01
7.041200000000006298e+01,5.000000000000000000e-01
7.041300000000005355e+01,5.000000000000000000e-01
7.041400000000005832e+01,5.000000000000000000e-01
7.041500000000006310e+01,5.000000000000000000e-01
7.041600000000005366e+01,5.000000000000000000e-01
7.041700000000005844e+01,5.000000000000000000e-01
7.041800000000006321e+01,5.000000000000000000e-01
7.041900000000005377e+01,5.000000000000000000e-01
7.042000000000005855e+01,5.000000000000000000e-01
7.042100000000006332e+01,5.000000000000000000e-01
7.042200000000005389e+01,5.000000000000000000e-01
7.042300000000005866e+01,5.000000000000000000e-01
7.042400000000006344e+01,5.000000000000000000e-01
7.042500000000005400e+01,5.000000000000000000e-01
7.042600000000005878e+01,5.000000000000000000e-01
7.042700000000006355e+01,5.000000000000000000e-01
7.042800000000005411e+01,5.000000000000000000e-01
7.042900000000005889e+01,5.000000000000000000e-01
7.043000000000006366e+01,5.000000000000000000e-01
7.043100000000005423e+01,5.000000000000000000e-01
7.043200000000005900e+01,5.000000000000000000e-01
7.043300000000006378e+01,5.000000000000000000e-01
7.043400000000005434e+01,5.000000000000000000e-01
7.043500000000005912e+01,5.000000000000000000e-01
7.043600000000006389e+01,5.000000000000000000e-01
7.043700000000005446e+01,5.000000000000000000e-01
7.043800000000005923e+01,5.000000000000000000e-01
7.043900000000006401e+01,5.000000000000000000e-01
7.044000000000005457e+01,5.000000000000000000e-01
7.044100000000005934e+01,5.000000000000000000e-01
7.044200000000006412e+01,5.000000000000000000e-01
7.044300000000005468e+01,5.000000000000000000e-01
7.044400000000005946e+01,5.000000000000000000e-01
7.044500000000005002e+01,5.000000000000000000e-01
7.044600000000005480e+01,5.000000000000000000e-01
7.044700000000005957e+01,5.000000000000000000e-01
7.044800000000005014e+01,5.000000000000000000e-01
7.044900000000005491e+01,5.000000000000000000e-01
7.045000000000005969e+01,5.000000000000000000e-01
7.045100000000005025e+01,5.000000000000000000e-01
7.045200000000005502e+01,5.000000000000000000e-01
7.045300000000005980e+01,5.000000000000000000e-01
7.045400000000005036e+01,5.000000000000000000e-01
7.045500000000005514e+01,5.000000000000000000e-01
7.045600000000005991e+01,5.000000000000000000e-01
7.045700000000005048e+01,5.000000000000000000e-01
7.045800000000005525e+01,5.000000000000000000e-01
7.045900000000006003e+01,5.000000000000000000e-01
7.046000000000005059e+01,5.000000000000000000e-01
7.046100000000005537e+01,5.000000000000000000e-01
7.046200000000006014e+01,5.000000000000000000e-01
7.046300000000005070e+01,5.000000000000000000e-01
7.046400000000005548e+01,5.000000000000000000e-01
7.046500000000006025e+01,5.000000000000000000e-01
7.046600000000005082e+01,5.000000000000000000e-01
7.046700000000005559e+01,5.000000000000000000e-01
7.046800000000006037e+01,5.000000000000000000e-01
7.046900000000005093e+01,5.000000000000000000e-01
7.047000000000005571e+01,5.000000000000000000e-01
7.047100000000006048e+01,5.000000000000000000e-01
7.047200000000005105e+01,5.000000000000000000e-01
7.047300000000005582e+01,5.000000000000000000e-01
7.047400000000006060e+01,5.000000000000000000e-01
7.047500000000005116e+01,5.000000000000000000e-01
7.047600000000005593e+01,5.000000000000000000e-01
7.047700000000006071e+01,5.000000000000000000e-01
7.047800000000005127e+01,5.000000000000000000e-01
7.047900000000005605e+01,5.000000000000000000e-01
7.048000000000006082e+01,5.000000000000000000e-01
7.048100000000005139e+01,5.000000000000000000e-01
7.048200000000005616e+01,5.000000000000000000e-01
7.048300000000006094e+01,5.000000000000000000e-01
7.048400000000005150e+01,5.000000000000000000e-01
7.048500000000005627e+01,5.000000000000000000e-01
7.048600000000006105e+01,5.000000000000000000e-01
7.048700000000005161e+01,5.000000000000000000e-01
7.048800000000005639e+01,5.000000000000000000e-01
7.048900000000006116e+01,5.000000000000000000e-01
7.049000000000005173e+01,5.000000000000000000e-01
7.049100000000005650e+01,5.000000000000000000e-01
7.049200000000006128e+01,5.000000000000000000e-01
7.049300000000005184e+01,5.000000000000000000e-01
7.049400000000005662e+01,5.000000000000000000e-01
7.049500000000006139e+01,5.000000000000000000e-01
7.049600000000005195e+01,5.000000000000000000e-01
7.049700000000005673e+01,5.000000000000000000e-01
7.049800000000006150e+01,5.000000000000000000e-01
7.049900000000005207e+01,5.000000000000000000e-01
7.050000000000005684e+01,5.000000000000000000e-01
7.050100000000006162e+01,5.000000000000000000e-01
7.050200000000005218e+01,5.000000000000000000e-01
7.050300000000005696e+01,5.000000000000000000e-01
7.050400000000006173e+01,5.000000000000000000e-01
7.050500000000005230e+01,5.000000000000000000e-01
7.050600000000005707e+01,5.000000000000000000e-01
7.050700000000006185e+01,5.000000000000000000e-01
7.050800000000005241e+01,5.000000000000000000e-01
7.050900000000005718e+01,5.000000000000000000e-01
7.051000000000006196e+01,5.000000000000000000e-01
7.051100000000005252e+01,5.000000000000000000e-01
7.051200000000005730e+01,5.000000000000000000e-01
7.051300000000006207e+01,5.000000000000000000e-01
7.051400000000005264e+01,5.000000000000000000e-01
7.051500000000005741e+01,5.000000000000000000e-01
7.051600000000006219e+01,5.000000000000000000e-01
7.051700000000005275e+01,5.000000000000000000e-01
7.051800000000005753e+01,5.000000000000000000e-01
7.051900000000006230e+01,5.000000000000000000e-01
7.052000000000005286e+01,5.000000000000000000e-01
7.052100000000005764e+01,5.000000000000000000e-01
7.052200000000006241e+01,5.000000000000000000e-01
7.052300000000005298e+01,5.000000000000000000e-01
7.052400000000005775e+01,5.000000000000000000e-01
7.052500000000006253e+01,5.000000000000000000e-01
7.052600000000005309e+01,5.000000000000000000e-01
7.052700000000005787e+01,5.000000000000000000e-01
7.052800000000006264e+01,5.000000000000000000e-01
7.052900000000005321e+01,5.000000000000000000e-01
7.053000000000005798e+01,5.000000000000000000e-01
7.053100000000006276e+01,5.000000000000000000e-01
7.053200000000005332e+01,5.000000000000000000e-01
7.053300000000005809e+01,5.000000000000000000e-01
7.053400000000006287e+01,5.000000000000000000e-01
7.053500000000005343e+01,5.000000000000000000e-01
7.053600000000005821e+01,5.000000000000000000e-01
7.053700000000006298e+01,5.000000000000000000e-01
7.053800000000005355e+01,5.000000000000000000e-01
7.053900000000005832e+01,5.000000000000000000e-01
7.054000000000006310e+01,5.000000000000000000e-01
7.054100000000005366e+01,5.000000000000000000e-01
7.054200000000005844e+01,5.000000000000000000e-01
7.054300000000006321e+01,5.000000000000000000e-01
7.054400000000005377e+01,5.000000000000000000e-01
7.054500000000005855e+01,5.000000000000000000e-01
7.054600000000006332e+01,5.000000000000000000e-01
7.054700000000005389e+01,5.000000000000000000e-01
7.054800000000005866e+01,5.000000000000000000e-01
7.054900000000006344e+01,5.000000000000000000e-01
7.055000000000005400e+01,5.000000000000000000e-01
7.055100000000005878e+01,5.000000000000000000e-01
7.055200000000006355e+01,5.000000000000000000e-01
7.055300000000005411e+01,5.000000000000000000e-01
7.055400000000005889e+01,5.000000000000000000e-01
7.055500000000006366e+01,5.000000000000000000e-01
7.055600000000005423e+01,5.000000000000000000e-01
7.055700000000005900e+01,5.000000000000000000e-01
7.055800000000006378e+01,5.000000000000000000e-01
7.055900000000005434e+01,5.000000000000000000e-01
7.056000000000005912e+01,5.000000000000000000e-01
7.056100000000006389e+01,5.000000000000000000e-01
7.056200000000005446e+01,5.000000000000000000e-01
7.056300000000005923e+01,5.000000000000000000e-01
7.056400000000006401e+01,5.000000000000000000e-01
7.056500000000005457e+01,5.000000000000000000e-01
7.056600000000005934e+01,5.000000000000000000e-01
7.056700000000006412e+01,5.000000000000000000e-01
7.056800000000005468e+01,5.000000000000000000e-01
7.056900000000005946e+01,5.000000000000000000e-01
7.057000000000006423e+01,5.000000000000000000e-01
7.057100000000005480e+01,5.000000000000000000e-01
7.057200000000005957e+01,5.000000000000000000e-01
7.057300000000006435e+01,5.000000000000000000e-01
7.057400000000005491e+01,5.000000000000000000e-01
7.057500000000005969e+01,5.000000000000000000e-01
7.057600000000005025e+01,5.000000000000000000e-01
7.057700000000005502e+01,5.000000000000000000e-01
7.057800000000005980e+01,5.000000000000000000e-01
7.057900000000005036e+01,5.000000000000000000e-01
7.058000000000005514e+01,5.000000000000000000e-01
7.058100000000005991e+01,5.000000000000000000e-01
7.058200000000005048e+01,5.000000000000000000e-01
7.058300000000005525e+01,5.000000000000000000e-01
7.058400000000006003e+01,5.000000000000000000e-01
7.058500000000005059e+01,5.000000000000000000e-01
7.058600000000005537e+01,5.000000000000000000e-01
7.058700000000006014e+01,5.000000000000000000e-01
7.058800000000005070e+01,5.000000000000000000e-01
7.058900000000005548e+01,5.000000000000000000e-01
7.059000000000006025e+01,5.000000000000000000e-01
7.059100000000005082e+01,5.000000000000000000e-01
7.059200000000005559e+01,5.000000000000000000e-01
7.059300000000006037e+01,5.000000000000000000e-01
7.059400000000005093e+01,5.000000000000000000e-01
7.059500000000005571e+01,5.000000000000000000e-01
7.059600000000006048e+01,5.000000000000000000e-01
7.059700000000005105e+01,5.000000000000000000e-01
7.059800000000005582e+01,5.000000000000000000e-01
7.059900000000006060e+01,5.000000000000000000e-01
7.060000000000005116e+01,5.000000000000000000e-01
7.060100000000005593e+01,5.000000000000000000e-01
7.060200000000006071e+01,5.000000000000000000e-01
7.060300000000005127e+01,5.000000000000000000e-01
7.060400000000005605e+01,5.000000000000000000e-01
7.060500000000006082e+01,5.000000000000000000e-01
7.060600000000005139e+01,5.000000000000000000e-01
7.060700000000005616e+01,5.000000000000000000e-01
7.060800000000006094e+01,5.000000000000000000e-01
7.060900000000005150e+01,5.000000000000000000e-01
7.061000000000005627e+01,5.000000000000000000e-01
7.061100000000006105e+01,5.000000000000000000e-01
7.061200000000005161e+01,5.000000000000000000e-01
7.061300000000005639e+01,5.000000000000000000e-01
7.061400000000006116e+01,5.000000000000000000e-01
7.061500000000005173e+01,5.000000000000000000e-01
7.061600000000005650e+01,5.000000000000000000e-01
7.061700000000006128e+01,5.000000000000000000e-01
7.061800000000005184e+01,5.000000000000000000e-01
7.061900000000005662e+01,5.000000000000000000e-01
7.062000000000006139e+01,5.000000000000000000e-01
7.062100000000005195e+01,5.000000000000000000e-01
7.062200000000005673e+01,5.000000000000000000e-01
7.062300000000006150e+01,5.000000000000000000e-01
7.062400000000005207e+01,5.000000000000000000e-01
7.062500000000005684e+01,5.000000000000000000e-01
7.062600000000006162e+01,5.000000000000000000e-01
7.062700000000005218e+01,5.000000000000000000e-01
7.062800000000005696e+01,5.000000000000000000e-01
7.062900000000006173e+01,5.000000000000000000e-01
7.063000000000005230e+01,5.000000000000000000e-01
7.063100000000005707e+01,5.000000000000000000e-01
7.063200000000006185e+01,5.000000000000000000e-01
7.063300000000005241e+01,5.000000000000000000e-01
7.063400000000005718e+01,5.000000000000000000e-01
7.063500000000006196e+01,5.000000000000000000e-01
7.063600000000005252e+01,5.000000000000000000e-01
7.063700000000005730e+01,5.000000000000000000e-01
7.063800000000006207e+01,5.000000000000000000e-01
7.063900000000005264e+01,5.000000000000000000e-01
7.064000000000005741e+01,5.000000000000000000e-01
7.064100000000006219e+01,5.000000000000000000e-01
7.064200000000005275e+01,5.000000000000000000e-01
7.064300000000005753e+01,5.000000000000000000e-01
7.064400000000006230e+01,5.000000000000000000e-01
7.064500000000005286e+01,5.000000000000000000e-01
7.064600000000005764e+01,5.000000000000000000e-01
7.064700000000006241e+01,5.000000000000000000e-01
7.064800000000005298e+01,5.000000000000000000e-01
7.064900000000005775e+01,5.000000000000000000e-01
7.065000000000006253e+01,5.000000000000000000e-01
7.065100000000005309e+01,5.000000000000000000e-01
7.065200000000005787e+01,5.000000000000000000e-01
7.065300000000006264e+01,5.000000000000000000e-01
7.065400000000005321e+01,5.000000000000000000e-01
7.065500000000005798e+01,5.000000000000000000e-01
7.065600000000006276e+01,5.000000000000000000e-01
7.065700000000005332e+01,5.000000000000000000e-01
7.065800000000005809e+01,5.000000000000000000e-01
7.065900000000006287e+01,5.000000000000000000e-01
7.066000000000005343e+01,5.000000000000000000e-01
7.066100000000005821e+01,5.000000000000000000e-01
7.066200000000006298e+01,5.000000000000000000e-01
7.066300000000005355e+01,5.000000000000000000e-01
7.066400000000005832e+01,5.000000000000000000e-01
7.066500000000006310e+01,5.000000000000000000e-01
7.066600000000005366e+01,5.000000000000000000e-01
7.066700000000005844e+01,5.000000000000000000e-01
7.066800000000006321e+01,5.000000000000000000e-01
7.066900000000005377e+01,5.000000000000000000e-01
7.067000000000005855e+01,5.000000000000000000e-01
7.067100000000006332e+01,5.000000000000000000e-01
7.067200000000005389e+01,5.000000000000000000e-01
7.067300000000005866e+01,5.000000000000000000e-01
7.067400000000006344e+01,5.000000000000000000e-01
7.067500000000005400e+01,5.000000000000000000e-01
7.067600000000005878e+01,5.000000000000000000e-01
7.067700000000006355e+01,5.000000000000000000e-01
7.067800000000005411e+01,5.000000000000000000e-01
7.067900000000005889e+01,5.000000000000000000e-01
7.068000000000006366e+01,5.000000000000000000e-01
7.068100000000005423e+01,5.000000000000000000e-01
7.068200000000005900e+01,5.000000000000000000e-01
7.068300000000006378e+01,5.000000000000000000e-01
7.068400000000005434e+01,5.000000000000000000e-01
7.068500000000005912e+01,5.000000000000000000e-01
7.068600000000006389e+01,5.000000000000000000e-01
7.068700000000005446e+01,5.000000000000000000e-01
7.068800000000005923e+01,5.000000000000000000e-01
7.068900000000006401e+01,5.000000000000000000e-01
7.069000000000005457e+01,5.000000000000000000e-01
7.069100000000005934e+01,5.000000000000000000e-01
7.069200000000006412e+01,5.000000000000000000e-01
7.069300000000005468e+01,5.000000000000000000e-01
7.069400000000005946e+01,5.000000000000000000e-01
7.069500000000006423e+01,5.000000000000000000e-01
7.069600000000005480e+01,5.000000000000000000e-01
7.069700000000005957e+01,5.000000000000000000e-01
7.069800000000006435e+01,5.000000000000000000e-01
7.069900000000005491e+01,5.000000000000000000e-01
7.070000000000005969e+01,5.000000000000000000e-01
7.070100000000005025e+01,5.000000000000000000e-01
7.070200000000005502e+01,5.000000000000000000e-01
7.070300000000005980e+01,5.000000000000000000e-01
7.070400000000005036e+01,5.000000000000000000e-01
7.070500000000005514e+01,5.000000000000000000e-01
7.070600000000005991e+01,5.000000000000000000e-01
7.070700000000005048e+01,5.000000000000000000e-01
7.070800000000005525e+01,5.000000000000000000e-01
7.070900000000006003e+01,5.000000000000000000e-01
7.071000000000005059e+01,5.000000000000000000e-01
7.071100000000005537e+01,5.000000000000000000e-01
7.071200000000006014e+01,5.000000000000000000e-01
7.071300000000005070e+01,5.000000000000000000e-01
7.071400000000005548e+01,5.000000000000000000e-01
7.071500000000006025e+01,5.000000000000000000e-01
7.071600000000005082e+01,5.000000000000000000e-01
7.071700000000005559e+01,5.000000000000000000e-01
7.071800000000006037e+01,5.000000000000000000e-01
7.071900000000005093e+01,5.000000000000000000e-01
7.072000000000005571e+01,5.000000000000000000e-01
7.072100000000006048e+01,5.000000000000000000e-01
7.072200000000005105e+01,5.000000000000000000e-01
7.072300000000005582e+01,5.000000000000000000e-01
7.072400000000006060e+01,5.000000000000000000e-01
7.072500000000005116e+01,5.000000000000000000e-01
7.072600000000005593e+01,5.000000000000000000e-01
7.072700000000006071e+01,5.000000000000000000e-01
7.072800000000005127e+01,5.000000000000000000e-01
7.072900000000005605e+01,5.000000000000000000e-01
7.073000000000006082e+01,5.000000000000000000e-01
7.073100000000005139e+01,5.000000000000000000e-01
7.073200000000005616e+01,5.000000000000000000e-01
7.073300000000006094e+01,5.000000000000000000e-01
7.073400000000005150e+01,5.000000000000000000e-01
7.073500000000005627e+01,5.000000000000000000e-01
7.073600000000006105e+01,5.000000000000000000e-01
7.073700000000005161e+01,5.000000000000000000e-01
7.073800000000005639e+01,5.000000000000000000e-01
7.073900000000006116e+01,5.000000000000000000e-01
7.074000000000005173e+01,5.000000000000000000e-01
7.074100000000005650e+01,5.000000000000000000e-01
7.074200000000006128e+01,5.000000000000000000e-01
7.074300000000005184e+01,5.000000000000000000e-01
7.074400000000005662e+01,5.000000000000000000e-01
7.074500000000006139e+01,5.000000000000000000e-01
7.074600000000005195e+01,5.000000000000000000e-01
7.074700000000005673e+01,5.000000000000000000e-01
7.074800000000006150e+01,5.000000000000000000e-01
7.074900000000005207e+01,5.000000000000000000e-01
7.075000000000005684e+01,5.000000000000000000e-01
7.075100000000006162e+01,5.000000000000000000e-01
7.075200000000005218e+01,5.000000000000000000e-01
7.075300000000005696e+01,5.000000000000000000e-01
7.075400000000006173e+01,5.000000000000000000e-01
7.075500000000005230e+01,5.000000000000000000e-01
7.075600000000005707e+01,5.000000000000000000e-01
7.075700000000006185e+01,5.000000000000000000e-01
7.075800000000005241e+01,5.000000000000000000e-01
7.075900000000005718e+01,5.000000000000000000e-01
7.076000000000006196e+01,5.000000000000000000e-01
7.076100000000005252e+01,5.000000000000000000e-01
7.076200000000005730e+01,5.000000000000000000e-01
7.076300000000006207e+01,5.000000000000000000e-01
7.076400000000005264e+01,5.000000000000000000e-01
7.076500000000005741e+01,5.000000000000000000e-01
7.076600000000006219e+01,5.000000000000000000e-01
7.076700000000005275e+01,5.000000000000000000e-01
7.076800000000005753e+01,5.000000000000000000e-01
7.076900000000006230e+01,5.000000000000000000e-01
7.077000000000005286e+01,5.000000000000000000e-01
7.077100000000005764e+01,5.000000000000000000e-01
7.077200000000006241e+01,5.000000000000000000e-01
7.077300000000005298e+01,5.000000000000000000e-01
7.077400000000005775e+01,5.000000000000000000e-01
7.077500000000006253e+01,5.000000000000000000e-01
7.077600000000005309e+01,5.000000000000000000e-01
7.077700000000005787e+01,5.000000000000000000e-01
7.077800000000006264e+01,5.000000000000000000e-01
7.077900000000005321e+01,5.000000000000000000e-01
7.078000000000005798e+01,5.000000000000000000e-01
7.078100000000006276e+01,5.000000000000000000e-01
7.078200000000005332e+01,5.000000000000000000e-01
7.078300000000005809e+01,5.000000000000000000e-01
7.078400000000006287e+01,5.000000000000000000e-01
7.078500000000005343e+01,5.000000000000000000e-01
7.078600000000005821e+01,5.000000000000000000e-01
7.078700000000006298e+01,5.000000000000000000e-01
7.078800000000005355e+01,5.000000000000000000e-01
7.078900000000005832e+01,5.000000000000000000e-01
7.079000000000006310e+01,5.000000000000000000e-01
7.079100000000005366e+01,5.000000000000000000e-01
7.079200000000005844e+01,5.000000000000000000e-01
7.079300000000006321e+01,5.000000000000000000e-01
7.079400000000005377e+01,5.000000000000000000e-01
7.079500000000005855e+01,5.000000000000000000e-01
7.079600000000006332e+01,5.000000000000000000e-01
7.079700000000005389e+01,5.000000000000000000e-01
7.079800000000005866e+01,5.000000000000000000e-01
7.079900000000006344e+01,5.000000000000000000e-01
7.080000000000005400e+01,5.000000000000000000e-01
7.080100000000005878e+01,5.000000000000000000e-01
7.080200000000006355e+01,5.000000000000000000e-01
7.080300000000005411e+01,5.000000000000000000e-01
7.080400000000005889e+01,5.000000000000000000e-01
7.080500000000006366e+01,5.000000000000000000e-01
7.080600000000005423e+01,5.000000000000000000e-01
7.080700000000005900e+01,5.000000000000000000e-01
7.080800000000006378e+01,5.000000000000000000e-01
7.080900000000005434e+01,5.000000000000000000e-01
7.081000000000005912e+01,5.000000000000000000e-01
7.081100000000006389e+01,5.000000000000000000e-01
7.081200000000005446e+01,5.000000000000000000e-01
7.081300000000005923e+01,5.000000000000000000e-01
7.081400000000006401e+01,5.000000000000000000e-01
7.081500000000005457e+01,5.000000000000000000e-01
7.081600000000005934e+01,5.000000000000000000e-01
7.081700000000006412e+01,5.000000000000000000e-01
7.081800000000005468e+01,5.000000000000000000e-01
7.081900000000005946e+01,5.000000000000000000e-01
7.082000000000006423e+01,5.000000000000000000e-01
7.082100000000005480e+01,5.000000000000000000e-01
7.082200000000005957e+01,5.000000000000000000e-01
7.082300000000006435e+01,5.000000000000000000e-01
7.082400000000005491e+01,5.000000000000000000e-01
7.082500000000005969e+01,5.000000000000000000e-01
7.082600000000006446e+01,5.000000000000000000e-01
7.082700000000005502e+01,5.000000000000000000e-01
7.082800000000005980e+01,5.000000000000000000e-01
7.082900000000006457e+01,5.000000000000000000e-01
7.083000000000005514e+01,5.000000000000000000e-01
7.083100000000005991e+01,5.000000000000000000e-01
7.083200000000005048e+01,5.000000000000000000e-01
7.083300000000005525e+01,5.000000000000000000e-01
7.083400000000006003e+01,5.000000000000000000e-01
7.083500000000005059e+01,5.000000000000000000e-01
7.083600000000005537e+01,5.000000000000000000e-01
7.083700000000006014e+01,5.000000000000000000e-01
7.083800000000005070e+01,5.000000000000000000e-01
7.083900000000005548e+01,5.000000000000000000e-01
7.084000000000006025e+01,5.000000000000000000e-01
7.084100000000005082e+01,5.000000000000000000e-01
7.084200000000005559e+01,5.000000000000000000e-01
7.084300000000006037e+01,5.000000000000000000e-01
7.084400000000005093e+01,5.000000000000000000e-01
7.084500000000005571e+01,5.000000000000000000e-01
7.084600000000006048e+01,5.000000000000000000e-01
7.084700000000005105e+01,5.000000000000000000e-01
7.084800000000005582e+01,5.000000000000000000e-01
7.084900000000006060e+01,5.000000000000000000e-01
7.085000000000005116e+01,5.000000000000000000e-01
7.085100000000005593e+01,5.000000000000000000e-01
7.085200000000006071e+01,5.000000000000000000e-01
7.085300000000005127e+01,5.000000000000000000e-01
7.085400000000005605e+01,5.000000000000000000e-01
7.085500000000006082e+01,5.000000000000000000e-01
7.085600000000005139e+01,5.000000000000000000e-01
7.085700000000005616e+01,5.000000000000000000e-01
7.085800000000006094e+01,5.000000000000000000e-01
7.085900000000005150e+01,5.000000000000000000e-01
7.086000000000005627e+01,5.000000000000000000e-01
7.086100000000006105e+01,5.000000000000000000e-01
7.086200000000005161e+01,5.000000000000000000e-01
7.086300000000005639e+01,5.000000000000000000e-01
7.086400000000006116e+01,5.000000000000000000e-01
7.086500000000005173e+01,5.000000000000000000e-01
7.086600000000005650e+01,5.000000000000000000e-01
7.086700000000006128e+01,5.000000000000000000e-01
7.086800000000005184e+01,5.000000000000000000e-01
7.086900000000005662e+01,5.000000000000000000e-01
7.087000000000006139e+01,5.000000000000000000e-01
7.087100000000005195e+01,5.000000000000000000e-01
7.087200000000005673e+01,5.000000000000000000e-01
7.087300000000006150e+01,5.000000000000000000e-01
7.087400000000005207e+01,5.000000000000000000e-01
7.087500000000005684e+01,5.000000000000000000e-01
7.087600000000006162e+01,5.000000000000000000e-01
7.087700000000005218e+01,5.000000000000000000e-01
7.087800000000005696e+01,5.000000000000000000e-01
7.087900000000006173e+01,5.000000000000000000e-01
7.088000000000005230e+01,5.000000000000000000e-01
7.088100000000005707e+01,5.000000000000000000e-01
7.088200000000006185e+01,5.000000000000000000e-01
7.088300000000005241e+01,5.000000000000000000e-01
7.088400000000005718e+01,5.000000000000000000e-01
7.088500000000006196e+01,5.000000000000000000e-01
7.088600000000005252e+01,5.000000000000000000e-01
7.088700000000005730e+01,5.000000000000000000e-01
7.088800000000006207e+01,5.000000000000000000e-01
7.088900000000005264e+01,5.000000000000000000e-01
7.089000000000005741e+01,5.000000000000000000e-01
7.089100000000006219e+01,5.000000000000000000e-01
7.089200000000005275e+01,5.000000000000000000e-01
7.089300000000005753e+01,5.000000000000000000e-01
7.089400000000006230e+01,5.000000000000000000e-01
7.089500000000005286e+01,5.000000000000000000e-01
7.089600000000005764e+01,5.000000000000000000e-01
7.089700000000006241e+01,5.000000000000000000e-01
7.089800000000005298e+01,5.000000000000000000e-01
7.089900000000005775e+01,5.000000000000000000e-01
7.090000000000006253e+01,5.000000000000000000e-01
7.090100000000005309e+01,5.000000000000000000e-01
7.090200000000005787e+01,5.000000000000000000e-01
7.090300000000006264e+01,5.000000000000000000e-01
7.090400000000005321e+01,5.000000000000000000e-01
7.090500000000005798e+01,5.000000000000000000e-01
7.090600000000006276e+01,5.000000000000000000e-01
7.090700000000005332e+01,5.000000000000000000e-01
7.090800000000005809e+01,5.000000000000000000e-01
7.090900000000006287e+01,5.000000000000000000e-01
7.091000000000005343e+01,5.000000000000000000e-01
7.091100000000005821e+01,5.000000000000000000e-01
7.091200000000006298e+01,5.000000000000000000e-01
7.091300000000005355e+01,5.000000000000000000e-01
7.091400000000005832e+01,5.000000000000000000e-01
7.091500000000006310e+01,5.000000000000000000e-01
7.091600000000005366e+01,5.000000000000000000e-01
7.091700000000005844e+01,5.000000000000000000e-01
7.091800000000006321e+01,5.000000000000000000e-01
7.091900000000005377e+01,5.000000000000000000e-01
7.092000000000005855e+01,5.000000000000000000e-01
7.092100000000006332e+01,5.000000000000000000e-01
7.092200000000005389e+01,5.000000000000000000e-01
7.092300000000005866e+01,5.000000000000000000e-01
7.092400000000006344e+01,5.000000000000000000e-01
7.092500000000005400e+01,5.000000000000000000e-01
7.092600000000005878e+01,5.000000000000000000e-01
7.092700000000006355e+01,5.000000000000000000e-01
7.092800000000005411e+01,5.000000000000000000e-01
7.092900000000005889e+01,5.000000000000000000e-01
7.093000000000006366e+01,5.000000000000000000e-01
7.093100000000005423e+01,5.000000000000000000e-01
7.093200000000005900e+01,5.000000000000000000e-01
7.093300000000006378e+01,5.000000000000000000e-01
7.093400000000005434e+01,5.000000000000000000e-01
7.093500000000005912e+01,5.000000000000000000e-01
7.093600000000006389e+01,5.000000000000000000e-01
7.093700000000005446e+01,5.000000000000000000e-01
7.093800000000005923e+01,5.000000000000000000e-01
7.093900000000006401e+01,5.000000000000000000e-01
7.094000000000005457e+01,5.000000000000000000e-01
7.094100000000005934e+01,5.000000000000000000e-01
7.094200000000006412e+01,5.000000000000000000e-01
7.094300000000005468e+01,5.000000000000000000e-01
7.094400000000005946e+01,5.000000000000000000e-01
7.094500000000006423e+01,5.000000000000000000e-01
7.094600000000005480e+01,5.000000000000000000e-01
7.094700000000005957e+01,5.000000000000000000e-01
7.094800000000006435e+01,5.000000000000000000e-01
7.094900000000005491e+01,5.000000000000000000e-01
7.095000000000005969e+01,5.000000000000000000e-01
7.095100000000006446e+01,5.000000000000000000e-01
7.095200000000005502e+01,5.000000000000000000e-01
7.095300000000005980e+01,5.000000000000000000e-01
7.095400000000006457e+01,5.000000000000000000e-01
7.095500000000005514e+01,5.000000000000000000e-01
7.095600000000005991e+01,5.000000000000000000e-01
7.095700000000005048e+01,5.000000000000000000e-01
7.095800000000005525e+01,5.000000000000000000e-01
7.095900000000006003e+01,5.000000000000000000e-01
7.096000000000005059e+01,5.000000000000000000e-01
7.096100000000005537e+01,5.000000000000000000e-01
7.096200000000006014e+01,5.000000000000000000e-01
7.096300000000005070e+01,5.000000000000000000e-01
7.096400000000005548e+01,5.000000000000000000e-01
7.096500000000006025e+01,5.000000000000000000e-01
7.096600000000005082e+01,5.000000000000000000e-01
7.096700000000005559e+01,5.000000000000000000e-01
7.096800000000006037e+01,5.000000000000000000e-01
7.096900000000005093e+01,5.000000000000000000e-01
7.097000000000005571e+01,5.000000000000000000e-01
7.097100000000006048e+01,5.000000000000000000e-01
7.097200000000005105e+01,5.000000000000000000e-01
7.097300000000005582e+01,5.000000000000000000e-01
7.097400000000006060e+01,5.000000000000000000e-01
7.097500000000005116e+01,5.000000000000000000e-01
7.097600000000005593e+01,5.000000000000000000e-01
7.097700000000006071e+01,5.000000000000000000e-01
7.097800000000005127e+01,5.000000000000000000e-01
7.097900000000005605e+01,5.000000000000000000e-01
7.098000000000006082e+01,5.000000000000000000e-01
7.098100000000005139e+01,5.000000000000000000e-01
7.098200000000005616e+01,5.000000000000000000e-01
7.098300000000006094e+01,5.000000000000000000e-01
7.098400000000005150e+01,5.000000000000000000e-01
7.098500000000005627e+01,5.000000000000000000e-01
7.098600000000006105e+01,5.000000000000000000e-01
7.098700000000005161e+01,5.000000000000000000e-01
7.098800000000005639e+01,5.000000000000000000e-01
7.098900000000006116e+01,5.000000000000000000e-01
7.099000000000005173e+01,5.000000000000000000e-01
7.099100000000005650e+01,5.000000000000000000e-01
7.099200000000006128e+01,5.000000000000000000e-01
7.099300000000005184e+01,5.000000000000000000e-01
7.099400000000005662e+01,5.000000000000000000e-01
7.099500000000006139e+01,5.000000000000000000e-01
7.099600000000005195e+01,5.000000000000000000e-01
7.099700000000005673e+01,5.000000000000000000e-01
7.099800000000006150e+01,5.000000000000000000e-01
7.099900000000005207e+01,5.000000000000000000e-01
7.100000000000005684e+01,5.000000000000000000e-01
7.100100000000006162e+01,5.000000000000000000e-01
7.100200000000005218e+01,5.000000000000000000e-01
7.100300000000005696e+01,5.000000000000000000e-01
7.100400000000006173e+01,5.000000000000000000e-01
7.100500000000005230e+01,5.000000000000000000e-01
7.100600000000005707e+01,5.000000000000000000e-01
7.100700000000006185e+01,5.000000000000000000e-01
7.100800000000005241e+01,5.000000000000000000e-01
7.100900000000005718e+01,5.000000000000000000e-01
7.101000000000006196e+01,5.000000000000000000e-01
7.101100000000005252e+01,5.000000000000000000e-01
7.101200000000005730e+01,5.000000000000000000e-01
7.101300000000006207e+01,5.000000000000000000e-01
7.101400000000005264e+01,5.000000000000000000e-01
7.101500000000005741e+01,5.000000000000000000e-01
7.101600000000006219e+01,5.000000000000000000e-01
7.101700000000005275e+01,5.000000000000000000e-01
7.101800000000005753e+01,5.000000000000000000e-01
7.101900000000006230e+01,5.000000000000000000e-01
7.102000000000005286e+01,5.000000000000000000e-01
7.102100000000005764e+01,5.000000000000000000e-01
7.102200000000006241e+01,5.000000000000000000e-01
7.102300000000005298e+01,5.000000000000000000e-01
7.102400000000005775e+01,5.000000000000000000e-01
7.102500000000006253e+01,5.000000000000000000e-01
7.102600000000005309e+01,5.000000000000000000e-01
7.102700000000005787e+01,5.000000000000000000e-01
7.102800000000006264e+01,5.000000000000000000e-01
7.102900000000005321e+01,5.000000000000000000e-01
7.103000000000005798e+01,5.000000000000000000e-01
7.103100000000006276e+01,5.000000000000000000e-01
7.103200000000005332e+01,5.000000000000000000e-01
7.103300000000005809e+01,5.000000000000000000e-01
7.103400000000006287e+01,5.000000000000000000e-01
7.103500000000005343e+01,5.000000000000000000e-01
7.103600000000005821e+01,5.000000000000000000e-01
7.103700000000006298e+01,5.000000000000000000e-01
7.103800000000005355e+01,5.000000000000000000e-01
7.103900000000005832e+01,5.000000000000000000e-01
7.104000000000006310e+01,5.000000000000000000e-01
7.104100000000005366e+01,5.000000000000000000e-01
7.104200000000005844e+01,5.000000000000000000e-01
7.104300000000006321e+01,5.000000000000000000e-01
7.104400000000005377e+01,5.000000000000000000e-01
7.104500000000005855e+01,5.000000000000000000e-01
7.104600000000006332e+01,5.000000000000000000e-01
7.104700000000005389e+01,5.000000000000000000e-01
7.104800000000005866e+01,5.000000000000000000e-01
7.104900000000006344e+01,5.000000000000000000e-01
7.105000000000005400e+01,5.000000000000000000e-01
7.105100000000005878e+01,5.000000000000000000e-01
7.105200000000006355e+01,5.000000000000000000e-01
7.105300000000005411e+01,5.000000000000000000e-01
7.105400000000005889e+01,5.000000000000000000e-01
7.105500000000006366e+01,5.000000000000000000e-01
7.105600000000005423e+01,5.000000000000000000e-01
7.105700000000005900e+01,5.000000000000000000e-01
7.105800000000006378e+01,5.000000000000000000e-01
7.105900000000005434e+01,5.000000000000000000e-01
7.106000000000005912e+01,5.000000000000000000e-01
7.106100000000006389e+01,5.000000000000000000e-01
7.106200000000005446e+01,5.000000000000000000e-01
7.106300000000005923e+01,5.000000000000000000e-01
7.106400000000006401e+01,5.000000000000000000e-01
7.106500000000005457e+01,5.000000000000000000e-01
7.106600000000005934e+01,5.000000000000000000e-01
7.106700000000006412e+01,5.000000000000000000e-01
7.106800000000005468e+01,5.000000000000000000e-01
7.106900000000005946e+01,5.000000000000000000e-01
7.107000000000006423e+01,5.000000000000000000e-01
7.107100000000005480e+01,5.000000000000000000e-01
7.107200000000005957e+01,5.000000000000000000e-01
7.107300000000006435e+01,5.000000000000000000e-01
7.107400000000005491e+01,5.000000000000000000e-01
7.107500000000005969e+01,5.000000000000000000e-01
7.107600000000006446e+01,5.000000000000000000e-01
7.107700000000005502e+01,5.000000000000000000e-01
7.107800000000005980e+01,5.000000000000000000e-01
7.107900000000006457e+01,5.000000000000000000e-01
7.108000000000005514e+01,5.000000000000000000e-01
7.108100000000005991e+01,5.000000000000000000e-01
7.108200000000006469e+01,5.000000000000000000e-01
7.108300000000005525e+01,5.000000000000000000e-01
7.108400000000006003e+01,5.000000000000000000e-01
7.108500000000006480e+01,5.000000000000000000e-01
7.108600000000005537e+01,5.000000000000000000e-01
7.108700000000006014e+01,5.000000000000000000e-01
7.108800000000005070e+01,5.000000000000000000e-01
7.108900000000005548e+01,5.000000000000000000e-01
7.109000000000006025e+01,5.000000000000000000e-01
7.109100000000005082e+01,5.000000000000000000e-01
7.109200000000005559e+01,5.000000000000000000e-01
7.109300000000006037e+01,5.000000000000000000e-01
7.109400000000005093e+01,5.000000000000000000e-01
7.109500000000005571e+01,5.000000000000000000e-01
7.109600000000006048e+01,5.000000000000000000e-01
7.109700000000005105e+01,5.000000000000000000e-01
7.109800000000005582e+01,5.000000000000000000e-01
7.109900000000006060e+01,5.000000000000000000e-01
7.110000000000005116e+01,5.000000000000000000e-01
7.110100000000005593e+01,5.000000000000000000e-01
7.110200000000006071e+01,5.000000000000000000e-01
7.110300000000005127e+01,5.000000000000000000e-01
7.110400000000005605e+01,5.000000000000000000e-01
7.110500000000006082e+01,5.000000000000000000e-01
7.110600000000005139e+01,5.000000000000000000e-01
7.110700000000005616e+01,5.000000000000000000e-01
7.110800000000006094e+01,5.000000000000000000e-01
7.110900000000005150e+01,5.000000000000000000e-01
7.111000000000005627e+01,5.000000000000000000e-01
7.111100000000006105e+01,5.000000000000000000e-01
7.111200000000005161e+01,5.000000000000000000e-01
7.111300000000005639e+01,5.000000000000000000e-01
7.111400000000006116e+01,5.000000000000000000e-01
7.111500000000005173e+01,5.000000000000000000e-01
7.111600000000005650e+01,5.000000000000000000e-01
7.111700000000006128e+01,5.000000000000000000e-01
7.111800000000005184e+01,5.000000000000000000e-01
7.111900000000005662e+01,5.000000000000000000e-01
7.112000000000006139e+01,5.000000000000000000e-01
7.112100000000005195e+01,5.000000000000000000e-01
7.112200000000005673e+01,5.000000000000000000e-01
7.112300000000006150e+01,5.000000000000000000e-01
7.112400000000005207e+01,5.000000000000000000e-01
7.112500000000005684e+01,5.000000000000000000e-01
7.112600000000006162e+01,5.000000000000000000e-01
7.112700000000005218e+01,5.000000000000000000e-01
7.112800000000005696e+01,5.000000000000000000e-01
7.112900000000006173e+01,5.000000000000000000e-01
7.113000000000005230e+01,5.000000000000000000e-01
7.113100000000005707e+01,5.000000000000000000e-01
7.113200000000006185e+01,5.000000000000000000e-01
7.113300000000005241e+01,5.000000000000000000e-01
7.113400000000005718e+01,5.000000000000000000e-01
7.113500000000006196e+01,5.000000000000000000e-01
7.113600000000005252e+01,5.000000000000000000e-01
7.113700000000005730e+01,5.000000000000000000e-01
7.113800000000006207e+01,5.000000000000000000e-01
7.113900000000005264e+01,5.000000000000000000e-01
7.114000000000005741e+01,5.000000000000000000e-01
7.114100000000006219e+01,5.000000000000000000e-01
7.114200000000005275e+01,5.000000000000000000e-01
7.114300000000005753e+01,5.000000000000000000e-01
7.114400000000006230e+01,5.000000000000000000e-01
7.114500000000005286e+01,5.000000000000000000e-01
7.114600000000005764e+01,5.000000000000000000e-01
7.114700000000006241e+01,5.000000000000000000e-01
7.114800000000005298e+01,5.000000000000000000e-01
7.114900000000005775e+01,5.000000000000000000e-01
7.115000000000006253e+01,5.000000000000000000e-01
7.115100000000005309e+01,5.000000000000000000e-01
7.115200000000005787e+01,5.000000000000000000e-01
7.115300000000006264e+01,5.000000000000000000e-01
7.115400000000005321e+01,5.000000000000000000e-01
7.115500000000005798e+01,5.000000000000000000e-01
7.115600000000006276e+01,5.000000000000000000e-01
7.115700000000005332e+01,5.000000000000000000e-01
7.115800000000005809e+01,5.000000000000000000e-01
7.115900000000006287e+01,5.000000000000000000e-01
7.116000000000005343e+01,5.000000000000000000e-01
7.116100000000005821e+01,5.000000000000000000e-01
7.116200000000006298e+01,5.000000000000000000e-01
7.116300000000005355e+01,5.000000000000000000e-01
7.116400000000005832e+01,5.000000000000000000e-01
7.116500000000006310e+01,5.000000000000000000e-01
7.116600000000005366e+01,5.000000000000000000e-01
7.116700000000005844e+01,5.000000000000000000e-01
7.116800000000006321e+01,5.000000000000000000e-01
7.116900000000005377e+01,5.000000000000000000e-01
7.117000000000005855e+01,5.000000000000000000e-01
7.117100000000006332e+01,5.000000000000000000e-01
7.117200000000005389e+01,5.000000000000000000e-01
7.117300000000005866e+01,5.000000000000000000e-01
7.117400000000006344e+01,5.000000000000000000e-01
7.117500000000005400e+01,5.000000000000000000e-01
7.117600000000005878e+01,5.000000000000000000e-01
7.117700000000006355e+01,5.000000000000000000e-01
7.117800000000005411e+01,5.000000000000000000e-01
7.117900000000005889e+01,5.000000000000000000e-01
7.118000000000006366e+01,5.000000000000000000e-01
7.118100000000005423e+01,5.000000000000000000e-01
7.118200000000005900e+01,5.000000000000000000e-01
7.118300000000006378e+01,5.000000000000000000e-01
7.118400000000005434e+01,5.000000000000000000e-01
7.118500000000005912e+01,5.000000000000000000e-01
7.118600000000006389e+01,5.000000000000000000e-01
7.118700000000005446e+01,5.000000000000000000e-01
7.118800000000005923e+01,5.000000000000000000e-01
7.118900000000006401e+01,5.000000000000000000e-01
7.119000000000005457e+01,5.000000000000000000e-01
7.119100000000005934e+01,5.000000000000000000e-01
7.119200000000006412e+01,5.000000000000000000e-01
7.119300000000005468e+01,5.000000000000000000e-01
7.119400000000005946e+01,5.000000000000000000e-01
7.119500000000006423e+01,5.000000000000000000e-01
7.119600000000005480e+01,5.000000000000000000e-01
7.119700000000005957e+01,5.000000000000000000e-01
7.119800000000006435e+01,5.000000000000000000e-01
7.119900000000005491e+01,5.000000000000000000e-01
7.120000000000005969e+01,5.000000000000000000e-01
7.120100000000006446e+01,5.000000000000000000e-01
7.120200000000005502e+01,5.000000000000000000e-01
7.120300000000005980e+01,5.000000000000000000e-01
7.120400000000006457e+01,5.000000000000000000e-01
7.120500000000005514e+01,5.000000000000000000e-01
7.120600000000005991e+01,5.000000000000000000e-01
7.120700000000006469e+01,5.000000000000000000e-01
7.120800000000005525e+01,5.000000000000000000e-01
7.120900000000006003e+01,5.000000000000000000e-01
7.121000000000006480e+01,5.000000000000000000e-01
7.121100000000005537e+01,5.000000000000000000e-01
7.121200000000006014e+01,5.000000000000000000e-01
7.121300000000005070e+01,5.000000000000000000e-01
7.121400000000005548e+01,5.000000000000000000e-01
7.121500000000006025e+01,5.000000000000000000e-01
7.121600000000005082e+01,5.000000000000000000e-01
7.121700000000005559e+01,5.000000000000000000e-01
7.121800000000006037e+01,5.000000000000000000e-01
7.121900000000005093e+01,5.000000000000000000e-01
7.122000000000005571e+01,5.000000000000000000e-01
7.122100000000006048e+01,5.000000000000000000e-01
7.122200000000005105e+01,5.000000000000000000e-01
7.122300000000005582e+01,5.000000000000000000e-01
7.122400000000006060e+01,5.000000000000000000e-01
7.122500000000005116e+01,5.000000000000000000e-01
7.122600000000005593e+01,5.000000000000000000e-01
7.122700000000006071e+01,5.000000000000000000e-01
7.122800000000005127e+01,5.000000000000000000e-01
7.122900000000005605e+01,5.000000000000000000e-01
7.123000000000006082e+01,5.000000000000000000e-01
7.123100000000005139e+01,5.000000000000000000e-01
7.123200000000005616e+01,5.000000000000000000e-01
7.123300000000006094e+01,5.000000000000000000e-01
7.123400000000005150e+01,5.000000000000000000e-01
7.123500000000005627e+01,5.000000000000000000e-01
7.123600000000006105e+01,5.000000000000000000e-01
7.123700000000005161e+01,5.000000000000000000e-01
7.123800000000005639e+01,5.000000000000000000e-01
7.123900000000006116e+01,5.000000000000000000e-01
7.124000000000005173e+01,5.000000000000000000e-01
7.124100000000005650e+01,5.000000000000000000e-01
7.124200000000006128e+01,5.000000000000000000e-01
7.124300000000005184e+01,5.000000000000000000e-01
7.124400000000005662e+01,5.000000000000000000e-01
7.124500000000006139e+01,5.000000000000000000e-01
7.124600000000005195e+01,5.000000000000000000e-01
7.124700000000005673e+01,5.000000000000000000e-01
7.124800000000006150e+01,5.000000000000000000e-01
7.124900000000005207e+01,5.000000000000000000e-01
7.125000000000005684e+01,5.000000000000000000e-01
7.125100000000006162e+01,5.000000000000000000e-01
7.125200000000005218e+01,5.000000000000000000e-01
7.125300000000005696e+01,5.000000000000000000e-01
7.125400000000006173e+01,5.000000000000000000e-01
7.125500000000005230e+01,5.000000000000000000e-01
7.125600000000005707e+01,5.000000000000000000e-01
7.125700000000006185e+01,5.000000000000000000e-01
7.125800000000005241e+01,5.000000000000000000e-01
7.125900000000005718e+01,5.000000000000000000e-01
7.126000000000006196e+01,5.000000000000000000e-01
7.126100000000005252e+01,5.000000000000000000e-01
7.126200000000005730e+01,5.000000000000000000e-01
7.126300000000006207e+01,5.000000000000000000e-01
7.126400000000005264e+01,5.000000000000000000e-01
7.126500000000005741e+01,5.000000000000000000e-01
7.126600000000006219e+01,5.000000000000000000e-01
7.126700000000005275e+01,5.000000000000000000e-01
7.126800000000005753e+01,5.000000000000000000e-01
7.126900000000006230e+01,5.000000000000000000e-01
7.127000000000005286e+01,5.000000000000000000e-01
7.127100000000005764e+01,5.000000000000000000e-01
7.127200000000006241e+01,5.000000000000000000e-01
7.127300000000005298e+01,5.000000000000000000e-01
7.127400000000005775e+01,5.000000000000000000e-01
7.127500000000006253e+01,5.000000000000000000e-01
7.127600000000005309e+01,5.000000000000000000e-01
7.127700000000005787e+01,5.000000000000000000e-01
7.127800000000006264e+01,5.000000000000000000e-01
7.127900000000005321e+01,5.000000000000000000e-01
7.128000000000005798e+01,5.000000000000000000e-01
7.128100000000006276e+01,5.000000000000000000e-01
7.128200000000005332e+01,5.000000000000000000e-01
7.128300000000005809e+01,5.000000000000000000e-01
7.128400000000006287e+01,5.000000000000000000e-01
7.128500000000005343e+01,5.000000000000000000e-01
7.128600000000005821e+01,5.000000000000000000e-01
7.128700000000006298e+01,5.000000000000000000e-01
7.128800000000005355e+01,5.000000000000000000e-01
7.128900000000005832e+01,5.000000000000000000e-01
7.129000000000006310e+01,5.000000000000000000e-01
7.129100000000005366e+01,5.000000000000000000e-01
7.129200000000005844e+01,5.000000000000000000e-01
7.129300000000006321e+01,5.000000000000000000e-01
7.129400000000005377e+01,5.000000000000000000e-01
7.129500000000005855e+01,5.000000000000000000e-01
7.129600000000006332e+01,5.000000000000000000e-01
7.129700000000005389e+01,5.000000000000000000e-01
7.129800000000005866e+01,5.000000000000000000e-01
7.129900000000006344e+01,5.000000000000000000e-01
7.130000000000005400e+01,5.000000000000000000e-01
7.130100000000005878e+01,5.000000000000000000e-01
7.130200000000006355e+01,5.000000000000000000e-01
7.130300000000005411e+01,5.000000000000000000e-01
7.130400000000005889e+01,5.000000000000000000e-01
7.130500000000006366e+01,5.000000000000000000e-01
7.130600000000005423e+01,5.000000000000000000e-01
7.130700000000005900e+01,5.000000000000000000e-01
7.130800000000006378e+01,5.000000000000000000e-01
7.130900000000005434e+01,5.000000000000000000e-01
7.131000000000005912e+01,5.000000000000000000e-01
7.131100000000006389e+01,5.000000000000000000e-01
7.131200000000005446e+01,5.000000000000000000e-01
7.131300000000005923e+01,5.000000000000000000e-01
7.131400000000006401e+01,5.000000000000000000e-01
7.131500000000005457e+01,5.000000000000000000e-01
7.131600000000005934e+01,5.000000000000000000e-01
7.131700000000006412e+01,5.000000000000000000e-01
7.131800000000005468e+01,5.000000000000000000e-01
7.131900000000005946e+01,5.000000000000000000e-01
7.132000000000006423e+01,5.000000000000000000e-01
7.132100000000005480e+01,5.000000000000000000e-01
7.132200000000005957e+01,5.000000000000000000e-01
7.132300000000006435e+01,5.000000000000000000e-01
7.132400000000005491e+01,5.000000000000000000e-01
7.132500000000005969e+01,5.000000000000000000e-01
7.132600000000006446e+01,5.000000000000000000e-01
7.132700000000005502e+01,5.000000000000000000e-01
7.132800000000005980e+01,5.000000000000000000e-01
7.132900000000006457e+01,5.000000000000000000e-01
7.133000000000005514e+01,5.000000000000000000e-01
7.133100000000005991e+01,5.000000000000000000e-01
7.133200000000006469e+01,5.000000000000000000e-01
7.133300000000005525e+01,5.000000000000000000e-01
7.133400000000006003e+01,5.000000000000000000e-01
7.133500000000006480e+01,5.000000000000000000e-01
7.133600000000005537e+01,5.000000000000000000e-01
7.133700000000006014e+01,5.000000000000000000e-01
7.133800000000006492e+01,5.000000000000000000e-01
7.133900000000005548e+01,5.000000000000000000e-01
7.134000000000006025e+01,5.000000000000000000e-01
7.134100000000006503e+01,5.000000000000000000e-01
7.134200000000005559e+01,5.000000000000000000e-01
7.134300000000006037e+01,5.000000000000000000e-01
7.134400000000005093e+01,5.000000000000000000e-01
7.134500000000005571e+01,5.000000000000000000e-01
7.134600000000006048e+01,5.000000000000000000e-01
7.134700000000005105e+01,5.000000000000000000e-01
7.134800000000005582e+01,5.000000000000000000e-01
7.134900000000006060e+01,5.000000000000000000e-01
7.135000000000005116e+01,5.000000000000000000e-01
7.135100000000005593e+01,5.000000000000000000e-01
7.135200000000006071e+01,5.000000000000000000e-01
7.135300000000005127e+01,5.000000000000000000e-01
7.135400000000005605e+01,5.000000000000000000e-01
7.135500000000006082e+01,5.000000000000000000e-01
7.135600000000005139e+01,5.000000000000000000e-01
7.135700000000005616e+01,5.000000000000000000e-01
7.135800000000006094e+01,5.000000000000000000e-01
7.135900000000005150e+01,5.000000000000000000e-01
7.136000000000005627e+01,5.000000000000000000e-01
7.136100000000006105e+01,5.000000000000000000e-01
7.136200000000005161e+01,5.000000000000000000e-01
7.136300000000005639e+01,5.000000000000000000e-01
7.136400000000006116e+01,5.000000000000000000e-01
7.136500000000005173e+01,5.000000000000000000e-01
7.136600000000005650e+01,5.000000000000000000e-01
7.136700000000006128e+01,5.000000000000000000e-01
7.136800000000005184e+01,5.000000000000000000e-01
7.136900000000005662e+01,5.000000000000000000e-01
7.137000000000006139e+01,5.000000000000000000e-01
7.137100000000005195e+01,5.000000000000000000e-01
7.137200000000005673e+01,5.000000000000000000e-01
7.137300000000006150e+01,5.000000000000000000e-01
7.137400000000005207e+01,5.000000000000000000e-01
7.137500000000005684e+01,5.000000000000000000e-01
7.137600000000006162e+01,5.000000000000000000e-01
7.137700000000005218e+01,5.000000000000000000e-01
7.137800000000005696e+01,5.000000000000000000e-01
7.137900000000006173e+01,5.000000000000000000e-01
7.138000000000005230e+01,5.000000000000000000e-01
7.138100000000005707e+01,5.000000000000000000e-01
7.138200000000006185e+01,5.000000000000000000e-01
7.138300000000005241e+01,5.000000000000000000e-01
7.138400000000005718e+01,5.000000000000000000e-01
7.138500000000006196e+01,5.000000000000000000e-01
7.138600000000005252e+01,5.000000000000000000e-01
7.138700000000005730e+01,5.000000000000000000e-01
7.138800000000006207e+01,5.000000000000000000e-01
7.138900000000005264e+01,5.000000000000000000e-01
7.139000000000005741e+01,5.000000000000000000e-01
7.139100000000006219e+01,5.000000000000000000e-01
7.139200000000005275e+01,5.000000000000000000e-01
7.139300000000005753e+01,5.000000000000000000e-01
7.139400000000006230e+01,5.000000000000000000e-01
7.139500000000005286e+01,5.000000000000000000e-01
7.139600000000005764e+01,5.000000000000000000e-01
7.139700000000006241e+01,5.000000000000000000e-01
7.139800000000005298e+01,5.000000000000000000e-01
7.139900000000005775e+01,5.000000000000000000e-01
7.140000000000006253e+01,5.000000000000000000e-01
7.140100000000005309e+01,5.000000000000000000e-01
7.140200000000005787e+01,5.000000000000000000e-01
7.140300000000006264e+01,5.000000000000000000e-01
7.140400000000005321e+01,5.000000000000000000e-01
7.140500000000005798e+01,5.000000000000000000e-01
7.140600000000006276e+01,5.000000000000000000e-01
7.140700000000005332e+01,5.000000000000000000e-01
7.140800000000005809e+01,5.000000000000000000e-01
7.140900000000006287e+01,5.000000000000000000e-01
7.141000000000005343e+01,5.000000000000000000e-01
7.141100000000005821e+01,5.000000000000000000e-01
7.141200000000006298e+01,5.000000000000000000e-01
7.141300000000005355e+01,5.000000000000000000e-01
7.141400000000005832e+01,5.000000000000000000e-01
7.141500000000006310e+01,5.000000000000000000e-01
7.141600000000005366e+01,5.000000000000000000e-01
7.141700000000005844e+01,5.000000000000000000e-01
7.141800000000006321e+01,5.000000000000000000e-01
7.141900000000005377e+01,5.000000000000000000e-01
7.142000000000005855e+01,5.000000000000000000e-01
7.142100000000006332e+01,5.000000000000000000e-01
7.142200000000005389e+01,5.000000000000000000e-01
7.142300000000005866e+01,5.000000000000000000e-01
7.142400000000006344e+01,5.000000000000000000e-01
7.142500000000005400e+01,5.000000000000000000e-01
7.142600000000005878e+01,5.000000000000000000e-01
7.142700000000006355e+01,5.000000000000000000e-01
7.142800000000005411e+01,5.000000000000000000e-01
7.142900000000005889e+01,5.000000000000000000e-01
7.143000000000006366e+01,5.000000000000000000e-01
7.143100000000005423e+01,5.000000000000000000e-01
7.143200000000005900e+01,5.000000000000000000e-01
7.143300000000006378e+01,5.000000000000000000e-01
7.143400000000005434e+01,5.000000000000000000e-01
7.143500000000005912e+01,5.000000000000000000e-01
7.143600000000006389e+01,5.000000000000000000e-01
7.143700000000005446e+01,5.000000000000000000e-01
7.143800000000005923e+01,5.000000000000000000e-01
7.143900000000006401e+01,5.000000000000000000e-01
7.144000000000005457e+01,5.000000000000000000e-01
7.144100000000005934e+01,5.000000000000000000e-01
7.144200000000006412e+01,5.000000000000000000e-01
7.144300000000005468e+01,5.000000000000000000e-01
7.144400000000005946e+01,5.000000000000000000e-01
7.144500000000006423e+01,5.000000000000000000e-01
7.144600000000005480e+01,5.000000000000000000e-01
7.144700000000005957e+01,5.000000000000000000e-01
7.144800000000006435e+01,5.000000000000000000e-01
7.144900000000005491e+01,5.000000000000000000e-01
7.145000000000005969e+01,5.000000000000000000e-01
7.145100000000006446e+01,5.000000000000000000e-01
7.145200000000005502e+01,5.000000000000000000e-01
7.145300000000005980e+01,5.000000000000000000e-01
7.145400000000006457e+01,5.000000000000000000e-01
7.145500000000005514e+01,5.000000000000000000e-01
7.145600000000005991e+01,5.000000000000000000e-01
7.145700000000006469e+01,5.000000000000000000e-01
7.145800000000005525e+01,5.000000000000000000e-01
7.145900000000006003e+01,5.000000000000000000e-01
7.146000000000006480e+01,5.000000000000000000e-01
7.146100000000005537e+01,5.000000000000000000e-01
7.146200000000006014e+01,5.000000000000000000e-01
7.146300000000006492e+01,5.000000000000000000e-01
7.146400000000005548e+01,5.000000000000000000e-01
7.146500000000006025e+01,5.000000000000000000e-01
7.146600000000006503e+01,5.000000000000000000e-01
7.146700000000005559e+01,5.000000000000000000e-01
7.146800000000006037e+01,5.000000000000000000e-01
7.146900000000005093e+01,5.000000000000000000e-01
7.147000000000005571e+01,5.000000000000000000e-01
7.147100000000006048e+01,5.000000000000000000e-01
7.147200000000005105e+01,5.000000000000000000e-01
7.147300000000005582e+01,5.000000000000000000e-01
7.147400000000006060e+01,5.000000000000000000e-01
7.147500000000005116e+01,5.000000000000000000e-01
7.147600000000005593e+01,5.000000000000000000e-01
7.147700000000006071e+01,5.000000000000000000e-01
7.147800000000005127e+01,5.000000000000000000e-01
7.147900000000005605e+01,5.000000000000000000e-01
7.148000000000006082e+01,5.000000000000000000e-01
7.148100000000005139e+01,5.000000000000000000e-01
7.148200000000005616e+01,5.000000000000000000e-01
7.148300000000006094e+01,5.000000000000000000e-01
7.148400000000005150e+01,5.000000000000000000e-01
7.148500000000005627e+01,5.000000000000000000e-01
7.148600000000006105e+01,5.000000000000000000e-01
7.148700000000005161e+01,5.000000000000000000e-01
7.148800000000005639e+01,5.000000000000000000e-01
7.148900000000006116e+01,5.000000000000000000e-01
7.149000000000005173e+01,5.000000000000000000e-01
7.149100000000005650e+01,5.000000000000000000e-01
7.149200000000006128e+01,5.000000000000000000e-01
7.149300000000005184e+01,5.000000000000000000e-01
7.149400000000005662e+01,5.000000000000000000e-01
7.149500000000006139e+01,5.000000000000000000e-01
7.149600000000005195e+01,5.000000000000000000e-01
7.149700000000005673e+01,5.000000000000000000e-01
7.149800000000006150e+01,5.000000000000000000e-01
7.149900000000005207e+01,5.000000000000000000e-01
7.150000000000005684e+01,5.000000000000000000e-01
7.150100000000006162e+01,5.000000000000000000e-01
7.150200000000005218e+01,5.000000000000000000e-01
7.150300000000005696e+01,5.000000000000000000e-01
7.150400000000006173e+01,5.000000000000000000e-01
7.150500000000005230e+01,5.000000000000000000e-01
7.150600000000005707e+01,5.000000000000000000e-01
7.150700000000006185e+01,5.000000000000000000e-01
7.150800000000005241e+01,5.000000000000000000e-01
7.150900000000005718e+01,5.000000000000000000e-01
7.151000000000006196e+01,5.000000000000000000e-01
7.151100000000005252e+01,5.000000000000000000e-01
7.151200000000005730e+01,5.000000000000000000e-01
7.151300000000006207e+01,5.000000000000000000e-01
7.151400000000005264e+01,5.000000000000000000e-01
7.151500000000005741e+01,5.000000000000000000e-01
7.151600000000006219e+01,5.000000000000000000e-01
7.151700000000005275e+01,5.000000000000000000e-01
7.151800000000005753e+01,5.000000000000000000e-01
7.151900000000006230e+01,5.000000000000000000e-01
7.152000000000005286e+01,5.000000000000000000e-01
7.152100000000005764e+01,5.000000000000000000e-01
7.152200000000006241e+01,5.000000000000000000e-01
7.152300000000005298e+01,5.000000000000000000e-01
7.152400000000005775e+01,5.000000000000000000e-01
7.152500000000006253e+01,5.000000000000000000e-01
7.152600000000005309e+01,5.000000000000000000e-01
7.152700000000005787e+01,5.000000000000000000e-01
7.152800000000006264e+01,5.000000000000000000e-01
7.152900000000005321e+01,5.000000000000000000e-01
7.153000000000005798e+01,5.000000000000000000e-01
7.153100000000006276e+01,5.000000000000000000e-01
7.153200000000005332e+01,5.000000000000000000e-01
7.153300000000005809e+01,5.000000000000000000e-01
7.153400000000006287e+01,5.000000000000000000e-01
7.153500000000005343e+01,5.000000000000000000e-01
7.153600000000005821e+01,5.000000000000000000e-01
7.153700000000006298e+01,5.000000000000000000e-01
7.153800000000005355e+01,5.000000000000000000e-01
7.153900000000005832e+01,5.000000000000000000e-01
7.154000000000006310e+01,5.000000000000000000e-01
7.154100000000005366e+01,5.000000000000000000e-01
7.154200000000005844e+01,5.000000000000000000e-01
7.154300000000006321e+01,5.000000000000000000e-01
7.154400000000005377e+01,5.000000000000000000e-01
7.154500000000005855e+01,5.000000000000000000e-01
7.154600000000006332e+01,5.000000000000000000e-01
7.154700000000005389e+01,5.000000000000000000e-01
7.154800000000005866e+01,5.000000000000000000e-01
7.154900000000006344e+01,5.000000000000000000e-01
7.155000000000005400e+01,5.000000000000000000e-01
7.155100000000005878e+01,5.000000000000000000e-01
7.155200000000006355e+01,5.000000000000000000e-01
7.155300000000005411e+01,5.000000000000000000e-01
7.155400000000005889e+01,5.000000000000000000e-01
7.155500000000006366e+01,5.000000000000000000e-01
7.155600000000005423e+01,5.000000000000000000e-01
7.155700000000005900e+01,5.000000000000000000e-01
7.155800000000006378e+01,5.000000000000000000e-01
7.155900000000005434e+01,5.000000000000000000e-01
7.156000000000005912e+01,5.000000000000000000e-01
7.156100000000006389e+01,5.000000000000000000e-01
7.156200000000005446e+01,5.000000000000000000e-01
7.156300000000005923e+01,5.000000000000000000e-01
7.156400000000006401e+01,5.000000000000000000e-01
7.156500000000005457e+01,5.000000000000000000e-01
7.156600000000005934e+01,5.000000000000000000e-01
7.156700000000006412e+01,5.000000000000000000e-01
7.156800000000005468e+01,5.000000000000000000e-01
7.156900000000005946e+01,5.000000000000000000e-01
7.157000000000006423e+01,5.000000000000000000e-01
7.157100000000005480e+01,5.000000000000000000e-01
7.157200000000005957e+01,5.000000000000000000e-01
7.157300000000006435e+01,5.000000000000000000e-01
7.157400000000005491e+01,5.000000000000000000e-01
7.157500000000005969e+01,5.000000000000000000e-01
7.157600000000006446e+01,5.000000000000000000e-01
7.157700000000005502e+01,5.000000000000000000e-01
7.157800000000005980e+01,5.000000000000000000e-01
7.157900000000006457e+01,5.000000000000000000e-01
7.158000000000005514e+01,5.000000000000000000e-01
7.158100000000005991e+01,5.000000000000000000e-01
7.158200000000006469e+01,5.000000000000000000e-01
7.158300000000005525e+01,5.000000000000000000e-01
7.158400000000006003e+01,5.000000000000000000e-01
7.158500000000006480e+01,5.000000000000000000e-01
7.158600000000005537e+01,5.000000000000000000e-01
7.158700000000006014e+01,5.000000000000000000e-01
7.158800000000006492e+01,5.000000000000000000e-01
7.158900000000005548e+01,5.000000000000000000e-01
7.159000000000006025e+01,5.000000000000000000e-01
7.159100000000006503e+01,5.000000000000000000e-01
7.159200000000005559e+01,5.000000000000000000e-01
7.159300000000006037e+01,5.000000000000000000e-01
7.159400000000006514e+01,5.000000000000000000e-01
7.159500000000005571e+01,5.000000000000000000e-01
7.159600000000006048e+01,5.000000000000000000e-01
7.159700000000006526e+01,5.000000000000000000e-01
7.159800000000005582e+01,5.000000000000000000e-01
7.159900000000006060e+01,5.000000000000000000e-01
7.160000000000005116e+01,5.000000000000000000e-01
7.160100000000005593e+01,5.000000000000000000e-01
7.160200000000006071e+01,5.000000000000000000e-01
7.160300000000005127e+01,5.000000000000000000e-01
7.160400000000005605e+01,5.000000000000000000e-01
7.160500000000006082e+01,5.000000000000000000e-01
7.160600000000005139e+01,5.000000000000000000e-01
7.160700000000005616e+01,5.000000000000000000e-01
7.160800000000006094e+01,5.000000000000000000e-01
7.160900000000005150e+01,5.000000000000000000e-01
7.161000000000005627e+01,5.000000000000000000e-01
7.161100000000006105e+01,5.000000000000000000e-01
7.161200000000005161e+01,5.000000000000000000e-01
7.161300000000005639e+01,5.000000000000000000e-01
7.161400000000006116e+01,5.000000000000000000e-01
7.161500000000005173e+01,5.000000000000000000e-01
7.161600000000005650e+01,5.000000000000000000e-01
7.161700000000006128e+01,5.000000000000000000e-01
7.161800000000005184e+01,5.000000000000000000e-01
7.161900000000005662e+01,5.000000000000000000e-01
7.162000000000006139e+01,5.000000000000000000e-01
7.162100000000005195e+01,5.000000000000000000e-01
7.162200000000005673e+01,5.000000000000000000e-01
7.162300000000006150e+01,5.000000000000000000e-01
7.162400000000005207e+01,5.000000000000000000e-01
7.162500000000005684e+01,5.000000000000000000e-01
7.162600000000006162e+01,5.000000000000000000e-01
7.162700000000005218e+01,5.000000000000000000e-01
7.162800000000005696e+01,5.000000000000000000e-01
7.162900000000006173e+01,5.000000000000000000e-01
7.163000000000005230e+01,5.000000000000000000e-01
7.163100000000005707e+01,5.000000000000000000e-01
7.163200000000006185e+01,5.000000000000000000e-01
7.163300000000005241e+01,5.000000000000000000e-01
7.163400000000005718e+01,5.000000000000000000e-01
7.163500000000006196e+01,5.000000000000000000e-01
7.163600000000005252e+01,5.000000000000000000e-01
7.163700000000005730e+01,5.000000000000000000e-01
7.163800000000006207e+01,5.000000000000000000e-01
7.163900000000005264e+01,5.000000000000000000e-01
7.164000000000005741e+01,5.000000000000000000e-01
7.164100000000006219e+01,5.000000000000000000e-01
7.164200000000005275e+01,5.000000000000000000e-01
7.164300000000005753e+01,5.000000000000000000e-01
7.164400000000006230e+01,5.000000000000000000e-01
7.164500000000005286e+01,5.000000000000000000e-01
7.164600000000005764e+01,5.000000000000000000e-01
7.164700000000006241e+01,5.000000000000000000e-01
7.164800000000005298e+01,5.000000000000000000e-01
7.164900000000005775e+01,5.000000000000000000e-01
7.165000000000006253e+01,5.000000000000000000e-01
7.165100000000005309e+01,5.000000000000000000e-01
7.165200000000005787e+01,5.000000000000000000e-01
7.165300000000006264e+01,5.000000000000000000e-01
7.165400000000005321e+01,5.000000000000000000e-01
7.165500000000005798e+01,5.000000000000000000e-01
7.165600000000006276e+01,5.000000000000000000e-01
7.165700000000005332e+01,5.000000000000000000e-01
7.165800000000005809e+01,5.000000000000000000e-01
7.165900000000006287e+01,5.000000000000000000e-01
7.166000000000005343e+01,5.000000000000000000e-01
7.166100000000005821e+01,5.000000000000000000e-01
7.166200000000006298e+01,5.000000000000000000e-01
7.166300000000005355e+01,5.000000000000000000e-01
7.166400000000005832e+01,5.000000000000000000e-01
7.166500000000006310e+01,5.000000000000000000e-01
7.166600000000005366e+01,5.000000000000000000e-01
7.166700000000005844e+01,5.000000000000000000e-01
7.166800000000006321e+01,5.000000000000000000e-01
7.166900000000005377e+01,5.000000000000000000e-01
7.167000000000005855e+01,5.000000000000000000e-01
7.167100000000006332e+01,5.000000000000000000e-01
7.167200000000005389e+01,5.000000000000000000e-01
7.167300000000005866e+01,5.000000000000000000e-01
7.167400000000006344e+01,5.000000000000000000e-01
7.167500000000005400e+01,5.000000000000000000e-01
7.167600000000005878e+01,5.000000000000000000e-01
7.167700000000006355e+01,5.000000000000000000e-01
7.167800000000005411e+01,5.000000000000000000e-01
7.167900000000005889e+01,5.000000000000000000e-01
7.168000000000006366e+01,5.000000000000000000e-01
7.168100000000005423e+01,5.000000000000000000e-01
7.168200000000005900e+01,5.000000000000000000e-01
7.168300000000006378e+01,5.000000000000000000e-01
7.168400000000005434e+01,5.000000000000000000e-01
7.168500000000005912e+01,5.000000000000000000e-01
7.168600000000006389e+01,5.000000000000000000e-01
7.168700000000005446e+01,5.000000000000000000e-01
7.168800000000005923e+01,5.000000000000000000e-01
7.168900000000006401e+01,5.000000000000000000e-01
7.169000000000005457e+01,5.000000000000000000e-01
7.169100000000005934e+01,5.000000000000000000e-01
7.169200000000006412e+01,5.000000000000000000e-01
7.169300000000005468e+01,5.000000000000000000e-01
7.169400000000005946e+01,5.000000000000000000e-01
7.169500000000006423e+01,5.000000000000000000e-01
7.169600000000005480e+01,5.000000000000000000e-01
7.169700000000005957e+01,5.000000000000000000e-01
7.169800000000006435e+01,5.000000000000000000e-01
7.169900000000005491e+01,5.000000000000000000e-01
7.170000000000005969e+01,5.000000000000000000e-01
7.170100000000006446e+01,5.000000000000000000e-01
7.170200000000005502e+01,5.000000000000000000e-01
7.170300000000005980e+01,5.000000000000000000e-01
7.170400000000006457e+01,5.000000000000000000e-01
7.170500000000005514e+01,5.000000000000000000e-01
7.170600000000005991e+01,5.000000000000000000e-01
7.170700000000006469e+01,5.000000000000000000e-01
7.170800000000005525e+01,5.000000000000000000e-01
7.170900000000006003e+01,5.000000000000000000e-01
7.171000000000006480e+01,5.000000000000000000e-01
7.171100000000005537e+01,5.000000000000000000e-01
7.171200000000006014e+01,5.000000000000000000e-01
7.171300000000006492e+01,5.000000000000000000e-01
7.171400000000005548e+01,5.000000000000000000e-01
7.171500000000006025e+01,5.000000000000000000e-01
7.171600000000006503e+01,5.000000000000000000e-01
7.171700000000005559e+01,5.000000000000000000e-01
7.171800000000006037e+01,5.000000000000000000e-01
7.171900000000006514e+01,5.000000000000000000e-01
7.172000000000005571e+01,5.000000000000000000e-01
7.172100000000006048e+01,5.000000000000000000e-01
7.172200000000006526e+01,5.000000000000000000e-01
7.172300000000005582e+01,5.000000000000000000e-01
7.172400000000006060e+01,5.000000000000000000e-01
7.172500000000005116e+01,5.000000000000000000e-01
7.172600000000005593e+01,5.000000000000000000e-01
7.172700000000006071e+01,5.000000000000000000e-01
7.172800000000005127e+01,5.000000000000000000e-01
7.172900000000005605e+01,5.000000000000000000e-01
7.173000000000006082e+01,5.000000000000000000e-01
7.173100000000005139e+01,5.000000000000000000e-01
7.173200000000005616e+01,5.000000000000000000e-01
7.173300000000006094e+01,5.000000000000000000e-01
7.173400000000005150e+01,5.000000000000000000e-01
7.173500000000005627e+01,5.000000000000000000e-01
7.173600000000006105e+01,5.000000000000000000e-01
7.173700000000005161e+01,5.000000000000000000e-01
7.173800000000005639e+01,5.000000000000000000e-01
7.173900000000006116e+01,5.000000000000000000e-01
7.174000000000005173e+01,5.000000000000000000e-01
7.174100000000005650e+01,5.000000000000000000e-01
7.174200000000006128e+01,5.000000000000000000e-01
7.174300000000005184e+01,5.000000000000000000e-01
7.174400000000005662e+01,5.000000000000000000e-01
7.174500000000006139e+01,5.000000000000000000e-01
7.174600000000005195e+01,5.000000000000000000e-01
7.174700000000005673e+01,5.000000000000000000e-01
7.174800000000006150e+01,5.000000000000000000e-01
7.174900000000005207e+01,5.000000000000000000e-01
7.175000000000005684e+01,5.000000000000000000e-01
7.175100000000006162e+01,5.000000000000000000e-01
7.175200000000005218e+01,5.000000000000000000e-01
7.175300000000005696e+01,5.000000000000000000e-01
7.175400000000006173e+01,5.000000000000000000e-01
7.175500000000005230e+01,5.000000000000000000e-01
7.175600000000005707e+01,5.000000000000000000e-01
7.175700000000006185e+01,5.000000000000000000e-01
7.175800000000005241e+01,5.000000000000000000e-01
7.175900000000005718e+01,5.000000000000000000e-01
7.176000000000006196e+01,5.000000000000000000e-01
7.176100000000005252e+01,5.000000000000000000e-01
7.176200000000005730e+01,5.000000000000000000e-01
7.176300000000006207e+01,5.000000000000000000e-01
7.176400000000005264e+01,5.000000000000000000e-01
7.176500000000005741e+01,5.000000000000000000e-01
7.176600000000006219e+01,5.000000000000000000e-01
7.176700000000005275e+01,5.000000000000000000e-01
7.176800000000005753e+01,5.000000000000000000e-01
7.176900000000006230e+01,5.000000000000000000e-01
7.177000000000005286e+01,5.000000000000000000e-01
7.177100000000005764e+01,5.000000000000000000e-01
7.177200000000006241e+01,5.000000000000000000e-01
7.177300000000005298e+01,5.000000000000000000e-01
7.177400000000005775e+01,5.000000000000000000e-01
7.177500000000006253e+01,5.000000000000000000e-01
7.177600000000005309e+01,5.000000000000000000e-01
7.177700000000005787e+01,5.000000000000000000e-01
7.177800000000006264e+01,5.000000000000000000e-01
7.177900000000005321e+01,5.000000000000000000e-01
7.178000000000005798e+01,5.000000000000000000e-01
7.178100000000006276e+01,5.000000000000000000e-01
7.178200000000005332e+01,5.000000000000000000e-01
7.178300000000005809e+01,5.000000000000000000e-01
7.178400000000006287e+01,5.000000000000000000e-01
7.178500000000005343e+01,5.000000000000000000e-01
7.178600000000005821e+01,5.000000000000000000e-01
7.178700000000006298e+01,5.000000000000000000e-01
7.178800000000005355e+01,5.000000000000000000e-01
7.178900000000005832e+01,5.000000000000000000e-01
7.179000000000006310e+01,5.000000000000000000e-01
7.179100000000005366e+01,5.000000000000000000e-01
7.179200000000005844e+01,5.000000000000000000e-01
7.179300000000006321e+01,5.000000000000000000e-01
7.179400000000005377e+01,5.000000000000000000e-01
7.179500000000005855e+01,5.000000000000000000e-01
7.179600000000006332e+01,5.000000000000000000e-01
7.179700000000005389e+01,5.000000000000000000e-01
7.179800000000005866e+01,5.000000000000000000e-01
7.179900000000006344e+01,5.000000000000000000e-01
7.180000000000005400e+01,5.000000000000000000e-01
7.180100000000005878e+01,5.000000000000000000e-01
7.180200000000006355e+01,5.000000000000000000e-01
7.180300000000005411e+01,5.000000000000000000e-01
7.180400000000005889e+01,5.000000000000000000e-01
7.180500000000006366e+01,5.000000000000000000e-01
7.180600000000005423e+01,5.000000000000000000e-01
7.180700000000005900e+01,5.000000000000000000e-01
7.180800000000006378e+01,5.000000000000000000e-01
7.180900000000005434e+01,5.000000000000000000e-01
7.181000000000005912e+01,5.000000000000000000e-01
7.181100000000006389e+01,5.000000000000000000e-01
7.181200000000005446e+01,5.000000000000000000e-01
7.181300000000005923e+01,5.000000000000000000e-01
7.181400000000006401e+01,5.000000000000000000e-01
7.181500000000005457e+01,5.000000000000000000e-01
7.181600000000005934e+01,5.000000000000000000e-01
7.181700000000006412e+01,5.000000000000000000e-01
7.181800000000005468e+01,5.000000000000000000e-01
7.181900000000005946e+01,5.000000000000000000e-01
7.182000000000006423e+01,5.000000000000000000e-01
7.182100000000005480e+01,5.000000000000000000e-01
7.182200000000005957e+01,5.000000000000000000e-01
7.182300000000006435e+01,5.000000000000000000e-01
7.182400000000005491e+01,5.000000000000000000e-01
7.182500000000005969e+01,5.000000000000000000e-01
7.182600000000006446e+01,5.000000000000000000e-01
7.182700000000005502e+01,5.000000000000000000e-01
7.182800000000005980e+01,5.000000000000000000e-01
7.182900000000006457e+01,5.000000000000000000e-01
7.183000000000005514e+01,5.000000000000000000e-01
7.183100000000005991e+01,5.000000000000000000e-01
7.183200000000006469e+01,5.000000000000000000e-01
7.183300000000005525e+01,5.000000000000000000e-01
7.183400000000006003e+01,5.000000000000000000e-01
7.183500000000006480e+01,5.000000000000000000e-01
7.183600000000005537e+01,5.000000000000000000e-01
7.183700000000006014e+01,5.000000000000000000e-01
7.183800000000006492e+01,5.000000000000000000e-01
7.183900000000005548e+01,5.000000000000000000e-01
7.184000000000006025e+01,5.000000000000000000e-01
7.184100000000006503e+01,5.000000000000000000e-01
7.184200000000005559e+01,5.000000000000000000e-01
7.184300000000006037e+01,5.000000000000000000e-01
7.184400000000006514e+01,5.000000000000000000e-01
7.184500000000005571e+01,5.000000000000000000e-01
7.184600000000006048e+01,5.000000000000000000e-01
7.184700000000006526e+01,5.000000000000000000e-01
7.184800000000005582e+01,5.000000000000000000e-01
7.184900000000006060e+01,5.000000000000000000e-01
7.185000000000006537e+01,5.000000000000000000e-01
7.185100000000005593e+01,5.000000000000000000e-01
7.185200000000006071e+01,5.000000000000000000e-01
7.185300000000006548e+01,5.000000000000000000e-01
7.185400000000005605e+01,5.000000000000000000e-01
7.185500000000006082e+01,5.000000000000000000e-01
7.185600000000005139e+01,5.000000000000000000e-01
7.185700000000005616e+01,5.000000000000000000e-01
7.185800000000006094e+01,5.000000000000000000e-01
7.185900000000005150e+01,5.000000000000000000e-01
7.186000000000005627e+01,5.000000000000000000e-01
7.186100000000006105e+01,5.000000000000000000e-01
7.186200000000005161e+01,5.000000000000000000e-01
7.186300000000005639e+01,5.000000000000000000e-01
7.186400000000006116e+01,5.000000000000000000e-01
7.186500000000005173e+01,5.000000000000000000e-01
7.186600000000005650e+01,5.000000000000000000e-01
7.186700000000006128e+01,5.000000000000000000e-01
7.186800000000005184e+01,5.000000000000000000e-01
7.186900000000005662e+01,5.000000000000000000e-01
7.187000000000006139e+01,5.000000000000000000e-01
7.187100000000005195e+01,5.000000000000000000e-01
7.187200000000005673e+01,5.000000000000000000e-01
7.187300000000006150e+01,5.000000000000000000e-01
7.187400000000005207e+01,5.000000000000000000e-01
7.187500000000005684e+01,5.000000000000000000e-01
7.187600000000006162e+01,5.000000000000000000e-01
7.187700000000005218e+01,5.000000000000000000e-01
7.187800000000005696e+01,5.000000000000000000e-01
7.187900000000006173e+01,5.000000000000000000e-01
7.188000000000005230e+01,5.000000000000000000e-01
7.188100000000005707e+01,5.000000000000000000e-01
7.188200000000006185e+01,5.000000000000000000e-01
7.188300000000005241e+01,5.000000000000000000e-01
7.188400000000005718e+01,5.000000000000000000e-01
7.188500000000006196e+01,5.000000000000000000e-01
7.188600000000005252e+01,5.000000000000000000e-01
7.188700000000005730e+01,5.000000000000000000e-01
7.188800000000006207e+01,5.000000000000000000e-01
7.188900000000005264e+01,5.000000000000000000e-01
7.189000000000005741e+01,5.000000000000000000e-01
7.189100000000006219e+01,5.000000000000000000e-01
7.189200000000005275e+01,5.000000000000000000e-01
7.189300000000005753e+01,5.000000000000000000e-01
7.189400000000006230e+01,5.000000000000000000e-01
7.189500000000005286e+01,5.000000000000000000e-01
7.189600000000005764e+01,5.000000000000000000e-01
7.189700000000006241e+01,5.000000000000000000e-01
7.189800000000005298e+01,5.000000000000000000e-01
7.189900000000005775e+01,5.000000000000000000e-01
7.190000000000006253e+01,5.000000000000000000e-01
7.190100000000005309e+01,5.000000000000000000e-01
7.190200000000005787e+01,5.000000000000000000e-01
7.190300000000006264e+01,5.000000000000000000e-01
7.190400000000005321e+01,5.000000000000000000e-01
7.190500000000005798e+01,5.000000000000000000e-01
7.190600000000006276e+01,5.000000000000000000e-01
7.190700000000005332e+01,5.000000000000000000e-01
7.190800000000005809e+01,5.000000000000000000e-01
7.190900000000006287e+01,5.000000000000000000e-01
7.191000000000005343e+01,5.000000000000000000e-01
7.191100000000005821e+01,5.000000000000000000e-01
7.191200000000006298e+01,5.000000000000000000e-01
7.191300000000005355e+01,5.000000000000000000e-01
7.191400000000005832e+01,5.000000000000000000e-01
7.191500000000006310e+01,5.000000000000000000e-01
7.191600000000005366e+01,5.000000000000000000e-01
7.191700000000005844e+01,5.000000000000000000e-01
7.191800000000006321e+01,5.000000000000000000e-01
7.191900000000005377e+01,5.000000000000000000e-01
7.192000000000005855e+01,5.000000000000000000e-01
7.192100000000006332e+01,5.000000000000000000e-01
7.192200000000005389e+01,5.000000000000000000e-01
7.192300000000005866e+01,5.000000000000000000e-01
7.192400000000006344e+01,5.000000000000000000e-01
7.192500000000005400e+01,5.000000000000000000e-01
7.192600000000005878e+01,5.000000000000000000e-01
7.192700000000006355e+01,5.000000000000000000e-01
7.192800000000005411e+01,5.000000000000000000e-01
7.192900000000005889e+01,5.000000000000000000e-01
7.193000000000006366e+01,5.000000000000000000e-01
7.193100000000005423e+01,5.000000000000000000e-01
7.193200000000005900e+01,5.000000000000000000e-01
7.193300000000006378e+01,5.000000000000000000e-01
7.193400000000005434e+01,5.000000000000000000e-01
7.193500000000005912e+01,5.000000000000000000e-01
7.193600000000006389e+01,5.000000000000000000e-01
7.193700000000005446e+01,5.000000000000000000e-01
7.193800000000005923e+01,5.000000000000000000e-01
7.193900000000006401e+01,5.000000000000000000e-01
7.194000000000005457e+01,5.000000000000000000e-01
7.194100000000005934e+01,5.000000000000000000e-01
7.194200000000006412e+01,5.000000000000000000e-01
7.194300000000005468e+01,5.000000000000000000e-01
7.194400000000005946e+01,5.000000000000000000e-01
7.194500000000006423e+01,5.000000000000000000e-01
7.194600000000005480e+01,5.000000000000000000e-01
7.194700000000005957e+01,5.000000000000000000e-01
7.194800000000006435e+01,5.000000000000000000e-01
7.194900000000005491e+01,5.000000000000000000e-01
7.195000000000005969e+01,5.000000000000000000e-01
7.195100000000006446e+01,5.000000000000000000e-01
7.195200000000005502e+01,5.000000000000000000e-01
7.195300000000005980e+01,5.000000000000000000e-01
7.195400000000006457e+01,5.000000000000000000e-01
7.195500000000005514e+01,5.000000000000000000e-01
7.195600000000005991e+01,5.000000000000000000e-01
7.195700000000006469e+01,5.000000000000000000e-01
7.195800000000005525e+01,5.000000000000000000e-01
7.195900000000006003e+01,5.000000000000000000e-01
7.196000000000006480e+01,5.000000000000000000e-01
7.196100000000005537e+01,5.000000000000000000e-01
7.196200000000006014e+01,5.000000000000000000e-01
7.196300000000006492e+01,5.000000000000000000e-01
7.196400000000005548e+01,5.000000000000000000e-01
7.196500000000006025e+01,5.000000000000000000e-01
7.196600000000006503e+01,5.000000000000000000e-01
7.196700000000005559e+01,5.000000000000000000e-01
7.196800000000006037e+01,5.000000000000000000e-01
7.196900000000006514e+01,5.000000000000000000e-01
7.197000000000005571e+01,5.000000000000000000e-01
7.197100000000006048e+01,5.000000000000000000e-01
7.197200000000006526e+01,5.000000000000000000e-01
7.197300000000005582e+01,5.000000000000000000e-01
7.197400000000006060e+01,5.000000000000000000e-01
7.197500000000006537e+01,5.000000000000000000e-01
7.197600000000005593e+01,5.000000000000000000e-01
7.197700000000006071e+01,5.000000000000000000e-01
7.197800000000006548e+01,5.000000000000000000e-01
7.197900000000005605e+01,5.000000000000000000e-01
7.198000000000006082e+01,5.000000000000000000e-01
7.198100000000005139e+01,5.000000000000000000e-01
7.198200000000005616e+01,5.000000000000000000e-01
7.198300000000006094e+01,5.000000000000000000e-01
7.198400000000005150e+01,5.000000000000000000e-01
7.198500000000005627e+01,5.000000000000000000e-01
7.198600000000006105e+01,5.000000000000000000e-01
7.198700000000005161e+01,5.000000000000000000e-01
7.198800000000005639e+01,5.000000000000000000e-01
7.198900000000006116e+01,5.000000000000000000e-01
7.199000000000005173e+01,5.000000000000000000e-01
7.199100000000005650e+01,5.000000000000000000e-01
7.199200000000006128e+01,5.000000000000000000e-01
7.199300000000005184e+01,5.000000000000000000e-01
7.199400000000005662e+01,5.000000000000000000e-01
7.199500000000006139e+01,5.000000000000000000e-01
7.199600000000005195e+01,5.000000000000000000e-01
7.199700000000005673e+01,5.000000000000000000e-01
7.199800000000006150e+01,5.000000000000000000e-01
7.199900000000005207e+01,5.000000000000000000e-01
7.200000000000005684e+01,5.000000000000000000e-01
7.200100000000006162e+01,5.000000000000000000e-01
7.200200000000005218e+01,5.000000000000000000e-01
7.200300000000005696e+01,5.000000000000000000e-01
7.200400000000006173e+01,5.000000000000000000e-01
7.200500000000005230e+01,5.000000000000000000e-01
7.200600000000005707e+01,5.000000000000000000e-01
7.200700000000006185e+01,5.000000000000000000e-01
7.200800000000005241e+01,5.000000000000000000e-01
7.200900000000005718e+01,5.000000000000000000e-01
7.201000000000006196e+01,5.000000000000000000e-01
7.201100000000005252e+01,5.000000000000000000e-01
7.201200000000005730e+01,5.000000000000000000e-01
7.201300000000006207e+01,5.000000000000000000e-01
7.201400000000005264e+01,5.000000000000000000e-01
7.201500000000005741e+01,5.000000000000000000e-01
7.201600000000006219e+01,5.000000000000000000e-01
7.201700000000005275e+01,5.000000000000000000e-01
7.201800000000005753e+01,5.000000000000000000e-01
7.201900000000006230e+01,5.000000000000000000e-01
7.202000000000005286e+01,5.000000000000000000e-01
7.202100000000005764e+01,5.000000000000000000e-01
7.202200000000006241e+01,5.000000000000000000e-01
7.202300000000005298e+01,5.000000000000000000e-01
7.202400000000005775e+01,5.000000000000000000e-01
7.202500000000006253e+01,5.000000000000000000e-01
7.202600000000005309e+01,5.000000000000000000e-01
7.202700000000005787e+01,5.000000000000000000e-01
7.202800000000006264e+01,5.000000000000000000e-01
7.202900000000005321e+01,5.000000000000000000e-01
7.203000000000005798e+01,5.000000000000000000e-01
7.203100000000006276e+01,5.000000000000000000e-01
7.203200000000005332e+01,5.000000000000000000e-01
7.203300000000005809e+01,5.000000000000000000e-01
7.203400000000006287e+01,5.000000000000000000e-01
7.203500000000005343e+01,5.000000000000000000e-01
7.203600000000005821e+01,5.000000000000000000e-01
7.203700000000006298e+01,5.000000000000000000e-01
7.203800000000005355e+01,5.000000000000000000e-01
7.203900000000005832e+01,5.000000000000000000e-01
7.204000000000006310e+01,5.000000000000000000e-01
7.204100000000005366e+01,5.000000000000000000e-01
7.204200000000005844e+01,5.000000000000000000e-01
7.204300000000006321e+01,5.000000000000000000e-01
7.204400000000005377e+01,5.000000000000000000e-01
7.204500000000005855e+01,5.000000000000000000e-01
7.204600000000006332e+01,5.000000000000000000e-01
7.204700000000005389e+01,5.000000000000000000e-01
7.204800000000005866e+01,5.000000000000000000e-01
7.204900000000006344e+01,5.000000000000000000e-01
7.205000000000005400e+01,5.000000000000000000e-01
7.205100000000005878e+01,5.000000000000000000e-01
7.205200000000006355e+01,5.000000000000000000e-01
7.205300000000005411e+01,5.000000000000000000e-01
7.205400000000005889e+01,5.000000000000000000e-01
7.205500000000006366e+01,5.000000000000000000e-01
7.205600000000005423e+01,5.000000000000000000e-01
7.205700000000005900e+01,5.000000000000000000e-01
7.205800000000006378e+01,5.000000000000000000e-01
7.205900000000005434e+01,5.000000000000000000e-01
7.206000000000005912e+01,5.000000000000000000e-01
7.206100000000006389e+01,5.000000000000000000e-01
7.206200000000005446e+01,5.000000000000000000e-01
7.206300000000005923e+01,5.000000000000000000e-01
7.206400000000006401e+01,5.000000000000000000e-01
7.206500000000005457e+01,5.000000000000000000e-01
7.206600000000005934e+01,5.000000000000000000e-01
7.206700000000006412e+01,5.000000000000000000e-01
7.206800000000005468e+01,5.000000000000000000e-01
7.206900000000005946e+01,5.000000000000000000e-01
7.207000000000006423e+01,5.000000000000000000e-01
7.207100000000005480e+01,5.000000000000000000e-01
7.207200000000005957e+01,5.000000000000000000e-01
7.207300000000006435e+01,5.000000000000000000e-01
7.207400000000005491e+01,5.000000000000000000e-01
7.207500000000005969e+01,5.000000000000000000e-01
7.207600000000006446e+01,5.000000000000000000e-01
7.207700000000005502e+01,5.000000000000000000e-01
7.207800000000005980e+01,5.000000000000000000e-01
7.207900000000006457e+01,5.000000000000000000e-01
7.208000000000005514e+01,5.000000000000000000e-01
7.208100000000005991e+01,5.000000000000000000e-01
7.208200000000006469e+01,5.000000000000000000e-01
7.208300000000005525e+01,5.000000000000000000e-01
7.208400000000006003e+01,5.000000000000000000e-01
7.208500000000006480e+01,5.000000000000000000e-01
7.208600000000005537e+01,5.000000000000000000e-01
7.208700000000006014e+01,5.000000000000000000e-01
7.208800000000006492e+01,5.000000000000000000e-01
7.208900000000005548e+01,5.000000000000000000e-01
7.209000000000006025e+01,5.000000000000000000e-01
7.209100000000006503e+01,5.000000000000000000e-01
7.209200000000005559e+01,5.000000000000000000e-01
7.209300000000006037e+01,5.000000000000000000e-01
7.209400000000006514e+01,5.000000000000000000e-01
7.209500000000005571e+01,5.000000000000000000e-01
7.209600000000006048e+01,5.000000000000000000e-01
7.209700000000006526e+01,5.000000000000000000e-01
7.209800000000005582e+01,5.000000000000000000e-01
7.209900000000006060e+01,5.000000000000000000e-01
7.210000000000006537e+01,5.000000000000000000e-01
7.210100000000005593e+01,5.000000000000000000e-01
7.210200000000006071e+01,5.000000000000000000e-01
7.210300000000006548e+01,5.000000000000000000e-01
7.210400000000005605e+01,5.000000000000000000e-01
7.210500000000006082e+01,5.000000000000000000e-01
7.210600000000006560e+01,5.000000000000000000e-01
7.210700000000005616e+01,5.000000000000000000e-01
7.210800000000006094e+01,5.000000000000000000e-01
7.210900000000006571e+01,5.000000000000000000e-01
7.211000000000005627e+01,5.000000000000000000e-01
7.211100000000006105e+01,5.000000000000000000e-01
7.211200000000005161e+01,5.000000000000000000e-01
7.211300000000005639e+01,5.000000000000000000e-01
7.211400000000006116e+01,5.000000000000000000e-01
7.211500000000005173e+01,5.000000000000000000e-01
7.211600000000005650e+01,5.000000000000000000e-01
7.211700000000006128e+01,5.000000000000000000e-01
7.211800000000005184e+01,5.000000000000000000e-01
7.211900000000005662e+01,5.000000000000000000e-01
7.212000000000006139e+01,5.000000000000000000e-01
7.212100000000005195e+01,5.000000000000000000e-01
7.212200000000005673e+01,5.000000000000000000e-01
7.212300000000006150e+01,5.000000000000000000e-01
7.212400000000005207e+01,5.000000000000000000e-01
7.212500000000005684e+01,5.000000000000000000e-01
7.212600000000006162e+01,5.000000000000000000e-01
7.212700000000005218e+01,5.000000000000000000e-01
7.212800000000005696e+01,5.000000000000000000e-01
7.212900000000006173e+01,5.000000000000000000e-01
7.213000000000005230e+01,5.000000000000000000e-01
7.213100000000005707e+01,5.000000000000000000e-01
7.213200000000006185e+01,5.000000000000000000e-01
7.213300000000005241e+01,5.000000000000000000e-01
7.213400000000005718e+01,5.000000000000000000e-01
7.213500000000006196e+01,5.000000000000000000e-01
7.213600000000005252e+01,5.000000000000000000e-01
7.213700000000005730e+01,5.000000000000000000e-01
7.213800000000006207e+01,5.000000000000000000e-01
7.213900000000005264e+01,5.000000000000000000e-01
7.214000000000005741e+01,5.000000000000000000e-01
7.214100000000006219e+01,5.000000000000000000e-01
7.214200000000005275e+01,5.000000000000000000e-01
7.214300000000005753e+01,5.000000000000000000e-01
7.214400000000006230e+01,5.000000000000000000e-01
7.214500000000005286e+01,5.000000000000000000e-01
7.214600000000005764e+01,5.000000000000000000e-01
7.214700000000006241e+01,5.000000000000000000e-01
7.214800000000005298e+01,5.000000000000000000e-01
7.214900000000005775e+01,5.000000000000000000e-01
7.215000000000006253e+01,5.000000000000000000e-01
7.215100000000005309e+01,5.000000000000000000e-01
7.215200000000005787e+01,5.000000000000000000e-01
7.215300000000006264e+01,5.000000000000000000e-01
7.215400000000005321e+01,5.000000000000000000e-01
7.215500000000005798e+01,5.000000000000000000e-01
7.215600000000006276e+01,5.000000000000000000e-01
7.215700000000005332e+01,5.000000000000000000e-01
7.215800000000005809e+01,5.000000000000000000e-01
7.215900000000006287e+01,5.000000000000000000e-01
7.216000000000005343e+01,5.000000000000000000e-01
7.216100000000005821e+01,5.000000000000000000e-01
7.216200000000006298e+01,5.000000000000000000e-01
7.216300000000005355e+01,5.000000000000000000e-01
7.216400000000005832e+01,5.000000000000000000e-01
7.216500000000006310e+01,5.000000000000000000e-01
7.216600000000005366e+01,5.000000000000000000e-01
7.216700000000005844e+01,5.000000000000000000e-01
7.216800000000006321e+01,5.000000000000000000e-01
7.216900000000005377e+01,5.000000000000000000e-01
7.217000000000005855e+01,5.000000000000000000e-01
7.217100000000006332e+01,5.000000000000000000e-01
7.217200000000005389e+01,5.000000000000000000e-01
7.217300000000005866e+01,5.000000000000000000e-01
7.217400000000006344e+01,5.000000000000000000e-01
7.217500000000005400e+01,5.000000000000000000e-01
7.217600000000005878e+01,5.000000000000000000e-01
7.217700000000006355e+01,5.000000000000000000e-01
7.217800000000005411e+01,5.000000000000000000e-01
7.217900000000005889e+01,5.000000000000000000e-01
7.218000000000006366e+01,5.000000000000000000e-01
7.218100000000005423e+01,5.000000000000000000e-01
7.218200000000005900e+01,5.000000000000000000e-01
7.218300000000006378e+01,5.000000000000000000e-01
7.218400000000005434e+01,5.000000000000000000e-01
7.218500000000005912e+01,5.000000000000000000e-01
7.218600000000006389e+01,5.000000000000000000e-01
7.218700000000005446e+01,5.000000000000000000e-01
7.218800000000005923e+01,5.000000000000000000e-01
7.218900000000006401e+01,5.000000000000000000e-01
7.219000000000005457e+01,5.000000000000000000e-01
7.219100000000005934e+01,5.000000000000000000e-01
7.219200000000006412e+01,5.000000000000000000e-01
7.219300000000005468e+01,5.000000000000000000e-01
7.219400000000005946e+01,5.000000000000000000e-01
7.219500000000006423e+01,5.000000000000000000e-01
7.219600000000005480e+01,5.000000000000000000e-01
7.219700000000005957e+01,5.000000000000000000e-01
7.219800000000006435e+01,5.000000000000000000e-01
7.219900000000005491e+01,5.000000000000000000e-01
7.220000000000005969e+01,5.000000000000000000e-01
7.220100000000006446e+01,5.000000000000000000e-01
7.220200000000005502e+01,5.000000000000000000e-01
7.220300000000005980e+01,5.000000000000000000e-01
7.220400000000006457e+01,5.000000000000000000e-01
7.220500000000005514e+01,5.000000000000000000e-01
7.220600000000005991e+01,5.000000000000000000e-01
7.220700000000006469e+01,5.000000000000000000e-01
7.220800000000005525e+01,5.000000000000000000e-01
7.220900000000006003e+01,5.000000000000000000e-01
7.221000000000006480e+01,5.000000000000000000e-01
7.221100000000005537e+01,5.000000000000000000e-01
7.221200000000006014e+01,5.000000000000000000e-01
7.221300000000006492e+01,5.000000000000000000e-01
7.221400000000005548e+01,5.000000000000000000e-01
7.221500000000006025e+01,5.000000000000000000e-01
7.221600000000006503e+01,5.000000000000000000e-01
7.221700000000005559e+01,5.000000000000000000e-01
7.221800000000006037e+01,5.000000000000000000e-01
7.221900000000006514e+01,5.000000000000000000e-01
7.222000000000005571e+01,5.000000000000000000e-01
7.222100000000006048e+01,5.000000000000000000e-01
7.222200000000006526e+01,5.000000000000000000e-01
7.222300000000005582e+01,5.000000000000000000e-01
7.222400000000006060e+01,5.000000000000000000e-01
7.222500000000006537e+01,5.000000000000000000e-01
7.222600000000005593e+01,5.000000000000000000e-01
7.222700000000006071e+01,5.000000000000000000e-01
7.222800000000006548e+01,5.000000000000000000e-01
7.222900000000005605e+01,5.000000000000000000e-01
7.223000000000006082e+01,5.000000000000000000e-01
7.223100000000006560e+01,5.000000000000000000e-01
7.223200000000005616e+01,5.000000000000000000e-01
7.223300000000006094e+01,5.000000000000000000e-01
7.223400000000006571e+01,5.000000000000000000e-01
7.223500000000005627e+01,5.000000000000000000e-01
7.223600000000006105e+01,5.000000000000000000e-01
7.223700000000005161e+01,5.000000000000000000e-01
7.223800000000005639e+01,5.000000000000000000e-01
7.223900000000006116e+01,5.000000000000000000e-01
7.224000000000005173e+01,5.000000000000000000e-01
7.224100000000005650e+01,5.000000000000000000e-01
7.224200000000006128e+01,5.000000000000000000e-01
7.224300000000005184e+01,5.000000000000000000e-01
7.224400000000005662e+01,5.000000000000000000e-01
7.224500000000006139e+01,5.000000000000000000e-01
7.224600000000005195e+01,5.000000000000000000e-01
7.224700000000005673e+01,5.000000000000000000e-01
7.224800000000006150e+01,5.000000000000000000e-01
7.224900000000005207e+01,5.000000000000000000e-01
7.225000000000005684e+01,5.000000000000000000e-01
7.225100000000006162e+01,5.000000000000000000e-01
7.225200000000005218e+01,5.000000000000000000e-01
7.225300000000005696e+01,5.000000000000000000e-01
7.225400000000006173e+01,5.000000000000000000e-01
7.225500000000005230e+01,5.000000000000000000e-01
7.225600000000005707e+01,5.000000000000000000e-01
7.225700000000006185e+01,5.000000000000000000e-01
7.225800000000005241e+01,5.000000000000000000e-01
7.225900000000005718e+01,5.000000000000000000e-01
7.226000000000006196e+01,5.000000000000000000e-01
7.226100000000005252e+01,5.000000000000000000e-01
7.226200000000005730e+01,5.000000000000000000e-01
7.226300000000006207e+01,5.000000000000000000e-01
7.226400000000005264e+01,5.000000000000000000e-01
7.226500000000005741e+01,5.000000000000000000e-01
7.226600000000006219e+01,5.000000000000000000e-01
7.226700000000005275e+01,5.000000000000000000e-01
7.226800000000005753e+01,5.000000000000000000e-01
7.226900000000006230e+01,5.000000000000000000e-01
7.227000000000005286e+01,5.000000000000000000e-01
7.227100000000005764e+01,5.000000000000000000e-01
7.227200000000006241e+01,5.000000000000000000e-01
7.227300000000005298e+01,5.000000000000000000e-01
7.227400000000005775e+01,5.000000000000000000e-01
7.227500000000006253e+01,5.000000000000000000e-01
7.227600000000005309e+01,5.000000000000000000e-01
7.227700000000005787e+01,5.000000000000000000e-01
7.227800000000006264e+01,5.000000000000000000e-01
7.227900000000005321e+01,5.000000000000000000e-01
7.228000000000005798e+01,5.000000000000000000e-01
7.228100000000006276e+01,5.000000000000000000e-01
7.228200000000005332e+01,5.000000000000000000e-01
7.228300000000005809e+01,5.000000000000000000e-01
7.228400000000006287e+01,5.000000000000000000e-01
7.228500000000005343e+01,5.000000000000000000e-01
7.228600000000005821e+01,5.000000000000000000e-01
7.228700000000006298e+01,5.000000000000000000e-01
7.228800000000005355e+01,5.000000000000000000e-01
7.228900000000005832e+01,5.000000000000000000e-01
7.229000000000006310e+01,5.000000000000000000e-01
7.229100000000005366e+01,5.000000000000000000e-01
7.229200000000005844e+01,5.000000000000000000e-01
7.229300000000006321e+01,5.000000000000000000e-01
7.229400000000005377e+01,5.000000000000000000e-01
7.229500000000005855e+01,5.000000000000000000e-01
7.229600000000006332e+01,5.000000000000000000e-01
7.229700000000005389e+01,5.000000000000000000e-01
7.229800000000005866e+01,5.000000000000000000e-01
7.229900000000006344e+01,5.000000000000000000e-01
7.230000000000005400e+01,5.000000000000000000e-01
7.230100000000005878e+01,5.000000000000000000e-01
7.230200000000006355e+01,5.000000000000000000e-01
7.230300000000005411e+01,5.000000000000000000e-01
7.230400000000005889e+01,5.000000000000000000e-01
7.230500000000006366e+01,5.000000000000000000e-01
7.230600000000005423e+01,5.000000000000000000e-01
7.230700000000005900e+01,5.000000000000000000e-01
7.230800000000006378e+01,5.000000000000000000e-01
7.230900000000005434e+01,5.000000000000000000e-01
7.231000000000005912e+01,5.000000000000000000e-01
7.231100000000006389e+01,5.000000000000000000e-01
7.231200000000005446e+01,5.000000000000000000e-01
7.231300000000005923e+01,5.000000000000000000e-01
7.231400000000006401e+01,5.000000000000000000e-01
7.231500000000005457e+01,5.000000000000000000e-01
7.231600000000005934e+01,5.000000000000000000e-01
7.231700000000006412e+01,5.000000000000000000e-01
7.231800000000005468e+01,5.000000000000000000e-01
7.231900000000005946e+01,5.000000000000000000e-01
7.232000000000006423e+01,5.000000000000000000e-01
7.232100000000005480e+01,5.000000000000000000e-01
7.232200000000005957e+01,5.000000000000000000e-01
7.232300000000006435e+01,5.000000000000000000e-01
7.232400000000005491e+01,5.000000000000000000e-01
7.232500000000005969e+01,5.000000000000000000e-01
7.232600000000006446e+01,5.000000000000000000e-01
7.232700000000005502e+01,5.000000000000000000e-01
7.232800000000005980e+01,5.000000000000000000e-01
7.232900000000006457e+01,5.000000000000000000e-01
7.233000000000005514e+01,5.000000000000000000e-01
7.233100000000005991e+01,5.000000000000000000e-01
7.233200000000006469e+01,5.000000000000000000e-01
7.233300000000005525e+01,5.000000000000000000e-01
7.233400000000006003e+01,5.000000000000000000e-01
7.233500000000006480e+01,5.000000000000000000e-01
7.233600000000005537e+01,5.000000000000000000e-01
7.233700000000006014e+01,5.000000000000000000e-01
7.233800000000006492e+01,5.000000000000000000e-01
7.233900000000005548e+01,5.000000000000000000e-01
7.234000000000006025e+01,5.000000000000000000e-01
7.234100000000006503e+01,5.000000000000000000e-01
7.234200000000005559e+01,5.000000000000000000e-01
7.234300000000006037e+01,5.000000000000000000e-01
7.234400000000006514e+01,5.000000000000000000e-01
7.234500000000005571e+01,5.000000000000000000e-01
7.234600000000006048e+01,5.000000000000000000e-01
7.234700000000006526e+01,5.000000000000000000e-01
7.234800000000005582e+01,5.000000000000000000e-01
7.234900000000006060e+01,5.000000000000000000e-01
7.235000000000006537e+01,5.000000000000000000e-01
7.235100000000005593e+01,5.000000000000000000e-01
7.235200000000006071e+01,5.000000000000000000e-01
7.235300000000006548e+01,5.000000000000000000e-01
7.235400000000005605e+01,5.000000000000000000e-01
7.235500000000006082e+01,5.000000000000000000e-01
7.235600000000006560e+01,5.000000000000000000e-01
7.235700000000005616e+01,5.000000000000000000e-01
7.235800000000006094e+01,5.000000000000000000e-01
7.235900000000006571e+01,5.000000000000000000e-01
7.236000000000005627e+01,5.000000000000000000e-01
7.236100000000006105e+01,5.000000000000000000e-01
7.236200000000006582e+01,5.000000000000000000e-01
7.236300000000005639e+01,5.000000000000000000e-01
7.236400000000006116e+01,5.000000000000000000e-01
7.236500000000006594e+01,5.000000000000000000e-01
7.236600000000005650e+01,5.000000000000000000e-01
7.236700000000006128e+01,5.000000000000000000e-01
7.236800000000005184e+01,5.000000000000000000e-01
7.236900000000005662e+01,5.000000000000000000e-01
7.237000000000006139e+01,5.000000000000000000e-01
7.237100000000005195e+01,5.000000000000000000e-01
7.237200000000005673e+01,5.000000000000000000e-01
7.237300000000006150e+01,5.000000000000000000e-01
7.237400000000005207e+01,5.000000000000000000e-01
7.237500000000005684e+01,5.000000000000000000e-01
7.237600000000006162e+01,5.000000000000000000e-01
7.237700000000005218e+01,5.000000000000000000e-01
7.237800000000005696e+01,5.000000000000000000e-01
7.237900000000006173e+01,5.000000000000000000e-01
7.238000000000005230e+01,5.000000000000000000e-01
7.238100000000005707e+01,5.000000000000000000e-01
7.238200000000006185e+01,5.000000000000000000e-01
7.238300000000005241e+01,5.000000000000000000e-01
7.238400000000005718e+01,5.000000000000000000e-01
7.238500000000006196e+01,5.000000000000000000e-01
7.238600000000005252e+01,5.000000000000000000e-01
7.238700000000005730e+01,5.000000000000000000e-01
7.238800000000006207e+01,5.000000000000000000e-01
7.238900000000005264e+01,5.000000000000000000e-01
7.239000000000005741e+01,5.000000000000000000e-01
7.239100000000006219e+01,5.000000000000000000e-01
7.239200000000005275e+01,5.000000000000000000e-01
7.239300000000005753e+01,5.000000000000000000e-01
7.239400000000006230e+01,5.000000000000000000e-01
7.239500000000005286e+01,5.000000000000000000e-01
7.239600000000005764e+01,5.000000000000000000e-01
7.239700000000006241e+01,5.000000000000000000e-01
7.239800000000005298e+01,5.000000000000000000e-01
7.239900000000005775e+01,5.000000000000000000e-01
7.240000000000006253e+01,5.000000000000000000e-01
7.240100000000005309e+01,5.000000000000000000e-01
7.240200000000005787e+01,5.000000000000000000e-01
7.240300000000006264e+01,5.000000000000000000e-01
7.240400000000005321e+01,5.000000000000000000e-01
7.240500000000005798e+01,5.000000000000000000e-01
7.240600000000006276e+01,5.000000000000000000e-01
7.240700000000005332e+01,5.000000000000000000e-01
7.240800000000005809e+01,5.000000000000000000e-01
7.240900000000006287e+01,5.000000000000000000e-01
7.241000000000005343e+01,5.000000000000000000e-01
7.241100000000005821e+01,5.000000000000000000e-01
7.241200000000006298e+01,5.000000000000000000e-01
7.241300000000005355e+01,5.000000000000000000e-01
7.241400000000005832e+01,5.000000000000000000e-01
7.241500000000006310e+01,5.000000000000000000e-01
7.241600000000005366e+01,5.000000000000000000e-01
7.241700000000005844e+01,5.000000000000000000e-01
7.241800000000006321e+01,5.000000000000000000e-01
7.241900000000005377e+01,5.000000000000000000e-01
7.242000000000005855e+01,5.000000000000000000e-01
7.242100000000006332e+01,5.000000000000000000e-01
7.242200000000005389e+01,5.000000000000000000e-01
7.242300000000005866e+01,5.000000000000000000e-01
7.242400000000006344e+01,5.000000000000000000e-01
7.242500000000005400e+01,5.000000000000000000e-01
7.242600000000005878e+01,5.000000000000000000e-01
7.242700000000006355e+01,5.000000000000000000e-01
7.242800000000005411e+01,5.000000000000000000e-01
7.242900000000005889e+01,5.000000000000000000e-01
7.243000000000006366e+01,5.000000000000000000e-01
7.243100000000005423e+01,5.000000000000000000e-01
7.243200000000005900e+01,5.000000000000000000e-01
7.243300000000006378e+01,5.000000000000000000e-01
7.243400000000005434e+01,5.000000000000000000e-01
7.243500000000005912e+01,5.000000000000000000e-01
7.243600000000006389e+01,5.000000000000000000e-01
7.243700000000005446e+01,5.000000000000000000e-01
7.243800000000005923e+01,5.000000000000000000e-01
7.243900000000006401e+01,5.000000000000000000e-01
7.244000000000005457e+01,5.000000000000000000e-01
7.244100000000005934e+01,5.000000000000000000e-01
7.244200000000006412e+01,5.000000000000000000e-01
7.244300000000005468e+01,5.000000000000000000e-01
7.244400000000005946e+01,5.000000000000000000e-01
7.244500000000006423e+01,5.000000000000000000e-01
7.244600000000005480e+01,5.000000000000000000e-01
7.244700000000005957e+01,5.000000000000000000e-01
7.244800000000006435e+01,5.000000000000000000e-01
7.244900000000005491e+01,5.000000000000000000e-01
7.245000000000005969e+01,5.000000000000000000e-01
7.245100000000006446e+01,5.000000000000000000e-01
7.245200000000005502e+01,5.000000000000000000e-01
7.245300000000005980e+01,5.000000000000000000e-01
7.245400000000006457e+01,5.000000000000000000e-01
7.245500000000005514e+01,5.000000000000000000e-01
7.245600000000005991e+01,5.000000000000000000e-01
7.245700000000006469e+01,5.000000000000000000e-01
7.245800000000005525e+01,5.000000000000000000e-01
7.245900000000006003e+01,5.000000000000000000e-01
7.246000000000006480e+01,5.000000000000000000e-01
7.246100000000005537e+01,5.000000000000000000e-01
7.246200000000006014e+01,5.000000000000000000e-01
7.246300000000006492e+01,5.000000000000000000e-01
7.246400000000005548e+01,5.000000000000000000e-01
7.246500000000006025e+01,5.000000000000000000e-01
7.246600000000006503e+01,5.000000000000000000e-01
7.246700000000005559e+01,5.000000000000000000e-01
7.246800000000006037e+01,5.000000000000000000e-01
7.246900000000006514e+01,5.000000000000000000e-01
7.247000000000005571e+01,5.000000000000000000e-01
7.247100000000006048e+01,5.000000000000000000e-01
7.247200000000006526e+01,5.000000000000000000e-01
7.247300000000005582e+01,5.000000000000000000e-01
7.247400000000006060e+01,5.000000000000000000e-01
7.247500000000006537e+01,5.000000000000000000e-01
7.247600000000005593e+01,5.000000000000000000e-01
7.247700000000006071e+01,5.000000000000000000e-01
7.247800000000006548e+01,5.000000000000000000e-01
7.247900000000005605e+01,5.000000000000000000e-01
7.248000000000006082e+01,5.000000000000000000e-01
7.248100000000006560e+01,5.000000000000000000e-01
7.248200000000005616e+01,5.000000000000000000e-01
7.248300000000006094e+01,5.000000000000000000e-01
7.248400000000006571e+01,5.000000000000000000e-01
7.248500000000005627e+01,5.000000000000000000e-01
7.248600000000006105e+01,5.000000000000000000e-01
7.248700000000006582e+01,5.000000000000000000e-01
7.248800000000005639e+01,5.000000000000000000e-01
7.248900000000006116e+01,5.000000000000000000e-01
7.249000000000006594e+01,5.000000000000000000e-01
7.249100000000005650e+01,5.000000000000000000e-01
7.249200000000006128e+01,5.000000000000000000e-01
7.249300000000005184e+01,5.000000000000000000e-01
7.249400000000005662e+01,5.000000000000000000e-01
7.249500000000006139e+01,5.000000000000000000e-01
7.249600000000005195e+01,5.000000000000000000e-01
7.249700000000005673e+01,5.000000000000000000e-01
7.249800000000006150e+01,5.000000000000000000e-01
7.249900000000005207e+01,5.000000000000000000e-01
7.250000000000005684e+01,5.000000000000000000e-01
7.250100000000006162e+01,5.000000000000000000e-01
7.250200000000005218e+01,5.000000000000000000e-01
7.250300000000005696e+01,5.000000000000000000e-01
7.250400000000006173e+01,5.000000000000000000e-01
7.250500000000005230e+01,5.000000000000000000e-01
7.250600000000005707e+01,5.000000000000000000e-01
7.250700000000006185e+01,5.000000000000000000e-01
7.250800000000005241e+01,5.000000000000000000e-01
7.250900000000005718e+01,5.000000000000000000e-01
7.251000000000006196e+01,5.000000000000000000e-01
7.251100000000005252e+01,5.000000000000000000e-01
7.251200000000005730e+01,5.000000000000000000e-01
7.251300000000006207e+01,5.000000000000000000e-01
7.251400000000005264e+01,5.000000000000000000e-01
7.251500000000005741e+01,5.000000000000000000e-01
7.251600000000006219e+01,5.000000000000000000e-01
7.251700000000005275e+01,5.000000000000000000e-01
7.251800000000005753e+01,5.000000000000000000e-01
7.251900000000006230e+01,5.000000000000000000e-01
7.252000000000005286e+01,5.000000000000000000e-01
7.252100000000005764e+01,5.000000000000000000e-01
7.252200000000006241e+01,5.000000000000000000e-01
7.252300000000005298e+01,5.000000000000000000e-01
7.252400000000005775e+01,5.000000000000000000e-01
7.252500000000006253e+01,5.000000000000000000e-01
7.252600000000005309e+01,5.000000000000000000e-01
7.252700000000005787e+01,5.000000000000000000e-01
7.252800000000006264e+01,5.000000000000000000e-01
7.252900000000005321e+01,5.000000000000000000e-01
7.253000000000005798e+01,5.000000000000000000e-01
7.253100000000006276e+01,5.000000000000000000e-01
7.253200000000005332e+01,5.000000000000000000e-01
7.253300000000005809e+01,5.000000000000000000e-01
7.253400000000006287e+01,5.000000000000000000e-01
7.253500000000005343e+01,5.000000000000000000e-01
7.253600000000005821e+01,5.000000000000000000e-01
7.253700000000006298e+01,5.000000000000000000e-01
7.253800000000005355e+01,5.000000000000000000e-01
7.253900000000005832e+01,5.000000000000000000e-01
7.254000000000006310e+01,5.000000000000000000e-01
7.254100000000005366e+01,5.000000000000000000e-01
7.254200000000005844e+01,5.000000000000000000e-01
7.254300000000006321e+01,5.000000000000000000e-01
7.254400000000005377e+01,5.000000000000000000e-01
7.254500000000005855e+01,5.000000000000000000e-01
7.254600000000006332e+01,5.000000000000000000e-01
7.254700000000005389e+01,5.000000000000000000e-01
7.254800000000005866e+01,5.000000000000000000e-01
7.254900000000006344e+01,5.000000000000000000e-01
7.255000000000005400e+01,5.000000000000000000e-01
7.255100000000005878e+01,5.000000000000000000e-01
7.255200000000006355e+01,5.000000000000000000e-01
7.255300000000005411e+01,5.000000000000000000e-01
7.255400000000005889e+01,5.000000000000000000e-01
7.255500000000006366e+01,5.000000000000000000e-01
7.255600000000005423e+01,5.000000000000000000e-01
7.255700000000005900e+01,5.000000000000000000e-01
7.255800000000006378e+01,5.000000000000000000e-01
7.255900000000005434e+01,5.000000000000000000e-01
7.256000000000005912e+01,5.000000000000000000e-01
7.256100000000006389e+01,5.000000000000000000e-01
7.256200000000005446e+01,5.000000000000000000e-01
7.256300000000005923e+01,5.000000000000000000e-01
7.256400000000006401e+01,5.000000000000000000e-01
7.256500000000005457e+01,5.000000000000000000e-01
7.256600000000005934e+01,5.000000000000000000e-01
7.256700000000006412e+01,5.000000000000000000e-01
7.256800000000005468e+01,5.000000000000000000e-01
7.256900000000005946e+01,5.000000000000000000e-01
7.257000000000006423e+01,5.000000000000000000e-01
7.257100000000005480e+01,5.000000000000000000e-01
7.257200000000005957e+01,5.000000000000000000e-01
7.257300000000006435e+01,5.000000000000000000e-01
7.257400000000005491e+01,5.000000000000000000e-01
7.257500000000005969e+01,5.000000000000000000e-01
7.257600000000006446e+01,5.000000000000000000e-01
7.257700000000005502e+01,5.000000000000000000e-01
7.257800000000005980e+01,5.000000000000000000e-01
7.257900000000006457e+01,5.000000000000000000e-01
7.258000000000005514e+01,5.000000000000000000e-01
7.258100000000005991e+01,5.000000000000000000e-01
7.258200000000006469e+01,5.000000000000000000e-01
7.258300000000005525e+01,5.000000000000000000e-01
7.258400000000006003e+01,5.000000000000000000e-01
7.258500000000006480e+01,5.000000000000000000e-01
7.258600000000005537e+01,5.000000000000000000e-01
7.258700000000006014e+01,5.000000000000000000e-01
7.258800000000006492e+01,5.000000000000000000e-01
7.258900000000005548e+01,5.000000000000000000e-01
7.259000000000006025e+01,5.000000000000000000e-01
7.259100000000006503e+01,5.000000000000000000e-01
7.259200000000005559e+01,5.000000000000000000e-01
7.259300000000006037e+01,5.000000000000000000e-01
7.259400000000006514e+01,5.000000000000000000e-01
7.259500000000005571e+01,5.000000000000000000e-01
7.259600000000006048e+01,5.000000000000000000e-01
7.259700000000006526e+01,5.000000000000000000e-01
7.259800000000005582e+01,5.000000000000000000e-01
7.259900000000006060e+01,5.000000000000000000e-01
7.260000000000006537e+01,5.000000000000000000e-01
7.260100000000005593e+01,5.000000000000000000e-01
7.260200000000006071e+01,5.000000000000000000e-01
7.260300000000006548e+01,5.000000000000000000e-01
7.260400000000005605e+01,5.000000000000000000e-01
7.260500000000006082e+01,5.000000000000000000e-01
7.260600000000006560e+01,5.000000000000000000e-01
7.260700000000005616e+01,5.000000000000000000e-01
7.260800000000006094e+01,5.000000000000000000e-01
7.260900000000006571e+01,5.000000000000000000e-01
7.261000000000005627e+01,5.000000000000000000e-01
7.261100000000006105e+01,5.000000000000000000e-01
7.261200000000006582e+01,5.000000000000000000e-01
7.261300000000005639e+01,5.000000000000000000e-01
7.261400000000006116e+01,5.000000000000000000e-01
7.261500000000006594e+01,5.000000000000000000e-01
7.261600000000005650e+01,5.000000000000000000e-01
7.261700000000006128e+01,5.000000000000000000e-01
7.261800000000006605e+01,5.000000000000000000e-01
7.261900000000005662e+01,5.000000000000000000e-01
7.262000000000006139e+01,5.000000000000000000e-01
7.262100000000006617e+01,5.000000000000000000e-01
7.262200000000005673e+01,5.000000000000000000e-01
7.262300000000006150e+01,5.000000000000000000e-01
7.262400000000005207e+01,5.000000000000000000e-01
7.262500000000005684e+01,5.000000000000000000e-01
7.262600000000006162e+01,5.000000000000000000e-01
7.262700000000005218e+01,5.000000000000000000e-01
7.262800000000005696e+01,5.000000000000000000e-01
7.262900000000006173e+01,5.000000000000000000e-01
7.263000000000005230e+01,5.000000000000000000e-01
7.263100000000005707e+01,5.000000000000000000e-01
7.263200000000006185e+01,5.000000000000000000e-01
7.263300000000005241e+01,5.000000000000000000e-01
7.263400000000005718e+01,5.000000000000000000e-01
7.263500000000006196e+01,5.000000000000000000e-01
7.263600000000005252e+01,5.000000000000000000e-01
7.263700000000005730e+01,5.000000000000000000e-01
7.263800000000006207e+01,5.000000000000000000e-01
7.263900000000005264e+01,5.000000000000000000e-01
7.264000000000005741e+01,5.000000000000000000e-01
7.264100000000006219e+01,5.000000000000000000e-01
7.264200000000005275e+01,5.000000000000000000e-01
7.264300000000005753e+01,5.000000000000000000e-01
7.264400000000006230e+01,5.000000000000000000e-01
7.264500000000005286e+01,5.000000000000000000e-01
7.264600000000005764e+01,5.000000000000000000e-01
7.264700000000006241e+01,5.000000000000000000e-01
7.264800000000005298e+01,5.000000000000000000e-01
7.264900000000005775e+01,5.000000000000000000e-01
7.265000000000006253e+01,5.000000000000000000e-01
7.265100000000005309e+01,5.000000000000000000e-01
7.265200000000005787e+01,5.000000000000000000e-01
7.265300000000006264e+01,5.000000000000000000e-01
7.265400000000005321e+01,5.000000000000000000e-01
7.265500000000005798e+01,5.000000000000000000e-01
7.265600000000006276e+01,5.000000000000000000e-01
7.265700000000005332e+01,5.000000000000000000e-01
7.265800000000005809e+01,5.000000000000000000e-01
7.265900000000006287e+01,5.000000000000000000e-01
7.266000000000005343e+01,5.000000000000000000e-01
7.266100000000005821e+01,5.000000000000000000e-01
7.266200000000006298e+01,5.000000000000000000e-01
7.266300000000005355e+01,5.000000000000000000e-01
7.266400000000005832e+01,5.000000000000000000e-01
7.266500000000006310e+01,5.000000000000000000e-01
7.266600000000005366e+01,5.000000000000000000e-01
7.266700000000005844e+01,5.000000000000000000e-01
7.266800000000006321e+01,5.000000000000000000e-01
7.266900000000005377e+01,5.000000000000000000e-01
7.267000000000005855e+01,5.000000000000000000e-01
7.267100000000006332e+01,5.000000000000000000e-01
7.267200000000005389e+01,5.000000000000000000e-01
7.267300000000005866e+01,5.000000000000000000e-01
7.267400000000006344e+01,5.000000000000000000e-01
7.267500000000005400e+01,5.000000000000000000e-01
7.267600000000005878e+01,5.000000000000000000e-01
7.267700000000006355e+01,5.000000000000000000e-01
7.267800000000005411e+01,5.000000000000000000e-01
7.267900000000005889e+01,5.000000000000000000e-01
7.268000000000006366e+01,5.000000000000000000e-01
7.268100000000005423e+01,5.000000000000000000e-01
7.268200000000005900e+01,5.000000000000000000e-01
7.268300000000006378e+01,5.000000000000000000e-01
7.268400000000005434e+01,5.000000000000000000e-01
7.268500000000005912e+01,5.000000000000000000e-01
7.268600000000006389e+01,5.000000000000000000e-01
7.268700000000005446e+01,5.000000000000000000e-01
7.268800000000005923e+01,5.000000000000000000e-01
7.268900000000006401e+01,5.000000000000000000e-01
7.269000000000005457e+01,5.000000000000000000e-01
7.269100000000005934e+01,5.000000000000000000e-01
7.269200000000006412e+01,5.000000000000000000e-01
7.269300000000005468e+01,5.000000000000000000e-01
7.269400000000005946e+01,5.000000000000000000e-01
7.269500000000006423e+01,5.000000000000000000e-01
7.269600000000005480e+01,5.000000000000000000e-01
7.269700000000005957e+01,5.000000000000000000e-01
7.269800000000006435e+01,5.000000000000000000e-01
7.269900000000005491e+01,5.000000000000000000e-01
7.270000000000005969e+01,5.000000000000000000e-01
7.270100000000006446e+01,5.000000000000000000e-01
7.270200000000005502e+01,5.000000000000000000e-01
7.270300000000005980e+01,5.000000000000000000e-01
7.270400000000006457e+01,5.000000000000000000e-01
7.270500000000005514e+01,5.000000000000000000e-01
7.270600000000005991e+01,5.000000000000000000e-01
7.270700000000006469e+01,5.000000000000000000e-01
7.270800000000005525e+01,5.000000000000000000e-01
7.270900000000006003e+01,5.000000000000000000e-01
7.271000000000006480e+01,5.000000000000000000e-01
7.271100000000005537e+01,5.000000000000000000e-01
7.271200000000006014e+01,5.000000000000000000e-01
7.271300000000006492e+01,5.000000000000000000e-01
7.271400000000005548e+01,5.000000000000000000e-01
7.271500000000006025e+01,5.000000000000000000e-01
7.271600000000006503e+01,5.000000000000000000e-01
7.271700000000005559e+01,5.000000000000000000e-01
7.271800000000006037e+01,5.000000000000000000e-01
7.271900000000006514e+01,5.000000000000000000e-01
7.272000000000005571e+01,5.000000000000000000e-01
7.272100000000006048e+01,5.000000000000000000e-01
7.272200000000006526e+01,5.000000000000000000e-01
7.272300000000005582e+01,5.000000000000000000e-01
7.272400000000006060e+01,5.000000000000000000e-01
7.272500000000006537e+01,5.000000000000000000e-01
7.272600000000005593e+01,5.000000000000000000e-01
7.272700000000006071e+01,5.000000000000000000e-01
7.272800000000006548e+01,5.000000000000000000e-01
7.272900000000005605e+01,5.000000000000000000e-01
7.273000000000006082e+01,5.000000000000000000e-01
7.273100000000006560e+01,5.000000000000000000e-01
7.273200000000005616e+01,5.000000000000000000e-01
7.273300000000006094e+01,5.000000000000000000e-01
7.273400000000006571e+01,5.000000000000000000e-01
7.273500000000005627e+01,5.000000000000000000e-01
7.273600000000006105e+01,5.000000000000000000e-01
7.273700000000006582e+01,5.000000000000000000e-01
7.273800000000005639e+01,5.000000000000000000e-01
7.273900000000006116e+01,5.000000000000000000e-01
7.274000000000006594e+01,5.000000000000000000e-01
7.274100000000005650e+01,5.000000000000000000e-01
7.274200000000006128e+01,5.000000000000000000e-01
7.274300000000006605e+01,5.000000000000000000e-01
7.274400000000005662e+01,5.000000000000000000e-01
7.274500000000006139e+01,5.000000000000000000e-01
7.274600000000006617e+01,5.000000000000000000e-01
7.274700000000005673e+01,5.000000000000000000e-01
7.274800000000006150e+01,5.000000000000000000e-01
7.274900000000005207e+01,5.000000000000000000e-01
7.275000000000005684e+01,5.000000000000000000e-01
7.275100000000006162e+01,5.000000000000000000e-01
7.275200000000005218e+01,5.000000000000000000e-01
7.275300000000005696e+01,5.000000000000000000e-01
7.275400000000006173e+01,5.000000000000000000e-01
7.275500000000005230e+01,5.000000000000000000e-01
7.275600000000005707e+01,5.000000000000000000e-01
7.275700000000006185e+01,5.000000000000000000e-01
7.275800000000005241e+01,5.000000000000000000e-01
7.275900000000005718e+01,5.000000000000000000e-01
7.276000000000006196e+01,5.000000000000000000e-01
7.276100000000005252e+01,5.000000000000000000e-01
7.276200000000005730e+01,5.000000000000000000e-01
7.276300000000006207e+01,5.000000000000000000e-01
7.276400000000005264e+01,5.000000000000000000e-01
7.276500000000005741e+01,5.000000000000000000e-01
7.276600000000006219e+01,5.000000000000000000e-01
7.276700000000005275e+01,5.000000000000000000e-01
7.276800000000005753e+01,5.000000000000000000e-01
7.276900000000006230e+01,5.000000000000000000e-01
7.277000000000005286e+01,5.000000000000000000e-01
7.277100000000005764e+01,5.000000000000000000e-01
7.277200000000006241e+01,5.000000000000000000e-01
7.277300000000005298e+01,5.000000000000000000e-01
7.277400000000005775e+01,5.000000000000000000e-01
7.277500000000006253e+01,5.000000000000000000e-01
7.277600000000005309e+01,5.000000000000000000e-01
7.277700000000005787e+01,5.000000000000000000e-01
7.277800000000006264e+01,5.000000000000000000e-01
7.277900000000005321e+01,5.000000000000000000e-01
7.278000000000005798e+01,5.000000000000000000e-01
7.278100000000006276e+01,5.000000000000000000e-01
7.278200000000005332e+01,5.000000000000000000e-01
7.278300000000005809e+01,5.000000000000000000e-01
7.278400000000006287e+01,5.000000000000000000e-01
7.278500000000005343e+01,5.000000000000000000e-01
7.278600000000005821e+01,5.000000000000000000e-01
7.278700000000006298e+01,5.000000000000000000e-01
7.278800000000005355e+01,5.000000000000000000e-01
7.278900000000005832e+01,5.000000000000000000e-01
7.279000000000006310e+01,5.000000000000000000e-01
7.279100000000005366e+01,5.000000000000000000e-01
7.279200000000005844e+01,5.000000000000000000e-01
7.279300000000006321e+01,5.000000000000000000e-01
7.279400000000005377e+01,5.000000000000000000e-01
7.279500000000005855e+01,5.000000000000000000e-01
7.279600000000006332e+01,5.000000000000000000e-01
7.279700000000005389e+01,5.000000000000000000e-01
7.279800000000005866e+01,5.000000000000000000e-01
7.279900000000006344e+01,5.000000000000000000e-01
7.280000000000005400e+01,5.000000000000000000e-01
7.280100000000005878e+01,5.000000000000000000e-01
7.280200000000006355e+01,5.000000000000000000e-01
7.280300000000005411e+01,5.000000000000000000e-01
7.280400000000005889e+01,5.000000000000000000e-01
7.280500000000006366e+01,5.000000000000000000e-01
7.280600000000005423e+01,5.000000000000000000e-01
7.280700000000005900e+01,5.000000000000000000e-01
7.280800000000006378e+01,5.000000000000000000e-01
7.280900000000005434e+01,5.000000000000000000e-01
7.281000000000005912e+01,5.000000000000000000e-01
7.281100000000006389e+01,5.000000000000000000e-01
7.281200000000005446e+01,5.000000000000000000e-01
7.281300000000005923e+01,5.000000000000000000e-01
7.281400000000006401e+01,5.000000000000000000e-01
7.281500000000005457e+01,5.000000000000000000e-01
7.281600000000005934e+01,5.000000000000000000e-01
7.281700000000006412e+01,5.000000000000000000e-01
7.281800000000005468e+01,5.000000000000000000e-01
7.281900000000005946e+01,5.000000000000000000e-01
7.282000000000006423e+01,5.000000000000000000e-01
7.282100000000005480e+01,5.000000000000000000e-01
7.282200000000005957e+01,5.000000000000000000e-01
7.282300000000006435e+01,5.000000000000000000e-01
7.282400000000005491e+01,5.000000000000000000e-01
7.282500000000005969e+01,5.000000000000000000e-01
7.282600000000006446e+01,5.000000000000000000e-01
7.282700000000005502e+01,5.000000000000000000e-01
7.282800000000005980e+01,5.000000000000000000e-01
7.282900000000006457e+01,5.000000000000000000e-01
7.283000000000005514e+01,5.000000000000000000e-01
7.283100000000005991e+01,5.000000000000000000e-01
7.283200000000006469e+01,5.000000000000000000e-01
7.283300000000005525e+01,5.000000000000000000e-01
7.283400000000006003e+01,5.000000000000000000e-01
7.283500000000006480e+01,5.000000000000000000e-01
7.283600000000005537e+01,5.000000000000000000e-01
7.283700000000006014e+01,5.000000000000000000e-01
7.283800000000006492e+01,5.000000000000000000e-01
7.283900000000005548e+01,5.000000000000000000e-01
7.284000000000006025e+01,5.000000000000000000e-01
7.284100000000006503e+01,5.000000000000000000e-01
7.284200000000005559e+01,5.000000000000000000e-01
7.284300000000006037e+01,5.000000000000000000e-01
7.284400000000006514e+01,5.000000000000000000e-01
7.284500000000005571e+01,5.000000000000000000e-01
7.284600000000006048e+01,5.000000000000000000e-01
7.284700000000006526e+01,5.000000000000000000e-01
7.284800000000005582e+01,5.000000000000000000e-01
7.284900000000006060e+01,5.000000000000000000e-01
7.285000000000006537e+01,5.000000000000000000e-01
7.285100000000005593e+01,5.000000000000000000e-01
7.285200000000006071e+01,5.000000000000000000e-01
7.285300000000006548e+01,5.000000000000000000e-01
7.285400000000005605e+01,5.000000000000000000e-01
7.285500000000006082e+01,5.000000000000000000e-01
7.285600000000006560e+01,5.000000000000000000e-01
7.285700000000005616e+01,5.000000000000000000e-01
7.285800000000006094e+01,5.000000000000000000e-01
7.285900000000006571e+01,5.000000000000000000e-01
7.286000000000005627e+01,5.000000000000000000e-01
7.286100000000006105e+01,5.000000000000000000e-01
7.286200000000006582e+01,5.000000000000000000e-01
7.286300000000005639e+01,5.000000000000000000e-01
7.286400000000006116e+01,5.000000000000000000e-01
7.286500000000006594e+01,5.000000000000000000e-01
7.286600000000005650e+01,5.000000000000000000e-01
7.286700000000006128e+01,5.000000000000000000e-01
7.286800000000006605e+01,5.000000000000000000e-01
7.286900000000005662e+01,5.000000000000000000e-01
7.287000000000006139e+01,5.000000000000000000e-01
7.287100000000006617e+01,5.000000000000000000e-01
7.287200000000005673e+01,5.000000000000000000e-01
7.287300000000006150e+01,5.000000000000000000e-01
7.287400000000006628e+01,5.000000000000000000e-01
7.287500000000005684e+01,5.000000000000000000e-01
7.287600000000006162e+01,5.000000000000000000e-01
7.287700000000006639e+01,5.000000000000000000e-01
7.287800000000005696e+01,5.000000000000000000e-01
7.287900000000006173e+01,5.000000000000000000e-01
7.288000000000005230e+01,5.000000000000000000e-01
7.288100000000005707e+01,5.000000000000000000e-01
7.288200000000006185e+01,5.000000000000000000e-01
7.288300000000005241e+01,5.000000000000000000e-01
7.288400000000005718e+01,5.000000000000000000e-01
7.288500000000006196e+01,5.000000000000000000e-01
7.288600000000005252e+01,5.000000000000000000e-01
7.288700000000005730e+01,5.000000000000000000e-01
7.288800000000006207e+01,5.000000000000000000e-01
7.288900000000005264e+01,5.000000000000000000e-01
7.289000000000005741e+01,5.000000000000000000e-01
7.289100000000006219e+01,5.000000000000000000e-01
7.289200000000005275e+01,5.000000000000000000e-01
7.289300000000005753e+01,5.000000000000000000e-01
7.289400000000006230e+01,5.000000000000000000e-01
7.289500000000005286e+01,5.000000000000000000e-01
7.289600000000005764e+01,5.000000000000000000e-01
7.289700000000006241e+01,5.000000000000000000e-01
7.289800000000005298e+01,5.000000000000000000e-01
7.289900000000005775e+01,5.000000000000000000e-01
7.290000000000006253e+01,5.000000000000000000e-01
7.290100000000005309e+01,5.000000000000000000e-01
7.290200000000005787e+01,5.000000000000000000e-01
7.290300000000006264e+01,5.000000000000000000e-01
7.290400000000005321e+01,5.000000000000000000e-01
7.290500000000005798e+01,5.000000000000000000e-01
7.290600000000006276e+01,5.000000000000000000e-01
7.290700000000005332e+01,5.000000000000000000e-01
7.290800000000005809e+01,5.000000000000000000e-01
7.290900000000006287e+01,5.000000000000000000e-01
7.291000000000005343e+01,5.000000000000000000e-01
7.291100000000005821e+01,5.000000000000000000e-01
7.291200000000006298e+01,5.000000000000000000e-01
7.291300000000005355e+01,5.000000000000000000e-01
7.291400000000005832e+01,5.000000000000000000e-01
7.291500000000006310e+01,5.000000000000000000e-01
7.291600000000005366e+01,5.000000000000000000e-01
7.291700000000005844e+01,5.000000000000000000e-01
7.291800000000006321e+01,5.000000000000000000e-01
7.291900000000005377e+01,5.000000000000000000e-01
7.292000000000005855e+01,5.000000000000000000e-01
7.292100000000006332e+01,5.000000000000000000e-01
7.292200000000005389e+01,5.000000000000000000e-01
7.292300000000005866e+01,5.000000000000000000e-01
7.292400000000006344e+01,5.000000000000000000e-01
7.292500000000005400e+01,5.000000000000000000e-01
7.292600000000005878e+01,5.000000000000000000e-01
7.292700000000006355e+01,5.000000000000000000e-01
7.292800000000005411e+01,5.000000000000000000e-01
7.292900000000005889e+01,5.000000000000000000e-01
7.293000000000006366e+01,5.000000000000000000e-01
7.293100000000005423e+01,5.000000000000000000e-01
7.293200000000005900e+01,5.000000000000000000e-01
7.293300000000006378e+01,5.000000000000000000e-01
7.293400000000005434e+01,5.000000000000000000e-01
7.293500000000005912e+01,5.000000000000000000e-01
7.293600000000006389e+01,5.000000000000000000e-01
7.293700000000005446e+01,5.000000000000000000e-01
7.293800000000005923e+01,5.000000000000000000e-01
7.293900000000006401e+01,5.000000000000000000e-01
7.294000000000005457e+01,5.000000000000000000e-01
7.294100000000005934e+01,5.000000000000000000e-01
7.294200000000006412e+01,5.000000000000000000e-01
7.294300000000005468e+01,5.000000000000000000e-01
7.294400000000005946e+01,5.000000000000000000e-01
7.294500000000006423e+01,5.000000000000000000e-01
7.294600000000005480e+01,5.000000000000000000e-01
7.294700000000005957e+01,5.000000000000000000e-01
7.294800000000006435e+01,5.000000000000000000e-01
7.294900000000005491e+01,5.000000000000000000e-01
7.295000000000005969e+01,5.000000000000000000e-01
7.295100000000006446e+01,5.000000000000000000e-01
7.295200000000005502e+01,5.000000000000000000e-01
7.295300000000005980e+01,5.000000000000000000e-01
7.295400000000006457e+01,5.000000000000000000e-01
7.295500000000005514e+01,5.000000000000000000e-01
7.295600000000005991e+01,5.000000000000000000e-01
7.295700000000006469e+01,5.000000000000000000e-01
7.295800000000005525e+01,5.000000000000000000e-01
7.295900000000006003e+01,5.000000000000000000e-01
7.296000000000006480e+01,5.000000000000000000e-01
7.296100000000005537e+01,5.000000000000000000e-01
7.296200000000006014e+01,5.000000000000000000e-01
7.296300000000006492e+01,5.000000000000000000e-01
7.296400000000005548e+01,5.000000000000000000e-01
7.296500000000006025e+01,5.000000000000000000e-01
7.296600000000006503e+01,5.000000000000000000e-01
7.296700000000005559e+01,5.000000000000000000e-01
7.296800000000006037e+01,5.000000000000000000e-01
7.296900000000006514e+01,5.000000000000000000e-01
7.297000000000005571e+01,5.000000000000000000e-01
7.297100000000006048e+01,5.000000000000000000e-01
7.297200000000006526e+01,5.000000000000000000e-01
7.297300000000005582e+01,5.000000000000000000e-01
7.297400000000006060e+01,5.000000000000000000e-01
7.297500000000006537e+01,5.000000000000000000e-01
7.297600000000005593e+01,5.000000000000000000e-01
7.297700000000006071e+01,5.000000000000000000e-01
7.297800000000006548e+01,5.000000000000000000e-01
7.297900000000005605e+01,5.000000000000000000e-01
7.298000000000006082e+01,5.000000000000000000e-01
7.298100000000006560e+01,5.000000000000000000e-01
7.298200000000005616e+01,5.000000000000000000e-01
7.298300000000006094e+01,5.000000000000000000e-01
7.298400000000006571e+01,5.000000000000000000e-01
7.298500000000005627e+01,5.000000000000000000e-01
7.298600000000006105e+01,5.000000000000000000e-01
7.298700000000006582e+01,5.000000000000000000e-01
7.298800000000005639e+01,5.000000000000000000e-01
7.298900000000006116e+01,5.000000000000000000e-01
7.299000000000006594e+01,5.000000000000000000e-01
7.299100000000005650e+01,5.000000000000000000e-01
7.299200000000006128e+01,5.000000000000000000e-01
7.299300000000006605e+01,5.000000000000000000e-01
7.299400000000005662e+01,5.000000000000000000e-01
7.299500000000006139e+01,5.000000000000000000e-01
7.299600000000006617e+01,5.000000000000000000e-01
7.299700000000005673e+01,5.000000000000000000e-01
7.299800000000006150e+01,5.000000000000000000e-01
7.299900000000006628e+01,5.000000000000000000e-01
7.300000000000005684e+01,5.000000000000000000e-01
7.300100000000006162e+01,5.000000000000000000e-01
7.300200000000006639e+01,5.000000000000000000e-01
7.300300000000005696e+01,5.000000000000000000e-01
7.300400000000006173e+01,5.000000000000000000e-01
7.300500000000005230e+01,5.000000000000000000e-01
7.300600000000005707e+01,5.000000000000000000e-01
7.300700000000006185e+01,5.000000000000000000e-01
7.300800000000005241e+01,5.000000000000000000e-01
7.300900000000005718e+01,5.000000000000000000e-01
7.301000000000006196e+01,5.000000000000000000e-01
7.301100000000005252e+01,5.000000000000000000e-01
7.301200000000005730e+01,5.000000000000000000e-01
7.301300000000006207e+01,5.000000000000000000e-01
7.301400000000005264e+01,5.000000000000000000e-01
7.301500000000005741e+01,5.000000000000000000e-01
7.301600000000006219e+01,5.000000000000000000e-01
7.301700000000005275e+01,5.000000000000000000e-01
7.301800000000005753e+01,5.000000000000000000e-01
7.301900000000006230e+01,5.000000000000000000e-01
7.302000000000005286e+01,5.000000000000000000e-01
7.302100000000005764e+01,5.000000000000000000e-01
7.302200000000006241e+01,5.000000000000000000e-01
7.302300000000005298e+01,5.000000000000000000e-01
7.302400000000005775e+01,5.000000000000000000e-01
7.302500000000006253e+01,5.000000000000000000e-01
7.302600000000005309e+01,5.000000000000000000e-01
7.302700000000005787e+01,5.000000000000000000e-01
7.302800000000006264e+01,5.000000000000000000e-01
7.302900000000005321e+01,5.000000000000000000e-01
7.303000000000005798e+01,5.000000000000000000e-01
7.303100000000006276e+01,5.000000000000000000e-01
7.303200000000005332e+01,5.000000000000000000e-01
7.303300000000005809e+01,5.000000000000000000e-01
7.303400000000006287e+01,5.000000000000000000e-01
7.303500000000005343e+01,5.000000000000000000e-01
7.303600000000005821e+01,5.000000000000000000e-01
7.303700000000006298e+01,5.000000000000000000e-01
7.303800000000005355e+01,5.000000000000000000e-01
7.303900000000005832e+01,5.000000000000000000e-01
7.304000000000006310e+01,5.000000000000000000e-01
7.304100000000005366e+01,5.000000000000000000e-01
7.304200000000005844e+01,5.000000000000000000e-01
7.304300000000006321e+01,5.000000000000000000e-01
7.304400000000005377e+01,5.000000000000000000e-01
7.304500000000005855e+01,5.000000000000000000e-01
7.304600000000006332e+01,5.000000000000000000e-01
7.304700000000005389e+01,5.000000000000000000e-01
7.304800000000005866e+01,5.000000000000000000e-01
7.304900000000006344e+01,5.000000000000000000e-01
7.305000000000005400e+01,5.000000000000000000e-01
7.305100000000005878e+01,5.000000000000000000e-01
7.305200000000006355e+01,5.000000000000000000e-01
7.305300000000005411e+01,5.000000000000000000e-01
7.305400000000005889e+01,5.000000000000000000e-01
7.305500000000006366e+01,5.000000000000000000e-01
7.305600000000005423e+01,5.000000000000000000e-01
7.305700000000005900e+01,5.000000000000000000e-01
7.305800000000006378e+01,5.000000000000000000e-01
7.305900000000005434e+01,5.000000000000000000e-01
7.306000000000005912e+01,5.000000000000000000e-01
7.306100000000006389e+01,5.000000000000000000e-01
7.306200000000005446e+01,5.000000000000000000e-01
7.306300000000005923e+01,5.000000000000000000e-01
7.306400000000006401e+01,5.000000000000000000e-01
7.306500000000005457e+01,5.000000000000000000e-01
7.306600000000005934e+01,5.000000000000000000e-01
7.306700000000006412e+01,5.000000000000000000e-01
7.306800000000005468e+01,5.000000000000000000e-01
7.306900000000005946e+01,5.000000000000000000e-01
7.307000000000006423e+01,5.000000000000000000e-01
7.307100000000005480e+01,5.000000000000000000e-01
7.307200000000005957e+01,5.000000000000000000e-01
7.307300000000006435e+01,5.000000000000000000e-01
7.307400000000005491e+01,5.000000000000000000e-01
7.307500000000005969e+01,5.000000000000000000e-01
7.307600000000006446e+01,5.000000000000000000e-01
7.307700000000005502e+01,5.000000000000000000e-01
7.307800000000005980e+01,5.000000000000000000e-01
7.307900000000006457e+01,5.000000000000000000e-01
7.308000000000005514e+01,5.000000000000000000e-01
7.308100000000005991e+01,5.000000000000000000e-01
7.308200000000006469e+01,5.000000000000000000e-01
7.308300000000005525e+01,5.000000000000000000e-01
7.308400000000006003e+01,5.000000000000000000e-01
7.308500000000006480e+01,5.000000000000000000e-01
7.308600000000005537e+01,5.000000000000000000e-01
7.308700000000006014e+01,5.000000000000000000e-01
7.308800000000006492e+01,5.000000000000000000e-01
7.308900000000005548e+01,5.000000000000000000e-01
7.309000000000006025e+01,5.000000000000000000e-01
7.309100000000006503e+01,5.000000000000000000e-01
7.309200000000005559e+01,5.000000000000000000e-01
7.309300000000006037e+01,5.000000000000000000e-01
7.309400000000006514e+01,5.000000000000000000e-01
7.309500000000005571e+01,5.000000000000000000e-01
7.309600000000006048e+01,5.000000000000000000e-01
7.309700000000006526e+01,5.000000000000000000e-01
7.309800000000005582e+01,5.000000000000000000e-01
7.309900000000006060e+01,5.000000000000000000e-01
7.310000000000006537e+01,5.000000000000000000e-01
7.310100000000005593e+01,5.000000000000000000e-01
7.310200000000006071e+01,5.000000000000000000e-01
7.310300000000006548e+01,5.000000000000000000e-01
7.310400000000005605e+01,5.000000000000000000e-01
7.310500000000006082e+01,5.000000000000000000e-01
7.310600000000006560e+01,5.000000000000000000e-01
7.310700000000005616e+01,5.000000000000000000e-01
7.310800000000006094e+01,5.000000000000000000e-01
7.310900000000006571e+01,5.000000000000000000e-01
7.311000000000005627e+01,5.000000000000000000e-01
7.311100000000006105e+01,5.000000000000000000e-01
7.311200000000006582e+01,5.000000000000000000e-01
7.311300000000005639e+01,5.000000000000000000e-01
7.311400000000006116e+01,5.000000000000000000e-01
7.311500000000006594e+01,5.000000000000000000e-01
7.311600000000005650e+01,5.000000000000000000e-01
7.311700000000006128e+01,5.000000000000000000e-01
7.311800000000006605e+01,5.000000000000000000e-01
7.311900000000005662e+01,5.000000000000000000e-01
7.312000000000006139e+01,5.000000000000000000e-01
7.312100000000006617e+01,5.000000000000000000e-01
7.312200000000005673e+01,5.000000000000000000e-01
7.312300000000006150e+01,5.000000000000000000e-01
7.312400000000006628e+01,5.000000000000000000e-01
7.312500000000005684e+01,5.000000000000000000e-01
7.312600000000006162e+01,5.000000000000000000e-01
7.312700000000006639e+01,5.000000000000000000e-01
7.312800000000005696e+01,5.000000000000000000e-01
7.312900000000006173e+01,5.000000000000000000e-01
7.313000000000006651e+01,5.000000000000000000e-01
7.313100000000005707e+01,5.000000000000000000e-01
7.313200000000006185e+01,5.000000000000000000e-01
7.313300000000006662e+01,5.000000000000000000e-01
7.313400000000005718e+01,5.000000000000000000e-01
7.313500000000006196e+01,5.000000000000000000e-01
7.313600000000005252e+01,5.000000000000000000e-01
7.313700000000005730e+01,5.000000000000000000e-01
7.313800000000006207e+01,5.000000000000000000e-01
7.313900000000005264e+01,5.000000000000000000e-01
7.314000000000005741e+01,5.000000000000000000e-01
7.314100000000006219e+01,5.000000000000000000e-01
7.314200000000005275e+01,5.000000000000000000e-01
7.314300000000005753e+01,5.000000000000000000e-01
7.314400000000006230e+01,5.000000000000000000e-01
7.314500000000005286e+01,5.000000000000000000e-01
7.314600000000005764e+01,5.000000000000000000e-01
7.314700000000006241e+01,5.000000000000000000e-01
7.314800000000005298e+01,5.000000000000000000e-01
7.314900000000005775e+01,5.000000000000000000e-01
7.315000000000006253e+01,5.000000000000000000e-01
7.315100000000005309e+01,5.000000000000000000e-01
7.315200000000005787e+01,5.000000000000000000e-01
7.315300000000006264e+01,5.000000000000000000e-01
7.315400000000005321e+01,5.000000000000000000e-01
7.315500000000005798e+01,5.000000000000000000e-01
7.315600000000006276e+01,5.000000000000000000e-01
7.315700000000005332e+01,5.000000000000000000e-01
7.315800000000005809e+01,5.000000000000000000e-01
7.315900000000006287e+01,5.000000000000000000e-01
7.316000000000005343e+01,5.000000000000000000e-01
7.316100000000005821e+01,5.000000000000000000e-01
7.316200000000006298e+01,5.000000000000000000e-01
7.316300000000005355e+01,5.000000000000000000e-01
7.316400000000005832e+01,5.000000000000000000e-01
7.316500000000006310e+01,5.000000000000000000e-01
7.316600000000005366e+01,5.000000000000000000e-01
7.316700000000005844e+01,5.000000000000000000e-01
7.316800000000006321e+01,5.000000000000000000e-01
7.316900000000005377e+01,5.000000000000000000e-01
7.317000000000005855e+01,5.000000000000000000e-01
7.317100000000006332e+01,5.000000000000000000e-01
7.317200000000005389e+01,5.000000000000000000e-01
7.317300000000005866e+01,5.000000000000000000e-01
7.317400000000006344e+01,5.000000000000000000e-01
7.317500000000005400e+01,5.000000000000000000e-01
7.317600000000005878e+01,5.000000000000000000e-01
7.317700000000006355e+01,5.000000000000000000e-01
7.317800000000005411e+01,5.000000000000000000e-01
7.317900000000005889e+01,5.000000000000000000e-01
7.318000000000006366e+01,5.000000000000000000e-01
7.318100000000005423e+01,5.000000000000000000e-01
7.318200000000005900e+01,5.000000000000000000e-01
7.318300000000006378e+01,5.000000000000000000e-01
7.318400000000005434e+01,5.000000000000000000e-01
7.318500000000005912e+01,5.000000000000000000e-01
7.318600000000006389e+01,5.000000000000000000e-01
7.318700000000005446e+01,5.000000000000000000e-01
7.318800000000005923e+01,5.000000000000000000e-01
7.318900000000006401e+01,5.000000000000000000e-01
7.319000000000005457e+01,5.000000000000000000e-01
7.319100000000005934e+01,5.000000000000000000e-01
7.319200000000006412e+01,5.000000000000000000e-01
7.319300000000005468e+01,5.000000000000000000e-01
7.319400000000005946e+01,5.000000000000000000e-01
7.319500000000006423e+01,5.000000000000000000e-01
7.319600000000005480e+01,5.000000000000000000e-01
7.319700000000005957e+01,5.000000000000000000e-01
7.319800000000006435e+01,5.000000000000000000e-01
7.319900000000005491e+01,5.000000000000000000e-01
7.320000000000005969e+01,5.000000000000000000e-01
7.320100000000006446e+01,5.000000000000000000e-01
7.320200000000005502e+01,5.000000000000000000e-01
7.320300000000005980e+01,5.000000000000000000e-01
7.320400000000006457e+01,5.000000000000000000e-01
7.320500000000005514e+01,5.000000000000000000e-01
7.320600000000005991e+01,5.000000000000000000e-01
7.320700000000006469e+01,5.000000000000000000e-01
7.320800000000005525e+01,5.000000000000000000e-01
7.320900000000006003e+01,5.000000000000000000e-01
7.321000000000006480e+01,5.000000000000000000e-01
7.321100000000005537e+01,5.000000000000000000e-01
7.321200000000006014e+01,5.000000000000000000e-01
7.321300000000006492e+01,5.000000000000000000e-01
7.321400000000005548e+01,5.000000000000000000e-01
7.321500000000006025e+01,5.000000000000000000e-01
7.321600000000006503e+01,5.000000000000000000e-01
7.321700000000005559e+01,5.000000000000000000e-01
7.321800000000006037e+01,5.000000000000000000e-01
7.321900000000006514e+01,5.000000000000000000e-01
7.322000000000005571e+01,5.000000000000000000e-01
7.322100000000006048e+01,5.000000000000000000e-01
7.322200000000006526e+01,5.000000000000000000e-01
7.322300000000005582e+01,5.000000000000000000e-01
7.322400000000006060e+01,5.000000000000000000e-01
7.322500000000006537e+01,5.000000000000000000e-01
7.322600000000005593e+01,5.000000000000000000e-01
7.322700000000006071e+01,5.000000000000000000e-01
7.322800000000006548e+01,5.000000000000000000e-01
7.322900000000005605e+01,5.000000000000000000e-01
7.323000000000006082e+01,5.000000000000000000e-01
7.323100000000006560e+01,5.000000000000000000e-01
7.323200000000005616e+01,5.000000000000000000e-01
7.323300000000006094e+01,5.000000000000000000e-01
7.323400000000006571e+01,5.000000000000000000e-01
7.323500000000005627e+01,5.000000000000000000e-01
7.323600000000006105e+01,5.000000000000000000e-01
7.323700000000006582e+01,5.000000000000000000e-01
7.323800000000005639e+01,5.000000000000000000e-01
7.323900000000006116e+01,5.000000000000000000e-01
7.324000000000006594e+01,5.000000000000000000e-01
7.324100000000005650e+01,5.000000000000000000e-01
7.324200000000006128e+01,5.000000000000000000e-01
7.324300000000006605e+01,5.000000000000000000e-01
7.324400000000005662e+01,5.000000000000000000e-01
7.324500000000006139e+01,5.000000000000000000e-01
7.324600000000006617e+01,5.000000000000000000e-01
7.324700000000005673e+01,5.000000000000000000e-01
7.324800000000006150e+01,5.000000000000000000e-01
7.324900000000006628e+01,5.000000000000000000e-01
7.325000000000005684e+01,5.000000000000000000e-01
7.325100000000006162e+01,5.000000000000000000e-01
7.325200000000006639e+01,5.000000000000000000e-01
7.325300000000005696e+01,5.000000000000000000e-01
7.325400000000006173e+01,5.000000000000000000e-01
7.325500000000006651e+01,5.000000000000000000e-01
7.325600000000005707e+01,5.000000000000000000e-01
7.325700000000006185e+01,5.000000000000000000e-01
7.325800000000006662e+01,5.000000000000000000e-01
7.325900000000005718e+01,5.000000000000000000e-01
7.326000000000006196e+01,5.000000000000000000e-01
7.326100000000005252e+01,5.000000000000000000e-01
7.326200000000005730e+01,5.000000000000000000e-01
7.326300000000006207e+01,5.000000000000000000e-01
7.326400000000005264e+01,5.000000000000000000e-01
7.326500000000005741e+01,5.000000000000000000e-01
7.326600000000006219e+01,5.000000000000000000e-01
7.326700000000005275e+01,5.000000000000000000e-01
7.326800000000005753e+01,5.000000000000000000e-01
7.326900000000006230e+01,5.000000000000000000e-01
7.327000000000005286e+01,5.000000000000000000e-01
7.327100000000005764e+01,5.000000000000000000e-01
7.327200000000006241e+01,5.000000000000000000e-01
7.327300000000005298e+01,5.000000000000000000e-01
7.327400000000005775e+01,5.000000000000000000e-01
7.327500000000006253e+01,5.000000000000000000e-01
7.327600000000005309e+01,5.000000000000000000e-01
7.327700000000005787e+01,5.000000000000000000e-01
7.327800000000006264e+01,5.000000000000000000e-01
7.327900000000005321e+01,5.000000000000000000e-01
7.328000000000005798e+01,5.000000000000000000e-01
7.328100000000006276e+01,5.000000000000000000e-01
7.328200000000005332e+01,5.000000000000000000e-01
7.328300000000005809e+01,5.000000000000000000e-01
7.328400000000006287e+01,5.000000000000000000e-01
7.328500000000005343e+01,5.000000000000000000e-01
7.328600000000005821e+01,5.000000000000000000e-01
7.328700000000006298e+01,5.000000000000000000e-01
7.328800000000005355e+01,5.000000000000000000e-01
7.328900000000005832e+01,5.000000000000000000e-01
7.329000000000006310e+01,5.000000000000000000e-01
7.329100000000005366e+01,5.000000000000000000e-01
7.329200000000005844e+01,5.000000000000000000e-01
7.329300000000006321e+01,5.000000000000000000e-01
7.329400000000005377e+01,5.000000000000000000e-01
7.329500000000005855e+01,5.000000000000000000e-01
7.329600000000006332e+01,5.000000000000000000e-01
7.329700000000005389e+01,5.000000000000000000e-01
7.329800000000005866e+01,5.000000000000000000e-01
7.329900000000006344e+01,5.000000000000000000e-01
7.330000000000005400e+01,5.000000000000000000e-01
7.330100000000005878e+01,5.000000000000000000e-01
7.330200000000006355e+01,5.000000000000000000e-01
7.330300000000005411e+01,5.000000000000000000e-01
7.330400000000005889e+01,5.000000000000000000e-01
7.330500000000006366e+01,5.000000000000000000e-01
7.330600000000005423e+01,5.000000000000000000e-01
7.330700000000005900e+01,5.000000000000000000e-01
7.330800000000006378e+01,5.000000000000000000e-01
7.330900000000005434e+01,5.000000000000000000e-01
7.331000000000005912e+01,5.000000000000000000e-01
7.331100000000006389e+01,5.000000000000000000e-01
7.331200000000005446e+01,5.000000000000000000e-01
7.331300000000005923e+01,5.000000000000000000e-01
7.331400000000006401e+01,5.000000000000000000e-01
7.331500000000005457e+01,5.000000000000000000e-01
7.331600000000005934e+01,5.000000000000000000e-01
7.331700000000006412e+01,5.000000000000000000e-01
7.331800000000005468e+01,5.000000000000000000e-01
7.331900000000005946e+01,5.000000000000000000e-01
7.332000000000006423e+01,5.000000000000000000e-01
7.332100000000005480e+01,5.000000000000000000e-01
7.332200000000005957e+01,5.000000000000000000e-01
7.332300000000006435e+01,5.000000000000000000e-01
7.332400000000005491e+01,5.000000000000000000e-01
7.332500000000005969e+01,5.000000000000000000e-01
7.332600000000006446e+01,5.000000000000000000e-01
7.332700000000005502e+01,5.000000000000000000e-01
7.332800000000005980e+01,5.000000000000000000e-01
7.332900000000006457e+01,5.000000000000000000e-01
7.333000000000005514e+01,5.000000000000000000e-01
7.333100000000005991e+01,5.000000000000000000e-01
7.333200000000006469e+01,5.000000000000000000e-01
7.333300000000005525e+01,5.000000000000000000e-01
7.333400000000006003e+01,5.000000000000000000e-01
7.333500000000006480e+01,5.000000000000000000e-01
7.333600000000005537e+01,5.000000000000000000e-01
7.333700000000006014e+01,5.000000000000000000e-01
7.333800000000006492e+01,5.000000000000000000e-01
7.333900000000005548e+01,5.000000000000000000e-01
7.334000000000006025e+01,5.000000000000000000e-01
7.334100000000006503e+01,5.000000000000000000e-01
7.334200000000005559e+01,5.000000000000000000e-01
7.334300000000006037e+01,5.000000000000000000e-01
7.334400000000006514e+01,5.000000000000000000e-01
7.334500000000005571e+01,5.000000000000000000e-01
7.334600000000006048e+01,5.000000000000000000e-01
7.334700000000006526e+01,5.000000000000000000e-01
7.334800000000005582e+01,5.000000000000000000e-01
7.334900000000006060e+01,5.000000000000000000e-01
7.335000000000006537e+01,5.000000000000000000e-01
7.335100000000005593e+01,5.000000000000000000e-01
7.335200000000006071e+01,5.000000000000000000e-01
7.335300000000006548e+01,5.000000000000000000e-01
7.335400000000005605e+01,5.000000000000000000e-01
7.335500000000006082e+01,5.000000000000000000e-01
7.335600000000006560e+01,5.000000000000000000e-01
7.335700000000005616e+01,5.000000000000000000e-01
7.335800000000006094e+01,5.000000000000000000e-01
7.335900000000006571e+01,5.000000000000000000e-01
7.336000000000005627e+01,5.000000000000000000e-01
7.336100000000006105e+01,5.000000000000000000e-01
7.336200000000006582e+01,5.000000000000000000e-01
7.336300000000005639e+01,5.000000000000000000e-01
7.336400000000006116e+01,5.000000000000000000e-01
7.336500000000006594e+01,5.000000000000000000e-01
7.336600000000005650e+01,5.000000000000000000e-01
7.336700000000006128e+01,5.000000000000000000e-01
7.336800000000006605e+01,5.000000000000000000e-01
7.336900000000005662e+01,5.000000000000000000e-01
7.337000000000006139e+01,5.000000000000000000e-01
7.337100000000006617e+01,5.000000000000000000e-01
7.337200000000005673e+01,5.000000000000000000e-01
7.337300000000006150e+01,5.000000000000000000e-01
7.337400000000006628e+01,5.000000000000000000e-01
7.337500000000005684e+01,5.000000000000000000e-01
7.337600000000006162e+01,5.000000000000000000e-01
7.337700000000006639e+01,5.000000000000000000e-01
7.337800000000005696e+01,5.000000000000000000e-01
7.337900000000006173e+01,5.000000000000000000e-01
7.338000000000006651e+01,5.000000000000000000e-01
7.338100000000005707e+01,5.000000000000000000e-01
7.338200000000006185e+01,5.000000000000000000e-01
7.338300000000006662e+01,5.000000000000000000e-01
7.338400000000005718e+01,5.000000000000000000e-01
7.338500000000006196e+01,5.000000000000000000e-01
7.338600000000006673e+01,5.000000000000000000e-01
7.338700000000005730e+01,5.000000000000000000e-01
7.338800000000006207e+01,5.000000000000000000e-01
7.338900000000006685e+01,5.000000000000000000e-01
7.339000000000005741e+01,5.000000000000000000e-01
7.339100000000006219e+01,5.000000000000000000e-01
7.339200000000005275e+01,5.000000000000000000e-01
7.339300000000005753e+01,5.000000000000000000e-01
7.339400000000006230e+01,5.000000000000000000e-01
7.339500000000005286e+01,5.000000000000000000e-01
7.339600000000005764e+01,5.000000000000000000e-01
7.339700000000006241e+01,5.000000000000000000e-01
7.339800000000005298e+01,5.000000000000000000e-01
7.339900000000005775e+01,5.000000000000000000e-01
7.340000000000006253e+01,5.000000000000000000e-01
7.340100000000005309e+01,5.000000000000000000e-01
7.340200000000005787e+01,5.000000000000000000e-01
7.340300000000006264e+01,5.000000000000000000e-01
7.340400000000005321e+01,5.000000000000000000e-01
7.340500000000005798e+01,5.000000000000000000e-01
7.340600000000006276e+01,5.000000000000000000e-01
7.340700000000005332e+01,5.000000000000000000e-01
7.340800000000005809e+01,5.000000000000000000e-01
7.340900000000006287e+01,5.000000000000000000e-01
7.341000000000005343e+01,5.000000000000000000e-01
7.341100000000005821e+01,5.000000000000000000e-01
7.341200000000006298e+01,5.000000000000000000e-01
7.341300000000005355e+01,5.000000000000000000e-01
7.341400000000005832e+01,5.000000000000000000e-01
7.341500000000006310e+01,5.000000000000000000e-01
7.341600000000005366e+01,5.000000000000000000e-01
7.341700000000005844e+01,5.000000000000000000e-01
7.341800000000006321e+01,5.000000000000000000e-01
7.341900000000005377e+01,5.000000000000000000e-01
7.342000000000005855e+01,5.000000000000000000e-01
7.342100000000006332e+01,5.000000000000000000e-01
7.342200000000005389e+01,5.000000000000000000e-01
7.342300000000005866e+01,5.000000000000000000e-01
7.342400000000006344e+01,5.000000000000000000e-01
7.342500000000005400e+01,5.000000000000000000e-01
7.342600000000005878e+01,5.000000000000000000e-01
7.342700000000006355e+01,5.000000000000000000e-01
7.342800000000005411e+01,5.000000000000000000e-01
7.342900000000005889e+01,5.000000000000000000e-01
7.343000000000006366e+01,5.000000000000000000e-01
7.343100000000005423e+01,5.000000000000000000e-01
7.343200000000005900e+01,5.000000000000000000e-01
7.343300000000006378e+01,5.000000000000000000e-01
7.343400000000005434e+01,5.000000000000000000e-01
7.343500000000005912e+01,5.000000000000000000e-01
7.343600000000006389e+01,5.000000000000000000e-01
7.343700000000005446e+01,5.000000000000000000e-01
7.343800000000005923e+01,5.000000000000000000e-01
7.343900000000006401e+01,5.000000000000000000e-01
7.344000000000005457e+01,5.000000000000000000e-01
7.344100000000005934e+01,5.000000000000000000e-01
7.344200000000006412e+01,5.000000000000000000e-01
7.344300000000005468e+01,5.000000000000000000e-01
7.344400000000005946e+01,5.000000000000000000e-01
7.344500000000006423e+01,5.000000000000000000e-01
7.344600000000005480e+01,5.000000000000000000e-01
7.344700000000005957e+01,5.000000000000000000e-01
7.344800000000006435e+01,5.000000000000000000e-01
7.344900000000005491e+01,5.000000000000000000e-01
7.345000000000005969e+01,5.000000000000000000e-01
7.345100000000006446e+01,5.000000000000000000e-01
7.345200000000005502e+01,5.000000000000000000e-01
7.345300000000005980e+01,5.000000000000000000e-01
7.345400000000006457e+01,5.000000000000000000e-01
7.345500000000005514e+01,5.000000000000000000e-01
7.345600000000005991e+01,5.000000000000000000e-01
7.345700000000006469e+01,5.000000000000000000e-01
7.345800000000005525e+01,5.000000000000000000e-01
7.345900000000006003e+01,5.000000000000000000e-01
7.346000000000006480e+01,5.000000000000000000e-01
7.346100000000005537e+01,5.000000000000000000e-01
7.346200000000006014e+01,5.000000000000000000e-01
7.346300000000006492e+01,5.000000000000000000e-01
7.346400000000005548e+01,5.000000000000000000e-01
7.346500000000006025e+01,5.000000000000000000e-01
7.346600000000006503e+01,5.000000000000000000e-01
7.346700000000005559e+01,5.000000000000000000e-01
7.346800000000006037e+01,5.000000000000000000e-01
7.346900000000006514e+01,5.000000000000000000e-01
7.347000000000005571e+01,5.000000000000000000e-01
7.347100000000006048e+01,5.000000000000000000e-01
7.347200000000006526e+01,5.000000000000000000e-01
7.347300000000005582e+01,5.000000000000000000e-01
7.347400000000006060e+01,5.000000000000000000e-01
7.347500000000006537e+01,5.000000000000000000e-01
7.347600000000005593e+01,5.000000000000000000e-01
7.347700000000006071e+01,5.000000000000000000e-01
7.347800000000006548e+01,5.000000000000000000e-01
7.347900000000005605e+01,5.000000000000000000e-01
7.348000000000006082e+01,5.000000000000000000e-01
7.348100000000006560e+01,5.000000000000000000e-01
7.348200000000005616e+01,5.000000000000000000e-01
7.348300000000006094e+01,5.000000000000000000e-01
7.348400000000006571e+01,5.000000000000000000e-01
7.348500000000005627e+01,5.000000000000000000e-01
7.348600000000006105e+01,5.000000000000000000e-01
7.348700000000006582e+01,5.000000000000000000e-01
7.348800000000005639e+01,5.000000000000000000e-01
7.348900000000006116e+01,5.000000000000000000e-01
7.349000000000006594e+01,5.000000000000000000e-01
7.349100000000005650e+01,5.000000000000000000e-01
7.349200000000006128e+01,5.000000000000000000e-01
7.349300000000006605e+01,5.000000000000000000e-01
7.349400000000005662e+01,5.000000000000000000e-01
7.349500000000006139e+01,5.000000000000000000e-01
7.349600000000006617e+01,5.000000000000000000e-01
7.349700000000005673e+01,5.000000000000000000e-01
7.349800000000006150e+01,5.000000000000000000e-01
7.349900000000006628e+01,5.000000000000000000e-01
7.350000000000005684e+01,5.000000000000000000e-01
7.350100000000006162e+01,5.000000000000000000e-01
7.350200000000006639e+01,5.000000000000000000e-01
7.350300000000005696e+01,5.000000000000000000e-01
7.350400000000006173e+01,5.000000000000000000e-01
7.350500000000006651e+01,5.000000000000000000e-01
7.350600000000005707e+01,5.000000000000000000e-01
7.350700000000006185e+01,5.000000000000000000e-01
7.350800000000006662e+01,5.000000000000000000e-01
7.350900000000005718e+01,5.000000000000000000e-01
7.351000000000006196e+01,5.000000000000000000e-01
7.351100000000006673e+01,5.000000000000000000e-01
7.351200000000005730e+01,5.000000000000000000e-01
7.351300000000006207e+01,5.000000000000000000e-01
7.351400000000006685e+01,5.000000000000000000e-01
7.351500000000005741e+01,5.000000000000000000e-01
7.351600000000006219e+01,5.000000000000000000e-01
7.351700000000005275e+01,5.000000000000000000e-01
7.351800000000005753e+01,5.000000000000000000e-01
7.351900000000006230e+01,5.000000000000000000e-01
7.352000000000005286e+01,5.000000000000000000e-01
7.352100000000005764e+01,5.000000000000000000e-01
7.352200000000006241e+01,5.000000000000000000e-01
7.352300000000005298e+01,5.000000000000000000e-01
7.352400000000005775e+01,5.000000000000000000e-01
7.352500000000006253e+01,5.000000000000000000e-01
7.352600000000005309e+01,5.000000000000000000e-01
7.352700000000005787e+01,5.000000000000000000e-01
7.352800000000006264e+01,5.000000000000000000e-01
7.352900000000005321e+01,5.000000000000000000e-01
7.353000000000005798e+01,5.000000000000000000e-01
7.353100000000006276e+01,5.000000000000000000e-01
7.353200000000005332e+01,5.000000000000000000e-01
7.353300000000005809e+01,5.000000000000000000e-01
7.353400000000006287e+01,5.000000000000000000e-01
7.353500000000005343e+01,5.000000000000000000e-01
7.353600000000005821e+01,5.000000000000000000e-01
7.353700000000006298e+01,5.000000000000000000e-01
7.353800000000005355e+01,5.000000000000000000e-01
7.353900000000005832e+01,5.000000000000000000e-01
7.354000000000006310e+01,5.000000000000000000e-01
7.354100000000005366e+01,5.000000000000000000e-01
7.354200000000005844e+01,5.000000000000000000e-01
7.354300000000006321e+01,5.000000000000000000e-01
7.354400000000005377e+01,5.000000000000000000e-01
7.354500000000005855e+01,5.000000000000000000e-01
7.354600000000006332e+01,5.000000000000000000e-01
7.354700000000005389e+01,5.000000000000000000e-01
7.354800000000005866e+01,5.000000000000000000e-01
7.354900000000006344e+01,5.000000000000000000e-01
7.355000000000005400e+01,5.000000000000000000e-01
7.355100000000005878e+01,5.000000000000000000e-01
7.355200000000006355e+01,5.000000000000000000e-01
7.355300000000005411e+01,5.000000000000000000e-01
7.355400000000005889e+01,5.000000000000000000e-01
7.355500000000006366e+01,5.000000000000000000e-01
7.355600000000005423e+01,5.000000000000000000e-01
7.355700000000005900e+01,5.000000000000000000e-01
7.355800000000006378e+01,5.000000000000000000e-01
7.355900000000005434e+01,5.000000000000000000e-01
7.356000000000005912e+01,5.000000000000000000e-01
7.356100000000006389e+01,5.000000000000000000e-01
7.356200000000005446e+01,5.000000000000000000e-01
7.356300000000005923e+01,5.000000000000000000e-01
7.356400000000006401e+01,5.000000000000000000e-01
7.356500000000005457e+01,5.000000000000000000e-01
7.356600000000005934e+01,5.000000000000000000e-01
7.356700000000006412e+01,5.000000000000000000e-01
7.356800000000005468e+01,5.000000000000000000e-01
7.356900000000005946e+01,5.000000000000000000e-01
7.357000000000006423e+01,5.000000000000000000e-01
7.357100000000005480e+01,5.000000000000000000e-01
7.357200000000005957e+01,5.000000000000000000e-01
7.357300000000006435e+01,5.000000000000000000e-01
7.357400000000005491e+01,5.000000000000000000e-01
7.357500000000005969e+01,5.000000000000000000e-01
7.357600000000006446e+01,5.000000000000000000e-01
7.357700000000005502e+01,5.000000000000000000e-01
7.357800000000005980e+01,5.000000000000000000e-01
7.357900000000006457e+01,5.000000000000000000e-01
7.358000000000005514e+01,5.000000000000000000e-01
7.358100000000005991e+01,5.000000000000000000e-01
7.358200000000006469e+01,5.000000000000000000e-01
7.358300000000005525e+01,5.000000000000000000e-01
7.358400000000006003e+01,5.000000000000000000e-01
7.358500000000006480e+01,5.000000000000000000e-01
7.358600000000005537e+01,5.000000000000000000e-01
7.358700000000006014e+01,5.000000000000000000e-01
7.358800000000006492e+01,5.000000000000000000e-01
7.358900000000005548e+01,5.000000000000000000e-01
7.359000000000006025e+01,5.000000000000000000e-01
7.359100000000006503e+01,5.000000000000000000e-01
7.359200000000005559e+01,5.000000000000000000e-01
7.359300000000006037e+01,5.000000000000000000e-01
7.359400000000006514e+01,5.000000000000000000e-01
7.359500000000005571e+01,5.000000000000000000e-01
7.359600000000006048e+01,5.000000000000000000e-01
7.359700000000006526e+01,5.000000000000000000e-01
7.359800000000005582e+01,5.000000000000000000e-01
7.359900000000006060e+01,5.000000000000000000e-01
7.360000000000006537e+01,5.000000000000000000e-01
7.360100000000005593e+01,5.000000000000000000e-01
7.360200000000006071e+01,5.000000000000000000e-01
7.360300000000006548e+01,5.000000000000000000e-01
7.360400000000005605e+01,5.000000000000000000e-01
7.360500000000006082e+01,5.000000000000000000e-01
7.360600000000006560e+01,5.000000000000000000e-01
7.360700000000005616e+01,5.000000000000000000e-01
7.360800000000006094e+01,5.000000000000000000e-01
7.360900000000006571e+01,5.000000000000000000e-01
7.361000000000005627e+01,5.000000000000000000e-01
7.361100000000006105e+01,5.000000000000000000e-01
7.361200000000006582e+01,5.000000000000000000e-01
7.361300000000005639e+01,5.000000000000000000e-01
7.361400000000006116e+01,5.000000000000000000e-01
7.361500000000006594e+01,5.000000000000000000e-01
7.361600000000005650e+01,5.000000000000000000e-01
7.361700000000006128e+01,5.000000000000000000e-01
7.361800000000006605e+01,5.000000000000000000e-01
7.361900000000005662e+01,5.000000000000000000e-01
7.362000000000006139e+01,5.000000000000000000e-01
7.362100000000006617e+01,5.000000000000000000e-01
7.362200000000005673e+01,5.000000000000000000e-01
7.362300000000006150e+01,5.000000000000000000e-01
7.362400000000006628e+01,5.000000000000000000e-01
7.362500000000005684e+01,5.000000000000000000e-01
7.362600000000006162e+01,5.000000000000000000e-01
7.362700000000006639e+01,5.000000000000000000e-01
7.362800000000005696e+01,5.000000000000000000e-01
7.362900000000006173e+01,5.000000000000000000e-01
7.363000000000006651e+01,5.000000000000000000e-01
7.363100000000005707e+01,5.000000000000000000e-01
7.363200000000006185e+01,5.000000000000000000e-01
7.363300000000006662e+01,5.000000000000000000e-01
7.363400000000005718e+01,5.000000000000000000e-01
7.363500000000006196e+01,5.000000000000000000e-01
7.363600000000006673e+01,5.000000000000000000e-01
7.363700000000005730e+01,5.000000000000000000e-01
7.363800000000006207e+01,5.000000000000000000e-01
7.363900000000006685e+01,5.000000000000000000e-01
7.364000000000005741e+01,5.000000000000000000e-01
7.364100000000006219e+01,5.000000000000000000e-01
7.364200000000006696e+01,5.000000000000000000e-01
7.364300000000005753e+01,5.000000000000000000e-01
7.364400000000006230e+01,5.000000000000000000e-01
7.364500000000006708e+01,5.000000000000000000e-01
7.364600000000005764e+01,5.000000000000000000e-01
7.364700000000006241e+01,5.000000000000000000e-01
7.364800000000005298e+01,5.000000000000000000e-01
7.364900000000005775e+01,5.000000000000000000e-01
7.365000000000006253e+01,5.000000000000000000e-01
7.365100000000005309e+01,5.000000000000000000e-01
7.365200000000005787e+01,5.000000000000000000e-01
7.365300000000006264e+01,5.000000000000000000e-01
7.365400000000005321e+01,5.000000000000000000e-01
7.365500000000005798e+01,5.000000000000000000e-01
7.365600000000006276e+01,5.000000000000000000e-01
7.365700000000005332e+01,5.000000000000000000e-01
7.365800000000005809e+01,5.000000000000000000e-01
7.365900000000006287e+01,5.000000000000000000e-01
7.366000000000005343e+01,5.000000000000000000e-01
7.366100000000005821e+01,5.000000000000000000e-01
7.366200000000006298e+01,5.000000000000000000e-01
7.366300000000005355e+01,5.000000000000000000e-01
7.366400000000005832e+01,5.000000000000000000e-01
7.366500000000006310e+01,5.000000000000000000e-01
7.366600000000005366e+01,5.000000000000000000e-01
7.366700000000005844e+01,5.000000000000000000e-01
7.366800000000006321e+01,5.000000000000000000e-01
7.366900000000005377e+01,5.000000000000000000e-01
7.367000000000005855e+01,5.000000000000000000e-01
7.367100000000006332e+01,5.000000000000000000e-01
7.367200000000005389e+01,5.000000000000000000e-01
7.367300000000005866e+01,5.000000000000000000e-01
7.367400000000006344e+01,5.000000000000000000e-01
7.367500000000005400e+01,5.000000000000000000e-01
7.367600000000005878e+01,5.000000000000000000e-01
7.367700000000006355e+01,5.000000000000000000e-01
7.367800000000005411e+01,5.000000000000000000e-01
7.367900000000005889e+01,5.000000000000000000e-01
7.368000000000006366e+01,5.000000000000000000e-01
7.368100000000005423e+01,5.000000000000000000e-01
7.368200000000005900e+01,5.000000000000000000e-01
7.368300000000006378e+01,5.000000000000000000e-01
7.368400000000005434e+01,5.000000000000000000e-01
7.368500000000005912e+01,5.000000000000000000e-01
7.368600000000006389e+01,5.000000000000000000e-01
7.368700000000005446e+01,5.000000000000000000e-01
7.368800000000005923e+01,5.000000000000000000e-01
7.368900000000006401e+01,5.000000000000000000e-01
7.369000000000005457e+01,5.000000000000000000e-01
7.369100000000005934e+01,5.000000000000000000e-01
7.369200000000006412e+01,5.000000000000000000e-01
7.369300000000005468e+01,5.000000000000000000e-01
7.369400000000005946e+01,5.000000000000000000e-01
7.369500000000006423e+01,5.000000000000000000e-01
7.369600000000005480e+01,5.000000000000000000e-01
7.369700000000005957e+01,5.000000000000000000e-01
7.369800000000006435e+01,5.000000000000000000e-01
7.369900000000005491e+01,5.000000000000000000e-01
7.370000000000005969e+01,5.000000000000000000e-01
7.370100000000006446e+01,5.000000000000000000e-01
7.370200000000005502e+01,5.000000000000000000e-01
7.370300000000005980e+01,5.000000000000000000e-01
7.370400000000006457e+01,5.000000000000000000e-01
7.370500000000005514e+01,5.000000000000000000e-01
7.370600000000005991e+01,5.000000000000000000e-01
7.370700000000006469e+01,5.000000000000000000e-01
7.370800000000005525e+01,5.000000000000000000e-01
7.370900000000006003e+01,5.000000000000000000e-01
7.371000000000006480e+01,5.000000000000000000e-01
7.371100000000005537e+01,5.000000000000000000e-01
7.371200000000006014e+01,5.000000000000000000e-01
7.371300000000006492e+01,5.000000000000000000e-01
7.371400000000005548e+01,5.000000000000000000e-01
7.371500000000006025e+01,5.000000000000000000e-01
7.371600000000006503e+01,5.000000000000000000e-01
7.371700000000005559e+01,5.000000000000000000e-01
7.371800000000006037e+01,5.000000000000000000e-01
7.371900000000006514e+01,5.000000000000000000e-01
7.372000000000005571e+01,5.000000000000000000e-01
7.372100000000006048e+01,5.000000000000000000e-01
7.372200000000006526e+01,5.000000000000000000e-01
7.372300000000005582e+01,5.000000000000000000e-01
7.372400000000006060e+01,5.000000000000000000e-01
7.372500000000006537e+01,5.000000000000000000e-01
7.372600000000005593e+01,5.000000000000000000e-01
7.372700000000006071e+01,5.000000000000000000e-01
7.372800000000006548e+01,5.000000000000000000e-01
7.372900000000005605e+01,5.000000000000000000e-01
7.373000000000006082e+01,5.000000000000000000e-01
7.373100000000006560e+01,5.000000000000000000e-01
7.373200000000005616e+01,5.000000000000000000e-01
7.373300000000006094e+01,5.000000000000000000e-01
7.373400000000006571e+01,5.000000000000000000e-01
7.373500000000005627e+01,5.000000000000000000e-01
7.373600000000006105e+01,5.000000000000000000e-01
7.373700000000006582e+01,5.000000000000000000e-01
7.373800000000005639e+01,5.000000000000000000e-01
7.373900000000006116e+01,5.000000000000000000e-01
7.374000000000006594e+01,5.000000000000000000e-01
7.374100000000005650e+01,5.000000000000000000e-01
7.374200000000006128e+01,5.000000000000000000e-01
7.374300000000006605e+01,5.000000000000000000e-01
7.374400000000005662e+01,5.000000000000000000e-01
7.374500000000006139e+01,5.000000000000000000e-01
7.374600000000006617e+01,5.000000000000000000e-01
7.374700000000005673e+01,5.000000000000000000e-01
7.374800000000006150e+01,5.000000000000000000e-01
7.374900000000006628e+01,5.000000000000000000e-01
7.375000000000005684e+01,5.000000000000000000e-01
7.375100000000006162e+01,5.000000000000000000e-01
7.375200000000006639e+01,5.000000000000000000e-01
7.375300000000005696e+01,5.000000000000000000e-01
7.375400000000006173e+01,5.000000000000000000e-01
7.375500000000006651e+01,5.000000000000000000e-01
7.375600000000005707e+01,5.000000000000000000e-01
7.375700000000006185e+01,5.000000000000000000e-01
7.375800000000006662e+01,5.000000000000000000e-01
7.375900000000005718e+01,5.000000000000000000e-01
7.376000000000006196e+01,5.000000000000000000e-01
7.376100000000006673e+01,5.000000000000000000e-01
7.376200000000005730e+01,5.000000000000000000e-01
7.376300000000006207e+01,5.000000000000000000e-01
7.376400000000006685e+01,5.000000000000000000e-01
7.376500000000005741e+01,5.000000000000000000e-01
7.376600000000006219e+01,5.000000000000000000e-01
7.376700000000006696e+01,5.000000000000000000e-01
7.376800000000005753e+01,5.000000000000000000e-01
7.376900000000006230e+01,5.000000000000000000e-01
7.377000000000006708e+01,5.000000000000000000e-01
7.377100000000005764e+01,5.000000000000000000e-01
7.377200000000006241e+01,5.000000000000000000e-01
7.377300000000005298e+01,5.000000000000000000e-01
7.377400000000005775e+01,5.000000000000000000e-01
7.377500000000006253e+01,5.000000000000000000e-01
7.377600000000005309e+01,5.000000000000000000e-01
7.377700000000005787e+01,5.000000000000000000e-01
7.377800000000006264e+01,5.000000000000000000e-01
7.377900000000005321e+01,5.000000000000000000e-01
7.378000000000005798e+01,5.000000000000000000e-01
7.378100000000006276e+01,5.000000000000000000e-01
7.378200000000005332e+01,5.000000000000000000e-01
7.378300000000005809e+01,5.000000000000000000e-01
7.378400000000006287e+01,5.000000000000000000e-01
7.378500000000005343e+01,5.000000000000000000e-01
7.378600000000005821e+01,5.000000000000000000e-01
7.378700000000006298e+01,5.000000000000000000e-01
7.378800000000005355e+01,5.000000000000000000e-01
7.378900000000005832e+01,5.000000000000000000e-01
7.379000000000006310e+01,5.000000000000000000e-01
7.379100000000005366e+01,5.000000000000000000e-01
7.379200000000005844e+01,5.000000000000000000e-01
7.379300000000006321e+01,5.000000000000000000e-01
7.379400000000005377e+01,5.000000000000000000e-01
7.379500000000005855e+01,5.000000000000000000e-01
7.379600000000006332e+01,5.000000000000000000e-01
7.379700000000005389e+01,5.000000000000000000e-01
7.379800000000005866e+01,5.000000000000000000e-01
7.379900000000006344e+01,5.000000000000000000e-01
7.380000000000005400e+01,5.000000000000000000e-01
7.380100000000005878e+01,5.000000000000000000e-01
7.380200000000006355e+01,5.000000000000000000e-01
7.380300000000005411e+01,5.000000000000000000e-01
7.380400000000005889e+01,5.000000000000000000e-01
7.380500000000006366e+01,5.000000000000000000e-01
7.380600000000005423e+01,5.000000000000000000e-01
7.380700000000005900e+01,5.000000000000000000e-01
7.380800000000006378e+01,5.000000000000000000e-01
7.380900000000005434e+01,5.000000000000000000e-01
7.381000000000005912e+01,5.000000000000000000e-01
7.381100000000006389e+01,5.000000000000000000e-01
7.381200000000005446e+01,5.000000000000000000e-01
7.381300000000005923e+01,5.000000000000000000e-01
7.381400000000006401e+01,5.000000000000000000e-01
7.381500000000005457e+01,5.000000000000000000e-01
7.381600000000005934e+01,5.000000000000000000e-01
7.381700000000006412e+01,5.000000000000000000e-01
7.381800000000005468e+01,5.000000000000000000e-01
7.381900000000005946e+01,5.000000000000000000e-01
7.382000000000006423e+01,5.000000000000000000e-01
7.382100000000005480e+01,5.000000000000000000e-01
7.382200000000005957e+01,5.000000000000000000e-01
7.382300000000006435e+01,5.000000000000000000e-01
7.382400000000005491e+01,5.000000000000000000e-01
7.382500000000005969e+01,5.000000000000000000e-01
7.382600000000006446e+01,5.000000000000000000e-01
7.382700000000005502e+01,5.000000000000000000e-01
7.382800000000005980e+01,5.000000000000000000e-01
7.382900000000006457e+01,5.000000000000000000e-01
7.383000000000005514e+01,5.000000000000000000e-01
7.383100000000005991e+01,5.000000000000000000e-01
7.383200000000006469e+01,5.000000000000000000e-01
7.383300000000005525e+01,5.000000000000000000e-01
7.383400000000006003e+01,5.000000000000000000e-01
7.383500000000006480e+01,5.000000000000000000e-01
7.383600000000005537e+01,5.000000000000000000e-01
7.383700000000006014e+01,5.000000000000000000e-01
7.383800000000006492e+01,5.000000000000000000e-01
7.383900000000005548e+01,5.000000000000000000e-01
7.384000000000006025e+01,5.000000000000000000e-01
7.384100000000006503e+01,5.000000000000000000e-01
7.384200000000005559e+01,5.000000000000000000e-01
7.384300000000006037e+01,5.000000000000000000e-01
7.384400000000006514e+01,5.000000000000000000e-01
7.384500000000005571e+01,5.000000000000000000e-01
7.384600000000006048e+01,5.000000000000000000e-01
7.384700000000006526e+01,5.000000000000000000e-01
7.384800000000005582e+01,5.000000000000000000e-01
7.384900000000006060e+01,5.000000000000000000e-01
7.385000000000006537e+01,5.000000000000000000e-01
7.385100000000005593e+01,5.000000000000000000e-01
7.385200000000006071e+01,5.000000000000000000e-01
7.385300000000006548e+01,5.000000000000000000e-01
7.385400000000005605e+01,5.000000000000000000e-01
7.385500000000006082e+01,5.000000000000000000e-01
7.385600000000006560e+01,5.000000000000000000e-01
7.385700000000005616e+01,5.000000000000000000e-01
7.385800000000006094e+01,5.000000000000000000e-01
7.385900000000006571e+01,5.000000000000000000e-01
7.386000000000005627e+01,5.000000000000000000e-01
7.386100000000006105e+01,5.000000000000000000e-01
7.386200000000006582e+01,5.000000000000000000e-01
7.386300000000005639e+01,5.000000000000000000e-01
7.386400000000006116e+01,5.000000000000000000e-01
7.386500000000006594e+01,5.000000000000000000e-01
7.386600000000005650e+01,5.000000000000000000e-01
7.386700000000006128e+01,5.000000000000000000e-01
7.386800000000006605e+01,5.000000000000000000e-01
7.386900000000005662e+01,5.000000000000000000e-01
7.387000000000006139e+01,5.000000000000000000e-01
7.387100000000006617e+01,5.000000000000000000e-01
7.387200000000005673e+01,5.000000000000000000e-01
7.387300000000006150e+01,5.000000000000000000e-01
7.387400000000006628e+01,5.000000000000000000e-01
7.387500000000005684e+01,5.000000000000000000e-01
7.387600000000006162e+01,5.000000000000000000e-01
7.387700000000006639e+01,5.000000000000000000e-01
7.387800000000005696e+01,5.000000000000000000e-01
7.387900000000006173e+01,5.000000000000000000e-01
7.388000000000006651e+01,5.000000000000000000e-01
7.388100000000005707e+01,5.000000000000000000e-01
7.388200000000006185e+01,5.000000000000000000e-01
7.388300000000006662e+01,5.000000000000000000e-01
7.388400000000005718e+01,5.000000000000000000e-01
7.388500000000006196e+01,5.000000000000000000e-01
7.388600000000006673e+01,5.000000000000000000e-01
7.388700000000005730e+01,5.000000000000000000e-01
7.388800000000006207e+01,5.000000000000000000e-01
7.388900000000006685e+01,5.000000000000000000e-01
7.389000000000005741e+01,5.000000000000000000e-01
7.389100000000006219e+01,5.000000000000000000e-01
7.389200000000006696e+01,5.000000000000000000e-01
7.389300000000005753e+01,5.000000000000000000e-01
7.389400000000006230e+01,5.000000000000000000e-01
7.389500000000006708e+01,5.000000000000000000e-01
7.389600000000005764e+01,5.000000000000000000e-01
7.389700000000006241e+01,5.000000000000000000e-01
7.389800000000006719e+01,5.000000000000000000e-01
7.389900000000005775e+01,5.000000000000000000e-01
7.390000000000006253e+01,5.000000000000000000e-01
7.390100000000006730e+01,5.000000000000000000e-01
7.390200000000005787e+01,5.000000000000000000e-01
7.390300000000006264e+01,5.000000000000000000e-01
7.390400000000005321e+01,5.000000000000000000e-01
7.390500000000005798e+01,5.000000000000000000e-01
7.390600000000006276e+01,5.000000000000000000e-01
7.390700000000005332e+01,5.000000000000000000e-01
7.390800000000005809e+01,5.000000000000000000e-01
7.390900000000006287e+01,5.000000000000000000e-01
7.391000000000005343e+01,5.000000000000000000e-01
7.391100000000005821e+01,5.000000000000000000e-01
7.391200000000006298e+01,5.000000000000000000e-01
7.391300000000005355e+01,5.000000000000000000e-01
7.391400000000005832e+01,5.000000000000000000e-01
7.391500000000006310e+01,5.000000000000000000e-01
7.391600000000005366e+01,5.000000000000000000e-01
7.391700000000005844e+01,5.000000000000000000e-01
7.391800000000006321e+01,5.000000000000000000e-01
7.391900000000005377e+01,5.000000000000000000e-01
7.392000000000005855e+01,5.000000000000000000e-01
7.392100000000006332e+01,5.000000000000000000e-01
7.392200000000005389e+01,5.000000000000000000e-01
7.392300000000005866e+01,5.000000000000000000e-01
7.392400000000006344e+01,5.000000000000000000e-01
7.392500000000005400e+01,5.000000000000000000e-01
7.392600000000005878e+01,5.000000000000000000e-01
7.392700000000006355e+01,5.000000000000000000e-01
7.392800000000005411e+01,5.000000000000000000e-01
7.392900000000005889e+01,5.000000000000000000e-01
7.393000000000006366e+01,5.000000000000000000e-01
7.393100000000005423e+01,5.000000000000000000e-01
7.393200000000005900e+01,5.000000000000000000e-01
7.393300000000006378e+01,5.000000000000000000e-01
7.393400000000005434e+01,5.000000000000000000e-01
7.393500000000005912e+01,5.000000000000000000e-01
7.393600000000006389e+01,5.000000000000000000e-01
7.393700000000005446e+01,5.000000000000000000e-01
7.393800000000005923e+01,5.000000000000000000e-01
7.393900000000006401e+01,5.000000000000000000e-01
7.394000000000005457e+01,5.000000000000000000e-01
7.394100000000005934e+01,5.000000000000000000e-01
7.394200000000006412e+01,5.000000000000000000e-01
7.394300000000005468e+01,5.000000000000000000e-01
7.394400000000005946e+01,5.000000000000000000e-01
7.394500000000006423e+01,5.000000000000000000e-01
7.394600000000005480e+01,5.000000000000000000e-01
7.394700000000005957e+01,5.000000000000000000e-01
7.394800000000006435e+01,5.000000000000000000e-01
7.394900000000005491e+01,5.000000000000000000e-01
7.395000000000005969e+01,5.000000000000000000e-01
7.395100000000006446e+01,5.000000000000000000e-01
7.395200000000005502e+01,5.000000000000000000e-01
7.395300000000005980e+01,5.000000000000000000e-01
7.395400000000006457e+01,5.000000000000000000e-01
7.395500000000005514e+01,5.000000000000000000e-01
7.395600000000005991e+01,5.000000000000000000e-01
7.395700000000006469e+01,5.000000000000000000e-01
7.395800000000005525e+01,5.000000000000000000e-01
7.395900000000006003e+01,5.000000000000000000e-01
7.396000000000006480e+01,5.000000000000000000e-01
7.396100000000005537e+01,5.000000000000000000e-01
7.396200000000006014e+01,5.000000000000000000e-01
7.396300000000006492e+01,5.000000000000000000e-01
7.396400000000005548e+01,5.000000000000000000e-01
7.396500000000006025e+01,5.000000000000000000e-01
7.396600000000006503e+01,5.000000000000000000e-01
7.396700000000005559e+01,5.000000000000000000e-01
7.396800000000006037e+01,5.000000000000000000e-01
7.396900000000006514e+01,5.000000000000000000e-01
7.397000000000005571e+01,5.000000000000000000e-01
7.397100000000006048e+01,5.000000000000000000e-01
7.397200000000006526e+01,5.000000000000000000e-01
7.397300000000005582e+01,5.000000000000000000e-01
7.397400000000006060e+01,5.000000000000000000e-01
7.397500000000006537e+01,5.000000000000000000e-01
7.397600000000005593e+01,5.000000000000000000e-01
7.397700000000006071e+01,5.000000000000000000e-01
7.397800000000006548e+01,5.000000000000000000e-01
7.397900000000005605e+01,5.000000000000000000e-01
7.398000000000006082e+01,5.000000000000000000e-01
7.398100000000006560e+01,5.000000000000000000e-01
7.398200000000005616e+01,5.000000000000000000e-01
7.398300000000006094e+01,5.000000000000000000e-01
7.398400000000006571e+01,5.000000000000000000e-01
7.398500000000005627e+01,5.000000000000000000e-01
7.398600000000006105e+01,5.000000000000000000e-01
7.398700000000006582e+01,5.000000000000000000e-01
7.398800000000005639e+01,5.000000000000000000e-01
7.398900000000006116e+01,5.000000000000000000e-01
7.399000000000006594e+01,5.000000000000000000e-01
7.399100000000005650e+01,5.000000000000000000e-01
7.399200000000006128e+01,5.000000000000000000e-01
7.399300000000006605e+01,5.000000000000000000e-01
7.399400000000005662e+01,5.000000000000000000e-01
7.399500000000006139e+01,5.000000000000000000e-01
7.399600000000006617e+01,5.000000000000000000e-01
7.399700000000005673e+01,5.000000000000000000e-01
7.399800000000006150e+01,5.000000000000000000e-01
7.399900000000006628e+01,5.000000000000000000e-01
7.400000000000005684e+01,5.000000000000000000e-01
7.400100000000006162e+01,5.000000000000000000e-01
7.400200000000006639e+01,5.000000000000000000e-01
7.400300000000005696e+01,5.000000000000000000e-01
7.400400000000006173e+01,5.000000000000000000e-01
7.400500000000006651e+01,5.000000000000000000e-01
7.400600000000005707e+01,5.000000000000000000e-01
7.400700000000006185e+01,5.000000000000000000e-01
7.400800000000006662e+01,5.000000000000000000e-01
7.400900000000005718e+01,5.000000000000000000e-01
7.401000000000006196e+01,5.000000000000000000e-01
7.401100000000006673e+01,5.000000000000000000e-01
7.401200000000005730e+01,5.000000000000000000e-01
7.401300000000006207e+01,5.000000000000000000e-01
7.401400000000006685e+01,5.000000000000000000e-01
7.401500000000005741e+01,5.000000000000000000e-01
7.401600000000006219e+01,5.000000000000000000e-01
7.401700000000006696e+01,5.000000000000000000e-01
7.401800000000005753e+01,5.000000000000000000e-01
7.401900000000006230e+01,5.000000000000000000e-01
7.402000000000006708e+01,5.000000000000000000e-01
7.402100000000005764e+01,5.000000000000000000e-01
7.402200000000006241e+01,5.000000000000000000e-01
7.402300000000006719e+01,5.000000000000000000e-01
7.402400000000005775e+01,5.000000000000000000e-01
7.402500000000006253e+01,5.000000000000000000e-01
7.402600000000006730e+01,5.000000000000000000e-01
7.402700000000005787e+01,5.000000000000000000e-01
7.402800000000006264e+01,5.000000000000000000e-01
7.402900000000005321e+01,5.000000000000000000e-01
7.403000000000005798e+01,5.000000000000000000e-01
7.403100000000006276e+01,5.000000000000000000e-01
7.403200000000005332e+01,5.000000000000000000e-01
7.403300000000005809e+01,5.000000000000000000e-01
7.403400000000006287e+01,5.000000000000000000e-01
7.403500000000005343e+01,5.000000000000000000e-01
7.403600000000005821e+01,5.000000000000000000e-01
7.403700000000006298e+01,5.000000000000000000e-01
7.403800000000005355e+01,5.000000000000000000e-01
7.403900000000005832e+01,5.000000000000000000e-01
7.404000000000006310e+01,5.000000000000000000e-01
7.404100000000005366e+01,5.000000000000000000e-01
7.404200000000005844e+01,5.000000000000000000e-01
7.404300000000006321e+01,5.000000000000000000e-01
7.404400000000005377e+01,5.000000000000000000e-01
7.404500000000005855e+01,5.000000000000000000e-01
7.404600000000006332e+01,5.000000000000000000e-01
7.404700000000005389e+01,5.000000000000000000e-01
7.404800000000005866e+01,5.000000000000000000e-01
7.404900000000006344e+01,5.000000000000000000e-01
7.405000000000005400e+01,5.000000000000000000e-01
7.405100000000005878e+01,5.000000000000000000e-01
7.405200000000006355e+01,5.000000000000000000e-01
7.405300000000005411e+01,5.000000000000000000e-01
7.405400000000005889e+01,5.000000000000000000e-01
7.405500000000006366e+01,5.000000000000000000e-01
7.405600000000005423e+01,5.000000000000000000e-01
7.405700000000005900e+01,5.000000000000000000e-01
7.405800000000006378e+01,5.000000000000000000e-01
7.405900000000005434e+01,5.000000000000000000e-01
7.406000000000005912e+01,5.000000000000000000e-01
7.406100000000006389e+01,5.000000000000000000e-01
7.406200000000005446e+01,5.000000000000000000e-01
7.406300000000005923e+01,5.000000000000000000e-01
7.406400000000006401e+01,5.000000000000000000e-01
7.406500000000005457e+01,5.000000000000000000e-01
7.406600000000005934e+01,5.000000000000000000e-01
7.406700000000006412e+01,5.000000000000000000e-01
7.406800000000005468e+01,5.000000000000000000e-01
7.406900000000005946e+01,5.000000000000000000e-01
7.407000000000006423e+01,5.000000000000000000e-01
7.407100000000005480e+01,5.000000000000000000e-01
7.407200000000005957e+01,5.000000000000000000e-01
7.407300000000006435e+01,5.000000000000000000e-01
7.407400000000005491e+01,5.000000000000000000e-01
7.407500000000005969e+01,5.000000000000000000e-01
7.407600000000006446e+01,5.000000000000000000e-01
7.407700000000005502e+01,5.000000000000000000e-01
7.407800000000005980e+01,5.000000000000000000e-01
7.407900000000006457e+01,5.000000000000000000e-01
7.408000000000005514e+01,5.000000000000000000e-01
7.408100000000005991e+01,5.000000000000000000e-01
7.408200000000006469e+01,5.000000000000000000e-01
7.408300000000005525e+01,5.000000000000000000e-01
7.408400000000006003e+01,5.000000000000000000e-01
7.408500000000006480e+01,5.000000000000000000e-01
7.408600000000005537e+01,5.000000000000000000e-01
7.408700000000006014e+01,5.000000000000000000e-01
7.408800000000006492e+01,5.000000000000000000e-01
7.408900000000005548e+01,5.000000000000000000e-01
7.409000000000006025e+01,5.000000000000000000e-01
7.409100000000006503e+01,5.000000000000000000e-01
7.409200000000005559e+01,5.000000000000000000e-01
7.409300000000006037e+01,5.000000000000000000e-01
7.409400000000006514e+01,5.000000000000000000e-01
7.409500000000005571e+01,5.000000000000000000e-01
7.409600000000006048e+01,5.000000000000000000e-01
7.409700000000006526e+01,5.000000000000000000e-01
7.409800000000005582e+01,5.000000000000000000e-01
7.409900000000006060e+01,5.000000000000000000e-01
7.410000000000006537e+01,5.000000000000000000e-01
7.410100000000005593e+01,5.000000000000000000e-01
7.410200000000006071e+01,5.000000000000000000e-01
7.410300000000006548e+01,5.000000000000000000e-01
7.410400000000005605e+01,5.000000000000000000e-01
7.410500000000006082e+01,5.000000000000000000e-01
7.410600000000006560e+01,5.000000000000000000e-01
7.410700000000005616e+01,5.000000000000000000e-01
7.410800000000006094e+01,5.000000000000000000e-01
7.410900000000006571e+01,5.000000000000000000e-01
7.411000000000005627e+01,5.000000000000000000e-01
7.411100000000006105e+01,5.000000000000000000e-01
7.411200000000006582e+01,5.000000000000000000e-01
7.411300000000005639e+01,5.000000000000000000e-01
7.411400000000006116e+01,5.000000000000000000e-01
7.411500000000006594e+01,5.000000000000000000e-01
7.411600000000005650e+01,5.000000000000000000e-01
7.411700000000006128e+01,5.000000000000000000e-01
7.411800000000006605e+01,5.000000000000000000e-01
7.411900000000005662e+01,5.000000000000000000e-01
7.412000000000006139e+01,5.000000000000000000e-01
7.412100000000006617e+01,5.000000000000000000e-01
7.412200000000005673e+01,5.000000000000000000e-01
7.412300000000006150e+01,5.000000000000000000e-01
7.412400000000006628e+01,5.000000000000000000e-01
7.412500000000005684e+01,5.000000000000000000e-01
7.412600000000006162e+01,5.000000000000000000e-01
7.412700000000006639e+01,5.000000000000000000e-01
7.412800000000005696e+01,5.000000000000000000e-01
7.412900000000006173e+01,5.000000000000000000e-01
7.413000000000006651e+01,5.000000000000000000e-01
7.413100000000005707e+01,5.000000000000000000e-01
7.413200000000006185e+01,5.000000000000000000e-01
7.413300000000006662e+01,5.000000000000000000e-01
7.413400000000005718e+01,5.000000000000000000e-01
7.413500000000006196e+01,5.000000000000000000e-01
7.413600000000006673e+01,5.000000000000000000e-01
7.413700000000005730e+01,5.000000000000000000e-01
7.413800000000006207e+01,5.000000000000000000e-01
7.413900000000006685e+01,5.000000000000000000e-01
7.414000000000005741e+01,5.000000000000000000e-01
7.414100000000006219e+01,5.000000000000000000e-01
7.414200000000006696e+01,5.000000000000000000e-01
7.414300000000005753e+01,5.000000000000000000e-01
7.414400000000006230e+01,5.000000000000000000e-01
7.414500000000006708e+01,5.000000000000000000e-01
7.414600000000005764e+01,5.000000000000000000e-01
7.414700000000006241e+01,5.000000000000000000e-01
7.414800000000006719e+01,5.000000000000000000e-01
7.414900000000005775e+01,5.000000000000000000e-01
7.415000000000006253e+01,5.000000000000000000e-01
7.415100000000006730e+01,5.000000000000000000e-01
7.415200000000005787e+01,5.000000000000000000e-01
7.415300000000006264e+01,5.000000000000000000e-01
7.415400000000006742e+01,5.000000000000000000e-01
7.415500000000005798e+01,5.000000000000000000e-01
7.415600000000006276e+01,5.000000000000000000e-01
7.415700000000006753e+01,5.000000000000000000e-01
7.415800000000005809e+01,5.000000000000000000e-01
7.415900000000006287e+01,5.000000000000000000e-01
7.416000000000005343e+01,5.000000000000000000e-01
7.416100000000005821e+01,5.000000000000000000e-01
7.416200000000006298e+01,5.000000000000000000e-01
7.416300000000005355e+01,5.000000000000000000e-01
7.416400000000005832e+01,5.000000000000000000e-01
7.416500000000006310e+01,5.000000000000000000e-01
7.416600000000005366e+01,5.000000000000000000e-01
7.416700000000005844e+01,5.000000000000000000e-01
7.416800000000006321e+01,5.000000000000000000e-01
7.416900000000005377e+01,5.000000000000000000e-01
7.417000000000005855e+01,5.000000000000000000e-01
7.417100000000006332e+01,5.000000000000000000e-01
7.417200000000005389e+01,5.000000000000000000e-01
7.417300000000005866e+01,5.000000000000000000e-01
7.417400000000006344e+01,5.000000000000000000e-01
7.417500000000005400e+01,5.000000000000000000e-01
7.417600000000005878e+01,5.000000000000000000e-01
7.417700000000006355e+01,5.000000000000000000e-01
7.417800000000005411e+01,5.000000000000000000e-01
7.417900000000005889e+01,5.000000000000000000e-01
7.418000000000006366e+01,5.000000000000000000e-01
7.418100000000005423e+01,5.000000000000000000e-01
7.418200000000005900e+01,5.000000000000000000e-01
7.418300000000006378e+01,5.000000000000000000e-01
7.418400000000005434e+01,5.000000000000000000e-01
7.418500000000005912e+01,5.000000000000000000e-01
7.418600000000006389e+01,5.000000000000000000e-01
7.418700000000005446e+01,5.000000000000000000e-01
7.418800000000005923e+01,5.000000000000000000e-01
7.418900000000006401e+01,5.000000000000000000e-01
7.419000000000005457e+01,5.000000000000000000e-01
7.419100000000005934e+01,5.000000000000000000e-01
7.419200000000006412e+01,5.000000000000000000e-01
7.419300000000005468e+01,5.000000000000000000e-01
7.419400000000005946e+01,5.000000000000000000e-01
7.419500000000006423e+01,5.000000000000000000e-01
7.419600000000005480e+01,5.000000000000000000e-01
7.419700000000005957e+01,5.000000000000000000e-01
7.419800000000006435e+01,5.000000000000000000e-01
7.419900000000005491e+01,5.000000000000000000e-01
7.420000000000005969e+01,5.000000000000000000e-01
7.420100000000006446e+01,5.000000000000000000e-01
7.420200000000005502e+01,5.000000000000000000e-01
7.420300000000005980e+01,5.000000000000000000e-01
7.420400000000006457e+01,5.000000000000000000e-01
7.420500000000005514e+01,5.000000000000000000e-01
7.420600000000005991e+01,5.000000000000000000e-01
7.420700000000006469e+01,5.000000000000000000e-01
7.420800000000005525e+01,5.000000000000000000e-01
7.420900000000006003e+01,5.000000000000000000e-01
7.421000000000006480e+01,5.000000000000000000e-01
7.421100000000005537e+01,5.000000000000000000e-01
7.421200000000006014e+01,5.000000000000000000e-01
7.421300000000006492e+01,5.000000000000000000e-01
7.421400000000005548e+01,5.000000000000000000e-01
7.421500000000006025e+01,5.000000000000000000e-01
7.421600000000006503e+01,5.000000000000000000e-01
7.421700000000005559e+01,5.000000000000000000e-01
7.421800000000006037e+01,5.000000000000000000e-01
7.421900000000006514e+01,5.000000000000000000e-01
7.422000000000005571e+01,5.000000000000000000e-01
7.422100000000006048e+01,5.000000000000000000e-01
7.422200000000006526e+01,5.000000000000000000e-01
7.422300000000005582e+01,5.000000000000000000e-01
7.422400000000006060e+01,5.000000000000000000e-01
7.422500000000006537e+01,5.000000000000000000e-01
7.422600000000005593e+01,5.000000000000000000e-01
7.422700000000006071e+01,5.000000000000000000e-01
7.422800000000006548e+01,5.000000000000000000e-01
7.422900000000005605e+01,5.000000000000000000e-01
7.423000000000006082e+01,5.000000000000000000e-01
7.423100000000006560e+01,5.000000000000000000e-01
7.423200000000005616e+01,5.000000000000000000e-01
7.423300000000006094e+01,5.000000000000000000e-01
7.423400000000006571e+01,5.000000000000000000e-01
7.423500000000005627e+01,5.000000000000000000e-01
7.423600000000006105e+01,5.000000000000000000e-01
7.423700000000006582e+01,5.000000000000000000e-01
7.423800000000005639e+01,5.000000000000000000e-01
7.423900000000006116e+01,5.000000000000000000e-01
7.424000000000006594e+01,5.000000000000000000e-01
7.424100000000005650e+01,5.000000000000000000e-01
7.424200000000006128e+01,5.000000000000000000e-01
7.424300000000006605e+01,5.000000000000000000e-01
7.424400000000005662e+01,5.000000000000000000e-01
7.424500000000006139e+01,5.000000000000000000e-01
7.424600000000006617e+01,5.000000000000000000e-01
7.424700000000005673e+01,5.000000000000000000e-01
7.424800000000006150e+01,5.000000000000000000e-01
7.424900000000006628e+01,5.000000000000000000e-01
7.425000000000005684e+01,5.000000000000000000e-01
7.425100000000006162e+01,5.000000000000000000e-01
7.425200000000006639e+01,5.000000000000000000e-01
7.425300000000005696e+01,5.000000000000000000e-01
7.425400000000006173e+01,5.000000000000000000e-01
7.425500000000006651e+01,5.000000000000000000e-01
7.425600000000005707e+01,5.000000000000000000e-01
7.425700000000006185e+01,5.000000000000000000e-01
7.425800000000006662e+01,5.000000000000000000e-01
7.425900000000005718e+01,5.000000000000000000e-01
7.426000000000006196e+01,5.000000000000000000e-01
7.426100000000006673e+01,5.000000000000000000e-01
7.426200000000005730e+01,5.000000000000000000e-01
7.426300000000006207e+01,5.000000000000000000e-01
7.426400000000006685e+01,5.000000000000000000e-01
7.426500000000005741e+01,5.000000000000000000e-01
7.426600000000006219e+01,5.000000000000000000e-01
7.426700000000006696e+01,5.000000000000000000e-01
7.426800000000005753e+01,5.000000000000000000e-01
7.426900000000006230e+01,5.000000000000000000e-01
7.427000000000006708e+01,5.000000000000000000e-01
7.427100000000005764e+01,5.000000000000000000e-01
7.427200000000006241e+01,5.000000000000000000e-01
7.427300000000006719e+01,5.000000000000000000e-01
7.427400000000005775e+01,5.000000000000000000e-01
7.427500000000006253e+01,5.000000000000000000e-01
7.427600000000006730e+01,5.000000000000000000e-01
7.427700000000005787e+01,5.000000000000000000e-01
7.427800000000006264e+01,5.000000000000000000e-01
7.427900000000006742e+01,5.000000000000000000e-01
7.428000000000005798e+01,5.000000000000000000e-01
7.428100000000006276e+01,5.000000000000000000e-01
7.428200000000006753e+01,5.000000000000000000e-01
7.428300000000005809e+01,5.000000000000000000e-01
7.428400000000006287e+01,5.000000000000000000e-01
7.428500000000005343e+01,5.000000000000000000e-01
7.428600000000005821e+01,5.000000000000000000e-01
7.428700000000006298e+01,5.000000000000000000e-01
7.428800000000005355e+01,5.000000000000000000e-01
7.428900000000005832e+01,5.000000000000000000e-01
7.429000000000006310e+01,5.000000000000000000e-01
7.429100000000005366e+01,5.000000000000000000e-01
7.429200000000005844e+01,5.000000000000000000e-01
7.429300000000006321e+01,5.000000000000000000e-01
7.429400000000005377e+01,5.000000000000000000e-01
7.429500000000005855e+01,5.000000000000000000e-01
7.429600000000006332e+01,5.000000000000000000e-01
7.429700000000005389e+01,5.000000000000000000e-01
7.429800000000005866e+01,5.000000000000000000e-01
7.429900000000006344e+01,5.000000000000000000e-01
7.430000000000005400e+01,5.000000000000000000e-01
7.430100000000005878e+01,5.000000000000000000e-01
7.430200000000006355e+01,5.000000000000000000e-01
7.430300000000005411e+01,5.000000000000000000e-01
7.430400000000005889e+01,5.000000000000000000e-01
7.430500000000006366e+01,5.000000000000000000e-01
7.430600000000005423e+01,5.000000000000000000e-01
7.430700000000005900e+01,5.000000000000000000e-01
7.430800000000006378e+01,5.000000000000000000e-01
7.430900000000005434e+01,5.000000000000000000e-01
7.431000000000005912e+01,5.000000000000000000e-01
7.431100000000006389e+01,5.000000000000000000e-01
7.431200000000005446e+01,5.000000000000000000e-01
7.431300000000005923e+01,5.000000000000000000e-01
7.431400000000006401e+01,5.000000000000000000e-01
7.431500000000005457e+01,5.000000000000000000e-01
7.431600000000005934e+01,5.000000000000000000e-01
7.431700000000006412e+01,5.000000000000000000e-01
7.431800000000005468e+01,5.000000000000000000e-01
7.431900000000005946e+01,5.000000000000000000e-01
7.432000000000006423e+01,5.000000000000000000e-01
7.432100000000005480e+01,5.000000000000000000e-01
7.432200000000005957e+01,5.000000000000000000e-01
7.432300000000006435e+01,5.000000000000000000e-01
7.432400000000005491e+01,5.000000000000000000e-01
7.432500000000005969e+01,5.000000000000000000e-01
7.432600000000006446e+01,5.000000000000000000e-01
7.432700000000005502e+01,5.000000000000000000e-01
7.432800000000005980e+01,5.000000000000000000e-01
7.432900000000006457e+01,5.000000000000000000e-01
7.433000000000005514e+01,5.000000000000000000e-01
7.433100000000005991e+01,5.000000000000000000e-01
7.433200000000006469e+01,5.000000000000000000e-01
7.433300000000005525e+01,5.000000000000000000e-01
7.433400000000006003e+01,5.000000000000000000e-01
7.433500000000006480e+01,5.000000000000000000e-01
7.433600000000005537e+01,5.000000000000000000e-01
7.433700000000006014e+01,5.000000000000000000e-01
7.433800000000006492e+01,5.000000000000000000e-01
7.433900000000005548e+01,5.000000000000000000e-01
7.434000000000006025e+01,5.000000000000000000e-01
7.434100000000006503e+01,5.000000000000000000e-01
7.434200000000005559e+01,5.000000000000000000e-01
7.434300000000006037e+01,5.000000000000000000e-01
7.434400000000006514e+01,5.000000000000000000e-01
7.434500000000005571e+01,5.000000000000000000e-01
7.434600000000006048e+01,5.000000000000000000e-01
7.434700000000006526e+01,5.000000000000000000e-01
7.434800000000005582e+01,5.000000000000000000e-01
7.434900000000006060e+01,5.000000000000000000e-01
7.435000000000006537e+01,5.000000000000000000e-01
7.435100000000005593e+01,5.000000000000000000e-01
7.435200000000006071e+01,5.000000000000000000e-01
7.435300000000006548e+01,5.000000000000000000e-01
7.435400000000005605e+01,5.000000000000000000e-01
7.435500000000006082e+01,5.000000000000000000e-01
7.435600000000006560e+01,5.000000000000000000e-01
7.435700000000005616e+01,5.000000000000000000e-01
7.435800000000006094e+01,5.000000000000000000e-01
7.435900000000006571e+01,5.000000000000000000e-01
7.436000000000005627e+01,5.000000000000000000e-01
7.436100000000006105e+01,5.000000000000000000e-01
7.436200000000006582e+01,5.000000000000000000e-01
7.436300000000005639e+01,5.000000000000000000e-01
7.436400000000006116e+01,5.000000000000000000e-01
7.436500000000006594e+01,5.000000000000000000e-01
7.436600000000005650e+01,5.000000000000000000e-01
7.436700000000006128e+01,5.000000000000000000e-01
7.436800000000006605e+01,5.000000000000000000e-01
7.436900000000005662e+01,5.000000000000000000e-01
7.437000000000006139e+01,5.000000000000000000e-01
7.437100000000006617e+01,5.000000000000000000e-01
7.437200000000005673e+01,5.000000000000000000e-01
7.437300000000006150e+01,5.000000000000000000e-01
7.437400000000006628e+01,5.000000000000000000e-01
7.437500000000005684e+01,5.000000000000000000e-01
7.437600000000006162e+01,5.000000000000000000e-01
7.437700000000006639e+01,5.000000000000000000e-01
7.437800000000005696e+01,5.000000000000000000e-01
7.437900000000006173e+01,5.000000000000000000e-01
7.438000000000006651e+01,5.000000000000000000e-01
7.438100000000005707e+01,5.000000000000000000e-01
7.438200000000006185e+01,5.000000000000000000e-01
7.438300000000006662e+01,5.000000000000000000e-01
7.438400000000005718e+01,5.000000000000000000e-01
7.438500000000006196e+01,5.000000000000000000e-01
7.438600000000006673e+01,5.000000000000000000e-01
7.438700000000005730e+01,5.000000000000000000e-01
7.438800000000006207e+01,5.000000000000000000e-01
7.438900000000006685e+01,5.000000000000000000e-01
7.439000000000005741e+01,5.000000000000000000e-01
7.439100000000006219e+01,5.000000000000000000e-01
7.439200000000006696e+01,5.000000000000000000e-01
7.439300000000005753e+01,5.000000000000000000e-01
7.439400000000006230e+01,5.000000000000000000e-01
7.439500000000006708e+01,5.000000000000000000e-01
7.439600000000005764e+01,5.000000000000000000e-01
7.439700000000006241e+01,5.000000000000000000e-01
7.439800000000006719e+01,5.000000000000000000e-01
7.439900000000005775e+01,5.000000000000000000e-01
7.440000000000006253e+01,5.000000000000000000e-01
7.440100000000006730e+01,5.000000000000000000e-01
7.440200000000005787e+01,5.000000000000000000e-01
7.440300000000006264e+01,5.000000000000000000e-01
7.440400000000006742e+01,5.000000000000000000e-01
7.440500000000005798e+01,5.000000000000000000e-01
7.440600000000006276e+01,5.000000000000000000e-01
7.440700000000006753e+01,5.000000000000000000e-01
7.440800000000005809e+01,5.000000000000000000e-01
7.440900000000006287e+01,5.000000000000000000e-01
7.441000000000006764e+01,5.000000000000000000e-01
7.441100000000005821e+01,5.000000000000000000e-01
7.441200000000006298e+01,5.000000000000000000e-01
7.441300000000006776e+01,5.000000000000000000e-01
7.441400000000005832e+01,5.000000000000000000e-01
7.441500000000006310e+01,5.000000000000000000e-01
7.441600000000005366e+01,5.000000000000000000e-01
7.441700000000005844e+01,5.000000000000000000e-01
7.441800000000006321e+01,5.000000000000000000e-01
7.441900000000005377e+01,5.000000000000000000e-01
7.442000000000005855e+01,5.000000000000000000e-01
7.442100000000006332e+01,5.000000000000000000e-01
7.442200000000005389e+01,5.000000000000000000e-01
7.442300000000005866e+01,5.000000000000000000e-01
7.442400000000006344e+01,5.000000000000000000e-01
7.442500000000005400e+01,5.000000000000000000e-01
7.442600000000005878e+01,5.000000000000000000e-01
7.442700000000006355e+01,5.000000000000000000e-01
7.442800000000005411e+01,5.000000000000000000e-01
7.442900000000005889e+01,5.000000000000000000e-01
7.443000000000006366e+01,5.000000000000000000e-01
7.443100000000005423e+01,5.000000000000000000e-01
7.443200000000005900e+01,5.000000000000000000e-01
7.443300000000006378e+01,5.000000000000000000e-01
7.443400000000005434e+01,5.000000000000000000e-01
7.443500000000005912e+01,5.000000000000000000e-01
7.443600000000006389e+01,5.000000000000000000e-01
7.443700000000005446e+01,5.000000000000000000e-01
7.443800000000005923e+01,5.000000000000000000e-01
7.443900000000006401e+01,5.000000000000000000e-01
7.444000000000005457e+01,5.000000000000000000e-01
7.444100000000005934e+01,5.000000000000000000e-01
7.444200000000006412e+01,5.000000000000000000e-01
7.444300000000005468e+01,5.000000000000000000e-01
7.444400000000005946e+01,5.000000000000000000e-01
7.444500000000006423e+01,5.000000000000000000e-01
7.444600000000005480e+01,5.000000000000000000e-01
7.444700000000005957e+01,5.000000000000000000e-01
7.444800000000006435e+01,5.000000000000000000e-01
7.444900000000005491e+01,5.000000000000000000e-01
7.445000000000005969e+01,5.000000000000000000e-01
7.445100000000006446e+01,5.000000000000000000e-01
7.445200000000005502e+01,5.000000000000000000e-01
7.445300000000005980e+01,5.000000000000000000e-01
7.445400000000006457e+01,5.000000000000000000e-01
7.445500000000005514e+01,5.000000000000000000e-01
7.445600000000005991e+01,5.000000000000000000e-01
7.445700000000006469e+01,5.000000000000000000e-01
7.445800000000005525e+01,5.000000000000000000e-01
7.445900000000006003e+01,5.000000000000000000e-01
7.446000000000006480e+01,5.000000000000000000e-01
7.446100000000005537e+01,5.000000000000000000e-01
7.446200000000006014e+01,5.000000000000000000e-01
7.446300000000006492e+01,5.000000000000000000e-01
7.446400000000005548e+01,5.000000000000000000e-01
7.446500000000006025e+01,5.000000000000000000e-01
7.446600000000006503e+01,5.000000000000000000e-01
7.446700000000005559e+01,5.000000000000000000e-01
7.446800000000006037e+01,5.000000000000000000e-01
7.446900000000006514e+01,5.000000000000000000e-01
7.447000000000005571e+01,5.000000000000000000e-01
7.447100000000006048e+01,5.000000000000000000e-01
7.447200000000006526e+01,5.000000000000000000e-01
7.447300000000005582e+01,5.000000000000000000e-01
7.447400000000006060e+01,5.000000000000000000e-01
7.447500000000006537e+01,5.000000000000000000e-01
7.447600000000005593e+01,5.000000000000000000e-01
7.447700000000006071e+01,5.000000000000000000e-01
7.447800000000006548e+01,5.000000000000000000e-01
7.447900000000005605e+01,5.000000000000000000e-01
7.448000000000006082e+01,5.000000000000000000e-01
7.448100000000006560e+01,5.000000000000000000e-01
7.448200000000005616e+01,5.000000000000000000e-01
7.448300000000006094e+01,5.000000000000000000e-01
7.448400000000006571e+01,5.000000000000000000e-01
7.448500000000005627e+01,5.000000000000000000e-01
7.448600000000006105e+01,5.000000000000000000e-01
7.448700000000006582e+01,5.000000000000000000e-01
7.448800000000005639e+01,5.000000000000000000e-01
7.448900000000006116e+01,5.000000000000000000e-01
7.449000000000006594e+01,5.000000000000000000e-01
7.449100000000005650e+01,5.000000000000000000e-01
7.449200000000006128e+01,5.000000000000000000e-01
7.449300000000006605e+01,5.000000000000000000e-01
7.449400000000005662e+01,5.000000000000000000e-01
7.449500000000006139e+01,5.000000000000000000e-01
7.449600000000006617e+01,5.000000000000000000e-01
7.449700000000005673e+01,5.000000000000000000e-01
7.449800000000006150e+01,5.000000000000000000e-01
7.449900000000006628e+01,5.000000000000000000e-01
7.450000000000005684e+01,5.000000000000000000e-01
7.450100000000006162e+01,5.000000000000000000e-01
7.450200000000006639e+01,5.000000000000000000e-01
7.450300000000005696e+01,5.000000000000000000e-01
7.450400000000006173e+01,5.000000000000000000e-01
7.450500000000006651e+01,5.000000000000000000e-01
7.450600000000005707e+01,5.000000000000000000e-01
7.450700000000006185e+01,5.000000000000000000e-01
7.450800000000006662e+01,5.000000000000000000e-01
7.450900000000005718e+01,5.000000000000000000e-01
7.451000000000006196e+01,5.000000000000000000e-01
7.451100000000006673e+01,5.000000000000000000e-01
7.451200000000005730e+01,5.000000000000000000e-01
7.451300000000006207e+01,5.000000000000000000e-01
7.451400000000006685e+01,5.000000000000000000e-01
7.451500000000005741e+01,5.000000000000000000e-01
7.451600000000006219e+01,5.000000000000000000e-01
7.451700000000006696e+01,5.000000000000000000e-01
7.451800000000005753e+01,5.000000000000000000e-01
7.451900000000006230e+01,5.000000000000000000e-01
7.452000000000006708e+01,5.000000000000000000e-01
7.452100000000005764e+01,5.000000000000000000e-01
7.452200000000006241e+01,5.000000000000000000e-01
7.452300000000006719e+01,5.000000000000000000e-01
7.452400000000005775e+01,5.000000000000000000e-01
7.452500000000006253e+01,5.000000000000000000e-01
7.452600000000006730e+01,5.000000000000000000e-01
7.452700000000005787e+01,5.000000000000000000e-01
7.452800000000006264e+01,5.000000000000000000e-01
7.452900000000006742e+01,5.000000000000000000e-01
7.453000000000005798e+01,5.000000000000000000e-01
7.453100000000006276e+01,5.000000000000000000e-01
7.453200000000006753e+01,5.000000000000000000e-01
7.453300000000005809e+01,5.000000000000000000e-01
7.453400000000006287e+01,5.000000000000000000e-01
7.453500000000006764e+01,5.000000000000000000e-01
7.453600000000005821e+01,5.000000000000000000e-01
7.453700000000006298e+01,5.000000000000000000e-01
7.453800000000006776e+01,5.000000000000000000e-01
7.453900000000005832e+01,5.000000000000000000e-01
7.454000000000006310e+01,5.000000000000000000e-01
7.454100000000005366e+01,5.000000000000000000e-01
7.454200000000005844e+01,5.000000000000000000e-01
7.454300000000006321e+01,5.000000000000000000e-01
7.454400000000005377e+01,5.000000000000000000e-01
7.454500000000005855e+01,5.000000000000000000e-01
7.454600000000006332e+01,5.000000000000000000e-01
7.454700000000005389e+01,5.000000000000000000e-01
7.454800000000005866e+01,5.000000000000000000e-01
7.454900000000006344e+01,5.000000000000000000e-01
7.455000000000005400e+01,5.000000000000000000e-01
7.455100000000005878e+01,5.000000000000000000e-01
7.455200000000006355e+01,5.000000000000000000e-01
7.455300000000005411e+01,5.000000000000000000e-01
7.455400000000005889e+01,5.000000000000000000e-01
7.455500000000006366e+01,5.000000000000000000e-01
7.455600000000005423e+01,5.000000000000000000e-01
7.455700000000005900e+01,5.000000000000000000e-01
7.455800000000006378e+01,5.000000000000000000e-01
7.455900000000005434e+01,5.000000000000000000e-01
7.456000000000005912e+01,5.000000000000000000e-01
7.456100000000006389e+01,5.000000000000000000e-01
7.456200000000005446e+01,5.000000000000000000e-01
7.456300000000005923e+01,5.000000000000000000e-01
7.456400000000006401e+01,5.000000000000000000e-01
7.456500000000005457e+01,5.000000000000000000e-01
7.456600000000005934e+01,5.000000000000000000e-01
7.456700000000006412e+01,5.000000000000000000e-01
7.456800000000005468e+01,5.000000000000000000e-01
7.456900000000005946e+01,5.000000000000000000e-01
7.457000000000006423e+01,5.000000000000000000e-01
7.457100000000005480e+01,5.000000000000000000e-01
7.457200000000005957e+01,5.000000000000000000e-01
7.457300000000006435e+01,5.000000000000000000e-01
7.457400000000005491e+01,5.000000000000000000e-01
7.457500000000005969e+01,5.000000000000000000e-01
7.457600000000006446e+01,5.000000000000000000e-01
7.457700000000005502e+01,5.000000000000000000e-01
7.457800000000005980e+01,5.000000000000000000e-01
7.457900000000006457e+01,5.000000000000000000e-01
7.458000000000005514e+01,5.000000000000000000e-01
7.458100000000005991e+01,5.000000000000000000e-01
7.458200000000006469e+01,5.000000000000000000e-01
7.458300000000005525e+01,5.000000000000000000e-01
7.458400000000006003e+01,5.000000000000000000e-01
7.458500000000006480e+01,5.000000000000000000e-01
7.458600000000005537e+01,5.000000000000000000e-01
7.458700000000006014e+01,5.000000000000000000e-01
7.458800000000006492e+01,5.000000000000000000e-01
7.458900000000005548e+01,5.000000000000000000e-01
7.459000000000006025e+01,5.000000000000000000e-01
7.459100000000006503e+01,5.000000000000000000e-01
7.459200000000005559e+01,5.000000000000000000e-01
7.459300000000006037e+01,5.000000000000000000e-01
7.459400000000006514e+01,5.000000000000000000e-01
7.459500000000005571e+01,5.000000000000000000e-01
7.459600000000006048e+01,5.000000000000000000e-01
7.459700000000006526e+01,5.000000000000000000e-01
7.459800000000005582e+01,5.000000000000000000e-01
7.459900000000006060e+01,5.000000000000000000e-01
7.460000000000006537e+01,5.000000000000000000e-01
7.460100000000005593e+01,5.000000000000000000e-01
7.460200000000006071e+01,5.000000000000000000e-01
7.460300000000006548e+01,5.000000000000000000e-01
7.460400000000005605e+01,5.000000000000000000e-01
7.460500000000006082e+01,5.000000000000000000e-01
7.460600000000006560e+01,5.000000000000000000e-01
7.460700000000005616e+01,5.000000000000000000e-01
7.460800000000006094e+01,5.000000000000000000e-01
7.460900000000006571e+01,5.000000000000000000e-01
7.461000000000005627e+01,5.000000000000000000e-01
7.461100000000006105e+01,5.000000000000000000e-01
7.461200000000006582e+01,5.000000000000000000e-01
7.461300000000005639e+01,5.000000000000000000e-01
7.461400000000006116e+01,5.000000000000000000e-01
7.461500000000006594e+01,5.000000000000000000e-01
7.461600000000005650e+01,5.000000000000000000e-01
7.461700000000006128e+01,5.000000000000000000e-01
7.461800000000006605e+01,5.000000000000000000e-01
7.461900000000005662e+01,5.000000000000000000e-01
7.462000000000006139e+01,5.000000000000000000e-01
7.462100000000006617e+01,5.000000000000000000e-01
7.462200000000005673e+01,5.000000000000000000e-01
7.462300000000006150e+01,5.000000000000000000e-01
7.462400000000006628e+01,5.000000000000000000e-01
7.462500000000005684e+01,5.000000000000000000e-01
7.462600000000006162e+01,5.000000000000000000e-01
7.462700000000006639e+01,5.000000000000000000e-01
7.462800000000005696e+01,5.000000000000000000e-01
7.462900000000006173e+01,5.000000000000000000e-01
7.463000000000006651e+01,5.000000000000000000e-01
7.463100000000005707e+01,5.000000000000000000e-01
7.463200000000006185e+01,5.000000000000000000e-01
7.463300000000006662e+01,5.000000000000000000e-01
7.463400000000005718e+01,5.000000000000000000e-01
7.463500000000006196e+01,5.000000000000000000e-01
7.463600000000006673e+01,5.000000000000000000e-01
7.463700000000005730e+01,5.000000000000000000e-01
7.463800000000006207e+01,5.000000000000000000e-01
7.463900000000006685e+01,5.000000000000000000e-01
7.464000000000005741e+01,5.000000000000000000e-01
7.464100000000006219e+01,5.000000000000000000e-01
7.464200000000006696e+01,5.000000000000000000e-01
7.464300000000005753e+01,5.000000000000000000e-01
7.464400000000006230e+01,5.000000000000000000e-01
7.464500000000006708e+01,5.000000000000000000e-01
7.464600000000005764e+01,5.000000000000000000e-01
7.464700000000006241e+01,5.000000000000000000e-01
7.464800000000006719e+01,5.000000000000000000e-01
7.464900000000005775e+01,5.000000000000000000e-01
7.465000000000006253e+01,5.000000000000000000e-01
7.465100000000006730e+01,5.000000000000000000e-01
7.465200000000005787e+01,5.000000000000000000e-01
7.465300000000006264e+01,5.000000000000000000e-01
7.465400000000006742e+01,5.000000000000000000e-01
7.465500000000005798e+01,5.000000000000000000e-01
7.465600000000006276e+01,5.000000000000000000e-01
7.465700000000006753e+01,5.000000000000000000e-01
7.465800000000005809e+01,5.000000000000000000e-01
7.465900000000006287e+01,5.000000000000000000e-01
7.466000000000006764e+01,5.000000000000000000e-01
7.466100000000005821e+01,5.000000000000000000e-01
7.466200000000006298e+01,5.000000000000000000e-01
7.466300000000006776e+01,5.000000000000000000e-01
7.466400000000005832e+01,5.000000000000000000e-01
7.466500000000006310e+01,5.000000000000000000e-01
7.466600000000006787e+01,5.000000000000000000e-01
7.466700000000005844e+01,5.000000000000000000e-01
7.466800000000006321e+01,5.000000000000000000e-01
7.466900000000006798e+01,5.000000000000000000e-01
7.467000000000005855e+01,5.000000000000000000e-01
7.467100000000006332e+01,5.000000000000000000e-01
7.467200000000005389e+01,5.000000000000000000e-01
7.467300000000005866e+01,5.000000000000000000e-01
7.467400000000006344e+01,5.000000000000000000e-01
7.467500000000005400e+01,5.000000000000000000e-01
7.467600000000005878e+01,5.000000000000000000e-01
7.467700000000006355e+01,5.000000000000000000e-01
7.467800000000005411e+01,5.000000000000000000e-01
7.467900000000005889e+01,5.000000000000000000e-01
7.468000000000006366e+01,5.000000000000000000e-01
7.468100000000005423e+01,5.000000000000000000e-01
7.468200000000005900e+01,5.000000000000000000e-01
7.468300000000006378e+01,5.000000000000000000e-01
7.468400000000005434e+01,5.000000000000000000e-01
7.468500000000005912e+01,5.000000000000000000e-01
7.468600000000006389e+01,5.000000000000000000e-01
7.468700000000005446e+01,5.000000000000000000e-01
7.468800000000005923e+01,5.000000000000000000e-01
7.468900000000006401e+01,5.000000000000000000e-01
7.469000000000005457e+01,5.000000000000000000e-01
7.469100000000005934e+01,5.000000000000000000e-01
7.469200000000006412e+01,5.000000000000000000e-01
7.469300000000005468e+01,5.000000000000000000e-01
7.469400000000005946e+01,5.000000000000000000e-01
7.469500000000006423e+01,5.000000000000000000e-01
7.469600000000005480e+01,5.000000000000000000e-01
7.469700000000005957e+01,5.000000000000000000e-01
7.469800000000006435e+01,5.000000000000000000e-01
7.469900000000005491e+01,5.000000000000000000e-01
7.470000000000005969e+01,5.000000000000000000e-01
7.470100000000006446e+01,5.000000000000000000e-01
7.470200000000005502e+01,5.000000000000000000e-01
7.470300000000005980e+01,5.000000000000000000e-01
7.470400000000006457e+01,5.000000000000000000e-01
7.470500000000005514e+01,5.000000000000000000e-01
7.470600000000005991e+01,5.000000000000000000e-01
7.470700000000006469e+01,5.000000000000000000e-01
7.470800000000005525e+01,5.000000000000000000e-01
7.470900000000006003e+01,5.000000000000000000e-01
7.471000000000006480e+01,5.000000000000000000e-01
7.471100000000005537e+01,5.000000000000000000e-01
7.471200000000006014e+01,5.000000000000000000e-01
7.471300000000006492e+01,5.000000000000000000e-01
7.471400000000005548e+01,5.000000000000000000e-01
7.471500000000006025e+01,5.000000000000000000e-01
7.471600000000006503e+01,5.000000000000000000e-01
7.471700000000005559e+01,5.000000000000000000e-01
7.471800000000006037e+01,5.000000000000000000e-01
7.471900000000006514e+01,5.000000000000000000e-01
7.472000000000005571e+01,5.000000000000000000e-01
7.472100000000006048e+01,5.000000000000000000e-01
7.472200000000006526e+01,5.000000000000000000e-01
7.472300000000005582e+01,5.000000000000000000e-01
7.472400000000006060e+01,5.000000000000000000e-01
7.472500000000006537e+01,5.000000000000000000e-01
7.472600000000005593e+01,5.000000000000000000e-01
7.472700000000006071e+01,5.000000000000000000e-01
7.472800000000006548e+01,5.000000000000000000e-01
7.472900000000005605e+01,5.000000000000000000e-01
7.473000000000006082e+01,5.000000000000000000e-01
7.473100000000006560e+01,5.000000000000000000e-01
7.473200000000005616e+01,5.000000000000000000e-01
7.473300000000006094e+01,5.000000000000000000e-01
7.473400000000006571e+01,5.000000000000000000e-01
7.473500000000005627e+01,5.000000000000000000e-01
7.473600000000006105e+01,5.000000000000000000e-01
7.473700000000006582e+01,5.000000000000000000e-01
7.473800000000005639e+01,5.000000000000000000e-01
7.473900000000006116e+01,5.000000000000000000e-01
7.474000000000006594e+01,5.000000000000000000e-01
7.474100000000005650e+01,5.000000000000000000e-01
7.474200000000006128e+01,5.000000000000000000e-01
7.474300000000006605e+01,5.000000000000000000e-01
7.474400000000005662e+01,5.000000000000000000e-01
7.474500000000006139e+01,5.000000000000000000e-01
7.474600000000006617e+01,5.000000000000000000e-01
7.474700000000005673e+01,5.000000000000000000e-01
7.474800000000006150e+01,5.000000000000000000e-01
7.474900000000006628e+01,5.000000000000000000e-01
7.475000000000005684e+01,5.000000000000000000e-01
7.475100000000006162e+01,5.000000000000000000e-01
7.475200000000006639e+01,5.000000000000000000e-01
7.475300000000005696e+01,5.000000000000000000e-01
7.475400000000006173e+01,5.000000000000000000e-01
7.475500000000006651e+01,5.000000000000000000e-01
7.475600000000005707e+01,5.000000000000000000e-01
7.475700000000006185e+01,5.000000000000000000e-01
7.475800000000006662e+01,5.000000000000000000e-01
7.475900000000005718e+01,5.000000000000000000e-01
7.476000000000006196e+01,5.000000000000000000e-01
7.476100000000006673e+01,5.000000000000000000e-01
7.476200000000005730e+01,5.000000000000000000e-01
7.476300000000006207e+01,5.000000000000000000e-01
7.476400000000006685e+01,5.000000000000000000e-01
7.476500000000005741e+01,5.000000000000000000e-01
7.476600000000006219e+01,5.000000000000000000e-01
7.476700000000006696e+01,5.000000000000000000e-01
7.476800000000005753e+01,5.000000000000000000e-01
7.476900000000006230e+01,5.000000000000000000e-01
7.477000000000006708e+01,5.000000000000000000e-01
7.477100000000005764e+01,5.000000000000000000e-01
7.477200000000006241e+01,5.000000000000000000e-01
7.477300000000006719e+01,5.000000000000000000e-01
7.477400000000005775e+01,5.000000000000000000e-01
7.477500000000006253e+01,5.000000000000000000e-01
7.477600000000006730e+01,5.000000000000000000e-01
7.477700000000005787e+01,5.000000000000000000e-01
7.477800000000006264e+01,5.000000000000000000e-01
7.477900000000006742e+01,5.000000000000000000e-01
7.478000000000005798e+01,5.000000000000000000e-01
7.478100000000006276e+01,5.000000000000000000e-01
7.478200000000006753e+01,5.000000000000000000e-01
7.478300000000005809e+01,5.000000000000000000e-01
7.478400000000006287e+01,5.000000000000000000e-01
7.478500000000006764e+01,5.000000000000000000e-01
7.478600000000005821e+01,5.000000000000000000e-01
7.478700000000006298e+01,5.000000000000000000e-01
7.478800000000006776e+01,5.000000000000000000e-01
7.478900000000005832e+01,5.000000000000000000e-01
7.479000000000006310e+01,5.000000000000000000e-01
7.479100000000006787e+01,5.000000000000000000e-01
7.479200000000005844e+01,5.000000000000000000e-01
7.479300000000006321e+01,5.000000000000000000e-01
7.479400000000006798e+01,5.000000000000000000e-01
7.479500000000005855e+01,5.000000000000000000e-01
7.479600000000006332e+01,5.000000000000000000e-01
7.479700000000005389e+01,5.000000000000000000e-01
7.479800000000005866e+01,5.000000000000000000e-01
7.479900000000006344e+01,5.000000000000000000e-01
7.480000000000005400e+01,5.000000000000000000e-01
7.480100000000005878e+01,5.000000000000000000e-01
7.480200000000006355e+01,5.000000000000000000e-01
7.480300000000005411e+01,5.000000000000000000e-01
7.480400000000005889e+01,5.000000000000000000e-01
7.480500000000006366e+01,5.000000000000000000e-01
7.480600000000005423e+01,5.000000000000000000e-01
7.480700000000005900e+01,5.000000000000000000e-01
7.480800000000006378e+01,5.000000000000000000e-01
7.480900000000005434e+01,5.000000000000000000e-01
7.481000000000005912e+01,5.000000000000000000e-01
7.481100000000006389e+01,5.000000000000000000e-01
7.481200000000005446e+01,5.000000000000000000e-01
7.481300000000005923e+01,5.000000000000000000e-01
7.481400000000006401e+01,5.000000000000000000e-01
7.481500000000005457e+01,5.000000000000000000e-01
7.481600000000005934e+01,5.000000000000000000e-01
7.481700000000006412e+01,5.000000000000000000e-01
7.481800000000005468e+01,5.000000000000000000e-01
7.481900000000005946e+01,5.000000000000000000e-01
7.482000000000006423e+01,5.000000000000000000e-01
7.482100000000005480e+01,5.000000000000000000e-01
7.482200000000005957e+01,5.000000000000000000e-01
7.482300000000006435e+01,5.000000000000000000e-01
7.482400000000005491e+01,5.000000000000000000e-01
7.482500000000005969e+01,5.000000000000000000e-01
7.482600000000006446e+01,5.000000000000000000e-01
7.482700000000005502e+01,5.000000000000000000e-01
7.482800000000005980e+01,5.000000000000000000e-01
7.482900000000006457e+01,5.000000000000000000e-01
7.483000000000005514e+01,5.000000000000000000e-01
7.483100000000005991e+01,5.000000000000000000e-01
7.483200000000006469e+01,5.000000000000000000e-01
7.483300000000005525e+01,5.000000000000000000e-01
7.483400000000006003e+01,5.000000000000000000e-01
7.483500000000006480e+01,5.000000000000000000e-01
7.483600000000005537e+01,5.000000000000000000e-01
7.483700000000006014e+01,5.000000000000000000e-01
7.483800000000006492e+01,5.000000000000000000e-01
7.483900000000005548e+01,5.000000000000000000e-01
7.484000000000006025e+01,5.000000000000000000e-01
7.484100000000006503e+01,5.000000000000000000e-01
7.484200000000005559e+01,5.000000000000000000e-01
7.484300000000006037e+01,5.000000000000000000e-01
7.484400000000006514e+01,5.000000000000000000e-01
7.484500000000005571e+01,5.000000000000000000e-01
7.484600000000006048e+01,5.000000000000000000e-01
7.484700000000006526e+01,5.000000000000000000e-01
7.484800000000005582e+01,5.000000000000000000e-01
7.484900000000006060e+01,5.000000000000000000e-01
7.485000000000006537e+01,5.000000000000000000e-01
7.485100000000005593e+01,5.000000000000000000e-01
7.485200000000006071e+01,5.000000000000000000e-01
7.485300000000006548e+01,5.000000000000000000e-01
7.485400000000005605e+01,5.000000000000000000e-01
7.485500000000006082e+01,5.000000000000000000e-01
7.485600000000006560e+01,5.000000000000000000e-01
7.485700000000005616e+01,5.000000000000000000e-01
7.485800000000006094e+01,5.000000000000000000e-01
7.485900000000006571e+01,5.000000000000000000e-01
7.486000000000005627e+01,5.000000000000000000e-01
7.486100000000006105e+01,5.000000000000000000e-01
7.486200000000006582e+01,5.000000000000000000e-01
7.486300000000005639e+01,5.000000000000000000e-01
7.486400000000006116e+01,5.000000000000000000e-01
7.486500000000006594e+01,5.000000000000000000e-01
7.486600000000005650e+01,5.000000000000000000e-01
7.486700000000006128e+01,5.000000000000000000e-01
7.486800000000006605e+01,5.000000000000000000e-01
7.486900000000005662e+01,5.000000000000000000e-01
7.487000000000006139e+01,5.000000000000000000e-01
7.487100000000006617e+01,5.000000000000000000e-01
7.487200000000005673e+01,5.000000000000000000e-01
7.487300000000006150e+01,5.000000000000000000e-01
7.487400000000006628e+01,5.000000000000000000e-01
7.487500000000005684e+01,5.000000000000000000e-01
7.487600000000006162e+01,5.000000000000000000e-01
7.487700000000006639e+01,5.000000000000000000e-01
7.487800000000005696e+01,5.000000000000000000e-01
7.487900000000006173e+01,5.000000000000000000e-01
7.488000000000006651e+01,5.000000000000000000e-01
7.488100000000005707e+01,5.000000000000000000e-01
7.488200000000006185e+01,5.000000000000000000e-01
7.488300000000006662e+01,5.000000000000000000e-01
7.488400000000005718e+01,5.000000000000000000e-01
7.488500000000006196e+01,5.000000000000000000e-01
7.488600000000006673e+01,5.000000000000000000e-01
7.488700000000005730e+01,5.000000000000000000e-01
7.488800000000006207e+01,5.000000000000000000e-01
7.488900000000006685e+01,5.000000000000000000e-01
7.489000000000005741e+01,5.000000000000000000e-01
7.489100000000006219e+01,5.000000000000000000e-01
7.489200000000006696e+01,5.000000000000000000e-01
7.489300000000005753e+01,5.000000000000000000e-01
7.489400000000006230e+01,5.000000000000000000e-01
7.489500000000006708e+01,5.000000000000000000e-01
7.489600000000005764e+01,5.000000000000000000e-01
7.489700000000006241e+01,5.000000000000000000e-01
7.489800000000006719e+01,5.000000000000000000e-01
7.489900000000005775e+01,5.000000000000000000e-01
7.490000000000006253e+01,5.000000000000000000e-01
7.490100000000006730e+01,5.000000000000000000e-01
7.490200000000005787e+01,5.000000000000000000e-01
7.490300000000006264e+01,5.000000000000000000e-01
7.490400000000006742e+01,5.000000000000000000e-01
7.490500000000005798e+01,5.000000000000000000e-01
7.490600000000006276e+01,5.000000000000000000e-01
7.490700000000006753e+01,5.000000000000000000e-01
7.490800000000005809e+01,5.000000000000000000e-01
7.490900000000006287e+01,5.000000000000000000e-01
7.491000000000006764e+01,5.000000000000000000e-01
7.491100000000005821e+01,5.000000000000000000e-01
7.491200000000006298e+01,5.000000000000000000e-01
7.491300000000006776e+01,5.000000000000000000e-01
7.491400000000005832e+01,5.000000000000000000e-01
7.491500000000006310e+01,5.000000000000000000e-01
7.491600000000006787e+01,5.000000000000000000e-01
7.491700000000005844e+01,5.000000000000000000e-01
7.491800000000006321e+01,5.000000000000000000e-01
7.491900000000006798e+01,5.000000000000000000e-01
7.492000000000005855e+01,5.000000000000000000e-01
7.492100000000006332e+01,5.000000000000000000e-01
7.492200000000006810e+01,5.000000000000000000e-01
7.492300000000005866e+01,5.000000000000000000e-01
7.492400000000006344e+01,5.000000000000000000e-01
7.492500000000006821e+01,5.000000000000000000e-01
7.492600000000005878e+01,5.000000000000000000e-01
7.492700000000006355e+01,5.000000000000000000e-01
7.492800000000005411e+01,5.000000000000000000e-01
7.492900000000005889e+01,5.000000000000000000e-01
7.493000000000006366e+01,5.000000000000000000e-01
7.493100000000005423e+01,5.000000000000000000e-01
7.493200000000005900e+01,5.000000000000000000e-01
7.493300000000006378e+01,5.000000000000000000e-01
7.493400000000005434e+01,5.000000000000000000e-01
7.493500000000005912e+01,5.000000000000000000e-01
7.493600000000006389e+01,5.000000000000000000e-01
7.493700000000005446e+01,5.000000000000000000e-01
7.493800000000005923e+01,5.000000000000000000e-01
7.493900000000006401e+01,5.000000000000000000e-01
7.494000000000005457e+01,5.000000000000000000e-01
7.494100000000005934e+01,5.000000000000000000e-01
7.494200000000006412e+01,5.000000000000000000e-01
7.494300000000005468e+01,5.000000000000000000e-01
7.494400000000005946e+01,5.000000000000000000e-01
7.494500000000006423e+01,5.000000000000000000e-01
7.494600000000005480e+01,5.000000000000000000e-01
7.494700000000005957e+01,5.000000000000000000e-01
7.494800000000006435e+01,5.000000000000000000e-01
7.494900000000005491e+01,5.000000000000000000e-01
7.495000000000005969e+01,5.000000000000000000e-01
7.495100000000006446e+01,5.000000000000000000e-01
7.495200000000005502e+01,5.000000000000000000e-01
7.495300000000005980e+01,5.000000000000000000e-01
7.495400000000006457e+01,5.000000000000000000e-01
7.495500000000005514e+01,5.000000000000000000e-01
7.495600000000005991e+01,5.000000000000000000e-01
7.495700000000006469e+01,5.000000000000000000e-01
7.495800000000005525e+01,5.000000000000000000e-01
7.495900000000006003e+01,5.000000000000000000e-01
7.496000000000006480e+01,5.000000000000000000e-01
7.496100000000005537e+01,5.000000000000000000e-01
7.496200000000006014e+01,5.000000000000000000e-01
7.496300000000006492e+01,5.000000000000000000e-01
7.496400000000005548e+01,5.000000000000000000e-01
7.496500000000006025e+01,5.000000000000000000e-01
7.496600000000006503e+01,5.000000000000000000e-01
7.496700000000005559e+01,5.000000000000000000e-01
7.496800000000006037e+01,5.000000000000000000e-01
7.496900000000006514e+01,5.000000000000000000e-01
7.497000000000005571e+01,5.000000000000000000e-01
7.497100000000006048e+01,5.000000000000000000e-01
7.497200000000006526e+01,5.000000000000000000e-01
7.497300000000005582e+01,5.000000000000000000e-01
7.497400000000006060e+01,5.000000000000000000e-01
7.497500000000006537e+01,5.000000000000000000e-01
7.497600000000005593e+01,5.000000000000000000e-01
7.497700000000006071e+01,5.000000000000000000e-01
7.497800000000006548e+01,5.000000000000000000e-01
7.497900000000005605e+01,5.000000000000000000e-01
7.498000000000006082e+01,5.000000000000000000e-01
7.498100000000006560e+01,5.000000000000000000e-01
7.498200000000005616e+01,5.000000000000000000e-01
7.498300000000006094e+01,5.000000000000000000e-01
7.498400000000006571e+01,5.000000000000000000e-01
7.498500000000005627e+01,5.000000000000000000e-01
7.498600000000006105e+01,5.000000000000000000e-01
7.498700000000006582e+01,5.000000000000000000e-01
7.498800000000005639e+01,5.000000000000000000e-01
7.498900000000006116e+01,5.000000000000000000e-01
7.499000000000006594e+01,5.000000000000000000e-01
7.499100000000005650e+01,5.000000000000000000e-01
7.499200000000006128e+01,5.000000000000000000e-01
7.499300000000006605e+01,5.000000000000000000e-01
7.499400000000005662e+01,5.000000000000000000e-01
7.499500000000006139e+01,5.000000000000000000e-01
7.499600000000006617e+01,5.000000000000000000e-01
7.499700000000005673e+01,5.000000000000000000e-01
7.499800000000006150e+01,5.000000000000000000e-01
7.499900000000006628e+01,5.000000000000000000e-01
7.500000000000005684e+01,5.000000000000000000e-01
7.500100000000006162e+01,5.000000000000000000e-01
7.500200000000006639e+01,5.000000000000000000e-01
7.500300000000005696e+01,5.000000000000000000e-01
7.500400000000006173e+01,5.000000000000000000e-01
7.500500000000006651e+01,5.000000000000000000e-01
7.500600000000005707e+01,5.000000000000000000e-01
7.500700000000006185e+01,5.000000000000000000e-01
7.500800000000006662e+01,5.000000000000000000e-01
7.500900000000005718e+01,5.000000000000000000e-01
7.501000000000006196e+01,5.000000000000000000e-01
7.501100000000006673e+01,5.000000000000000000e-01
7.501200000000005730e+01,5.000000000000000000e-01
7.501300000000006207e+01,5.000000000000000000e-01
7.501400000000006685e+01,5.000000000000000000e-01
7.501500000000005741e+01,5.000000000000000000e-01
7.501600000000006219e+01,5.000000000000000000e-01
7.501700000000006696e+01,5.000000000000000000e-01
7.501800000000005753e+01,5.000000000000000000e-01
7.501900000000006230e+01,5.000000000000000000e-01
7.502000000000006708e+01,5.000000000000000000e-01
7.502100000000005764e+01,5.000000000000000000e-01
7.502200000000006241e+01,5.000000000000000000e-01
7.502300000000006719e+01,5.000000000000000000e-01
7.502400000000005775e+01,5.000000000000000000e-01
7.502500000000006253e+01,5.000000000000000000e-01
7.502600000000006730e+01,5.000000000000000000e-01
7.502700000000005787e+01,5.000000000000000000e-01
7.502800000000006264e+01,5.000000000000000000e-01
7.502900000000006742e+01,5.000000000000000000e-01
7.503000000000005798e+01,5.000000000000000000e-01
7.503100000000006276e+01,5.000000000000000000e-01
7.503200000000006753e+01,5.000000000000000000e-01
7.503300000000005809e+01,5.000000000000000000e-01
7.503400000000006287e+01,5.000000000000000000e-01
7.503500000000006764e+01,5.000000000000000000e-01
7.503600000000005821e+01,5.000000000000000000e-01
7.503700000000006298e+01,5.000000000000000000e-01
7.503800000000006776e+01,5.000000000000000000e-01
7.503900000000005832e+01,5.000000000000000000e-01
7.504000000000006310e+01,5.000000000000000000e-01
7.504100000000006787e+01,5.000000000000000000e-01
7.504200000000005844e+01,5.000000000000000000e-01
7.504300000000006321e+01,5.000000000000000000e-01
7.504400000000006798e+01,5.000000000000000000e-01
7.504500000000005855e+01,5.000000000000000000e-01
7.504600000000006332e+01,5.000000000000000000e-01
7.504700000000006810e+01,5.000000000000000000e-01
7.504800000000005866e+01,5.000000000000000000e-01
7.504900000000006344e+01,5.000000000000000000e-01
7.505000000000006821e+01,5.000000000000000000e-01
7.505100000000005878e+01,5.000000000000000000e-01
7.505200000000006355e+01,5.000000000000000000e-01
7.505300000000005411e+01,5.000000000000000000e-01
7.505400000000005889e+01,5.000000000000000000e-01
7.505500000000006366e+01,5.000000000000000000e-01
7.505600000000005423e+01,5.000000000000000000e-01
7.505700000000005900e+01,5.000000000000000000e-01
7.505800000000006378e+01,5.000000000000000000e-01
7.505900000000005434e+01,5.000000000000000000e-01
7.506000000000005912e+01,5.000000000000000000e-01
7.506100000000006389e+01,5.000000000000000000e-01
7.506200000000005446e+01,5.000000000000000000e-01
7.506300000000005923e+01,5.000000000000000000e-01
7.506400000000006401e+01,5.000000000000000000e-01
7.506500000000005457e+01,5.000000000000000000e-01
7.506600000000005934e+01,5.000000000000000000e-01
7.506700000000006412e+01,5.000000000000000000e-01
7.506800000000005468e+01,5.000000000000000000e-01
7.506900000000005946e+01,5.000000000000000000e-01
7.507000000000006423e+01,5.000000000000000000e-01
7.507100000000005480e+01,5.000000000000000000e-01
7.507200000000005957e+01,5.000000000000000000e-01
7.507300000000006435e+01,5.000000000000000000e-01
7.507400000000005491e+01,5.000000000000000000e-01
7.507500000000005969e+01,5.000000000000000000e-01
7.507600000000006446e+01,5.000000000000000000e-01
7.507700000000005502e+01,5.000000000000000000e-01
7.507800000000005980e+01,5.000000000000000000e-01
7.507900000000006457e+01,5.000000000000000000e-01
7.508000000000005514e+01,5.000000000000000000e-01
7.508100000000005991e+01,5.000000000000000000e-01
7.508200000000006469e+01,5.000000000000000000e-01
7.508300000000005525e+01,5.000000000000000000e-01
7.508400000000006003e+01,5.000000000000000000e-01
7.508500000000006480e+01,5.000000000000000000e-01
7.508600000000005537e+01,5.000000000000000000e-01
7.508700000000006014e+01,5.000000000000000000e-01
7.508800000000006492e+01,5.000000000000000000e-01
7.508900000000005548e+01,5.000000000000000000e-01
7.509000000000006025e+01,5.000000000000000000e-01
7.509100000000006503e+01,5.000000000000000000e-01
7.509200000000005559e+01,5.000000000000000000e-01
7.509300000000006037e+01,5.000000000000000000e-01
7.509400000000006514e+01,5.000000000000000000e-01
7.509500000000005571e+01,5.000000000000000000e-01
7.509600000000006048e+01,5.000000000000000000e-01
7.509700000000006526e+01,5.000000000000000000e-01
7.509800000000005582e+01,5.000000000000000000e-01
7.509900000000006060e+01,5.000000000000000000e-01
7.510000000000006537e+01,5.000000000000000000e-01
7.510100000000005593e+01,5.000000000000000000e-01
7.510200000000006071e+01,5.000000000000000000e-01
7.510300000000006548e+01,5.000000000000000000e-01
7.510400000000005605e+01,5.000000000000000000e-01
7.510500000000006082e+01,5.000000000000000000e-01
7.510600000000006560e+01,5.000000000000000000e-01
7.510700000000005616e+01,5.000000000000000000e-01
7.510800000000006094e+01,5.000000000000000000e-01
7.510900000000006571e+01,5.000000000000000000e-01
7.511000000000005627e+01,5.000000000000000000e-01
7.511100000000006105e+01,5.000000000000000000e-01
7.511200000000006582e+01,5.000000000000000000e-01
7.511300000000005639e+01,5.000000000000000000e-01
7.511400000000006116e+01,5.000000000000000000e-01
7.511500000000006594e+01,5.000000000000000000e-01
7.511600000000005650e+01,5.000000000000000000e-01
7.511700000000006128e+01,5.000000000000000000e-01
7.511800000000006605e+01,5.000000000000000000e-01
7.511900000000005662e+01,5.000000000000000000e-01
7.512000000000006139e+01,5.000000000000000000e-01
7.512100000000006617e+01,5.000000000000000000e-01
7.512200000000005673e+01,5.000000000000000000e-01
7.512300000000006150e+01,5.000000000000000000e-01
7.512400000000006628e+01,5.000000000000000000e-01
7.512500000000005684e+01,5.000000000000000000e-01
7.512600000000006162e+01,5.000000000000000000e-01
7.512700000000006639e+01,5.000000000000000000e-01
7.512800000000005696e+01,5.000000000000000000e-01
7.512900000000006173e+01,5.000000000000000000e-01
7.513000000000006651e+01,5.000000000000000000e-01
7.513100000000005707e+01,5.000000000000000000e-01
7.513200000000006185e+01,5.000000000000000000e-01
7.513300000000006662e+01,5.000000000000000000e-01
7.513400000000005718e+01,5.000000000000000000e-01
7.513500000000006196e+01,5.000000000000000000e-01
7.513600000000006673e+01,5.000000000000000000e-01
7.513700000000005730e+01,5.000000000000000000e-01
7.513800000000006207e+01,5.000000000000000000e-01
7.513900000000006685e+01,5.000000000000000000e-01
7.514000000000005741e+01,5.000000000000000000e-01
7.514100000000006219e+01,5.000000000000000000e-01
7.514200000000006696e+01,5.000000000000000000e-01
7.514300000000005753e+01,5.000000000000000000e-01
7.514400000000006230e+01,5.000000000000000000e-01
7.514500000000006708e+01,5.000000000000000000e-01
7.514600000000005764e+01,5.000000000000000000e-01
7.514700000000006241e+01,5.000000000000000000e-01
7.514800000000006719e+01,5.000000000000000000e-01
7.514900000000005775e+01,5.000000000000000000e-01
7.515000000000006253e+01,5.000000000000000000e-01
7.515100000000006730e+01,5.000000000000000000e-01
7.515200000000005787e+01,5.000000000000000000e-01
7.515300000000006264e+01,5.000000000000000000e-01
7.515400000000006742e+01,5.000000000000000000e-01
7.515500000000005798e+01,5.000000000000000000e-01
7.515600000000006276e+01,5.000000000000000000e-01
7.515700000000006753e+01,5.000000000000000000e-01
7.515800000000005809e+01,5.000000000000000000e-01
7.515900000000006287e+01,5.000000000000000000e-01
7.516000000000006764e+01,5.000000000000000000e-01
7.516100000000005821e+01,5.000000000000000000e-01
7.516200000000006298e+01,5.000000000000000000e-01
7.516300000000006776e+01,5.000000000000000000e-01
7.516400000000005832e+01,5.000000000000000000e-01
7.516500000000006310e+01,5.000000000000000000e-01
7.516600000000006787e+01,5.000000000000000000e-01
7.516700000000005844e+01,5.000000000000000000e-01
7.516800000000006321e+01,5.000000000000000000e-01
7.516900000000006798e+01,5.000000000000000000e-01
7.517000000000005855e+01,5.000000000000000000e-01
7.517100000000006332e+01,5.000000000000000000e-01
7.517200000000006810e+01,5.000000000000000000e-01
7.517300000000005866e+01,5.000000000000000000e-01
7.517400000000006344e+01,5.000000000000000000e-01
7.517500000000006821e+01,5.000000000000000000e-01
7.517600000000005878e+01,5.000000000000000000e-01
7.517700000000006355e+01,5.000000000000000000e-01
7.517800000000006833e+01,5.000000000000000000e-01
7.517900000000005889e+01,5.000000000000000000e-01
7.518000000000006366e+01,5.000000000000000000e-01
7.518100000000006844e+01,5.000000000000000000e-01
7.518200000000005900e+01,5.000000000000000000e-01
7.518300000000006378e+01,5.000000000000000000e-01
7.518400000000005434e+01,5.000000000000000000e-01
7.518500000000005912e+01,5.000000000000000000e-01
7.518600000000006389e+01,5.000000000000000000e-01
7.518700000000005446e+01,5.000000000000000000e-01
7.518800000000005923e+01,5.000000000000000000e-01
7.518900000000006401e+01,5.000000000000000000e-01
7.519000000000005457e+01,5.000000000000000000e-01
7.519100000000005934e+01,5.000000000000000000e-01
7.519200000000006412e+01,5.000000000000000000e-01
7.519300000000005468e+01,5.000000000000000000e-01
7.519400000000005946e+01,5.000000000000000000e-01
7.519500000000006423e+01,5.000000000000000000e-01
7.519600000000005480e+01,5.000000000000000000e-01
7.519700000000005957e+01,5.000000000000000000e-01
7.519800000000006435e+01,5.000000000000000000e-01
7.519900000000005491e+01,5.000000000000000000e-01
7.520000000000005969e+01,5.000000000000000000e-01
7.520100000000006446e+01,5.000000000000000000e-01
7.520200000000005502e+01,5.000000000000000000e-01
7.520300000000005980e+01,5.000000000000000000e-01
7.520400000000006457e+01,5.000000000000000000e-01
7.520500000000005514e+01,5.000000000000000000e-01
7.520600000000005991e+01,5.000000000000000000e-01
7.520700000000006469e+01,5.000000000000000000e-01
7.520800000000005525e+01,5.000000000000000000e-01
7.520900000000006003e+01,5.000000000000000000e-01
7.521000000000006480e+01,5.000000000000000000e-01
7.521100000000005537e+01,5.000000000000000000e-01
7.521200000000006014e+01,5.000000000000000000e-01
7.521300000000006492e+01,5.000000000000000000e-01
7.521400000000005548e+01,5.000000000000000000e-01
7.521500000000006025e+01,5.000000000000000000e-01
7.521600000000006503e+01,5.000000000000000000e-01
7.521700000000005559e+01,5.000000000000000000e-01
7.521800000000006037e+01,5.000000000000000000e-01
7.521900000000006514e+01,5.000000000000000000e-01
7.522000000000005571e+01,5.000000000000000000e-01
7.522100000000006048e+01,5.000000000000000000e-01
7.522200000000006526e+01,5.000000000000000000e-01
7.522300000000005582e+01,5.000000000000000000e-01
7.522400000000006060e+01,5.000000000000000000e-01
7.522500000000006537e+01,5.000000000000000000e-01
7.522600000000005593e+01,5.000000000000000000e-01
7.522700000000006071e+01,5.000000000000000000e-01
7.522800000000006548e+01,5.000000000000000000e-01
7.522900000000005605e+01,5.000000000000000000e-01
7.523000000000006082e+01,5.000000000000000000e-01
7.523100000000006560e+01,5.000000000000000000e-01
7.523200000000005616e+01,5.000000000000000000e-01
7.523300000000006094e+01,5.000000000000000000e-01
7.523400000000006571e+01,5.000000000000000000e-01
7.523500000000005627e+01,5.000000000000000000e-01
7.523600000000006105e+01,5.000000000000000000e-01
7.523700000000006582e+01,5.000000000000000000e-01
7.523800000000005639e+01,5.000000000000000000e-01
7.523900000000006116e+01,5.000000000000000000e-01
7.524000000000006594e+01,5.000000000000000000e-01
7.524100000000005650e+01,5.000000000000000000e-01
7.524200000000006128e+01,5.000000000000000000e-01
7.524300000000006605e+01,5.000000000000000000e-01
7.524400000000005662e+01,5.000000000000000000e-01
7.524500000000006139e+01,5.000000000000000000e-01
7.524600000000006617e+01,5.000000000000000000e-01
7.524700000000005673e+01,5.000000000000000000e-01
7.524800000000006150e+01,5.000000000000000000e-01
7.524900000000006628e+01,5.000000000000000000e-01
7.525000000000005684e+01,5.000000000000000000e-01
7.525100000000006162e+01,5.000000000000000000e-01
7.525200000000006639e+01,5.000000000000000000e-01
7.525300000000005696e+01,5.000000000000000000e-01
7.525400000000006173e+01,5.000000000000000000e-01
7.525500000000006651e+01,5.000000000000000000e-01
7.525600000000005707e+01,5.000000000000000000e-01
7.525700000000006185e+01,5.000000000000000000e-01
7.525800000000006662e+01,5.000000000000000000e-01
7.525900000000005718e+01,5.000000000000000000e-01
7.526000000000006196e+01,5.000000000000000000e-01
7.526100000000006673e+01,5.000000000000000000e-01
7.526200000000005730e+01,5.000000000000000000e-01
7.526300000000006207e+01,5.000000000000000000e-01
7.526400000000006685e+01,5.000000000000000000e-01
7.526500000000005741e+01,5.000000000000000000e-01
7.526600000000006219e+01,5.000000000000000000e-01
7.526700000000006696e+01,5.000000000000000000e-01
7.526800000000005753e+01,5.000000000000000000e-01
7.526900000000006230e+01,5.000000000000000000e-01
7.527000000000006708e+01,5.000000000000000000e-01
7.527100000000005764e+01,5.000000000000000000e-01
7.527200000000006241e+01,5.000000000000000000e-01
7.527300000000006719e+01,5.000000000000000000e-01
7.527400000000005775e+01,5.000000000000000000e-01
7.527500000000006253e+01,5.000000000000000000e-01
7.527600000000006730e+01,5.000000000000000000e-01
7.527700000000005787e+01,5.000000000000000000e-01
7.527800000000006264e+01,5.000000000000000000e-01
7.527900000000006742e+01,5.000000000000000000e-01
7.528000000000005798e+01,5.000000000000000000e-01
7.528100000000006276e+01,5.000000000000000000e-01
7.528200000000006753e+01,5.000000000000000000e-01
7.528300000000005809e+01,5.000000000000000000e-01
7.528400000000006287e+01,5.000000000000000000e-01
7.528500000000006764e+01,5.000000000000000000e-01
7.528600000000005821e+01,5.000000000000000000e-01
7.528700000000006298e+01,5.000000000000000000e-01
7.528800000000006776e+01,5.000000000000000000e-01
7.528900000000005832e+01,5.000000000000000000e-01
7.529000000000006310e+01,5.000000000000000000e-01
7.529100000000006787e+01,5.000000000000000000e-01
7.529200000000005844e+01,5.000000000000000000e-01
7.529300000000006321e+01,5.000000000000000000e-01
7.529400000000006798e+01,5.000000000000000000e-01
7.529500000000005855e+01,5.000000000000000000e-01
7.529600000000006332e+01,5.000000000000000000e-01
7.529700000000006810e+01,5.000000000000000000e-01
7.529800000000005866e+01,5.000000000000000000e-01
7.529900000000006344e+01,5.000000000000000000e-01
7.530000000000006821e+01,5.000000000000000000e-01
7.530100000000005878e+01,5.000000000000000000e-01
7.530200000000006355e+01,5.000000000000000000e-01
7.530300000000006833e+01,5.000000000000000000e-01
7.530400000000005889e+01,5.000000000000000000e-01
7.530500000000006366e+01,5.000000000000000000e-01
7.530600000000006844e+01,5.000000000000000000e-01
7.530700000000005900e+01,5.000000000000000000e-01
7.530800000000006378e+01,5.000000000000000000e-01
7.530900000000005434e+01,5.000000000000000000e-01
7.531000000000005912e+01,5.000000000000000000e-01
7.531100000000006389e+01,5.000000000000000000e-01
7.531200000000005446e+01,5.000000000000000000e-01
7.531300000000005923e+01,5.000000000000000000e-01
7.531400000000006401e+01,5.000000000000000000e-01
7.531500000000005457e+01,5.000000000000000000e-01
7.531600000000005934e+01,5.000000000000000000e-01
7.531700000000006412e+01,5.000000000000000000e-01
7.531800000000005468e+01,5.000000000000000000e-01
7.531900000000005946e+01,5.000000000000000000e-01
7.532000000000006423e+01,5.000000000000000000e-01
7.532100000000005480e+01,5.000000000000000000e-01
7.532200000000005957e+01,5.000000000000000000e-01
7.532300000000006435e+01,5.000000000000000000e-01
7.532400000000005491e+01,5.000000000000000000e-01
7.532500000000005969e+01,5.000000000000000000e-01
7.532600000000006446e+01,5.000000000000000000e-01
7.532700000000005502e+01,5.000000000000000000e-01
7.532800000000005980e+01,5.000000000000000000e-01
7.532900000000006457e+01,5.000000000000000000e-01
7.533000000000005514e+01,5.000000000000000000e-01
7.533100000000005991e+01,5.000000000000000000e-01
7.533200000000006469e+01,5.000000000000000000e-01
7.533300000000005525e+01,5.000000000000000000e-01
7.533400000000006003e+01,5.000000000000000000e-01
7.533500000000006480e+01,5.000000000000000000e-01
7.533600000000005537e+01,5.000000000000000000e-01
7.533700000000006014e+01,5.000000000000000000e-01
7.533800000000006492e+01,5.000000000000000000e-01
7.533900000000005548e+01,5.000000000000000000e-01
7.534000000000006025e+01,5.000000000000000000e-01
7.534100000000006503e+01,5.000000000000000000e-01
7.534200000000005559e+01,5.000000000000000000e-01
7.534300000000006037e+01,5.000000000000000000e-01
7.534400000000006514e+01,5.000000000000000000e-01
7.534500000000005571e+01,5.000000000000000000e-01
7.534600000000006048e+01,5.000000000000000000e-01
7.534700000000006526e+01,5.000000000000000000e-01
7.534800000000005582e+01,5.000000000000000000e-01
7.534900000000006060e+01,5.000000000000000000e-01
7.535000000000006537e+01,5.000000000000000000e-01
7.535100000000005593e+01,5.000000000000000000e-01
7.535200000000006071e+01,5.000000000000000000e-01
7.535300000000006548e+01,5.000000000000000000e-01
7.535400000000005605e+01,5.000000000000000000e-01
7.535500000000006082e+01,5.000000000000000000e-01
7.535600000000006560e+01,5.000000000000000000e-01
7.535700000000005616e+01,5.000000000000000000e-01
7.535800000000006094e+01,5.000000000000000000e-01
7.535900000000006571e+01,5.000000000000000000e-01
7.536000000000005627e+01,5.000000000000000000e-01
7.536100000000006105e+01,5.000000000000000000e-01
7.536200000000006582e+01,5.000000000000000000e-01
7.536300000000005639e+01,5.000000000000000000e-01
7.536400000000006116e+01,5.000000000000000000e-01
7.536500000000006594e+01,5.000000000000000000e-01
7.536600000000005650e+01,5.000000000000000000e-01
7.536700000000006128e+01,5.000000000000000000e-01
7.536800000000006605e+01,5.000000000000000000e-01
7.536900000000005662e+01,5.000000000000000000e-01
7.537000000000006139e+01,5.000000000000000000e-01
7.537100000000006617e+01,5.000000000000000000e-01
7.537200000000005673e+01,5.000000000000000000e-01
7.537300000000006150e+01,5.000000000000000000e-01
7.537400000000006628e+01,5.000000000000000000e-01
7.537500000000005684e+01,5.000000000000000000e-01
7.537600000000006162e+01,5.000000000000000000e-01
7.537700000000006639e+01,5.000000000000000000e-01
7.537800000000005696e+01,5.000000000000000000e-01
7.537900000000006173e+01,5.000000000000000000e-01
7.538000000000006651e+01,5.000000000000000000e-01
7.538100000000005707e+01,5.000000000000000000e-01
7.538200000000006185e+01,5.000000000000000000e-01
7.538300000000006662e+01,5.000000000000000000e-01
7.538400000000005718e+01,5.000000000000000000e-01
7.538500000000006196e+01,5.000000000000000000e-01
7.538600000000006673e+01,5.000000000000000000e-01
7.538700000000005730e+01,5.000000000000000000e-01
7.538800000000006207e+01,5.000000000000000000e-01
7.538900000000006685e+01,5.000000000000000000e-01
7.539000000000005741e+01,5.000000000000000000e-01
7.539100000000006219e+01,5.000000000000000000e-01
7.539200000000006696e+01,5.000000000000000000e-01
7.539300000000005753e+01,5.000000000000000000e-01
7.539400000000006230e+01,5.000000000000000000e-01
7.539500000000006708e+01,5.000000000000000000e-01
7.539600000000005764e+01,5.000000000000000000e-01
7.539700000000006241e+01,5.000000000000000000e-01
7.539800000000006719e+01,5.000000000000000000e-01
7.539900000000005775e+01,5.000000000000000000e-01
7.540000000000006253e+01,5.000000000000000000e-01
7.540100000000006730e+01,5.000000000000000000e-01
7.540200000000005787e+01,5.000000000000000000e-01
7.540300000000006264e+01,5.000000000000000000e-01
7.540400000000006742e+01,5.000000000000000000e-01
7.540500000000005798e+01,5.000000000000000000e-01
7.540600000000006276e+01,5.000000000000000000e-01
7.540700000000006753e+01,5.000000000000000000e-01
7.540800000000005809e+01,5.000000000000000000e-01
7.540900000000006287e+01,5.000000000000000000e-01
7.541000000000006764e+01,5.000000000000000000e-01
7.541100000000005821e+01,5.000000000000000000e-01
7.541200000000006298e+01,5.000000000000000000e-01
7.541300000000006776e+01,5.000000000000000000e-01
7.541400000000005832e+01,5.000000000000000000e-01
7.541500000000006310e+01,5.000000000000000000e-01
7.541600000000006787e+01,5.000000000000000000e-01
7.541700000000005844e+01,5.000000000000000000e-01
7.541800000000006321e+01,5.000000000000000000e-01
7.541900000000006798e+01,5.000000000000000000e-01
7.542000000000005855e+01,5.000000000000000000e-01
7.542100000000006332e+01,5.000000000000000000e-01
7.542200000000006810e+01,5.000000000000000000e-01
7.542300000000005866e+01,5.000000000000000000e-01
7.542400000000006344e+01,5.000000000000000000e-01
7.542500000000006821e+01,5.000000000000000000e-01
7.542600000000005878e+01,5.000000000000000000e-01
7.542700000000006355e+01,5.000000000000000000e-01
7.542800000000006833e+01,5.000000000000000000e-01
7.542900000000005889e+01,5.000000000000000000e-01
7.543000000000006366e+01,5.000000000000000000e-01
7.543100000000006844e+01,5.000000000000000000e-01
7.543200000000005900e+01,5.000000000000000000e-01
7.543300000000006378e+01,5.000000000000000000e-01
7.543400000000006855e+01,5.000000000000000000e-01
7.543500000000005912e+01,5.000000000000000000e-01
7.543600000000006389e+01,5.000000000000000000e-01
7.543700000000006867e+01,5.000000000000000000e-01
7.543800000000005923e+01,5.000000000000000000e-01
7.543900000000006401e+01,5.000000000000000000e-01
7.544000000000005457e+01,5.000000000000000000e-01
7.544100000000005934e+01,5.000000000000000000e-01
7.544200000000006412e+01,5.000000000000000000e-01
7.544300000000005468e+01,5.000000000000000000e-01
7.544400000000005946e+01,5.000000000000000000e-01
7.544500000000006423e+01,5.000000000000000000e-01
7.544600000000005480e+01,5.000000000000000000e-01
7.544700000000005957e+01,5.000000000000000000e-01
7.544800000000006435e+01,5.000000000000000000e-01
7.544900000000005491e+01,5.000000000000000000e-01
7.545000000000005969e+01,5.000000000000000000e-01
7.545100000000006446e+01,5.000000000000000000e-01
7.545200000000005502e+01,5.000000000000000000e-01
7.545300000000005980e+01,5.000000000000000000e-01
7.545400000000006457e+01,5.000000000000000000e-01
7.545500000000005514e+01,5.000000000000000000e-01
7.545600000000005991e+01,5.000000000000000000e-01
7.545700000000006469e+01,5.000000000000000000e-01
7.545800000000005525e+01,5.000000000000000000e-01
7.545900000000006003e+01,5.000000000000000000e-01
7.546000000000006480e+01,5.000000000000000000e-01
7.546100000000005537e+01,5.000000000000000000e-01
7.546200000000006014e+01,5.000000000000000000e-01
7.546300000000006492e+01,5.000000000000000000e-01
7.546400000000005548e+01,5.000000000000000000e-01
7.546500000000006025e+01,5.000000000000000000e-01
7.546600000000006503e+01,5.000000000000000000e-01
7.546700000000005559e+01,5.000000000000000000e-01
7.546800000000006037e+01,5.000000000000000000e-01
7.546900000000006514e+01,5.000000000000000000e-01
7.547000000000005571e+01,5.000000000000000000e-01
7.547100000000006048e+01,5.000000000000000000e-01
7.547200000000006526e+01,5.000000000000000000e-01
7.547300000000005582e+01,5.000000000000000000e-01
7.547400000000006060e+01,5.000000000000000000e-01
7.547500000000006537e+01,5.000000000000000000e-01
7.547600000000005593e+01,5.000000000000000000e-01
7.547700000000006071e+01,5.000000000000000000e-01
7.547800000000006548e+01,5.000000000000000000e-01
7.547900000000005605e+01,5.000000000000000000e-01
7.548000000000006082e+01,5.000000000000000000e-01
7.548100000000006560e+01,5.000000000000000000e-01
7.548200000000005616e+01,5.000000000000000000e-01
7.548300000000006094e+01,5.000000000000000000e-01
7.548400000000006571e+01,5.000000000000000000e-01
7.548500000000005627e+01,5.000000000000000000e-01
7.548600000000006105e+01,5.000000000000000000e-01
7.548700000000006582e+01,5.000000000000000000e-01
7.548800000000005639e+01,5.000000000000000000e-01
7.548900000000006116e+01,5.000000000000000000e-01
7.549000000000006594e+01,5.000000000000000000e-01
7.549100000000005650e+01,5.000000000000000000e-01
7.549200000000006128e+01,5.000000000000000000e-01
7.549300000000006605e+01,5.000000000000000000e-01
7.549400000000005662e+01,5.000000000000000000e-01
7.549500000000006139e+01,5.000000000000000000e-01
7.549600000000006617e+01,5.000000000000000000e-01
7.549700000000005673e+01,5.000000000000000000e-01
7.549800000000006150e+01,5.000000000000000000e-01
7.549900000000006628e+01,5.000000000000000000e-01
7.550000000000005684e+01,5.000000000000000000e-01
7.550100000000006162e+01,5.000000000000000000e-01
7.550200000000006639e+01,5.000000000000000000e-01
7.550300000000005696e+01,5.000000000000000000e-01
7.550400000000006173e+01,5.000000000000000000e-01
7.550500000000006651e+01,5.000000000000000000e-01
7.550600000000005707e+01,5.000000000000000000e-01
7.550700000000006185e+01,5.000000000000000000e-01
7.550800000000006662e+01,5.000000000000000000e-01
7.550900000000005718e+01,5.000000000000000000e-01
7.551000000000006196e+01,5.000000000000000000e-01
7.551100000000006673e+01,5.000000000000000000e-01
7.551200000000005730e+01,5.000000000000000000e-01
7.551300000000006207e+01,5.000000000000000000e-01
7.551400000000006685e+01,5.000000000000000000e-01
7.551500000000005741e+01,5.000000000000000000e-01
7.551600000000006219e+01,5.000000000000000000e-01
7.551700000000006696e+01,5.000000000000000000e-01
7.551800000000005753e+01,5.000000000000000000e-01
7.551900000000006230e+01,5.000000000000000000e-01
7.552000000000006708e+01,5.000000000000000000e-01
7.552100000000005764e+01,5.000000000000000000e-01
7.552200000000006241e+01,5.000000000000000000e-01
7.552300000000006719e+01,5.000000000000000000e-01
7.552400000000005775e+01,5.000000000000000000e-01
7.552500000000006253e+01,5.000000000000000000e-01
7.552600000000006730e+01,5.000000000000000000e-01
7.552700000000005787e+01,5.000000000000000000e-01
7.552800000000006264e+01,5.000000000000000000e-01
7.552900000000006742e+01,5.000000000000000000e-01
7.553000000000005798e+01,5.000000000000000000e-01
7.553100000000006276e+01,5.000000000000000000e-01
7.553200000000006753e+01,5.000000000000000000e-01
7.553300000000005809e+01,5.000000000000000000e-01
7.553400000000006287e+01,5.000000000000000000e-01
7.553500000000006764e+01,5.000000000000000000e-01
7.553600000000005821e+01,5.000000000000000000e-01
7.553700000000006298e+01,5.000000000000000000e-01
7.553800000000006776e+01,5.000000000000000000e-01
7.553900000000005832e+01,5.000000000000000000e-01
7.554000000000006310e+01,5.000000000000000000e-01
7.554100000000006787e+01,5.000000000000000000e-01
7.554200000000005844e+01,5.000000000000000000e-01
7.554300000000006321e+01,5.000000000000000000e-01
7.554400000000006798e+01,5.000000000000000000e-01
7.554500000000005855e+01,5.000000000000000000e-01
7.554600000000006332e+01,5.000000000000000000e-01
7.554700000000006810e+01,5.000000000000000000e-01
7.554800000000005866e+01,5.000000000000000000e-01
7.554900000000006344e+01,5.000000000000000000e-01
7.555000000000006821e+01,5.000000000000000000e-01
7.555100000000005878e+01,5.000000000000000000e-01
7.555200000000006355e+01,5.000000000000000000e-01
7.555300000000006833e+01,5.000000000000000000e-01
7.555400000000005889e+01,5.000000000000000000e-01
7.555500000000006366e+01,5.000000000000000000e-01
7.555600000000006844e+01,5.000000000000000000e-01
7.555700000000005900e+01,5.000000000000000000e-01
7.555800000000006378e+01,5.000000000000000000e-01
7.555900000000006855e+01,5.000000000000000000e-01
7.556000000000005912e+01,5.000000000000000000e-01
7.556100000000006389e+01,5.000000000000000000e-01
7.556200000000006867e+01,5.000000000000000000e-01
7.556300000000005923e+01,5.000000000000000000e-01
7.556400000000006401e+01,5.000000000000000000e-01
7.556500000000005457e+01,5.000000000000000000e-01
7.556600000000005934e+01,5.000000000000000000e-01
7.556700000000006412e+01,5.000000000000000000e-01
7.556800000000005468e+01,5.000000000000000000e-01
7.556900000000005946e+01,5.000000000000000000e-01
7.557000000000006423e+01,5.000000000000000000e-01
7.557100000000005480e+01,5.000000000000000000e-01
7.557200000000005957e+01,5.000000000000000000e-01
7.557300000000006435e+01,5.000000000000000000e-01
7.557400000000005491e+01,5.000000000000000000e-01
7.557500000000005969e+01,5.000000000000000000e-01
7.557600000000006446e+01,5.000000000000000000e-01
7.557700000000005502e+01,5.000000000000000000e-01
7.557800000000005980e+01,5.000000000000000000e-01
7.557900000000006457e+01,5.000000000000000000e-01
7.558000000000005514e+01,5.000000000000000000e-01
7.558100000000005991e+01,5.000000000000000000e-01
7.558200000000006469e+01,5.000000000000000000e-01
7.558300000000005525e+01,5.000000000000000000e-01
7.558400000000006003e+01,5.000000000000000000e-01
7.558500000000006480e+01,5.000000000000000000e-01
7.558600000000005537e+01,5.000000000000000000e-01
7.558700000000006014e+01,5.000000000000000000e-01
7.558800000000006492e+01,5.000000000000000000e-01
7.558900000000005548e+01,5.000000000000000000e-01
7.559000000000006025e+01,5.000000000000000000e-01
7.559100000000006503e+01,5.000000000000000000e-01
7.559200000000005559e+01,5.000000000000000000e-01
7.559300000000006037e+01,5.000000000000000000e-01
7.559400000000006514e+01,5.000000000000000000e-01
7.559500000000005571e+01,5.000000000000000000e-01
7.559600000000006048e+01,5.000000000000000000e-01
7.559700000000006526e+01,5.000000000000000000e-01
7.559800000000005582e+01,5.000000000000000000e-01
7.559900000000006060e+01,5.000000000000000000e-01
7.560000000000006537e+01,5.000000000000000000e-01
7.560100000000005593e+01,5.000000000000000000e-01
7.560200000000006071e+01,5.000000000000000000e-01
7.560300000000006548e+01,5.000000000000000000e-01
7.560400000000005605e+01,5.000000000000000000e-01
7.560500000000006082e+01,5.000000000000000000e-01
7.560600000000006560e+01,5.000000000000000000e-01
7.560700000000005616e+01,5.000000000000000000e-01
7.560800000000006094e+01,5.000000000000000000e-01
7.560900000000006571e+01,5.000000000000000000e-01
7.561000000000005627e+01,5.000000000000000000e-01
7.561100000000006105e+01,5.000000000000000000e-01
7.561200000000006582e+01,5.000000000000000000e-01
7.561300000000005639e+01,5.000000000000000000e-01
7.561400000000006116e+01,5.000000000000000000e-01
7.561500000000006594e+01,5.000000000000000000e-01
7.561600000000005650e+01,5.000000000000000000e-01
7.561700000000006128e+01,5.000000000000000000e-01
7.561800000000006605e+01,5.000000000000000000e-01
7.561900000000005662e+01,5.000000000000000000e-01
7.562000000000006139e+01,5.000000000000000000e-01
7.562100000000006617e+01,5.000000000000000000e-01
7.562200000000005673e+01,5.000000000000000000e-01
7.562300000000006150e+01,5.000000000000000000e-01
7.562400000000006628e+01,5.000000000000000000e-01
7.562500000000005684e+01,5.000000000000000000e-01
7.562600000000006162e+01,5.000000000000000000e-01
7.562700000000006639e+01,5.000000000000000000e-01
7.562800000000005696e+01,5.000000000000000000e-01
7.562900000000006173e+01,5.000000000000000000e-01
7.563000000000006651e+01,5.000000000000000000e-01
7.563100000000005707e+01,5.000000000000000000e-01
7.563200000000006185e+01,5.000000000000000000e-01
7.563300000000006662e+01,5.000000000000000000e-01
7.563400000000005718e+01,5.000000000000000000e-01
7.563500000000006196e+01,5.000000000000000000e-01
7.563600000000006673e+01,5.000000000000000000e-01
7.563700000000005730e+01,5.000000000000000000e-01
7.563800000000006207e+01,5.000000000000000000e-01
7.563900000000006685e+01,5.000000000000000000e-01
7.564000000000005741e+01,5.000000000000000000e-01
7.564100000000006219e+01,5.000000000000000000e-01
7.564200000000006696e+01,5.000000000000000000e-01
7.564300000000005753e+01,5.000000000000000000e-01
7.564400000000006230e+01,5.000000000000000000e-01
7.564500000000006708e+01,5.000000000000000000e-01
7.564600000000005764e+01,5.000000000000000000e-01
7.564700000000006241e+01,5.000000000000000000e-01
7.564800000000006719e+01,5.000000000000000000e-01
7.564900000000005775e+01,5.000000000000000000e-01
7.565000000000006253e+01,5.000000000000000000e-01
7.565100000000006730e+01,5.000000000000000000e-01
7.565200000000005787e+01,5.000000000000000000e-01
7.565300000000006264e+01,5.000000000000000000e-01
7.565400000000006742e+01,5.000000000000000000e-01
7.565500000000005798e+01,5.000000000000000000e-01
7.565600000000006276e+01,5.000000000000000000e-01
7.565700000000006753e+01,5.000000000000000000e-01
7.565800000000005809e+01,5.000000000000000000e-01
7.565900000000006287e+01,5.000000000000000000e-01
7.566000000000006764e+01,5.000000000000000000e-01
7.566100000000005821e+01,5.000000000000000000e-01
7.566200000000006298e+01,5.000000000000000000e-01
7.566300000000006776e+01,5.000000000000000000e-01
7.566400000000005832e+01,5.000000000000000000e-01
7.566500000000006310e+01,5.000000000000000000e-01
7.566600000000006787e+01,5.000000000000000000e-01
7.566700000000005844e+01,5.000000000000000000e-01
7.566800000000006321e+01,5.000000000000000000e-01
7.566900000000006798e+01,5.000000000000000000e-01
7.567000000000005855e+01,5.000000000000000000e-01
7.567100000000006332e+01,5.000000000000000000e-01
7.567200000000006810e+01,5.000000000000000000e-01
7.567300000000005866e+01,5.000000000000000000e-01
7.567400000000006344e+01,5.000000000000000000e-01
7.567500000000006821e+01,5.000000000000000000e-01
7.567600000000005878e+01,5.000000000000000000e-01
7.567700000000006355e+01,5.000000000000000000e-01
7.567800000000006833e+01,5.000000000000000000e-01
7.567900000000005889e+01,5.000000000000000000e-01
7.568000000000006366e+01,5.000000000000000000e-01
7.568100000000006844e+01,5.000000000000000000e-01
7.568200000000005900e+01,5.000000000000000000e-01
7.568300000000006378e+01,5.000000000000000000e-01
7.568400000000006855e+01,5.000000000000000000e-01
7.568500000000005912e+01,5.000000000000000000e-01
7.568600000000006389e+01,5.000000000000000000e-01
7.568700000000006867e+01,5.000000000000000000e-01
7.568800000000005923e+01,5.000000000000000000e-01
7.568900000000006401e+01,5.000000000000000000e-01
7.569000000000006878e+01,5.000000000000000000e-01
7.569100000000005934e+01,5.000000000000000000e-01
7.569200000000006412e+01,5.000000000000000000e-01
7.569300000000006889e+01,5.000000000000000000e-01
7.569400000000005946e+01,5.000000000000000000e-01
7.569500000000006423e+01,5.000000000000000000e-01
7.569600000000005480e+01,5.000000000000000000e-01
7.569700000000005957e+01,5.000000000000000000e-01
7.569800000000006435e+01,5.000000000000000000e-01
7.569900000000005491e+01,5.000000000000000000e-01
7.570000000000005969e+01,5.000000000000000000e-01
7.570100000000006446e+01,5.000000000000000000e-01
7.570200000000005502e+01,5.000000000000000000e-01
7.570300000000005980e+01,5.000000000000000000e-01
7.570400000000006457e+01,5.000000000000000000e-01
7.570500000000005514e+01,5.000000000000000000e-01
7.570600000000005991e+01,5.000000000000000000e-01
7.570700000000006469e+01,5.000000000000000000e-01
7.570800000000005525e+01,5.000000000000000000e-01
7.570900000000006003e+01,5.000000000000000000e-01
7.571000000000006480e+01,5.000000000000000000e-01
7.571100000000005537e+01,5.000000000000000000e-01
7.571200000000006014e+01,5.000000000000000000e-01
7.571300000000006492e+01,5.000000000000000000e-01
7.571400000000005548e+01,5.000000000000000000e-01
7.571500000000006025e+01,5.000000000000000000e-01
7.571600000000006503e+01,5.000000000000000000e-01
7.571700000000005559e+01,5.000000000000000000e-01
7.571800000000006037e+01,5.000000000000000000e-01
7.571900000000006514e+01,5.000000000000000000e-01
7.572000000000005571e+01,5.000000000000000000e-01
7.572100000000006048e+01,5.000000000000000000e-01
7.572200000000006526e+01,5.000000000000000000e-01
7.572300000000005582e+01,5.000000000000000000e-01
7.572400000000006060e+01,5.000000000000000000e-01
7.572500000000006537e+01,5.000000000000000000e-01
7.572600000000005593e+01,5.000000000000000000e-01
7.572700000000006071e+01,5.000000000000000000e-01
7.572800000000006548e+01,5.000000000000000000e-01
7.572900000000005605e+01,5.000000000000000000e-01
7.573000000000006082e+01,5.000000000000000000e-01
7.573100000000006560e+01,5.000000000000000000e-01
7.573200000000005616e+01,5.000000000000000000e-01
7.573300000000006094e+01,5.000000000000000000e-01
7.573400000000006571e+01,5.000000000000000000e-01
7.573500000000005627e+01,5.000000000000000000e-01
7.573600000000006105e+01,5.000000000000000000e-01
7.573700000000006582e+01,5.000000000000000000e-01
7.573800000000005639e+01,5.000000000000000000e-01
7.573900000000006116e+01,5.000000000000000000e-01
7.574000000000006594e+01,5.000000000000000000e-01
7.574100000000005650e+01,5.000000000000000000e-01
7.574200000000006128e+01,5.000000000000000000e-01
7.574300000000006605e+01,5.000000000000000000e-01
7.574400000000005662e+01,5.000000000000000000e-01
7.574500000000006139e+01,5.000000000000000000e-01
7.574600000000006617e+01,5.000000000000000000e-01
7.574700000000005673e+01,5.000000000000000000e-01
7.574800000000006150e+01,5.000000000000000000e-01
7.574900000000006628e+01,5.000000000000000000e-01
7.575000000000005684e+01,5.000000000000000000e-01
7.575100000000006162e+01,5.000000000000000000e-01
7.575200000000006639e+01,5.000000000000000000e-01
7.575300000000005696e+01,5.000000000000000000e-01
7.575400000000006173e+01,5.000000000000000000e-01
7.575500000000006651e+01,5.000000000000000000e-01
7.575600000000005707e+01,5.000000000000000000e-01
7.575700000000006185e+01,5.000000000000000000e-01
7.575800000000006662e+01,5.000000000000000000e-01
7.575900000000005718e+01,5.000000000000000000e-01
7.576000000000006196e+01,5.000000000000000000e-01
7.576100000000006673e+01,5.000000000000000000e-01
7.576200000000005730e+01,5.000000000000000000e-01
7.576300000000006207e+01,5.000000000000000000e-01
7.576400000000006685e+01,5.000000000000000000e-01
7.576500000000005741e+01,5.000000000000000000e-01
7.576600000000006219e+01,5.000000000000000000e-01
7.576700000000006696e+01,5.000000000000000000e-01
7.576800000000005753e+01,5.000000000000000000e-01
7.576900000000006230e+01,5.000000000000000000e-01
7.577000000000006708e+01,5.000000000000000000e-01
7.577100000000005764e+01,5.000000000000000000e-01
7.577200000000006241e+01,5.000000000000000000e-01
7.577300000000006719e+01,5.000000000000000000e-01
7.577400000000005775e+01,5.000000000000000000e-01
7.577500000000006253e+01,5.000000000000000000e-01
7.577600000000006730e+01,5.000000000000000000e-01
7.577700000000005787e+01,5.000000000000000000e-01
7.577800000000006264e+01,5.000000000000000000e-01
7.577900000000006742e+01,5.000000000000000000e-01
7.578000000000005798e+01,5.000000000000000000e-01
7.578100000000006276e+01,5.000000000000000000e-01
7.578200000000006753e+01,5.000000000000000000e-01
7.578300000000005809e+01,5.000000000000000000e-01
7.578400000000006287e+01,5.000000000000000000e-01
7.578500000000006764e+01,5.000000000000000000e-01
7.578600000000005821e+01,5.000000000000000000e-01
7.578700000000006298e+01,5.000000000000000000e-01
7.578800000000006776e+01,5.000000000000000000e-01
7.578900000000005832e+01,5.000000000000000000e-01
7.579000000000006310e+01,5.000000000000000000e-01
7.579100000000006787e+01,5.000000000000000000e-01
7.579200000000005844e+01,5.000000000000000000e-01
7.579300000000006321e+01,5.000000000000000000e-01
7.579400000000006798e+01,5.000000000000000000e-01
7.579500000000005855e+01,5.000000000000000000e-01
7.579600000000006332e+01,5.000000000000000000e-01
7.579700000000006810e+01,5.000000000000000000e-01
7.579800000000005866e+01,5.000000000000000000e-01
7.579900000000006344e+01,5.000000000000000000e-01
7.580000000000006821e+01,5.000000000000000000e-01
7.580100000000005878e+01,5.000000000000000000e-01
7.580200000000006355e+01,5.000000000000000000e-01
7.580300000000006833e+01,5.000000000000000000e-01
7.580400000000005889e+01,5.000000000000000000e-01
7.580500000000006366e+01,5.000000000000000000e-01
7.580600000000006844e+01,5.000000000000000000e-01
7.580700000000005900e+01,5.000000000000000000e-01
7.580800000000006378e+01,5.000000000000000000e-01
7.580900000000006855e+01,5.000000000000000000e-01
7.581000000000005912e+01,5.000000000000000000e-01
7.581100000000006389e+01,5.000000000000000000e-01
7.581200000000006867e+01,5.000000000000000000e-01
7.581300000000005923e+01,5.000000000000000000e-01
7.581400000000006401e+01,5.000000000000000000e-01
7.581500000000006878e+01,5.000000000000000000e-01
7.581600000000005934e+01,5.000000000000000000e-01
7.581700000000006412e+01,5.000000000000000000e-01
7.581800000000006889e+01,5.000000000000000000e-01
7.581900000000005946e+01,5.000000000000000000e-01
7.582000000000006423e+01,5.000000000000000000e-01
7.582100000000005480e+01,5.000000000000000000e-01
7.582200000000005957e+01,5.000000000000000000e-01
7.582300000000006435e+01,5.000000000000000000e-01
7.582400000000005491e+01,5.000000000000000000e-01
7.582500000000005969e+01,5.000000000000000000e-01
7.582600000000006446e+01,5.000000000000000000e-01
7.582700000000005502e+01,5.000000000000000000e-01
7.582800000000005980e+01,5.000000000000000000e-01
7.582900000000006457e+01,5.000000000000000000e-01
7.583000000000005514e+01,5.000000000000000000e-01
7.583100000000005991e+01,5.000000000000000000e-01
7.583200000000006469e+01,5.000000000000000000e-01
7.583300000000005525e+01,5.000000000000000000e-01
7.583400000000006003e+01,5.000000000000000000e-01
7.583500000000006480e+01,5.000000000000000000e-01
7.583600000000005537e+01,5.000000000000000000e-01
7.583700000000006014e+01,5.000000000000000000e-01
7.583800000000006492e+01,5.000000000000000000e-01
7.583900000000005548e+01,5.000000000000000000e-01
7.584000000000006025e+01,5.000000000000000000e-01
7.584100000000006503e+01,5.000000000000000000e-01
7.584200000000005559e+01,5.000000000000000000e-01
7.584300000000006037e+01,5.000000000000000000e-01
7.584400000000006514e+01,5.000000000000000000e-01
7.584500000000005571e+01,5.000000000000000000e-01
7.584600000000006048e+01,5.000000000000000000e-01
7.584700000000006526e+01,5.000000000000000000e-01
7.584800000000005582e+01,5.000000000000000000e-01
7.584900000000006060e+01,5.000000000000000000e-01
7.585000000000006537e+01,5.000000000000000000e-01
7.585100000000005593e+01,5.000000000000000000e-01
7.585200000000006071e+01,5.000000000000000000e-01
7.585300000000006548e+01,5.000000000000000000e-01
7.585400000000005605e+01,5.000000000000000000e-01
7.585500000000006082e+01,5.000000000000000000e-01
7.585600000000006560e+01,5.000000000000000000e-01
7.585700000000005616e+01,5.000000000000000000e-01
7.585800000000006094e+01,5.000000000000000000e-01
7.585900000000006571e+01,5.000000000000000000e-01
7.586000000000005627e+01,5.000000000000000000e-01
7.586100000000006105e+01,5.000000000000000000e-01
7.586200000000006582e+01,5.000000000000000000e-01
7.586300000000005639e+01,5.000000000000000000e-01
7.586400000000006116e+01,5.000000000000000000e-01
7.586500000000006594e+01,5.000000000000000000e-01
7.586600000000005650e+01,5.000000000000000000e-01
7.586700000000006128e+01,5.000000000000000000e-01
7.586800000000006605e+01,5.000000000000000000e-01
7.586900000000005662e+01,5.000000000000000000e-01
7.587000000000006139e+01,5.000000000000000000e-01
7.587100000000006617e+01,5.000000000000000000e-01
7.587200000000005673e+01,5.000000000000000000e-01
7.587300000000006150e+01,5.000000000000000000e-01
7.587400000000006628e+01,5.000000000000000000e-01
7.587500000000005684e+01,5.000000000000000000e-01
7.587600000000006162e+01,5.000000000000000000e-01
7.587700000000006639e+01,5.000000000000000000e-01
7.587800000000005696e+01,5.000000000000000000e-01
7.587900000000006173e+01,5.000000000000000000e-01
7.588000000000006651e+01,5.000000000000000000e-01
7.588100000000005707e+01,5.000000000000000000e-01
7.588200000000006185e+01,5.000000000000000000e-01
7.588300000000006662e+01,5.000000000000000000e-01
7.588400000000005718e+01,5.000000000000000000e-01
7.588500000000006196e+01,5.000000000000000000e-01
7.588600000000006673e+01,5.000000000000000000e-01
7.588700000000005730e+01,5.000000000000000000e-01
7.588800000000006207e+01,5.000000000000000000e-01
7.588900000000006685e+01,5.000000000000000000e-01
7.589000000000005741e+01,5.000000000000000000e-01
7.589100000000006219e+01,5.000000000000000000e-01
7.589200000000006696e+01,5.000000000000000000e-01
7.589300000000005753e+01,5.000000000000000000e-01
7.589400000000006230e+01,5.000000000000000000e-01
7.589500000000006708e+01,5.000000000000000000e-01
7.589600000000005764e+01,5.000000000000000000e-01
7.589700000000006241e+01,5.000000000000000000e-01
7.589800000000006719e+01,5.000000000000000000e-01
7.589900000000005775e+01,5.000000000000000000e-01
7.590000000000006253e+01,5.000000000000000000e-01
7.590100000000006730e+01,5.000000000000000000e-01
7.590200000000005787e+01,5.000000000000000000e-01
7.590300000000006264e+01,5.000000000000000000e-01
7.590400000000006742e+01,5.000000000000000000e-01
7.590500000000005798e+01,5.000000000000000000e-01
7.590600000000006276e+01,5.000000000000000000e-01
7.590700000000006753e+01,5.000000000000000000e-01
7.590800000000005809e+01,5.000000000000000000e-01
7.590900000000006287e+01,5.000000000000000000e-01
7.591000000000006764e+01,5.000000000000000000e-01
7.591100000000005821e+01,5.000000000000000000e-01
7.591200000000006298e+01,5.000000000000000000e-01
7.591300000000006776e+01,5.000000000000000000e-01
7.591400000000005832e+01,5.000000000000000000e-01
7.591500000000006310e+01,5.000000000000000000e-01
7.591600000000006787e+01,5.000000000000000000e-01
7.591700000000005844e+01,5.000000000000000000e-01
7.591800000000006321e+01,5.000000000000000000e-01
7.591900000000006798e+01,5.000000000000000000e-01
7.592000000000005855e+01,5.000000000000000000e-01
7.592100000000006332e+01,5.000000000000000000e-01
7.592200000000006810e+01,5.000000000000000000e-01
7.592300000000005866e+01,5.000000000000000000e-01
7.592400000000006344e+01,5.000000000000000000e-01
7.592500000000006821e+01,5.000000000000000000e-01
7.592600000000005878e+01,5.000000000000000000e-01
7.592700000000006355e+01,5.000000000000000000e-01
7.592800000000006833e+01,5.000000000000000000e-01
7.592900000000005889e+01,5.000000000000000000e-01
7.593000000000006366e+01,5.000000000000000000e-01
7.593100000000006844e+01,5.000000000000000000e-01
7.593200000000005900e+01,5.000000000000000000e-01
7.593300000000006378e+01,5.000000000000000000e-01
7.593400000000006855e+01,5.000000000000000000e-01
7.593500000000005912e+01,5.000000000000000000e-01
7.593600000000006389e+01,5.000000000000000000e-01
7.593700000000006867e+01,5.000000000000000000e-01
7.593800000000005923e+01,5.000000000000000000e-01
7.593900000000006401e+01,5.000000000000000000e-01
7.594000000000006878e+01,5.000000000000000000e-01
7.594100000000005934e+01,5.000000000000000000e-01
7.594200000000006412e+01,5.000000000000000000e-01
7.594300000000006889e+01,5.000000000000000000e-01
7.594400000000005946e+01,5.000000000000000000e-01
7.594500000000006423e+01,5.000000000000000000e-01
7.594600000000006901e+01,5.000000000000000000e-01
7.594700000000005957e+01,5.000000000000000000e-01
7.594800000000006435e+01,5.000000000000000000e-01
7.594900000000006912e+01,5.000000000000000000e-01
7.595000000000005969e+01,5.000000000000000000e-01
7.595100000000006446e+01,5.000000000000000000e-01
7.595200000000005502e+01,5.000000000000000000e-01
7.595300000000005980e+01,5.000000000000000000e-01
7.595400000000006457e+01,5.000000000000000000e-01
7.595500000000005514e+01,5.000000000000000000e-01
7.595600000000005991e+01,5.000000000000000000e-01
7.595700000000006469e+01,5.000000000000000000e-01
7.595800000000005525e+01,5.000000000000000000e-01
7.595900000000006003e+01,5.000000000000000000e-01
7.596000000000006480e+01,5.000000000000000000e-01
7.596100000000005537e+01,5.000000000000000000e-01
7.596200000000006014e+01,5.000000000000000000e-01
7.596300000000006492e+01,5.000000000000000000e-01
7.596400000000005548e+01,5.000000000000000000e-01
7.596500000000006025e+01,5.000000000000000000e-01
7.596600000000006503e+01,5.000000000000000000e-01
7.596700000000005559e+01,5.000000000000000000e-01
7.596800000000006037e+01,5.000000000000000000e-01
7.596900000000006514e+01,5.000000000000000000e-01
7.597000000000005571e+01,5.000000000000000000e-01
7.597100000000006048e+01,5.000000000000000000e-01
7.597200000000006526e+01,5.000000000000000000e-01
7.597300000000005582e+01,5.000000000000000000e-01
7.597400000000006060e+01,5.000000000000000000e-01
7.597500000000006537e+01,5.000000000000000000e-01
7.597600000000005593e+01,5.000000000000000000e-01
7.597700000000006071e+01,5.000000000000000000e-01
7.597800000000006548e+01,5.000000000000000000e-01
7.597900000000005605e+01,5.000000000000000000e-01
7.598000000000006082e+01,5.000000000000000000e-01
7.598100000000006560e+01,5.000000000000000000e-01
7.598200000000005616e+01,5.000000000000000000e-01
7.598300000000006094e+01,5.000000000000000000e-01
7.598400000000006571e+01,5.000000000000000000e-01
7.598500000000005627e+01,5.000000000000000000e-01
7.598600000000006105e+01,5.000000000000000000e-01
7.598700000000006582e+01,5.000000000000000000e-01
7.598800000000005639e+01,5.000000000000000000e-01
7.598900000000006116e+01,5.000000000000000000e-01
7.599000000000006594e+01,5.000000000000000000e-01
7.599100000000005650e+01,5.000000000000000000e-01
7.599200000000006128e+01,5.000000000000000000e-01
7.599300000000006605e+01,5.000000000000000000e-01
7.599400000000005662e+01,5.000000000000000000e-01
7.599500000000006139e+01,5.000000000000000000e-01
7.599600000000006617e+01,5.000000000000000000e-01
7.599700000000005673e+01,5.000000000000000000e-01
7.599800000000006150e+01,5.000000000000000000e-01
7.599900000000006628e+01,5.000000000000000000e-01
7.600000000000005684e+01,5.000000000000000000e-01
7.600100000000006162e+01,5.000000000000000000e-01
7.600200000000006639e+01,5.000000000000000000e-01
7.600300000000005696e+01,5.000000000000000000e-01
7.600400000000006173e+01,5.000000000000000000e-01
7.600500000000006651e+01,5.000000000000000000e-01
7.600600000000005707e+01,5.000000000000000000e-01
7.600700000000006185e+01,5.000000000000000000e-01
7.600800000000006662e+01,5.000000000000000000e-01
7.600900000000005718e+01,5.000000000000000000e-01
7.601000000000006196e+01,5.000000000000000000e-01
7.601100000000006673e+01,5.000000000000000000e-01
7.601200000000005730e+01,5.000000000000000000e-01
7.601300000000006207e+01,5.000000000000000000e-01
7.601400000000006685e+01,5.000000000000000000e-01
7.601500000000005741e+01,5.000000000000000000e-01
7.601600000000006219e+01,5.000000000000000000e-01
7.601700000000006696e+01,5.000000000000000000e-01
7.601800000000005753e+01,5.000000000000000000e-01
7.601900000000006230e+01,5.000000000000000000e-01
7.602000000000006708e+01,5.000000000000000000e-01
7.602100000000005764e+01,5.000000000000000000e-01
7.602200000000006241e+01,5.000000000000000000e-01
7.602300000000006719e+01,5.000000000000000000e-01
7.602400000000005775e+01,5.000000000000000000e-01
7.602500000000006253e+01,5.000000000000000000e-01
7.602600000000006730e+01,5.000000000000000000e-01
7.602700000000005787e+01,5.000000000000000000e-01
7.602800000000006264e+01,5.000000000000000000e-01
7.602900000000006742e+01,5.000000000000000000e-01
7.603000000000005798e+01,5.000000000000000000e-01
7.603100000000006276e+01,5.000000000000000000e-01
7.603200000000006753e+01,5.000000000000000000e-01
7.603300000000005809e+01,5.000000000000000000e-01
7.603400000000006287e+01,5.000000000000000000e-01
7.603500000000006764e+01,5.000000000000000000e-01
7.603600000000005821e+01,5.000000000000000000e-01
7.603700000000006298e+01,5.000000000000000000e-01
7.603800000000006776e+01,5.000000000000000000e-01
7.603900000000005832e+01,5.000000000000000000e-01
7.604000000000006310e+01,5.000000000000000000e-01
7.604100000000006787e+01,5.000000000000000000e-01
7.604200000000005844e+01,5.000000000000000000e-01
7.604300000000006321e+01,5.000000000000000000e-01
7.604400000000006798e+01,5.000000000000000000e-01
7.604500000000005855e+01,5.000000000000000000e-01
7.604600000000006332e+01,5.000000000000000000e-01
7.604700000000006810e+01,5.000000000000000000e-01
7.604800000000005866e+01,5.000000000000000000e-01
7.604900000000006344e+01,5.000000000000000000e-01
7.605000000000006821e+01,5.000000000000000000e-01
7.605100000000005878e+01,5.000000000000000000e-01
7.605200000000006355e+01,5.000000000000000000e-01
7.605300000000006833e+01,5.000000000000000000e-01
7.605400000000005889e+01,5.000000000000000000e-01
7.605500000000006366e+01,5.000000000000000000e-01
7.605600000000006844e+01,5.000000000000000000e-01
7.605700000000005900e+01,5.000000000000000000e-01
7.605800000000006378e+01,5.000000000000000000e-01
7.605900000000006855e+01,5.000000000000000000e-01
7.606000000000005912e+01,5.000000000000000000e-01
7.606100000000006389e+01,5.000000000000000000e-01
7.606200000000006867e+01,5.000000000000000000e-01
7.606300000000005923e+01,5.000000000000000000e-01
7.606400000000006401e+01,5.000000000000000000e-01
7.606500000000006878e+01,5.000000000000000000e-01
7.606600000000005934e+01,5.000000000000000000e-01
7.606700000000006412e+01,5.000000000000000000e-01
7.606800000000006889e+01,5.000000000000000000e-01
7.606900000000005946e+01,5.000000000000000000e-01
7.607000000000006423e+01,5.000000000000000000e-01
7.607100000000006901e+01,5.000000000000000000e-01
7.607200000000005957e+01,5.000000000000000000e-01
7.607300000000006435e+01,5.000000000000000000e-01
7.607400000000006912e+01,5.000000000000000000e-01
7.607500000000005969e+01,5.000000000000000000e-01
7.607600000000006446e+01,5.000000000000000000e-01
7.607700000000005502e+01,5.000000000000000000e-01
7.607800000000005980e+01,5.000000000000000000e-01
7.607900000000006457e+01,5.000000000000000000e-01
7.608000000000005514e+01,5.000000000000000000e-01
7.608100000000005991e+01,5.000000000000000000e-01
7.608200000000006469e+01,5.000000000000000000e-01
7.608300000000005525e+01,5.000000000000000000e-01
7.608400000000006003e+01,5.000000000000000000e-01
7.608500000000006480e+01,5.000000000000000000e-01
7.608600000000005537e+01,5.000000000000000000e-01
7.608700000000006014e+01,5.000000000000000000e-01
7.608800000000006492e+01,5.000000000000000000e-01
7.608900000000005548e+01,5.000000000000000000e-01
7.609000000000006025e+01,5.000000000000000000e-01
7.609100000000006503e+01,5.000000000000000000e-01
7.609200000000005559e+01,5.000000000000000000e-01
7.609300000000006037e+01,5.000000000000000000e-01
7.609400000000006514e+01,5.000000000000000000e-01
7.609500000000005571e+01,5.000000000000000000e-01
7.609600000000006048e+01,5.000000000000000000e-01
7.609700000000006526e+01,5.000000000000000000e-01
7.609800000000005582e+01,5.000000000000000000e-01
7.609900000000006060e+01,5.000000000000000000e-01
7.610000000000006537e+01,5.000000000000000000e-01
7.610100000000005593e+01,5.000000000000000000e-01
7.610200000000006071e+01,5.000000000000000000e-01
7.610300000000006548e+01,5.000000000000000000e-01
7.610400000000005605e+01,5.000000000000000000e-01
7.610500000000006082e+01,5.000000000000000000e-01
7.610600000000006560e+01,5.000000000000000000e-01
7.610700000000005616e+01,5.000000000000000000e-01
7.610800000000006094e+01,5.000000000000000000e-01
7.610900000000006571e+01,5.000000000000000000e-01
7.611000000000005627e+01,5.000000000000000000e-01
7.611100000000006105e+01,5.000000000000000000e-01
7.611200000000006582e+01,5.000000000000000000e-01
7.611300000000005639e+01,5.000000000000000000e-01
7.611400000000006116e+01,5.000000000000000000e-01
7.611500000000006594e+01,5.000000000000000000e-01
7.611600000000005650e+01,5.000000000000000000e-01
7.611700000000006128e+01,5.000000000000000000e-01
7.611800000000006605e+01,5.000000000000000000e-01
7.611900000000005662e+01,5.000000000000000000e-01
7.612000000000006139e+01,5.000000000000000000e-01
7.612100000000006617e+01,5.000000000000000000e-01
7.612200000000005673e+01,5.000000000000000000e-01
7.612300000000006150e+01,5.000000000000000000e-01
7.612400000000006628e+01,5.000000000000000000e-01
7.612500000000005684e+01,5.000000000000000000e-01
7.612600000000006162e+01,5.000000000000000000e-01
7.612700000000006639e+01,5.000000000000000000e-01
7.612800000000005696e+01,5.000000000000000000e-01
7.612900000000006173e+01,5.000000000000000000e-01
7.613000000000006651e+01,5.000000000000000000e-01
7.613100000000005707e+01,5.000000000000000000e-01
7.613200000000006185e+01,5.000000000000000000e-01
7.613300000000006662e+01,5.000000000000000000e-01
7.613400000000005718e+01,5.000000000000000000e-01
7.613500000000006196e+01,5.000000000000000000e-01
7.613600000000006673e+01,5.000000000000000000e-01
7.613700000000005730e+01,5.000000000000000000e-01
7.613800000000006207e+01,5.000000000000000000e-01
7.613900000000006685e+01,5.000000000000000000e-01
7.614000000000005741e+01,5.000000000000000000e-01
7.614100000000006219e+01,5.000000000000000000e-01
7.614200000000006696e+01,5.000000000000000000e-01
7.614300000000005753e+01,5.000000000000000000e-01
7.614400000000006230e+01,5.000000000000000000e-01
7.614500000000006708e+01,5.000000000000000000e-01
7.614600000000005764e+01,5.000000000000000000e-01
7.614700000000006241e+01,5.000000000000000000e-01
7.614800000000006719e+01,5.000000000000000000e-01
7.614900000000005775e+01,5.000000000000000000e-01
7.615000000000006253e+01,5.000000000000000000e-01
7.615100000000006730e+01,5.000000000000000000e-01
7.615200000000005787e+01,5.000000000000000000e-01
7.615300000000006264e+01,5.000000000000000000e-01
7.615400000000006742e+01,5.000000000000000000e-01
7.615500000000005798e+01,5.000000000000000000e-01
7.615600000000006276e+01,5.000000000000000000e-01
7.615700000000006753e+01,5.000000000000000000e-01
7.615800000000005809e+01,5.000000000000000000e-01
7.615900000000006287e+01,5.000000000000000000e-01
7.616000000000006764e+01,5.000000000000000000e-01
7.616100000000005821e+01,5.000000000000000000e-01
7.616200000000006298e+01,5.000000000000000000e-01
7.616300000000006776e+01,5.000000000000000000e-01
7.616400000000005832e+01,5.000000000000000000e-01
7.616500000000006310e+01,5.000000000000000000e-01
7.616600000000006787e+01,5.000000000000000000e-01
7.616700000000005844e+01,5.000000000000000000e-01
7.616800000000006321e+01,5.000000000000000000e-01
7.616900000000006798e+01,5.000000000000000000e-01
7.617000000000005855e+01,5.000000000000000000e-01
7.617100000000006332e+01,5.000000000000000000e-01
7.617200000000006810e+01,5.000000000000000000e-01
7.617300000000005866e+01,5.000000000000000000e-01
7.617400000000006344e+01,5.000000000000000000e-01
7.617500000000006821e+01,5.000000000000000000e-01
7.617600000000005878e+01,5.000000000000000000e-01
7.617700000000006355e+01,5.000000000000000000e-01
7.617800000000006833e+01,5.000000000000000000e-01
7.617900000000005889e+01,5.000000000000000000e-01
7.618000000000006366e+01,5.000000000000000000e-01
7.618100000000006844e+01,5.000000000000000000e-01
7.618200000000005900e+01,5.000000000000000000e-01
7.618300000000006378e+01,5.000000000000000000e-01
7.618400000000006855e+01,5.000000000000000000e-01
7.618500000000005912e+01,5.000000000000000000e-01
7.618600000000006389e+01,5.000000000000000000e-01
7.618700000000006867e+01,5.000000000000000000e-01
7.618800000000005923e+01,5.000000000000000000e-01
7.618900000000006401e+01,5.000000000000000000e-01
7.619000000000006878e+01,5.000000000000000000e-01
7.619100000000005934e+01,5.000000000000000000e-01
7.619200000000006412e+01,5.000000000000000000e-01
7.619300000000006889e+01,5.000000000000000000e-01
7.619400000000005946e+01,5.000000000000000000e-01
7.619500000000006423e+01,5.000000000000000000e-01
7.619600000000006901e+01,5.000000000000000000e-01
7.619700000000005957e+01,5.000000000000000000e-01
7.619800000000006435e+01,5.000000000000000000e-01
7.619900000000006912e+01,5.000000000000000000e-01
7.620000000000005969e+01,5.000000000000000000e-01
7.620100000000006446e+01,5.000000000000000000e-01
7.620200000000006924e+01,5.000000000000000000e-01
7.620300000000005980e+01,5.000000000000000000e-01
7.620400000000006457e+01,5.000000000000000000e-01
7.620500000000006935e+01,5.000000000000000000e-01
7.620600000000005991e+01,5.000000000000000000e-01
7.620700000000006469e+01,5.000000000000000000e-01
7.620800000000005525e+01,5.000000000000000000e-01
7.620900000000006003e+01,5.000000000000000000e-01
7.621000000000006480e+01,5.000000000000000000e-01
7.621100000000005537e+01,5.000000000000000000e-01
7.621200000000006014e+01,5.000000000000000000e-01
7.621300000000006492e+01,5.000000000000000000e-01
7.621400000000005548e+01,5.000000000000000000e-01
7.621500000000006025e+01,5.000000000000000000e-01
7.621600000000006503e+01,5.000000000000000000e-01
7.621700000000005559e+01,5.000000000000000000e-01
7.621800000000006037e+01,5.000000000000000000e-01
7.621900000000006514e+01,5.000000000000000000e-01
7.622000000000005571e+01,5.000000000000000000e-01
7.622100000000006048e+01,5.000000000000000000e-01
7.622200000000006526e+01,5.000000000000000000e-01
7.622300000000005582e+01,5.000000000000000000e-01
7.622400000000006060e+01,5.000000000000000000e-01
7.622500000000006537e+01,5.000000000000000000e-01
7.622600000000005593e+01,5.000000000000000000e-01
7.622700000000006071e+01,5.000000000000000000e-01
7.622800000000006548e+01,5.000000000000000000e-01
7.622900000000005605e+01,5.000000000000000000e-01
7.623000000000006082e+01,5.000000000000000000e-01
7.623100000000006560e+01,5.000000000000000000e-01
7.623200000000005616e+01,5.000000000000000000e-01
7.623300000000006094e+01,5.000000000000000000e-01
7.623400000000006571e+01,5.000000000000000000e-01
7.623500000000005627e+01,5.000000000000000000e-01
7.623600000000006105e+01,5.000000000000000000e-01
7.623700000000006582e+01,5.000000000000000000e-01
7.623800000000005639e+01,5.000000000000000000e-01
7.623900000000006116e+01,5.000000000000000000e-01
7.624000000000006594e+01,5.000000000000000000e-01
7.624100000000005650e+01,5.000000000000000000e-01
7.624200000000006128e+01,5.000000000000000000e-01
7.624300000000006605e+01,5.000000000000000000e-01
7.624400000000005662e+01,5.000000000000000000e-01
7.624500000000006139e+01,5.000000000000000000e-01
7.624600000000006617e+01,5.000000000000000000e-01
7.624700000000005673e+01,5.000000000000000000e-01
7.624800000000006150e+01,5.000000000000000000e-01
7.624900000000006628e+01,5.000000000000000000e-01
7.625000000000005684e+01,5.000000000000000000e-01
7.625100000000006162e+01,5.000000000000000000e-01
7.625200000000006639e+01,5.000000000000000000e-01
7.625300000000005696e+01,5.000000000000000000e-01
7.625400000000006173e+01,5.000000000000000000e-01
7.625500000000006651e+01,5.000000000000000000e-01
7.625600000000005707e+01,5.000000000000000000e-01
7.625700000000006185e+01,5.000000000000000000e-01
7.625800000000006662e+01,5.000000000000000000e-01
7.625900000000005718e+01,5.000000000000000000e-01
7.626000000000006196e+01,5.000000000000000000e-01
7.626100000000006673e+01,5.000000000000000000e-01
7.626200000000005730e+01,5.000000000000000000e-01
7.626300000000006207e+01,5.000000000000000000e-01
7.626400000000006685e+01,5.000000000000000000e-01
7.626500000000005741e+01,5.000000000000000000e-01
7.626600000000006219e+01,5.000000000000000000e-01
7.626700000000006696e+01,5.000000000000000000e-01
7.626800000000005753e+01,5.000000000000000000e-01
7.626900000000006230e+01,5.000000000000000000e-01
7.627000000000006708e+01,5.000000000000000000e-01
7.627100000000005764e+01,5.000000000000000000e-01
7.627200000000006241e+01,5.000000000000000000e-01
7.627300000000006719e+01,5.000000000000000000e-01
7.627400000000005775e+01,5.000000000000000000e-01
7.627500000000006253e+01,5.000000000000000000e-01
7.627600000000006730e+01,5.000000000000000000e-01
7.627700000000005787e+01,5.000000000000000000e-01
7.627800000000006264e+01,5.000000000000000000e-01
7.627900000000006742e+01,5.000000000000000000e-01
7.628000000000005798e+01,5.000000000000000000e-01
7.628100000000006276e+01,5.000000000000000000e-01
7.628200000000006753e+01,5.000000000000000000e-01
7.628300000000005809e+01,5.000000000000000000e-01
7.628400000000006287e+01,5.000000000000000000e-01
7.628500000000006764e+01,5.000000000000000000e-01
7.628600000000005821e+01,5.000000000000000000e-01
7.628700000000006298e+01,5.000000000000000000e-01
7.628800000000006776e+01,5.000000000000000000e-01
7.628900000000005832e+01,5.000000000000000000e-01
7.629000000000006310e+01,5.000000000000000000e-01
7.629100000000006787e+01,5.000000000000000000e-01
7.629200000000005844e+01,5.000000000000000000e-01
7.629300000000006321e+01,5.000000000000000000e-01
7.629400000000006798e+01,5.000000000000000000e-01
7.629500000000005855e+01,5.000000000000000000e-01
7.629600000000006332e+01,5.000000000000000000e-01
7.629700000000006810e+01,5.000000000000000000e-01
7.629800000000005866e+01,5.000000000000000000e-01
7.629900000000006344e+01,5.000000000000000000e-01
7.630000000000006821e+01,5.000000000000000000e-01
7.630100000000005878e+01,5.000000000000000000e-01
7.630200000000006355e+01,5.000000000000000000e-01
7.630300000000006833e+01,5.000000000000000000e-01
7.630400000000005889e+01,5.000000000000000000e-01
7.630500000000006366e+01,5.000000000000000000e-01
7.630600000000006844e+01,5.000000000000000000e-01
7.630700000000005900e+01,5.000000000000000000e-01
7.630800000000006378e+01,5.000000000000000000e-01
7.630900000000006855e+01,5.000000000000000000e-01
7.631000000000005912e+01,5.000000000000000000e-01
7.631100000000006389e+01,5.000000000000000000e-01
7.631200000000006867e+01,5.000000000000000000e-01
7.631300000000005923e+01,5.000000000000000000e-01
7.631400000000006401e+01,5.000000000000000000e-01
7.631500000000006878e+01,5.000000000000000000e-01
7.631600000000005934e+01,5.000000000000000000e-01
7.631700000000006412e+01,5.000000000000000000e-01
7.631800000000006889e+01,5.000000000000000000e-01
7.631900000000005946e+01,5.000000000000000000e-01
7.632000000000006423e+01,5.000000000000000000e-01
7.632100000000006901e+01,5.000000000000000000e-01
7.632200000000005957e+01,5.000000000000000000e-01
7.632300000000006435e+01,5.000000000000000000e-01
7.632400000000006912e+01,5.000000000000000000e-01
7.632500000000005969e+01,5.000000000000000000e-01
7.632600000000006446e+01,5.000000000000000000e-01
7.632700000000006924e+01,5.000000000000000000e-01
7.632800000000005980e+01,5.000000000000000000e-01
7.632900000000006457e+01,5.000000000000000000e-01
7.633000000000006935e+01,5.000000000000000000e-01
7.633100000000005991e+01,5.000000000000000000e-01
7.633200000000006469e+01,5.000000000000000000e-01
7.633300000000005525e+01,5.000000000000000000e-01
7.633400000000006003e+01,5.000000000000000000e-01
7.633500000000006480e+01,5.000000000000000000e-01
7.633600000000005537e+01,5.000000000000000000e-01
7.633700000000006014e+01,5.000000000000000000e-01
7.633800000000006492e+01,5.000000000000000000e-01
7.633900000000005548e+01,5.000000000000000000e-01
7.634000000000006025e+01,5.000000000000000000e-01
7.634100000000006503e+01,5.000000000000000000e-01
7.634200000000005559e+01,5.000000000000000000e-01
7.634300000000006037e+01,5.000000000000000000e-01
7.634400000000006514e+01,5.000000000000000000e-01
7.634500000000005571e+01,5.000000000000000000e-01
7.634600000000006048e+01,5.000000000000000000e-01
7.634700000000006526e+01,5.000000000000000000e-01
7.634800000000005582e+01,5.000000000000000000e-01
7.634900000000006060e+01,5.000000000000000000e-01
7.635000000000006537e+01,5.000000000000000000e-01
7.635100000000005593e+01,5.000000000000000000e-01
7.635200000000006071e+01,5.000000000000000000e-01
7.635300000000006548e+01,5.000000000000000000e-01
7.635400000000005605e+01,5.000000000000000000e-01
7.635500000000006082e+01,5.000000000000000000e-01
7.635600000000006560e+01,5.000000000000000000e-01
7.635700000000005616e+01,5.000000000000000000e-01
7.635800000000006094e+01,5.000000000000000000e-01
7.635900000000006571e+01,5.000000000000000000e-01
7.636000000000005627e+01,5.000000000000000000e-01
7.636100000000006105e+01,5.000000000000000000e-01
7.636200000000006582e+01,5.000000000000000000e-01
7.636300000000005639e+01,5.000000000000000000e-01
7.636400000000006116e+01,5.000000000000000000e-01
7.636500000000006594e+01,5.000000000000000000e-01
7.636600000000005650e+01,5.000000000000000000e-01
7.636700000000006128e+01,5.000000000000000000e-01
7.636800000000006605e+01,5.000000000000000000e-01
7.636900000000005662e+01,5.000000000000000000e-01
7.637000000000006139e+01,5.000000000000000000e-01
7.637100000000006617e+01,5.000000000000000000e-01
7.637200000000005673e+01,5.000000000000000000e-01
7.637300000000006150e+01,5.000000000000000000e-01
7.637400000000006628e+01,5.000000000000000000e-01
7.637500000000005684e+01,5.000000000000000000e-01
7.637600000000006162e+01,5.000000000000000000e-01
7.637700000000006639e+01,5.000000000000000000e-01
7.637800000000005696e+01,5.000000000000000000e-01
7.637900000000006173e+01,5.000000000000000000e-01
7.638000000000006651e+01,5.000000000000000000e-01
7.638100000000005707e+01,5.000000000000000000e-01
7.638200000000006185e+01,5.000000000000000000e-01
7.638300000000006662e+01,5.000000000000000000e-01
7.638400000000005718e+01,5.000000000000000000e-01
7.638500000000006196e+01,5.000000000000000000e-01
7.638600000000006673e+01,5.000000000000000000e-01
7.638700000000005730e+01,5.000000000000000000e-01
7.638800000000006207e+01,5.000000000000000000e-01
7.638900000000006685e+01,5.000000000000000000e-01
7.639000000000005741e+01,5.000000000000000000e-01
7.639100000000006219e+01,5.000000000000000000e-01
7.639200000000006696e+01,5.000000000000000000e-01
7.639300000000005753e+01,5.000000000000000000e-01
7.639400000000006230e+01,5.000000000000000000e-01
7.639500000000006708e+01,5.000000000000000000e-01
7.639600000000005764e+01,5.000000000000000000e-01
7.639700000000006241e+01,5.000000000000000000e-01
7.639800000000006719e+01,5.000000000000000000e-01
7.639900000000005775e+01,5.000000000000000000e-01
7.640000000000006253e+01,5.000000000000000000e-01
7.640100000000006730e+01,5.000000000000000000e-01
7.640200000000005787e+01,5.000000000000000000e-01
7.640300000000006264e+01,5.000000000000000000e-01
7.640400000000006742e+01,5.000000000000000000e-01
7.640500000000005798e+01,5.000000000000000000e-01
7.640600000000006276e+01,5.000000000000000000e-01
7.640700000000006753e+01,5.000000000000000000e-01
7.640800000000005809e+01,5.000000000000000000e-01
7.640900000000006287e+01,5.000000000000000000e-01
7.641000000000006764e+01,5.000000000000000000e-01
7.641100000000005821e+01,5.000000000000000000e-01
7.641200000000006298e+01,5.000000000000000000e-01
7.641300000000006776e+01,5.000000000000000000e-01
7.641400000000005832e+01,5.000000000000000000e-01
7.641500000000006310e+01,5.000000000000000000e-01
7.641600000000006787e+01,5.000000000000000000e-01
7.641700000000005844e+01,5.000000000000000000e-01
7.641800000000006321e+01,5.000000000000000000e-01
7.641900000000006798e+01,5.000000000000000000e-01
7.642000000000005855e+01,5.000000000000000000e-01
7.642100000000006332e+01,5.000000000000000000e-01
7.642200000000006810e+01,5.000000000000000000e-01
7.642300000000005866e+01,5.000000000000000000e-01
7.642400000000006344e+01,5.000000000000000000e-01
7.642500000000006821e+01,5.000000000000000000e-01
7.642600000000005878e+01,5.000000000000000000e-01
7.642700000000006355e+01,5.000000000000000000e-01
7.642800000000006833e+01,5.000000000000000000e-01
7.642900000000005889e+01,5.000000000000000000e-01
7.643000000000006366e+01,5.000000000000000000e-01
7.643100000000006844e+01,5.000000000000000000e-01
7.643200000000005900e+01,5.000000000000000000e-01
7.643300000000006378e+01,5.000000000000000000e-01
7.643400000000006855e+01,5.000000000000000000e-01
7.643500000000005912e+01,5.000000000000000000e-01
7.643600000000006389e+01,5.000000000000000000e-01
7.643700000000006867e+01,5.000000000000000000e-01
7.643800000000005923e+01,5.000000000000000000e-01
7.643900000000006401e+01,5.000000000000000000e-01
7.644000000000006878e+01,5.000000000000000000e-01
7.644100000000005934e+01,5.000000000000000000e-01
7.644200000000006412e+01,5.000000000000000000e-01
7.644300000000006889e+01,5.000000000000000000e-01
7.644400000000005946e+01,5.000000000000000000e-01
7.644500000000006423e+01,5.000000000000000000e-01
7.644600000000006901e+01,5.000000000000000000e-01
7.644700000000005957e+01,5.000000000000000000e-01
7.644800000000006435e+01,5.000000000000000000e-01
7.644900000000006912e+01,5.000000000000000000e-01
7.645000000000005969e+01,5.000000000000000000e-01
7.645100000000006446e+01,5.000000000000000000e-01
7.645200000000006924e+01,5.000000000000000000e-01
7.645300000000005980e+01,5.000000000000000000e-01
7.645400000000006457e+01,5.000000000000000000e-01
7.645500000000006935e+01,5.000000000000000000e-01
7.645600000000005991e+01,5.000000000000000000e-01
7.645700000000006469e+01,5.000000000000000000e-01
7.645800000000006946e+01,5.000000000000000000e-01
7.645900000000006003e+01,5.000000000000000000e-01
7.646000000000006480e+01,5.000000000000000000e-01
7.646100000000006958e+01,5.000000000000000000e-01
7.646200000000006014e+01,5.000000000000000000e-01
7.646300000000006492e+01,5.000000000000000000e-01
7.646400000000005548e+01,5.000000000000000000e-01
7.646500000000006025e+01,5.000000000000000000e-01
7.646600000000006503e+01,5.000000000000000000e-01
7.646700000000005559e+01,5.000000000000000000e-01
7.646800000000006037e+01,5.000000000000000000e-01
7.646900000000006514e+01,5.000000000000000000e-01
7.647000000000005571e+01,5.000000000000000000e-01
7.647100000000006048e+01,5.000000000000000000e-01
7.647200000000006526e+01,5.000000000000000000e-01
7.647300000000005582e+01,5.000000000000000000e-01
7.647400000000006060e+01,5.000000000000000000e-01
7.647500000000006537e+01,5.000000000000000000e-01
7.647600000000005593e+01,5.000000000000000000e-01
7.647700000000006071e+01,5.000000000000000000e-01
7.647800000000006548e+01,5.000000000000000000e-01
7.647900000000005605e+01,5.000000000000000000e-01
7.648000000000006082e+01,5.000000000000000000e-01
7.648100000000006560e+01,5.000000000000000000e-01
7.648200000000005616e+01,5.000000000000000000e-01
7.648300000000006094e+01,5.000000000000000000e-01
7.648400000000006571e+01,5.000000000000000000e-01
7.648500000000005627e+01,5.000000000000000000e-01
7.648600000000006105e+01,5.000000000000000000e-01
7.648700000000006582e+01,5.000000000000000000e-01
7.648800000000005639e+01,5.000000000000000000e-01
7.648900000000006116e+01,5.000000000000000000e-01
7.649000000000006594e+01,5.000000000000000000e-01
7.649100000000005650e+01,5.000000000000000000e-01
7.649200000000006128e+01,5.000000000000000000e-01
7.649300000000006605e+01,5.000000000000000000e-01
7.649400000000005662e+01,5.000000000000000000e-01
7.649500000000006139e+01,5.000000000000000000e-01
7.649600000000006617e+01,5.000000000000000000e-01
7.649700000000005673e+01,5.000000000000000000e-01
7.649800000000006150e+01,5.000000000000000000e-01
7.649900000000006628e+01,5.000000000000000000e-01
7.650000000000005684e+01,5.000000000000000000e-01
7.650100000000006162e+01,5.000000000000000000e-01
7.650200000000006639e+01,5.000000000000000000e-01
7.650300000000005696e+01,5.000000000000000000e-01
7.650400000000006173e+01,5.000000000000000000e-01
7.650500000000006651e+01,5.000000000000000000e-01
7.650600000000005707e+01,5.000000000000000000e-01
7.650700000000006185e+01,5.000000000000000000e-01
7.650800000000006662e+01,5.000000000000000000e-01
7.650900000000005718e+01,5.000000000000000000e-01
7.651000000000006196e+01,5.000000000000000000e-01
7.651100000000006673e+01,5.000000000000000000e-01
7.651200000000005730e+01,5.000000000000000000e-01
7.651300000000006207e+01,5.000000000000000000e-01
7.651400000000006685e+01,5.000000000000000000e-01
7.651500000000005741e+01,5.000000000000000000e-01
7.651600000000006219e+01,5.000000000000000000e-01
7.651700000000006696e+01,5.000000000000000000e-01
7.651800000000005753e+01,5.000000000000000000e-01
7.651900000000006230e+01,5.000000000000000000e-01
7.652000000000006708e+01,5.000000000000000000e-01
7.652100000000005764e+01,5.000000000000000000e-01
7.652200000000006241e+01,5.000000000000000000e-01
7.652300000000006719e+01,5.000000000000000000e-01
7.652400000000005775e+01,5.000000000000000000e-01
7.652500000000006253e+01,5.000000000000000000e-01
7.652600000000006730e+01,5.000000000000000000e-01
7.652700000000005787e+01,5.000000000000000000e-01
7.652800000000006264e+01,5.000000000000000000e-01
7.652900000000006742e+01,5.000000000000000000e-01
7.653000000000005798e+01,5.000000000000000000e-01
7.653100000000006276e+01,5.000000000000000000e-01
7.653200000000006753e+01,5.000000000000000000e-01
7.653300000000005809e+01,5.000000000000000000e-01
7.653400000000006287e+01,5.000000000000000000e-01
7.653500000000006764e+01,5.000000000000000000e-01
7.653600000000005821e+01,5.000000000000000000e-01
7.653700000000006298e+01,5.000000000000000000e-01
7.653800000000006776e+01,5.000000000000000000e-01
7.653900000000005832e+01,5.000000000000000000e-01
7.654000000000006310e+01,5.000000000000000000e-01
7.654100000000006787e+01,5.000000000000000000e-01
7.654200000000005844e+01,5.000000000000000000e-01
7.654300000000006321e+01,5.000000000000000000e-01
7.654400000000006798e+01,5.000000000000000000e-01
7.654500000000005855e+01,5.000000000000000000e-01
7.654600000000006332e+01,5.000000000000000000e-01
7.654700000000006810e+01,5.000000000000000000e-01
7.654800000000005866e+01,5.000000000000000000e-01
7.654900000000006344e+01,5.000000000000000000e-01
7.655000000000006821e+01,5.000000000000000000e-01
7.655100000000005878e+01,5.000000000000000000e-01
7.655200000000006355e+01,5.000000000000000000e-01
7.655300000000006833e+01,5.000000000000000000e-01
7.655400000000005889e+01,5.000000000000000000e-01
7.655500000000006366e+01,5.000000000000000000e-01
7.655600000000006844e+01,5.000000000000000000e-01
7.655700000000005900e+01,5.000000000000000000e-01
7.655800000000006378e+01,5.000000000000000000e-01
7.655900000000006855e+01,5.000000000000000000e-01
7.656000000000005912e+01,5.000000000000000000e-01
7.656100000000006389e+01,5.000000000000000000e-01
7.656200000000006867e+01,5.000000000000000000e-01
7.656300000000005923e+01,5.000000000000000000e-01
7.656400000000006401e+01,5.000000000000000000e-01
7.656500000000006878e+01,5.000000000000000000e-01
7.656600000000005934e+01,5.000000000000000000e-01
7.656700000000006412e+01,5.000000000000000000e-01
7.656800000000006889e+01,5.000000000000000000e-01
7.656900000000005946e+01,5.000000000000000000e-01
7.657000000000006423e+01,5.000000000000000000e-01
7.657100000000006901e+01,5.000000000000000000e-01
7.657200000000005957e+01,5.000000000000000000e-01
7.657300000000006435e+01,5.000000000000000000e-01
7.657400000000006912e+01,5.000000000000000000e-01
7.657500000000005969e+01,5.000000000000000000e-01
7.657600000000006446e+01,5.000000000000000000e-01
7.657700000000006924e+01,5.000000000000000000e-01
7.657800000000005980e+01,5.000000000000000000e-01
7.657900000000006457e+01,5.000000000000000000e-01
7.658000000000006935e+01,5.000000000000000000e-01
7.658100000000005991e+01,5.000000000000000000e-01
7.658200000000006469e+01,5.000000000000000000e-01
7.658300000000006946e+01,5.000000000000000000e-01
7.658400000000006003e+01,5.000000000000000000e-01
7.658500000000006480e+01,5.000000000000000000e-01
7.658600000000006958e+01,5.000000000000000000e-01
7.658700000000006014e+01,5.000000000000000000e-01
7.658800000000006492e+01,5.000000000000000000e-01
7.658900000000005548e+01,5.000000000000000000e-01
7.659000000000006025e+01,5.000000000000000000e-01
7.659100000000006503e+01,5.000000000000000000e-01
7.659200000000005559e+01,5.000000000000000000e-01
7.659300000000006037e+01,5.000000000000000000e-01
7.659400000000006514e+01,5.000000000000000000e-01
7.659500000000005571e+01,5.000000000000000000e-01
7.659600000000006048e+01,5.000000000000000000e-01
7.659700000000006526e+01,5.000000000000000000e-01
7.659800000000005582e+01,5.000000000000000000e-01
7.659900000000006060e+01,5.000000000000000000e-01
7.660000000000006537e+01,5.000000000000000000e-01
7.660100000000005593e+01,5.000000000000000000e-01
7.660200000000006071e+01,5.000000000000000000e-01
7.660300000000006548e+01,5.000000000000000000e-01
7.660400000000005605e+01,5.000000000000000000e-01
7.660500000000006082e+01,5.000000000000000000e-01
7.660600000000006560e+01,5.000000000000000000e-01
7.660700000000005616e+01,5.000000000000000000e-01
7.660800000000006094e+01,5.000000000000000000e-01
7.660900000000006571e+01,5.000000000000000000e-01
7.661000000000005627e+01,5.000000000000000000e-01
7.661100000000006105e+01,5.000000000000000000e-01
7.661200000000006582e+01,5.000000000000000000e-01
7.661300000000005639e+01,5.000000000000000000e-01
7.661400000000006116e+01,5.000000000000000000e-01
7.661500000000006594e+01,5.000000000000000000e-01
7.661600000000005650e+01,5.000000000000000000e-01
7.661700000000006128e+01,5.000000000000000000e-01
7.661800000000006605e+01,5.000000000000000000e-01
7.661900000000005662e+01,5.000000000000000000e-01
7.662000000000006139e+01,5.000000000000000000e-01
7.662100000000006617e+01,5.000000000000000000e-01
7.662200000000005673e+01,5.000000000000000000e-01
7.662300000000006150e+01,5.000000000000000000e-01
7.662400000000006628e+01,5.000000000000000000e-01
7.662500000000005684e+01,5.000000000000000000e-01
7.662600000000006162e+01,5.000000000000000000e-01
7.662700000000006639e+01,5.000000000000000000e-01
7.662800000000005696e+01,5.000000000000000000e-01
7.662900000000006173e+01,5.000000000000000000e-01
7.663000000000006651e+01,5.000000000000000000e-01
7.663100000000005707e+01,5.000000000000000000e-01
7.663200000000006185e+01,5.000000000000000000e-01
7.663300000000006662e+01,5.000000000000000000e-01
7.663400000000005718e+01,5.000000000000000000e-01
7.663500000000006196e+01,5.000000000000000000e-01
7.663600000000006673e+01,5.000000000000000000e-01
7.663700000000005730e+01,5.000000000000000000e-01
7.663800000000006207e+01,5.000000000000000000e-01
7.663900000000006685e+01,5.000000000000000000e-01
7.664000000000005741e+01,5.000000000000000000e-01
7.664100000000006219e+01,5.000000000000000000e-01
7.664200000000006696e+01,5.000000000000000000e-01
7.664300000000005753e+01,5.000000000000000000e-01
7.664400000000006230e+01,5.000000000000000000e-01
7.664500000000006708e+01,5.000000000000000000e-01
7.664600000000005764e+01,5.000000000000000000e-01
7.664700000000006241e+01,5.000000000000000000e-01
7.664800000000006719e+01,5.000000000000000000e-01
7.664900000000005775e+01,5.000000000000000000e-01
7.665000000000006253e+01,5.000000000000000000e-01
7.665100000000006730e+01,5.000000000000000000e-01
7.665200000000005787e+01,5.000000000000000000e-01
7.665300000000006264e+01,5.000000000000000000e-01
7.665400000000006742e+01,5.000000000000000000e-01
7.665500000000005798e+01,5.000000000000000000e-01
7.665600000000006276e+01,5.000000000000000000e-01
7.665700000000006753e+01,5.000000000000000000e-01
7.665800000000005809e+01,5.000000000000000000e-01
7.665900000000006287e+01,5.000000000000000000e-01
7.666000000000006764e+01,5.000000000000000000e-01
7.666100000000005821e+01,5.000000000000000000e-01
7.666200000000006298e+01,5.000000000000000000e-01
7.666300000000006776e+01,5.000000000000000000e-01
7.666400000000005832e+01,5.000000000000000000e-01
7.666500000000006310e+01,5.000000000000000000e-01
7.666600000000006787e+01,5.000000000000000000e-01
7.666700000000005844e+01,5.000000000000000000e-01
7.666800000000006321e+01,5.000000000000000000e-01
7.666900000000006798e+01,5.000000000000000000e-01
7.667000000000005855e+01,5.000000000000000000e-01
7.667100000000006332e+01,5.000000000000000000e-01
7.667200000000006810e+01,5.000000000000000000e-01
7.667300000000005866e+01,5.000000000000000000e-01
7.667400000000006344e+01,5.000000000000000000e-01
7.667500000000006821e+01,5.000000000000000000e-01
7.667600000000005878e+01,5.000000000000000000e-01
7.667700000000006355e+01,5.000000000000000000e-01
7.667800000000006833e+01,5.000000000000000000e-01
7.667900000000005889e+01,5.000000000000000000e-01
7.668000000000006366e+01,5.000000000000000000e-01
7.668100000000006844e+01,5.000000000000000000e-01
7.668200000000005900e+01,5.000000000000000000e-01
7.668300000000006378e+01,5.000000000000000000e-01
7.668400000000006855e+01,5.000000000000000000e-01
7.668500000000005912e+01,5.000000000000000000e-01
7.668600000000006389e+01,5.000000000000000000e-01
7.668700000000006867e+01,5.000000000000000000e-01
7.668800000000005923e+01,5.000000000000000000e-01
7.668900000000006401e+01,5.000000000000000000e-01
7.669000000000006878e+01,5.000000000000000000e-01
7.669100000000005934e+01,5.000000000000000000e-01
7.669200000000006412e+01,5.000000000000000000e-01
7.669300000000006889e+01,5.000000000000000000e-01
7.669400000000005946e+01,5.000000000000000000e-01
7.669500000000006423e+01,5.000000000000000000e-01
7.669600000000006901e+01,5.000000000000000000e-01
7.669700000000005957e+01,5.000000000000000000e-01
7.669800000000006435e+01,5.000000000000000000e-01
7.669900000000006912e+01,5.000000000000000000e-01
7.670000000000005969e+01,5.000000000000000000e-01
7.670100000000006446e+01,5.000000000000000000e-01
7.670200000000006924e+01,5.000000000000000000e-01
7.670300000000005980e+01,5.000000000000000000e-01
7.670400000000006457e+01,5.000000000000000000e-01
7.670500000000006935e+01,5.000000000000000000e-01
7.670600000000005991e+01,5.000000000000000000e-01
7.670700000000006469e+01,5.000000000000000000e-01
7.670800000000006946e+01,5.000000000000000000e-01
7.670900000000006003e+01,5.000000000000000000e-01
7.671000000000006480e+01,5.000000000000000000e-01
7.671100000000006958e+01,5.000000000000000000e-01
7.671200000000006014e+01,5.000000000000000000e-01
7.671300000000006492e+01,5.000000000000000000e-01
7.671400000000006969e+01,5.000000000000000000e-01
7.671500000000006025e+01,5.000000000000000000e-01
7.671600000000006503e+01,5.000000000000000000e-01
7.671700000000006980e+01,5.000000000000000000e-01
7.671800000000006037e+01,5.000000000000000000e-01
7.671900000000006514e+01,5.000000000000000000e-01
7.672000000000005571e+01,5.000000000000000000e-01
7.672100000000006048e+01,5.000000000000000000e-01
7.672200000000006526e+01,5.000000000000000000e-01
7.672300000000005582e+01,5.000000000000000000e-01
7.672400000000006060e+01,5.000000000000000000e-01
7.672500000000006537e+01,5.000000000000000000e-01
7.672600000000005593e+01,5.000000000000000000e-01
7.672700000000006071e+01,5.000000000000000000e-01
7.672800000000006548e+01,5.000000000000000000e-01
7.672900000000005605e+01,5.000000000000000000e-01
7.673000000000006082e+01,5.000000000000000000e-01
7.673100000000006560e+01,5.000000000000000000e-01
7.673200000000005616e+01,5.000000000000000000e-01
7.673300000000006094e+01,5.000000000000000000e-01
7.673400000000006571e+01,5.000000000000000000e-01
7.673500000000005627e+01,5.000000000000000000e-01
7.673600000000006105e+01,5.000000000000000000e-01
7.673700000000006582e+01,5.000000000000000000e-01
7.673800000000005639e+01,5.000000000000000000e-01
7.673900000000006116e+01,5.000000000000000000e-01
7.674000000000006594e+01,5.000000000000000000e-01
7.674100000000005650e+01,5.000000000000000000e-01
7.674200000000006128e+01,5.000000000000000000e-01
7.674300000000006605e+01,5.000000000000000000e-01
7.674400000000005662e+01,5.000000000000000000e-01
7.674500000000006139e+01,5.000000000000000000e-01
7.674600000000006617e+01,5.000000000000000000e-01
7.674700000000005673e+01,5.000000000000000000e-01
7.674800000000006150e+01,5.000000000000000000e-01
7.674900000000006628e+01,5.000000000000000000e-01
7.675000000000005684e+01,5.000000000000000000e-01
7.675100000000006162e+01,5.000000000000000000e-01
7.675200000000006639e+01,5.000000000000000000e-01
7.675300000000005696e+01,5.000000000000000000e-01
7.675400000000006173e+01,5.000000000000000000e-01
7.675500000000006651e+01,5.000000000000000000e-01
7.675600000000005707e+01,5.000000000000000000e-01
7.675700000000006185e+01,5.000000000000000000e-01
7.675800000000006662e+01,5.000000000000000000e-01
7.675900000000005718e+01,5.000000000000000000e-01
7.676000000000006196e+01,5.000000000000000000e-01
7.676100000000006673e+01,5.000000000000000000e-01
7.676200000000005730e+01,5.000000000000000000e-01
7.676300000000006207e+01,5.000000000000000000e-01
7.676400000000006685e+01,5.000000000000000000e-01
7.676500000000005741e+01,5.000000000000000000e-01
7.676600000000006219e+01,5.000000000000000000e-01
7.676700000000006696e+01,5.000000000000000000e-01
7.676800000000005753e+01,5.000000000000000000e-01
7.676900000000006230e+01,5.000000000000000000e-01
7.677000000000006708e+01,5.000000000000000000e-01
7.677100000000005764e+01,5.000000000000000000e-01
7.677200000000006241e+01,5.000000000000000000e-01
7.677300000000006719e+01,5.000000000000000000e-01
7.677400000000005775e+01,5.000000000000000000e-01
7.677500000000006253e+01,5.000000000000000000e-01
7.677600000000006730e+01,5.000000000000000000e-01
7.677700000000005787e+01,5.000000000000000000e-01
7.677800000000006264e+01,5.000000000000000000e-01
7.677900000000006742e+01,5.000000000000000000e-01
7.678000000000005798e+01,5.000000000000000000e-01
7.678100000000006276e+01,5.000000000000000000e-01
7.678200000000006753e+01,5.000000000000000000e-01
7.678300000000005809e+01,5.000000000000000000e-01
7.678400000000006287e+01,5.000000000000000000e-01
7.678500000000006764e+01,5.000000000000000000e-01
7.678600000000005821e+01,5.000000000000000000e-01
7.678700000000006298e+01,5.000000000000000000e-01
7.678800000000006776e+01,5.000000000000000000e-01
7.678900000000005832e+01,5.000000000000000000e-01
7.679000000000006310e+01,5.000000000000000000e-01
7.679100000000006787e+01,5.000000000000000000e-01
7.679200000000005844e+01,5.000000000000000000e-01
7.679300000000006321e+01,5.000000000000000000e-01
7.679400000000006798e+01,5.000000000000000000e-01
7.679500000000005855e+01,5.000000000000000000e-01
7.679600000000006332e+01,5.000000000000000000e-01
7.679700000000006810e+01,5.000000000000000000e-01
7.679800000000005866e+01,5.000000000000000000e-01
7.679900000000006344e+01,5.000000000000000000e-01
7.680000000000006821e+01,5.000000000000000000e-01
7.680100000000005878e+01,5.000000000000000000e-01
7.680200000000006355e+01,5.000000000000000000e-01
7.680300000000006833e+01,5.000000000000000000e-01
7.680400000000005889e+01,5.000000000000000000e-01
7.680500000000006366e+01,5.000000000000000000e-01
7.680600000000006844e+01,5.000000000000000000e-01
7.680700000000005900e+01,5.000000000000000000e-01
7.680800000000006378e+01,5.000000000000000000e-01
7.680900000000006855e+01,5.000000000000000000e-01
7.681000000000005912e+01,5.000000000000000000e-01
7.681100000000006389e+01,5.000000000000000000e-01
7.681200000000006867e+01,5.000000000000000000e-01
7.681300000000005923e+01,5.000000000000000000e-01
7.681400000000006401e+01,5.000000000000000000e-01
7.681500000000006878e+01,5.000000000000000000e-01
7.681600000000005934e+01,5.000000000000000000e-01
7.681700000000006412e+01,5.000000000000000000e-01
7.681800000000006889e+01,5.000000000000000000e-01
7.681900000000005946e+01,5.000000000000000000e-01
7.682000000000006423e+01,5.000000000000000000e-01
7.682100000000006901e+01,5.000000000000000000e-01
7.682200000000005957e+01,5.000000000000000000e-01
7.682300000000006435e+01,5.000000000000000000e-01
7.682400000000006912e+01,5.000000000000000000e-01
7.682500000000005969e+01,5.000000000000000000e-01
7.682600000000006446e+01,5.000000000000000000e-01
7.682700000000006924e+01,5.000000000000000000e-01
7.682800000000005980e+01,5.000000000000000000e-01
7.682900000000006457e+01,5.000000000000000000e-01
7.683000000000006935e+01,5.000000000000000000e-01
7.683100000000005991e+01,5.000000000000000000e-01
7.683200000000006469e+01,5.000000000000000000e-01
7.683300000000006946e+01,5.000000000000000000e-01
7.683400000000006003e+01,5.000000000000000000e-01
7.683500000000006480e+01,5.000000000000000000e-01
7.683600000000006958e+01,5.000000000000000000e-01
7.683700000000006014e+01,5.000000000000000000e-01
7.683800000000006492e+01,5.000000000000000000e-01
7.683900000000006969e+01,5.000000000000000000e-01
7.684000000000006025e+01,5.000000000000000000e-01
7.684100000000006503e+01,5.000000000000000000e-01
7.684200000000006980e+01,5.000000000000000000e-01
7.684300000000006037e+01,5.000000000000000000e-01
7.684400000000006514e+01,5.000000000000000000e-01
7.684500000000005571e+01,5.000000000000000000e-01
7.684600000000006048e+01,5.000000000000000000e-01
7.684700000000006526e+01,5.000000000000000000e-01
7.684800000000005582e+01,5.000000000000000000e-01
7.684900000000006060e+01,5.000000000000000000e-01
7.685000000000006537e+01,5.000000000000000000e-01
7.685100000000005593e+01,5.000000000000000000e-01
7.685200000000006071e+01,5.000000000000000000e-01
7.685300000000006548e+01,5.000000000000000000e-01
7.685400000000005605e+01,5.000000000000000000e-01
7.685500000000006082e+01,5.000000000000000000e-01
7.685600000000006560e+01,5.000000000000000000e-01
7.685700000000005616e+01,5.000000000000000000e-01
7.685800000000006094e+01,5.000000000000000000e-01
7.685900000000006571e+01,5.000000000000000000e-01
7.686000000000005627e+01,5.000000000000000000e-01
7.686100000000006105e+01,5.000000000000000000e-01
7.686200000000006582e+01,5.000000000000000000e-01
7.686300000000005639e+01,5.000000000000000000e-01
7.686400000000006116e+01,5.000000000000000000e-01
7.686500000000006594e+01,5.000000000000000000e-01
7.686600000000005650e+01,5.000000000000000000e-01
7.686700000000006128e+01,5.000000000000000000e-01
7.686800000000006605e+01,5.000000000000000000e-01
7.686900000000005662e+01,5.000000000000000000e-01
7.687000000000006139e+01,5.000000000000000000e-01
7.687100000000006617e+01,5.000000000000000000e-01
7.687200000000005673e+01,5.000000000000000000e-01
7.687300000000006150e+01,5.000000000000000000e-01
7.687400000000006628e+01,5.000000000000000000e-01
7.687500000000005684e+01,5.000000000000000000e-01
7.687600000000006162e+01,5.000000000000000000e-01
7.687700000000006639e+01,5.000000000000000000e-01
7.687800000000005696e+01,5.000000000000000000e-01
7.687900000000006173e+01,5.000000000000000000e-01
7.688000000000006651e+01,5.000000000000000000e-01
7.688100000000005707e+01,5.000000000000000000e-01
7.688200000000006185e+01,5.000000000000000000e-01
7.688300000000006662e+01,5.000000000000000000e-01
7.688400000000005718e+01,5.000000000000000000e-01
7.688500000000006196e+01,5.000000000000000000e-01
7.688600000000006673e+01,5.000000000000000000e-01
7.688700000000005730e+01,5.000000000000000000e-01
7.688800000000006207e+01,5.000000000000000000e-01
7.688900000000006685e+01,5.000000000000000000e-01
7.689000000000005741e+01,5.000000000000000000e-01
7.689100000000006219e+01,5.000000000000000000e-01
7.689200000000006696e+01,5.000000000000000000e-01
7.689300000000005753e+01,5.000000000000000000e-01
7.689400000000006230e+01,5.000000000000000000e-01
7.689500000000006708e+01,5.000000000000000000e-01
7.689600000000005764e+01,5.000000000000000000e-01
7.689700000000006241e+01,5.000000000000000000e-01
7.689800000000006719e+01,5.000000000000000000e-01
7.689900000000005775e+01,5.000000000000000000e-01
7.690000000000006253e+01,5.000000000000000000e-01
7.690100000000006730e+01,5.000000000000000000e-01
7.690200000000005787e+01,5.000000000000000000e-01
7.690300000000006264e+01,5.000000000000000000e-01
7.690400000000006742e+01,5.000000000000000000e-01
7.690500000000005798e+01,5.000000000000000000e-01
7.690600000000006276e+01,5.000000000000000000e-01
7.690700000000006753e+01,5.000000000000000000e-01
7.690800000000005809e+01,5.000000000000000000e-01
7.690900000000006287e+01,5.000000000000000000e-01
7.691000000000006764e+01,5.000000000000000000e-01
7.691100000000005821e+01,5.000000000000000000e-01
7.691200000000006298e+01,5.000000000000000000e-01
7.691300000000006776e+01,5.000000000000000000e-01
7.691400000000005832e+01,5.000000000000000000e-01
7.691500000000006310e+01,5.000000000000000000e-01
7.691600000000006787e+01,5.000000000000000000e-01
7.691700000000005844e+01,5.000000000000000000e-01
7.691800000000006321e+01,5.000000000000000000e-01
7.691900000000006798e+01,5.000000000000000000e-01
7.692000000000005855e+01,5.000000000000000000e-01
7.692100000000006332e+01,5.000000000000000000e-01
7.692200000000006810e+01,5.000000000000000000e-01
7.692300000000005866e+01,5.000000000000000000e-01
7.692400000000006344e+01,5.000000000000000000e-01
7.692500000000006821e+01,5.000000000000000000e-01
7.692600000000005878e+01,5.000000000000000000e-01
7.692700000000006355e+01,5.000000000000000000e-01
7.692800000000006833e+01,5.000000000000000000e-01
7.692900000000005889e+01,5.000000000000000000e-01
7.693000000000006366e+01,5.000000000000000000e-01
7.693100000000006844e+01,5.000000000000000000e-01
7.693200000000005900e+01,5.000000000000000000e-01
7.693300000000006378e+01,5.000000000000000000e-01
7.693400000000006855e+01,5.000000000000000000e-01
7.693500000000005912e+01,5.000000000000000000e-01
7.693600000000006389e+01,5.000000000000000000e-01
7.693700000000006867e+01,5.000000000000000000e-01
7.693800000000005923e+01,5.000000000000000000e-01
7.693900000000006401e+01,5.000000000000000000e-01
7.694000000000006878e+01,5.000000000000000000e-01
7.694100000000005934e+01,5.000000000000000000e-01
7.694200000000006412e+01,5.000000000000000000e-01
7.694300000000006889e+01,5.000000000000000000e-01
7.694400000000005946e+01,5.000000000000000000e-01
7.694500000000006423e+01,5.000000000000000000e-01
7.694600000000006901e+01,5.000000000000000000e-01
7.694700000000005957e+01,5.000000000000000000e-01
7.694800000000006435e+01,5.000000000000000000e-01
7.694900000000006912e+01,5.000000000000000000e-01
7.695000000000005969e+01,5.000000000000000000e-01
7.695100000000006446e+01,5.000000000000000000e-01
7.695200000000006924e+01,5.000000000000000000e-01
7.695300000000005980e+01,5.000000000000000000e-01
7.695400000000006457e+01,5.000000000000000000e-01
7.695500000000006935e+01,5.000000000000000000e-01
7.695600000000005991e+01,5.000000000000000000e-01
7.695700000000006469e+01,5.000000000000000000e-01
7.695800000000006946e+01,5.000000000000000000e-01
7.695900000000006003e+01,5.000000000000000000e-01
7.696000000000006480e+01,5.000000000000000000e-01
7.696100000000006958e+01,5.000000000000000000e-01
7.696200000000006014e+01,5.000000000000000000e-01
7.696300000000006492e+01,5.000000000000000000e-01
7.696400000000006969e+01,5.000000000000000000e-01
7.696500000000006025e+01,5.000000000000000000e-01
7.696600000000006503e+01,5.000000000000000000e-01
7.696700000000006980e+01,5.000000000000000000e-01
7.696800000000006037e+01,5.000000000000000000e-01
7.696900000000006514e+01,5.000000000000000000e-01
7.697000000000006992e+01,5.000000000000000000e-01
7.697100000000006048e+01,5.000000000000000000e-01
7.697200000000006526e+01,5.000000000000000000e-01
7.697300000000007003e+01,5.000000000000000000e-01
7.697400000000006060e+01,5.000000000000000000e-01
7.697500000000006537e+01,5.000000000000000000e-01
7.697600000000005593e+01,5.000000000000000000e-01
7.697700000000006071e+01,5.000000000000000000e-01
7.697800000000006548e+01,5.000000000000000000e-01
7.697900000000005605e+01,5.000000000000000000e-01
7.698000000000006082e+01,5.000000000000000000e-01
7.698100000000006560e+01,5.000000000000000000e-01
7.698200000000005616e+01,5.000000000000000000e-01
7.698300000000006094e+01,5.000000000000000000e-01
7.698400000000006571e+01,5.000000000000000000e-01
7.698500000000005627e+01,5.000000000000000000e-01
7.698600000000006105e+01,5.000000000000000000e-01
7.698700000000006582e+01,5.000000000000000000e-01
7.698800000000005639e+01,5.000000000000000000e-01
7.698900000000006116e+01,5.000000000000000000e-01
7.699000000000006594e+01,5.000000000000000000e-01
7.699100000000005650e+01,5.000000000000000000e-01
7.699200000000006128e+01,5.000000000000000000e-01
7.699300000000006605e+01,5.000000000000000000e-01
7.699400000000005662e+01,5.000000000000000000e-01
7.699500000000006139e+01,5.000000000000000000e-01
7.699600000000006617e+01,5.000000000000000000e-01
7.699700000000005673e+01,5.000000000000000000e-01
7.699800000000006150e+01,5.000000000000000000e-01
7.699900000000006628e+01,5.000000000000000000e-01
7.700000000000005684e+01,5.000000000000000000e-01
7.700100000000006162e+01,5.000000000000000000e-01
7.700200000000006639e+01,5.000000000000000000e-01
7.700300000000005696e+01,5.000000000000000000e-01
7.700400000000006173e+01,5.000000000000000000e-01
7.700500000000006651e+01,5.000000000000000000e-01
7.700600000000005707e+01,5.000000000000000000e-01
7.700700000000006185e+01,5.000000000000000000e-01
7.700800000000006662e+01,5.000000000000000000e-01
7.700900000000005718e+01,5.000000000000000000e-01
7.701000000000006196e+01,5.000000000000000000e-01
7.701100000000006673e+01,5.000000000000000000e-01
7.701200000000005730e+01,5.000000000000000000e-01
7.701300000000006207e+01,5.000000000000000000e-01
7.701400000000006685e+01,5.000000000000000000e-01
7.701500000000005741e+01,5.000000000000000000e-01
7.701600000000006219e+01,5.000000000000000000e-01
7.701700000000006696e+01,5.000000000000000000e-01
7.701800000000005753e+01,5.000000000000000000e-01
7.701900000000006230e+01,5.000000000000000000e-01
7.702000000000006708e+01,5.000000000000000000e-01
7.702100000000005764e+01,5.000000000000000000e-01
7.702200000000006241e+01,5.000000000000000000e-01
7.702300000000006719e+01,5.000000000000000000e-01
7.702400000000005775e+01,5.000000000000000000e-01
7.702500000000006253e+01,5.000000000000000000e-01
7.702600000000006730e+01,5.000000000000000000e-01
7.702700000000005787e+01,5.000000000000000000e-01
7.702800000000006264e+01,5.000000000000000000e-01
7.702900000000006742e+01,5.000000000000000000e-01
7.703000000000005798e+01,5.000000000000000000e-01
7.703100000000006276e+01,5.000000000000000000e-01
7.703200000000006753e+01,5.000000000000000000e-01
7.703300000000005809e+01,5.000000000000000000e-01
7.703400000000006287e+01,5.000000000000000000e-01
7.703500000000006764e+01,5.000000000000000000e-01
7.703600000000005821e+01,5.000000000000000000e-01
7.703700000000006298e+01,5.000000000000000000e-01
7.703800000000006776e+01,5.000000000000000000e-01
7.703900000000005832e+01,5.000000000000000000e-01
7.704000000000006310e+01,5.000000000000000000e-01
7.704100000000006787e+01,5.000000000000000000e-01
7.704200000000005844e+01,5.000000000000000000e-01
7.704300000000006321e+01,5.000000000000000000e-01
7.704400000000006798e+01,5.000000000000000000e-01
7.704500000000005855e+01,5.000000000000000000e-01
7.704600000000006332e+01,5.000000000000000000e-01
7.704700000000006810e+01,5.000000000000000000e-01
7.704800000000005866e+01,5.000000000000000000e-01
7.704900000000006344e+01,5.000000000000000000e-01
7.705000000000006821e+01,5.000000000000000000e-01
7.705100000000005878e+01,5.000000000000000000e-01
7.705200000000006355e+01,5.000000000000000000e-01
7.705300000000006833e+01,5.000000000000000000e-01
7.705400000000005889e+01,5.000000000000000000e-01
7.705500000000006366e+01,5.000000000000000000e-01
7.705600000000006844e+01,5.000000000000000000e-01
7.705700000000005900e+01,5.000000000000000000e-01
7.705800000000006378e+01,5.000000000000000000e-01
7.705900000000006855e+01,5.000000000000000000e-01
7.706000000000005912e+01,5.000000000000000000e-01
7.706100000000006389e+01,5.000000000000000000e-01
7.706200000000006867e+01,5.000000000000000000e-01
7.706300000000005923e+01,5.000000000000000000e-01
7.706400000000006401e+01,5.000000000000000000e-01
7.706500000000006878e+01,5.000000000000000000e-01
7.706600000000005934e+01,5.000000000000000000e-01
7.706700000000006412e+01,5.000000000000000000e-01
7.706800000000006889e+01,5.000000000000000000e-01
7.706900000000005946e+01,5.000000000000000000e-01
7.707000000000006423e+01,5.000000000000000000e-01
7.707100000000006901e+01,5.000000000000000000e-01
7.707200000000005957e+01,5.000000000000000000e-01
7.707300000000006435e+01,5.000000000000000000e-01
7.707400000000006912e+01,5.000000000000000000e-01
7.707500000000005969e+01,5.000000000000000000e-01
7.707600000000006446e+01,5.000000000000000000e-01
7.707700000000006924e+01,5.000000000000000000e-01
7.707800000000005980e+01,5.000000000000000000e-01
7.707900000000006457e+01,5.000000000000000000e-01
7.708000000000006935e+01,5.000000000000000000e-01
7.708100000000005991e+01,5.000000000000000000e-01
7.708200000000006469e+01,5.000000000000000000e-01
7.708300000000006946e+01,5.000000000000000000e-01
7.708400000000006003e+01,5.000000000000000000e-01
7.708500000000006480e+01,5.000000000000000000e-01
7.708600000000006958e+01,5.000000000000000000e-01
7.708700000000006014e+01,5.000000000000000000e-01
7.708800000000006492e+01,5.000000000000000000e-01
7.708900000000006969e+01,5.000000000000000000e-01
7.709000000000006025e+01,5.000000000000000000e-01
7.709100000000006503e+01,5.000000000000000000e-01
7.709200000000006980e+01,5.000000000000000000e-01
7.709300000000006037e+01,5.000000000000000000e-01
7.709400000000006514e+01,5.000000000000000000e-01
7.709500000000006992e+01,5.000000000000000000e-01
7.709600000000006048e+01,5.000000000000000000e-01
7.709700000000006526e+01,5.000000000000000000e-01
7.709800000000007003e+01,5.000000000000000000e-01
7.709900000000006060e+01,5.000000000000000000e-01
7.710000000000006537e+01,5.000000000000000000e-01
7.710100000000005593e+01,5.000000000000000000e-01
7.710200000000006071e+01,5.000000000000000000e-01
7.710300000000006548e+01,5.000000000000000000e-01
7.710400000000005605e+01,5.000000000000000000e-01
7.710500000000006082e+01,5.000000000000000000e-01
7.710600000000006560e+01,5.000000000000000000e-01
7.710700000000005616e+01,5.000000000000000000e-01
7.710800000000006094e+01,5.000000000000000000e-01
7.710900000000006571e+01,5.000000000000000000e-01
7.711000000000005627e+01,5.000000000000000000e-01
7.711100000000006105e+01,5.000000000000000000e-01
7.711200000000006582e+01,5.000000000000000000e-01
7.711300000000005639e+01,5.000000000000000000e-01
7.711400000000006116e+01,5.000000000000000000e-01
7.711500000000006594e+01,5.000000000000000000e-01
7.711600000000005650e+01,5.000000000000000000e-01
7.711700000000006128e+01,5.000000000000000000e-01
7.711800000000006605e+01,5.000000000000000000e-01
7.711900000000005662e+01,5.000000000000000000e-01
7.712000000000006139e+01,5.000000000000000000e-01
7.712100000000006617e+01,5.000000000000000000e-01
7.712200000000005673e+01,5.000000000000000000e-01
7.712300000000006150e+01,5.000000000000000000e-01
7.712400000000006628e+01,5.000000000000000000e-01
7.712500000000005684e+01,5.000000000000000000e-01
7.712600000000006162e+01,5.000000000000000000e-01
7.712700000000006639e+01,5.000000000000000000e-01
7.712800000000005696e+01,5.000000000000000000e-01
7.712900000000006173e+01,5.000000000000000000e-01
7.713000000000006651e+01,5.000000000000000000e-01
7.713100000000005707e+01,5.000000000000000000e-01
7.713200000000006185e+01,5.000000000000000000e-01
7.713300000000006662e+01,5.000000000000000000e-01
7.713400000000005718e+01,5.000000000000000000e-01
7.713500000000006196e+01,5.000000000000000000e-01
7.713600000000006673e+01,5.000000000000000000e-01
7.713700000000005730e+01,5.000000000000000000e-01
7.713800000000006207e+01,5.000000000000000000e-01
7.713900000000006685e+01,5.000000000000000000e-01
7.714000000000005741e+01,5.000000000000000000e-01
7.714100000000006219e+01,5.000000000000000000e-01
7.714200000000006696e+01,5.000000000000000000e-01
7.714300000000005753e+01,5.000000000000000000e-01
7.714400000000006230e+01,5.000000000000000000e-01
7.714500000000006708e+01,5.000000000000000000e-01
7.714600000000005764e+01,5.000000000000000000e-01
7.714700000000006241e+01,5.000000000000000000e-01
7.714800000000006719e+01,5.000000000000000000e-01
7.714900000000005775e+01,5.000000000000000000e-01
7.715000000000006253e+01,5.000000000000000000e-01
7.715100000000006730e+01,5.000000000000000000e-01
7.715200000000005787e+01,5.000000000000000000e-01
7.715300000000006264e+01,5.000000000000000000e-01
7.715400000000006742e+01,5.000000000000000000e-01
7.715500000000005798e+01,5.000000000000000000e-01
7.715600000000006276e+01,5.000000000000000000e-01
7.715700000000006753e+01,5.000000000000000000e-01
7.715800000000005809e+01,5.000000000000000000e-01
7.715900000000006287e+01,5.000000000000000000e-01
7.716000000000006764e+01,5.000000000000000000e-01
7.716100000000005821e+01,5.000000000000000000e-01
7.716200000000006298e+01,5.000000000000000000e-01
7.716300000000006776e+01,5.000000000000000000e-01
7.716400000000005832e+01,5.000000000000000000e-01
7.716500000000006310e+01,5.000000000000000000e-01
7.716600000000006787e+01,5.000000000000000000e-01
7.716700000000005844e+01,5.000000000000000000e-01
7.716800000000006321e+01,5.000000000000000000e-01
7.716900000000006798e+01,5.000000000000000000e-01
7.717000000000005855e+01,5.000000000000000000e-01
7.717100000000006332e+01,5.000000000000000000e-01
7.717200000000006810e+01,5.000000000000000000e-01
7.717300000000005866e+01,5.000000000000000000e-01
7.717400000000006344e+01,5.000000000000000000e-01
7.717500000000006821e+01,5.000000000000000000e-01
7.717600000000005878e+01,5.000000000000000000e-01
7.717700000000006355e+01,5.000000000000000000e-01
7.717800000000006833e+01,5.000000000000000000e-01
7.717900000000005889e+01,5.000000000000000000e-01
7.718000000000006366e+01,5.000000000000000000e-01
7.718100000000006844e+01,5.000000000000000000e-01
7.718200000000005900e+01,5.000000000000000000e-01
7.718300000000006378e+01,5.000000000000000000e-01
7.718400000000006855e+01,5.000000000000000000e-01
7.718500000000005912e+01,5.000000000000000000e-01
7.718600000000006389e+01,5.000000000000000000e-01
7.718700000000006867e+01,5.000000000000000000e-01
7.718800000000005923e+01,5.000000000000000000e-01
7.718900000000006401e+01,5.000000000000000000e-01
7.719000000000006878e+01,5.000000000000000000e-01
7.719100000000005934e+01,5.000000000000000000e-01
7.719200000000006412e+01,5.000000000000000000e-01
7.719300000000006889e+01,5.000000000000000000e-01
7.719400000000005946e+01,5.000000000000000000e-01
7.719500000000006423e+01,5.000000000000000000e-01
7.719600000000006901e+01,5.000000000000000000e-01
7.719700000000005957e+01,5.000000000000000000e-01
7.719800000000006435e+01,5.000000000000000000e-01
7.719900000000006912e+01,5.000000000000000000e-01
7.720000000000005969e+01,5.000000000000000000e-01
7.720100000000006446e+01,5.000000000000000000e-01
7.720200000000006924e+01,5.000000000000000000e-01
7.720300000000005980e+01,5.000000000000000000e-01
7.720400000000006457e+01,5.000000000000000000e-01
7.720500000000006935e+01,5.000000000000000000e-01
7.720600000000005991e+01,5.000000000000000000e-01
7.720700000000006469e+01,5.000000000000000000e-01
7.720800000000006946e+01,5.000000000000000000e-01
7.720900000000006003e+01,5.000000000000000000e-01
7.721000000000006480e+01,5.000000000000000000e-01
7.721100000000006958e+01,5.000000000000000000e-01
7.721200000000006014e+01,5.000000000000000000e-01
7.721300000000006492e+01,5.000000000000000000e-01
7.721400000000006969e+01,5.000000000000000000e-01
7.721500000000006025e+01,5.000000000000000000e-01
7.721600000000006503e+01,5.000000000000000000e-01
7.721700000000006980e+01,5.000000000000000000e-01
7.721800000000006037e+01,5.000000000000000000e-01
7.721900000000006514e+01,5.000000000000000000e-01
7.722000000000006992e+01,5.000000000000000000e-01
7.722100000000006048e+01,5.000000000000000000e-01
7.722200000000006526e+01,5.000000000000000000e-01
7.722300000000007003e+01,5.000000000000000000e-01
7.722400000000006060e+01,5.000000000000000000e-01
7.722500000000006537e+01,5.000000000000000000e-01
7.722600000000007014e+01,5.000000000000000000e-01
7.722700000000006071e+01,5.000000000000000000e-01
7.722800000000006548e+01,5.000000000000000000e-01
7.722900000000007026e+01,5.000000000000000000e-01
7.723000000000006082e+01,5.000000000000000000e-01
7.723100000000006560e+01,5.000000000000000000e-01
7.723200000000005616e+01,5.000000000000000000e-01
7.723300000000006094e+01,5.000000000000000000e-01
7.723400000000006571e+01,5.000000000000000000e-01
7.723500000000005627e+01,5.000000000000000000e-01
7.723600000000006105e+01,5.000000000000000000e-01
7.723700000000006582e+01,5.000000000000000000e-01
7.723800000000005639e+01,5.000000000000000000e-01
7.723900000000006116e+01,5.000000000000000000e-01
7.724000000000006594e+01,5.000000000000000000e-01
7.724100000000005650e+01,5.000000000000000000e-01
7.724200000000006128e+01,5.000000000000000000e-01
7.724300000000006605e+01,5.000000000000000000e-01
7.724400000000005662e+01,5.000000000000000000e-01
7.724500000000006139e+01,5.000000000000000000e-01
7.724600000000006617e+01,5.000000000000000000e-01
7.724700000000005673e+01,5.000000000000000000e-01
7.724800000000006150e+01,5.000000000000000000e-01
7.724900000000006628e+01,5.000000000000000000e-01
7.725000000000005684e+01,5.000000000000000000e-01
7.725100000000006162e+01,5.000000000000000000e-01
7.725200000000006639e+01,5.000000000000000000e-01
7.725300000000005696e+01,5.000000000000000000e-01
7.725400000000006173e+01,5.000000000000000000e-01
7.725500000000006651e+01,5.000000000000000000e-01
7.725600000000005707e+01,5.000000000000000000e-01
7.725700000000006185e+01,5.000000000000000000e-01
7.725800000000006662e+01,5.000000000000000000e-01
7.725900000000005718e+01,5.000000000000000000e-01
7.726000000000006196e+01,5.000000000000000000e-01
7.726100000000006673e+01,5.000000000000000000e-01
7.726200000000005730e+01,5.000000000000000000e-01
7.726300000000006207e+01,5.000000000000000000e-01
7.726400000000006685e+01,5.000000000000000000e-01
7.726500000000005741e+01,5.000000000000000000e-01
7.726600000000006219e+01,5.000000000000000000e-01
7.726700000000006696e+01,5.000000000000000000e-01
7.726800000000005753e+01,5.000000000000000000e-01
7.726900000000006230e+01,5.000000000000000000e-01
7.727000000000006708e+01,5.000000000000000000e-01
7.727100000000005764e+01,5.000000000000000000e-01
7.727200000000006241e+01,5.000000000000000000e-01
7.727300000000006719e+01,5.000000000000000000e-01
7.727400000000005775e+01,5.000000000000000000e-01
7.727500000000006253e+01,5.000000000000000000e-01
7.727600000000006730e+01,5.000000000000000000e-01
7.727700000000005787e+01,5.000000000000000000e-01
7.727800000000006264e+01,5.000000000000000000e-01
7.727900000000006742e+01,5.000000000000000000e-01
7.728000000000005798e+01,5.000000000000000000e-01
7.728100000000006276e+01,5.000000000000000000e-01
7.728200000000006753e+01,5.000000000000000000e-01
7.728300000000005809e+01,5.000000000000000000e-01
7.728400000000006287e+01,5.000000000000000000e-01
7.728500000000006764e+01,5.000000000000000000e-01
7.728600000000005821e+01,5.000000000000000000e-01
7.728700000000006298e+01,5.000000000000000000e-01
7.728800000000006776e+01,5.000000000000000000e-01
7.728900000000005832e+01,5.000000000000000000e-01
7.729000000000006310e+01,5.000000000000000000e-01
7.729100000000006787e+01,5.000000000000000000e-01
7.729200000000005844e+01,5.000000000000000000e-01
7.729300000000006321e+01,5.000000000000000000e-01
7.729400000000006798e+01,5.000000000000000000e-01
7.729500000000005855e+01,5.000000000000000000e-01
7.729600000000006332e+01,5.000000000000000000e-01
7.729700000000006810e+01,5.000000000000000000e-01
7.729800000000005866e+01,5.000000000000000000e-01
7.729900000000006344e+01,5.000000000000000000e-01
7.730000000000006821e+01,5.000000000000000000e-01
7.730100000000005878e+01,5.000000000000000000e-01
7.730200000000006355e+01,5.000000000000000000e-01
7.730300000000006833e+01,5.000000000000000000e-01
7.730400000000005889e+01,5.000000000000000000e-01
7.730500000000006366e+01,5.000000000000000000e-01
7.730600000000006844e+01,5.000000000000000000e-01
7.730700000000005900e+01,5.000000000000000000e-01
7.730800000000006378e+01,5.000000000000000000e-01
7.730900000000006855e+01,5.000000000000000000e-01
7.731000000000005912e+01,5.000000000000000000e-01
7.731100000000006389e+01,5.000000000000000000e-01
7.731200000000006867e+01,5.000000000000000000e-01
7.731300000000005923e+01,5.000000000000000000e-01
7.731400000000006401e+01,5.000000000000000000e-01
7.731500000000006878e+01,5.000000000000000000e-01
7.731600000000005934e+01,5.000000000000000000e-01
7.731700000000006412e+01,5.000000000000000000e-01
7.731800000000006889e+01,5.000000000000000000e-01
7.731900000000005946e+01,5.000000000000000000e-01
